0.0200246 0.999601 
0 1 
0.00971015 0.999906 
0.0460609 0.997886 
0.0473044 0.997763 
0.0842534 0.992902 
0.0539388 0.997091 
0.0732847 0.99463 
0.0940347 0.991158 
0.0992597 0.990148 
0.146332 0.978587 
0.132849 0.982355 
0.13137 0.982749 
0.120789 0.985411 
0.126508 0.983997 
0.157149 0.975307 
0.184855 0.965832 
0.208224 0.956696 
0.216503 0.953127 
0.231239 0.946529 
0.233463 0.945495 
0.224068 0.949798 
0.278963 0.92218 
0.277092 0.92322 
0.298573 0.910855 
0.295043 0.91295 
0.357233 0.8724 
0.356368 0.873006 
0.332168 0.889665 
0.343268 0.882167 
0.395183 0.843831 
0.389225 0.848504 
0.384926 0.851846 
0.424854 0.819499 
0.409118 0.832623 
0.438953 0.807331 
0.453537 0.794305 
0.430028 0.815078 
0.491662 0.758268 
0.481298 0.768352 
0.471564 0.777628 
0.531098 0.717937 
0.531729 0.717291 
0.507313 0.742659 
0.561619 0.684584 
0.541579 0.706694 
0.593051 0.64829 
0.578339 0.665535 
0.632513 0.599933 
0.633471 0.598758 
0.626456 0.607561 
0.619828 0.61582 
0.654864 0.571154 
0.659644 0.56487 
0.640268 0.590074 
0.637353 0.593791 
0.688508 0.525959 
0.69501 0.516962 
0.672861 0.547258 
0.73167 0.464659 
0.72916 0.468371 
0.721177 0.479919 
0.708027 0.49871 
0.772188 0.403739 
0.762399 0.418748 
0.743261 0.447567 
0.744492 0.445738 
0.74349 0.447222 
0.804358 0.353043 
0.79704 0.364728 
0.790166 0.375645 
0.781359 0.389482 
0.841008 0.292706 
0.838583 0.296779 
0.827729 0.31488 
0.825625 0.318344 
0.809718 0.344356 
0.809673 0.344515 
0.817005 0.332503 
0.858461 0.263067 
0.874083 0.235979 
0.854724 0.269447 
0.856515 0.266382 
0.901545 0.187217 
0.895179 0.198656 
0.882698 0.220905 
0.935148 0.125507 
0.935204 0.125393 
0.931214 0.132841 
0.918106 0.157094 
0.91514 0.162518 
0.972093 0.0550347 
0.978125 0.0432908 
0.958088 0.0820678 
0.94754 0.102167 
0.951644 0.0943775 
0.996695 0.00659852 
1 2.18337e-10 
0.987902 0.024051 
0.979725 0.0401424 
