0.0566613 0.996789 
0.0304079 0.999075 
0.00370468 0.999986 
0 1 
0.0267359 0.999285 
0.042501 0.998194 
0.0621645 0.996136 
0.0671805 0.995487 
0.10497 0.988981 
0.124124 0.984593 
0.153711 0.976373 
0.14206 0.979819 
0.183075 0.966484 
0.185051 0.965756 
0.227676 0.948164 
0.229167 0.947482 
0.225593 0.949108 
0.211077 0.955447 
0.259872 0.932467 
0.257902 0.933487 
0.29487 0.913052 
0.294842 0.913068 
0.272465 0.925763 
0.27473 0.924523 
0.332047 0.889745 
0.302207 0.908671 
0.363786 0.86766 
0.352213 0.875946 
0.341467 0.8834 
0.339916 0.884457 
0.39855 0.841158 
0.399459 0.840433 
0.37181 0.861758 
0.379407 0.85605 
0.431828 0.813525 
0.433135 0.812394 
0.459597 0.788771 
0.441032 0.805491 
0.488527 0.761342 
0.48441 0.765347 
0.470658 0.778481 
0.514068 0.735734 
0.517807 0.731876 
0.504238 0.745744 
0.547688 0.700038 
0.555736 0.691158 
0.538711 0.709791 
0.538707 0.709794 
0.605254 0.633667 
0.584547 0.658304 
0.588186 0.654037 
0.636844 0.59443 
0.636367 0.595037 
0.611019 0.626656 
0.607036 0.631507 
0.664768 0.558084 
0.643092 0.586433 
0.656513 0.56899 
0.709017 0.497294 
0.682486 0.534213 
0.692379 0.520611 
0.675961 0.543076 
0.678124 0.540147 
0.735179 0.459513 
0.742201 0.449138 
0.71297 0.491674 
0.719517 0.482295 
0.777122 0.396082 
0.758139 0.425226 
0.754998 0.429978 
0.746381 0.442916 
0.748069 0.440392 
0.800345 0.359448 
0.800047 0.359925 
0.788766 0.377848 
0.797548 0.363917 
0.841494 0.291888 
0.832502 0.306941 
0.822282 0.323852 
0.815014 0.335752 
0.816045 0.334071 
0.868363 0.245946 
0.864659 0.252365 
0.851287 0.275311 
0.856557 0.266309 
0.909957 0.171977 
0.902493 0.185507 
0.882837 0.220599 
0.894337 0.200162 
0.880576 0.224585 
0.938515 0.119189 
0.927127 0.140436 
0.917434 0.158315 
0.917288 0.158583 
0.98191 0.0358524 
0.974563 0.0502272 
0.956533 0.0850455 
0.952554 0.0926407 
1 1.14938e-10 
0.985831 0.0281365 
