3.74639 0.00415246 
0.0645759 3.0481 
0.0599712 3.08041 
0.0384232 3.25435 
0.0442447 3.20287 
0.0324922 3.31147 
0.0254796 3.38699 
0.0218156 3.43101 
0.0187362 3.47122 
0.00659967 3.68165 
0.00803122 3.64956 
0.00243337 3.80512 
0.00174595 3.83461 
0.000204157 3.94305 
0.00016138 4.05098 
0.191525 2.44098 
0.201544 2.4058 
0.177463 2.49241 
0.129196 2.69144 
0.147236 2.61238 
0.135227 2.6643 
0.100344 2.83326 
0.09012 2.88932 
0.0750906 2.97898 
0.0701532 3.01069 
0.069649 3.01401 
0.309729 2.0836 
0.264003 2.20875 
0.272461 2.18455 
0.215689 2.35799 
0.22038 2.3426 
0.393641 1.88401 
0.413658 1.84101 
0.441872 1.78293 
0.346344 1.99231 
0.585788 1.52432 
0.607434 1.48991 
0.50247 1.66707 
0.531274 1.61573 
0.747186 1.28959 
0.733887 1.3072 
0.694117 1.36157 
0.652391 1.42156 
0.645653 1.43155 
0.84516 1.16786 
0.864772 1.14505 
0.771775 1.25775 
0.794604 1.22898 
0.983155 1.01699 
0.979939 1.02026 
0.916543 1.08709 
1.10834 0.897231 
1.12842 0.879333 
1.06959 0.932754 
1.28871 0.747854 
1.3116 0.730592 
1.18821 0.828012 
1.44949 0.6337 
1.39743 0.668915 
1.57417 0.555532 
1.52052 0.588147 
1.4734 0.618054 
1.66055 0.506057 
1.60719 0.536189 
1.65037 0.511701 
1.80128 0.432808 
1.87779 0.396491 
1.8688 0.400637 
1.9156 0.379391 
2.13041 0.29204 
2.13004 0.292176 
2.2186 0.260613 
2.39439 0.204864 
2.35554 0.216432 
2.29513 0.235257 
2.42787 0.195222 
2.50213 0.17488 
2.69333 0.128783 
2.64596 0.139398 
2.61346 0.146981 
2.74347 0.118101 
2.79695 0.107316 
2.88963 0.0900654 
2.967 0.0770072 
3.04349 0.0652495 
2.98298 0.0744574 
3.15694 0.049828 
3.21344 0.0430113 
3.11454 0.0553157 
3.29548 0.0340969 
3.32334 0.0313281 
3.4266 0.0221686 
3.51286 0.0158098 
3.62681 0.0091357 
3.55825 0.0129205 
3.65322 0.00786075 
3.69246 0.00615017 
3.88072 0.000902697 
3.94802 0.000169979 
4.00749 3.49847e-06 
