1.52828 0.583332 
0.0640692 3.05159 
0.0591252 3.0865 
0.0463612 3.1851 
0.0228603 3.41808 
0.0243022 3.40074 
0.00961711 3.61735 
0.00628193 3.68925 
0.00371504 3.75991 
0.00432345 3.74131 
0.000393606 3.92104 
0.000518218 3.90946 
5.0814e-07 3.99715 
0.198281 2.41713 
0.195686 2.42623 
0.161439 2.55426 
0.159199 2.56321 
0.12268 2.72165 
0.115885 2.75421 
0.0937087 2.86923 
0.0915171 2.88145 
0.0737473 2.98749 
0.0802989 2.94682 
0.320546 2.05587 
0.323102 2.04942 
0.2812 2.16007 
0.287281 2.14334 
0.245293 2.26421 
0.217075 2.35342 
0.458691 1.74962 
0.475614 1.71702 
0.437429 1.79189 
0.371481 1.93351 
0.361449 1.95662 
0.612269 1.48236 
0.58258 1.5295 
0.55874 1.56878 
0.501505 1.66882 
0.489629 1.69069 
0.753474 1.28136 
0.7219 1.32331 
0.699536 1.35401 
0.625778 1.46153 
0.623045 1.46572 
0.861676 1.14862 
0.857626 1.1533 
0.775969 1.2524 
1.01035 0.989705 
0.982324 1.01783 
0.931859 1.07055 
1.08727 0.916383 
1.03319 0.967351 
1.24615 0.780906 
1.22458 0.79815 
1.39265 0.67223 
1.31383 0.728931 
1.49881 0.601775 
1.53012 0.582198 
1.47441 0.6174 
1.46411 0.624096 
1.70858 0.480073 
1.59621 0.542562 
1.84265 0.412879 
1.80007 0.433403 
1.7209 0.473579 
1.91901 0.377879 
1.97361 0.354199 
1.93563 0.370555 
2.07589 0.312711 
2.09347 0.305937 
1.98908 0.347689 
2.24085 0.253063 
2.17218 0.276854 
2.31275 0.229658 
2.35665 0.216096 
2.46882 0.183829 
2.4815 0.180389 
2.6019 0.149738 
2.58186 0.154594 
2.80282 0.10617 
2.73843 0.11915 
2.83684 0.0996718 
2.85347 0.0965826 
3.05159 0.0640701 
3.07641 0.0605308 
3.01734 0.069143 
2.9844 0.0742332 
3.18989 0.0457846 
3.15526 0.05004 
3.30378 0.0332584 
3.30567 0.0330695 
3.39035 0.0251885 
3.44136 0.0209985 
3.59324 0.0109025 
3.71868 0.00512829 
3.69885 0.00589218 
3.77326 0.00330774 
3.78872 0.00286621 
4.00596 2.21475e-06 
3.97348 4.40954e-05 
