0.224165 2.33032 
0.0665449 3.03469 
0.05506 3.11647 
0.0402259 3.23797 
0.0233762 3.4118 
0.0352548 3.2842 
0.0200957 3.45306 
0.0176122 3.48677 
0.0113549 3.58512 
0.0126521 3.56273 
0.00563333 3.70541 
0.00562959 3.70551 
0.000867974 3.88302 
0.00130582 3.85676 
3.31911e-06 3.99272 
0.201967 2.40434 
0.19983 2.41173 
0.175556 2.49958 
0.166286 2.53516 
0.147195 2.61256 
0.109902 2.78384 
0.114174 2.76259 
0.0916452 2.88073 
0.0712376 3.00362 
0.290561 2.13441 
0.290956 2.13334 
0.262626 2.21274 
0.227417 2.31989 
0.211628 2.37151 
0.469043 1.72957 
0.441848 1.78298 
0.372457 1.93129 
0.414718 1.83877 
0.343596 1.99891 
0.363488 1.95189 
0.58999 1.51756 
0.603244 1.49649 
0.520302 1.63502 
0.536616 1.60645 
0.745825 1.29138 
0.728335 1.31463 
0.632703 1.451 
0.642085 1.43688 
0.87782 1.13014 
0.763685 1.26812 
0.818732 1.19938 
0.750223 1.28561 
1.00919 0.990852 
0.999427 1.00057 
0.957309 1.04362 
0.96385 1.03682 
1.13779 0.871101 
1.13496 0.873583 
1.23716 0.788053 
1.2426 0.783721 
1.3922 0.672536 
1.30688 0.734124 
1.29363 0.744119 
1.29995 0.739334 
1.52916 0.58279 
1.5148 0.591713 
1.46209 0.625414 
1.61015 0.534483 
1.64742 0.513346 
1.7396 0.463842 
1.74359 0.461788 
1.72228 0.472851 
1.93066 0.372732 
1.85118 0.408858 
2.05376 0.321381 
1.99444 0.345455 
2.22537 0.258302 
2.15359 0.283545 
2.30558 0.231926 
2.29803 0.234327 
2.48527 0.179375 
2.47707 0.181587 
2.38667 0.207129 
2.38321 0.208151 
2.52516 0.168859 
2.51296 0.172034 
2.68104 0.131487 
2.78325 0.11002 
2.88946 0.0900961 
3.05198 0.0640129 
3.04035 0.0657103 
2.9741 0.0758686 
3.12219 0.0543025 
3.1265 0.0537348 
3.19535 0.0451327 
3.19293 0.0454218 
3.33042 0.0306446 
3.50366 0.0164334 
3.65095 0.00796612 
3.65399 0.00782477 
3.78306 0.00302392 
3.74927 0.00405734 
3.93388 0.000275552 
3.92668 0.000339059 
4.00935 5.46156e-06 
