1.9685 0.356372 
0.0646864 3.04735 
0.0660187 3.03825 
0.0467903 3.18155 
0.0394445 3.24502 
0.0411001 3.23017 
0.0187482 3.47105 
0.0270772 3.36887 
0.015604 3.51594 
0.017323 3.49086 
0.00857609 3.63815 
0.00194087 3.82572 
4.96131e-05 3.97187 
0.00015175 3.95088 
0.204659 2.39509 
0.201672 2.40536 
0.144835 2.62255 
0.154694 2.58145 
0.125996 2.70616 
0.125823 2.70696 
0.0906388 2.88639 
0.0764272 2.97061 
0.0741343 2.98503 
0.308255 2.08743 
0.305699 2.0941 
0.29679 2.11765 
0.27393 2.1804 
0.225462 2.32615 
0.448367 1.76996 
0.470931 1.72595 
0.374172 1.92739 
0.380111 1.91399 
0.619873 1.47059 
0.619618 1.47098 
0.496528 1.67794 
0.537624 1.60471 
0.749529 1.28652 
0.743855 1.29397 
0.735734 1.30474 
0.679113 1.38278 
0.631937 1.45216 
0.626642 1.46021 
0.883803 1.12337 
0.891976 1.1142 
0.847276 1.16537 
0.815757 1.20299 
1.02817 0.972225 
0.938385 1.06357 
0.903708 1.10117 
1.12371 0.883501 
1.17083 0.842638 
1.11301 0.893035 
1.07343 0.929174 
1.29235 0.745091 
1.25701 0.772349 
1.20465 0.814389 
1.3321 0.715432 
1.41905 0.654093 
1.54937 0.570422 
1.48988 0.607455 
1.46232 0.625263 
1.46286 0.62491 
1.71921 0.474464 
1.71843 0.474871 
1.68242 0.494097 
1.65244 0.510551 
1.75898 0.453918 
1.84356 0.412452 
1.9334 0.371528 
1.96932 0.356023 
2.1197 0.296024 
2.08961 0.307417 
2.24413 0.251963 
2.1933 0.269383 
2.40481 0.201831 
2.35994 0.2151 
2.42939 0.19479 
2.42737 0.195363 
2.65788 0.136679 
2.57814 0.155505 
2.78619 0.109436 
2.73116 0.120671 
2.86103 0.0951974 
3.08479 0.0593618 
3.04577 0.0649155 
3.00047 0.0717242 
2.98688 0.0738436 
3.10503 0.0565917 
3.31291 0.0323492 
3.26796 0.0369601 
3.50654 0.0162372 
3.46523 0.0191787 
3.62709 0.00912177 
3.52301 0.015137 
3.74608 0.00416281 
3.70933 0.00548177 
3.90457 0.000576104 
3.90008 0.000631931 
3.9467 0.000178766 
3.9998 2.51927e-09 
