0.716159 1.33111 
0.055067 3.11641 
0.0656923 3.04047 
0.0392131 3.24712 
0.0460063 3.18804 
0.0256115 3.38547 
0.023561 3.40958 
0.0155102 3.51735 
0.0132867 3.55221 
0.00938963 3.62179 
0.0107791 3.59549 
0.00463805 3.73222 
0.00345102 3.76847 
0.000176273 3.94707 
0.000891427 3.88146 
0.000103679 4.04083 
0.196373 2.42381 
0.158635 2.56548 
0.124905 2.71123 
0.133649 2.67133 
0.11292 2.76878 
0.100621 2.83179 
0.0892718 2.89414 
0.0713279 3.00304 
0.336722 2.01561 
0.335896 2.01763 
0.334081 2.02209 
0.286442 2.14563 
0.258444 2.22495 
0.281171 2.16015 
0.224645 2.32878 
0.221513 2.33891 
0.472312 1.72331 
0.440046 1.78661 
0.426915 1.81337 
0.35658 1.96801 
0.388347 1.89565 
0.577993 1.53696 
0.579261 1.53489 
0.536837 1.60607 
0.500576 1.67052 
0.739322 1.29997 
0.732713 1.30877 
0.642056 1.43692 
0.616429 1.47591 
0.884171 1.12296 
0.880842 1.12671 
0.819523 1.19842 
0.791178 1.23325 
0.969216 1.03127 
0.96063 1.04016 
0.893038 1.11301 
0.937868 1.06412 
1.12304 0.884094 
1.10574 0.899572 
1.03423 0.966347 
1.04997 0.951247 
1.28938 0.747342 
1.18244 0.832836 
1.24096 0.785023 
1.33274 0.714962 
1.35331 0.700039 
1.51403 0.592192 
1.47016 0.620151 
1.70307 0.482999 
1.70471 0.482129 
1.57898 0.552681 
1.61182 0.533519 
1.75583 0.455521 
1.75606 0.455404 
1.903 0.385029 
2.00822 0.339753 
2.086 0.308804 
2.151 0.284485 
2.16095 0.280882 
2.26495 0.245051 
2.37344 0.21105 
2.42135 0.197075 
2.39521 0.204623 
2.57546 0.156164 
2.53238 0.166998 
2.75661 0.115394 
2.77397 0.111875 
2.90027 0.0881981 
2.88994 0.0900105 
3.03021 0.0672107 
2.9894 0.073448 
2.95153 0.079523 
3.15761 0.0497437 
3.25478 0.0383766 
3.22764 0.0413869 
3.40522 0.0239248 
3.40848 0.0236521 
3.60328 0.010357 
3.56893 0.0122855 
3.74449 0.00421606 
3.72691 0.00482732 
3.82746 0.00190178 
3.8201 0.00206957 
3.94217 0.000210571 
