1.15699 0.152783 
0.0176471 1.08293 
1.12296 0.194207 
0.688703 0.199225 
0.381959 0.5453 
0.196858 0.71869 
0.218404 0.583371 
0.231608 0.561782 
0.421221 0.479457 
0.422655 0.36801 
0.106326 0.838723 
0.622043 0.252128 
0.678805 0.229228 
0.0658164 0.915629 
0.0189859 1.0362 
0.106858 0.785245 
0.0613968 0.965536 
0.0923066 0.879596 
0.0653488 0.927902 
0.172535 0.741193 
0.480463 0.329914 
0.500039 0.298645 
0.581965 0.259368 
0.126629 0.76964 
0.154509 0.758305 
0.413119 0.496717 
0.101288 0.867857 
1.12589 0.175354 
1.13154 0.161048 
0.386153 0.516006 
0.191645 0.724448 
0.0256827 1.02027 
0.393012 0.498329 
0.158614 0.750522 
0.551383 0.259546 
1.15155 0.156139 
0.604474 0.256226 
0.392801 0.514009 
0.0373335 1.00452 
0.0478156 0.98417 
0.100375 0.875544 
0.107141 0.780324 
0.679066 0.223754 
0.04877 0.972375 
0.223978 0.571684 
0.222618 0.581148 
0.609451 0.253459 
0.429296 0.355098 
0.448273 0.341336 
0.119653 0.778057 
0.0327229 1.01206 
0.0419959 0.998743 
0.0475299 0.991003 
0.679073 0.212197 
0.122256 0.777881 
0.429118 0.36434 
0.468015 0.330289 
0.04877 0.972375 
0.043556 0.995137 
0.463344 0.332243 
0.504646 0.291118 
0.226869 0.568143 
0.514079 0.284586 
0.0333531 1.01193 
0.430614 0.350348 
0.518781 0.281083 
0.439682 0.343398 
0.456084 0.33257 
0.0925317 0.879594 
0.476844 0.329933 
0.448843 0.33602 
0.509988 0.289338 
0.228096 0.563468 
0.194775 0.723987 
0.546025 0.263924 
0.45148 0.333464 
0.54351 0.266354 
0.42583 0.366144 
0.434032 0.347703 
0.503787 0.296054 
0.549399 0.261579 
0.538958 0.267281 
0.529268 0.274113 
0.510992 0.286032 
0.681539 0.205143 
1.15588 0.153488 
0.531547 0.272093 
0.683019 0.201824 
0.68499 0.200426 
0.536891 0.269472 
0.435397 0.345334 
0.535314 0.271377 
0.604867 0.253856 
0.526303 0.275923 
0.680481 0.207754 
0.521381 0.279314 
0.500709 0.296671 
0.679463 0.209758 
0.43935 0.345051 
0.524285 0.276623 
