0.0233846 1.16083 
0.808237 0.134591 
0.642319 0.226664 
0.562861 0.283943 
0.697916 0.179405 
0.0364033 0.934941 
0.548964 0.384208 
0.0763904 0.891418 
0.0241683 1.07754 
0.418656 0.403442 
0.769479 0.171327 
0.275542 0.596225 
0.709227 0.17171 
0.387555 0.489982 
0.146831 0.741204 
0.399278 0.452425 
0.0236753 1.13709 
0.494709 0.384702 
0.213425 0.71612 
0.219828 0.700535 
0.548964 0.384208 
0.027418 0.986589 
0.242494 0.597923 
0.317163 0.591431 
0.0293294 0.950736 
0.223563 0.6558 
0.179048 0.729014 
0.302833 0.591491 
0.0930285 0.86051 
0.17965 0.72463 
0.327332 0.55769 
0.35365 0.538607 
0.373423 0.512344 
0.44268 0.387933 
0.471045 0.387909 
0.369056 0.522078 
0.240002 0.616888 
0.393738 0.458822 
0.101954 0.832959 
0.34437 0.546622 
0.107627 0.800501 
0.141261 0.758934 
0.118913 0.798496 
0.125428 0.786176 
0.230993 0.634232 
0.0242625 1.04436 
0.0832333 0.86763 
0.330224 0.55108 
0.107196 0.826024 
0.0245246 1.01378 
0.438702 0.401621 
0.024293 1.01519 
0.131698 0.778095 
0.0242796 1.0435 
0.482288 0.386 
0.431104 0.403278 
0.229986 0.651932 
0.0233855 1.15515 
0.562894 0.271062 
0.602059 0.243911 
0.787038 0.146714 
0.802822 0.139203 
0.230065 0.63943 
0.598307 0.250059 
0.571742 0.264017 
0.56627 0.268442 
0.633157 0.226675 
0.138667 0.772872 
0.793583 0.144012 
0.490348 0.385049 
0.0822409 0.879837 
0.574871 0.260969 
0.796181 0.140776 
0.0814094 0.882767 
0.606796 0.241386 
0.773127 0.167804 
0.592421 0.250239 
0.783332 0.150235 
0.779678 0.153317 
0.616505 0.232885 
0.775625 0.163122 
0.0777219 0.890572 
0.579631 0.257365 
0.778474 0.159507 
0.621566 0.231752 
0.13857 0.773438 
0.103402 0.828085 
0.625581 0.230394 
0.398491 0.45573 
0.629179 0.228012 
0.609882 0.237627 
0.612535 0.235281 
0.587174 0.251737 
0.702902 0.173793 
0.806237 0.134599 
0.582001 0.25508 
0.70803 0.172037 
0.584859 0.253694 
0.700715 0.174592 
0.699049 0.177347 
