0.960652 0.136066 
0.102568 0.766027 
0.240389 0.733156 
0.305541 0.517677 
0.395765 0.420227 
0.45707 0.344334 
0.802753 0.136959 
0.69411 0.191892 
0.771271 0.142865 
0.204447 0.741144 
0.117348 0.741872 
0.336231 0.446891 
0.392314 0.425983 
0.491497 0.310936 
0.533964 0.281847 
0.305541 0.511528 
0.573206 0.253034 
0.643311 0.223163 
0.310312 0.4989 
0.487215 0.317151 
0.54316 0.266382 
0.470465 0.341051 
0.320554 0.465486 
0.234348 0.73614 
0.600784 0.229123 
0.582592 0.246111 
0.334703 0.459351 
0.61155 0.225311 
0.641953 0.22474 
0.669063 0.19941 
0.669063 0.19941 
0.797032 0.138557 
0.780597 0.141595 
0.535232 0.281302 
0.110838 0.759142 
0.32171 0.462919 
0.335264 0.446954 
0.102568 0.766027 
0.678875 0.192121 
0.580984 0.248401 
0.113164 0.757491 
0.538762 0.270059 
0.114962 0.748872 
0.320554 0.464548 
0.460267 0.341839 
0.672517 0.196088 
0.114962 0.748872 
0.469621 0.341585 
0.31012 0.499067 
0.779728 0.142717 
0.677642 0.193365 
0.309019 0.50616 
0.238755 0.733157 
0.306509 0.508249 
0.670049 0.196332 
0.799117 0.137638 
0.609118 0.225315 
0.395172 0.421292 
0.392911 0.423389 
0.541048 0.267806 
0.45859 0.342435 
0.487215 0.314699 
0.487978 0.313298 
0.601291 0.228597 
0.305977 0.509942 
0.309019 0.50616 
0.489442 0.312044 
0.538805 0.269539 
0.604432 0.225496 
0.112257 0.75853 
0.582193 0.247936 
0.45707 0.344301 
0.542093 0.267107 
0.392533 0.424469 
0.491117 0.311679 
0.538762 0.270043 
0.642432 0.224054 
0.321387 0.464046 
0.604393 0.225559 
0.602434 0.226339 
0.678119 0.192244 
0.582583 0.246242 
0.116312 0.741872 
0.392328 0.425758 
0.602434 0.226339 
0.117348 0.741872 
0.53397 0.281705 
0.602434 0.226339 
0.470465 0.341051 
0.669063 0.19941 
0.538762 0.270043 
0.335264 0.446899 
0.310312 0.4989 
0.533964 0.281847 
0.582592 0.246111 
0.538762 0.270043 
0.533964 0.281847 
0.117348 0.741872 
0.310312 0.4989 
0.533964 0.281847 
