0 1 
1 0 
0.578329 0.515654 
0.23021 0.556292 
0.955251 0.242068 
0.998708 0.00242965 
0.664901 0.4266 
0.727479 0.315926 
0.589523 0.505761 
0.650338 0.428488 
0.793689 0.312846 
0.207766 0.712246 
0.122678 0.933569 
0.936643 0.278201 
0.207962 0.644882 
0.885757 0.307139 
0.205869 0.766334 
0.727479 0.315926 
0.20999 0.617784 
0.905655 0.298623 
0.096367 0.970159 
0.0355066 0.970171 
0.833157 0.308084 
0.207758 0.730058 
0.214458 0.568148 
0.124833 0.888493 
0.129424 0.851465 
0.16706 0.833541 
0.82954 0.308809 
0.134421 0.834819 
0.938285 0.255105 
0.127045 0.883792 
0.122263 0.967036 
0.201069 0.792919 
0.941776 0.245819 
0.122257 0.96888 
0.902518 0.306478 
0.0215917 0.982449 
0.176819 0.798558 
0.224465 0.55637 
0.096367 0.970159 
0.191525 0.79666 
0.167612 0.82131 
0.208201 0.629904 
0.0219479 0.971247 
0.214866 0.568123 
0.13375 0.840593 
0.00437027 0.992382 
0.169789 0.810647 
0.010446 0.988079 
0.208063 0.641449 
0.0355066 0.971 
0.200331 0.795849 
0.172399 0.805018 
0 1 
0.00869832 0.989013 
0.172195 0.806283 
0.126417 0.88595 
0.126417 0.88595 
0.010446 0.988079 
0.999153 0.00181238 
0.998813 0.00224077 
0.0355066 0.970273 
0.999178 0.00132552 
0.999286 0.000813141 
0.999162 0.00137462 
0.998755 0.00233126 
0.999603 0.000483184 
0.999421 0.000733887 
0.999627 0.000323844 
0.999471 0.000627203 
0.99993 7.67184e-05 
0.999355 0.000758674 
1 0 
0.999525 0.000534543 
0.999519 0.000625111 
0.999559 0.000518372 
0.999309 0.000781207 
0.999788 0.000199367 
0.999747 0.000234418 
0.0355066 0.970171 
0.999736 0.000252418 
0.999903 0.000103421 
0.999872 0.000134863 
0.999714 0.000302834 
0.99982 0.000145571 
0.999889 0.000125483 
0.999791 0.000172191 
0.999286 0.000813141 
0.999819 0.000168606 
0.999648 0.000314122 
0.999679 0.000307871 
0.999704 0.000307009 
0.999669 0.000313174 
1 0 
0 1 
1 0 
0 1 
0 1 
0 1 
