0.75802 0.140464 
0.135991 0.740524 
0.696834 0.184116 
0.360766 0.461404 
0.755443 0.142152 
0.202852 0.602595 
0.266698 0.581958 
0.486002 0.312331 
0.270127 0.57996 
0.312496 0.487587 
0.285396 0.514896 
0.157015 0.653012 
0.187285 0.62096 
0.584182 0.238569 
0.518507 0.286694 
0.552545 0.265548 
0.486038 0.311763 
0.453747 0.364917 
0.620595 0.232678 
0.410125 0.36646 
0.628297 0.225683 
0.449747 0.366454 
0.651328 0.206472 
0.585626 0.236707 
0.1363 0.706723 
0.677534 0.192785 
0.360926 0.429978 
0.453747 0.364917 
0.366117 0.422425 
0.194733 0.608499 
0.288407 0.502901 
0.304472 0.493453 
0.522033 0.280813 
0.15291 0.686236 
0.654015 0.20537 
0.535201 0.272715 
0.381145 0.398199 
0.668985 0.199374 
0.154947 0.670079 
0.187285 0.62096 
0.375315 0.406343 
0.550176 0.269066 
0.537696 0.270591 
0.285396 0.514896 
0.155236 0.668458 
0.15588 0.65584 
0.137017 0.701824 
0.140574 0.695211 
0.143198 0.694334 
0.390764 0.385887 
0.375315 0.405063 
0.399648 0.375741 
0.361899 0.423526 
0.152669 0.694076 
0.19892 0.604118 
0.394941 0.378347 
0.390764 0.385887 
0.671932 0.193267 
0.403238 0.366563 
0.152855 0.692551 
0.307983 0.489765 
0.623713 0.227953 
0.361595 0.42959 
0.285451 0.510906 
0.304929 0.491947 
0.62541 0.226222 
0.391468 0.381796 
0.310748 0.489661 
0.286282 0.507859 
0.378684 0.400037 
0.519675 0.282569 
0.400373 0.371971 
0.136999 0.706111 
0.377067 0.401853 
0.452166 0.365217 
0.200039 0.602781 
0.267461 0.580318 
0.519066 0.284103 
0.669497 0.193757 
0.402622 0.367939 
0.40158 0.370101 
0.376175 0.403163 
0.551222 0.267676 
0.391058 0.384701 
0.287368 0.506409 
0.535494 0.270677 
0.288153 0.505045 
0.37998 0.398324 
0.757799 0.140964 
0.285415 0.514137 
0.66933 0.195953 
0.15588 0.654396 
0.651354 0.20639 
0.391724 0.378754 
0.551709 0.265718 
0.623713 0.227901 
0.391706 0.378764 
0.584874 0.236707 
0.400423 0.370852 
0.669066 0.197338 
