9.38086e-77 1.62307 
1 0 
0.984586 0.0458821 
0.86909 0.278778 
4.803e-74 1.29187 
0.0958512 1.081 
1.87617e-76 1.44978 
2.7812e-06 1.08197 
0.636314 0.509841 
7.50469e-76 1.4152 
0.234898 0.887798 
0.850375 0.325696 
0.16789 0.902414 
0.591294 0.513367 
0.688727 0.395152 
0.687021 0.404042 
0.785292 0.332046 
0.744468 0.387578 
0.64513 0.433855 
0.13517 0.931624 
0.573384 0.559932 
2.81739e-56 1.13439 
0.302303 0.784422 
0.642735 0.434223 
4.57424e-57 1.21296 
4.57424e-57 1.21296 
0.867655 0.323931 
0.333344 0.748483 
0.243582 0.880476 
0.16789 0.902414 
0.27423 0.831837 
0.270343 0.876266 
0.544128 0.564076 
0.537626 0.590631 
0.484043 0.646678 
0.515437 0.594978 
0.500336 0.611464 
0.423307 0.70019 
0.772359 0.337048 
0.331242 0.780612 
0.274227 0.864589 
0.469106 0.666142 
0.406526 0.701916 
0.133922 0.945219 
0.455825 0.677141 
0.127951 1.01672 
0.868801 0.280004 
0.769455 0.360657 
0.0963258 1.05458 
0.351712 0.7442 
0.475537 0.658939 
0.293285 0.811593 
0.986959 0.0265867 
0.110557 1.04069 
0.133344 0.976511 
0.512422 0.610034 
0.763358 0.384213 
0.391874 0.713236 
0.133344 0.976511 
0.448703 0.680724 
2.88325e-08 1.09825 
0.115932 1.02727 
0.435015 0.68217 
0.537782 0.5646 
0.432226 0.691315 
0.103499 1.04832 
1.57808e-11 1.12017 
0.331242 0.780612 
0.400188 0.711918 
0.354149 0.737635 
1.87617e-76 1.44978 
0.748826 0.384868 
0.573384 0.559932 
0.375084 0.715156 
0.591294 0.513367 
0.367455 0.732068 
0.284279 0.814956 
0.124296 1.0253 
0.376715 0.71414 
0.500336 0.611464 
0.484043 0.646723 
0.784988 0.334472 
0.366197 0.732692 
0.764219 0.369144 
0.994836 0.0208457 
0.284279 0.814956 
0.293285 0.811593 
0.127951 1.01672 
0.998347 0.00464217 
0.996652 0.0129231 
0.764219 0.369144 
0.996652 0.0129231 
0.995092 0.0200417 
0.785292 0.332046 
0.998678 0.00131394 
0.537626 0.590631 
0.998347 0.00464217 
0.999278 0.000536078 
0.995092 0.0200417 
0.366197 0.732692 
