1.17785 0.139163 
0.000658763 1.25168 
0.753961 0.274403 
0.62712 0.275215 
0.257057 0.59938 
0.00173269 1.14412 
0.305635 0.547428 
0.000694672 1.2224 
0.00653318 1.03995 
0.22106 0.652394 
0.417888 0.409103 
0.137118 0.756061 
0.00656472 0.964652 
0.136401 0.833079 
0.393687 0.448573 
0.145083 0.724401 
0.965253 0.218118 
0.54726 0.344659 
0.133703 0.87523 
0.352058 0.497888 
0.176063 0.659388 
1.0372 0.191606 
1.15811 0.141012 
0.00466174 1.0501 
0.313153 0.502346 
0.222404 0.616208 
0.549292 0.315496 
0.0127479 0.91987 
0.0516566 0.881697 
0.156255 0.696595 
0.00219271 1.11419 
1.07444 0.182973 
0.515577 0.348529 
0.311049 0.51511 
0.847613 0.24542 
0.00332421 1.09333 
0.996677 0.214492 
1.13616 0.15738 
0.0858711 0.878534 
0.0114192 0.951056 
0.136401 0.833079 
0.0435762 0.89211 
0.383907 0.470095 
0.13943 0.751052 
0.883874 0.245381 
0.816436 0.252069 
1.09999 0.181358 
0.307757 0.545479 
0.448395 0.36003 
0.833615 0.245573 
0.239366 0.613975 
0.426687 0.369782 
0.02007 0.904231 
0.92038 0.229747 
0.553732 0.29554 
0.932391 0.221011 
0.0330615 0.903608 
0.46658 0.353936 
0.161753 0.687041 
1.12933 0.158697 
1.11749 0.17252 
0.781095 0.259927 
1.02796 0.198895 
1.01652 0.204296 
0.584863 0.284057 
0.247226 0.60357 
0.390446 0.453549 
0.371407 0.474957 
0.566907 0.285113 
0.905524 0.240343 
0.440548 0.366443 
0.000658767 1.24045 
0.114073 0.876341 
1.00416 0.208382 
0.419329 0.387401 
0.164867 0.670982 
0.610355 0.279399 
0.362798 0.48494 
0.475565 0.351646 
0.796105 0.258325 
1.07917 0.181514 
0.491826 0.350593 
0.886334 0.24372 
0.764072 0.260344 
0.806233 0.257781 
1.112 0.175088 
0.90729 0.233231 
0.420126 0.38271 
0.500266 0.349341 
0.755035 0.260776 
0.561494 0.292403 
0.17379 0.670002 
0.00255562 1.09507 
0.932109 0.221274 
0.622639 0.275692 
0.104052 0.876375 
0.0946316 0.877612 
0.00844428 0.958838 
0.365046 0.482741 
0.59487 0.280131 
