1.26123 0.109721 
0.0378263 1.13771 
0.102445 0.791569 
0.0417928 1.03787 
0.975936 0.130082 
1.23977 0.11419 
0.639283 0.202738 
0.542403 0.286791 
0.81856 0.187484 
0.436974 0.358495 
0.184765 0.608891 
0.3006 0.577904 
0.560776 0.268935 
0.618215 0.215856 
0.335853 0.527718 
0.337061 0.441974 
0.103462 0.77881 
0.0396833 1.0936 
0.0397164 1.0546 
0.118143 0.716985 
0.9378 0.13015 
0.376475 0.423055 
0.402419 0.40564 
0.109901 0.747996 
0.116532 0.747666 
0.866132 0.165312 
0.315078 0.552036 
0.1274 0.692689 
0.312125 0.575058 
0.848361 0.167648 
0.326172 0.535469 
0.320532 0.550088 
0.0383817 1.1235 
1.2587 0.113389 
0.838633 0.169092 
0.166472 0.608959 
0.881781 0.144238 
0.121676 0.707225 
0.819757 0.173471 
0.127416 0.672187 
0.824775 0.170055 
0.0386693 1.09999 
0.876038 0.157216 
0.925256 0.130885 
0.125127 0.701434 
0.0402505 1.0487 
0.151378 0.619894 
0.877646 0.155182 
0.160363 0.618674 
0.888789 0.143125 
0.127419 0.661967 
0.139079 0.632967 
0.330514 0.53252 
0.145804 0.624714 
0.900793 0.142881 
0.818706 0.185834 
0.363423 0.423263 
0.161823 0.611183 
0.341806 0.435043 
0.0384786 1.1127 
0.915306 0.130934 
0.138153 0.640716 
0.40302 0.382709 
0.142314 0.6281 
0.544204 0.279321 
0.904421 0.14084 
0.911273 0.138118 
0.40302 0.389601 
0.402534 0.395656 
0.546009 0.275952 
0.407581 0.379448 
0.412475 0.371582 
0.310766 0.575833 
0.13153 0.646671 
0.12744 0.65498 
0.408915 0.374839 
0.346425 0.427732 
0.548944 0.270475 
0.430984 0.359393 
0.355042 0.423465 
0.127918 0.650035 
0.423427 0.364447 
0.134296 0.642967 
0.351429 0.424941 
0.551805 0.268939 
0.428082 0.362786 
0.633454 0.204817 
0.343287 0.430042 
0.372375 0.423169 
0.631355 0.207308 
0.337173 0.439122 
0.0384067 1.11396 
0.626627 0.210241 
0.3006 0.577904 
0.915171 0.136432 
0.127416 0.672187 
0.416327 0.368524 
0.402472 0.402405 
0.418728 0.366616 
0.620714 0.213277 
