0 1 
1 0 
0.91298 0.245582 
0.998671 0.00417067 
0.0415675 0.930998 
0.823293 0.340335 
0.712876 0.342874 
0.605129 0.344584 
0.712876 0.342874 
0.000226358 0.997666 
0.0415756 0.915854 
0.134104 0.915537 
0.527978 0.486401 
0.426311 0.487531 
0.400186 0.638238 
0.903246 0.258083 
0.425168 0.596621 
0.425378 0.50287 
0.577135 0.443814 
0.527978 0.486401 
0.197613 0.853494 
0.886275 0.312898 
0.254987 0.706197 
0.584539 0.369161 
0.356558 0.700752 
0.197619 0.78554 
0.413327 0.596772 
0.293459 0.702852 
0.873976 0.337338 
0.386147 0.668696 
0.148781 0.877156 
0.58337 0.409589 
0.213909 0.746242 
0.823293 0.340335 
0.233223 0.723254 
0.179912 0.873021 
0.229066 0.731389 
0.293459 0.702852 
0.382485 0.691999 
0.194099 0.871591 
0.35885 0.697165 
0.599087 0.349829 
0.197623 0.758323 
0.197619 0.78554 
0.38322 0.683671 
0.579603 0.420853 
0.197888 0.756122 
0.144083 0.896779 
0.884723 0.328108 
0.578404 0.430785 
0.877404 0.329737 
0.134856 0.905605 
0.426311 0.487531 
0.425378 0.50287 
0.136633 0.899847 
0.577135 0.443814 
0.425168 0.596621 
0.605129 0.344584 
0.599087 0.349829 
0.142399 0.897257 
0.197623 0.758323 
0.197888 0.756122 
0.142941 0.8972 
0.999197 0.00230043 
0.998707 0.00290498 
0.999277 0.000945764 
0.998693 0.00404564 
0.999695 0.00035423 
0.999361 0.00081867 
0.998878 0.00252854 
3.45352e-05 0.998327 
2.39059e-05 0.998761 
8.05962e-05 0.998118 
2.00306e-06 0.999472 
8.28562e-05 0.997762 
0.999044 0.00244136 
3.32062e-08 0.999962 
2.585e-06 0.998955 
2.49346e-06 0.999161 
0.999816 0.00014376 
0.999819 0.000139256 
1 0 
2.3402e-06 0.999353 
0.999285 0.000829785 
0.999309 0.000818671 
0 1 
0.999307 0.000829302 
0 1 
0 1 
0 1 
0 1 
0 1 
0 1 
0 1 
0 1 
0 1 
0 1 
0 1 
0 1 
0 1 
