1.15525 0.0865699 
0.040869 1.17075 
0.446753 0.382046 
0.343852 0.528767 
0.822027 0.199096 
0.189448 0.587887 
0.565327 0.285653 
0.654516 0.221274 
0.0486606 1.0086 
0.0938134 0.769112 
0.96419 0.112584 
0.129057 0.692219 
0.0472181 1.07849 
0.822914 0.170446 
0.0532404 0.944342 
0.0532674 0.871038 
0.053243 0.935725 
1.0227 0.11014 
0.915416 0.124276 
0.862437 0.154727 
0.0638336 0.808572 
0.056204 0.85682 
1.10817 0.092748 
0.893368 0.135131 
1.14339 0.0926821 
0.0852566 0.784037 
0.345705 0.462733 
1.05876 0.0963112 
0.406199 0.382102 
0.146686 0.623025 
0.872524 0.142546 
0.364642 0.447495 
0.0744663 0.804198 
0.0472154 1.10844 
0.14527 0.653891 
0.392094 0.383125 
0.911754 0.132322 
1.0914 0.0961598 
0.344032 0.4912 
0.391576 0.404891 
1.02847 0.103714 
0.0416951 1.16079 
0.343922 0.512777 
1.04108 0.101497 
0.618549 0.234071 
0.641427 0.221702 
0.0863578 0.770749 
0.0425408 1.14264 
0.565375 0.267566 
1.04669 0.0968354 
0.869695 0.153849 
0.364822 0.42633 
0.364697 0.441027 
0.0447753 1.11578 
0.17922 0.590236 
0.56921 0.256635 
0.345197 0.473535 
1.0914 0.0959069 
0.129109 0.678966 
0.141333 0.656923 
0.168399 0.591498 
0.604634 0.236719 
0.344593 0.48143 
0.63332 0.224388 
0.575467 0.251202 
0.136321 0.664665 
0.565357 0.284601 
1.15079 0.0874373 
0.593477 0.23785 
0.150874 0.617536 
0.0540668 0.859959 
0.585866 0.238515 
0.377085 0.413659 
0.62757 0.226968 
0.343863 0.516386 
0.579846 0.241212 
0.623826 0.231217 
0.130095 0.67231 
0.168164 0.598373 
0.387217 0.409075 
0.0425781 1.13852 
0.404286 0.383017 
0.0696253 0.80854 
0.56646 0.262725 
0.381574 0.410044 
0.0434657 1.1253 
0.577345 0.246261 
0.0430469 1.12838 
0.133802 0.66785 
0.370319 0.415424 
0.129061 0.690975 
0.163311 0.602144 
0.153276 0.61206 
0.186339 0.588581 
0.601983 0.236753 
0.366189 0.420775 
0.0413921 1.16732 
0.154419 0.608066 
0.156891 0.605675 
0.1597 0.603384 
