2.99353e-05 1.13025 
1 0 
0.557933 0.511679 
0.324588 0.556941 
0.144229 0.91081 
0.973623 0.216094 
0.999918 0.0648165 
0.834995 0.248464 
0.744034 0.248544 
0.64782 0.282506 
0.0716042 0.913236 
0.144333 0.797704 
0.888085 0.246764 
0.962783 0.226405 
0.715609 0.260122 
0.200078 0.666347 
0.642955 0.358894 
0.58993 0.467109 
3.07602e-05 1.03215 
0.20006 0.762148 
0.156514 0.787723 
0.99997 0.00242222 
3.07602e-05 1.07069 
0.99997 0.0646132 
0.878945 0.247082 
0.564955 0.484112 
0.200069 0.718014 
0.01568 0.945958 
0.00901903 0.98984 
0.645894 0.309932 
0.209077 0.577127 
0.190684 0.779162 
0.605351 0.457831 
0.293403 0.559223 
0.200082 0.620994 
0.608095 0.439847 
0.716886 0.252303 
0.258284 0.56178 
0.0431402 0.916594 
0.200065 0.722089 
0.233727 0.569784 
0.629604 0.364743 
0.296375 0.557269 
0.610018 0.417446 
0.611298 0.383278 
0.611247 0.407219 
0.0399276 0.917895 
0.324394 0.556989 
3.07602e-05 1.09616 
0.0259263 0.932741 
3.07602e-05 1.00361 
0.645917 0.30941 
3.07602e-05 1.10272 
0.191003 0.77788 
0.200182 0.598635 
0.620074 0.371258 
0.562337 0.492497 
3.008e-05 1.12567 
0.200083 0.620265 
0.612956 0.373315 
0.244268 0.565208 
0.258282 0.562373 
0.201703 0.586325 
0.558606 0.503712 
0.146909 0.794541 
0.967127 0.222837 
0.00897838 0.995112 
8.38271e-05 0.997144 
0.970628 0.217947 
0.237803 0.565625 
0.0168932 0.935445 
0.200287 0.592893 
0.016796 0.943229 
0.557935 0.50586 
0.243737 0.565619 
0.0239341 0.932747 
0.146909 0.794541 
0.233985 0.566213 
0.0191193 0.93277 
0.00901888 0.992062 
0.972263 0.216956 
0.0190797 0.934614 
2.99353e-05 1.1273 
0.200782 0.5866 
0.200065 0.722081 
0.016796 0.944397 
0.200635 0.589413 
0.233925 0.566876 
0.200666 0.589406 
3.07602e-05 1.00068 
3.07602e-05 1.00247 
0.999985 0.000448783 
3.07609e-05 0.999502 
0.0258731 0.932743 
3.08401e-05 0.998265 
0.0190797 0.932787 
6.41554e-05 0.997325 
0.999992 3.85929e-06 
0.324587 0.556944 
0.999956 0.0647035 
