0.747687 0.139092 
0.189112 0.719187 
0.747687 0.139092 
0.325459 0.516962 
0.189809 0.71871 
0.220463 0.585982 
0.742324 0.139268 
0.659118 0.210998 
0.418703 0.373916 
0.418703 0.373916 
0.307505 0.527355 
0.266255 0.577891 
0.493592 0.325838 
0.535373 0.30046 
0.260393 0.580321 
0.222479 0.585424 
0.620461 0.21403 
0.65732 0.21382 
0.571553 0.246876 
0.541879 0.296568 
0.546876 0.27295 
0.601536 0.226519 
0.460462 0.340866 
0.450448 0.352039 
0.552313 0.260715 
0.600761 0.226626 
0.589022 0.235251 
0.4628 0.338968 
0.479659 0.338429 
0.617833 0.218467 
0.578235 0.243878 
0.586063 0.235508 
0.434331 0.352272 
0.449898 0.352256 
0.551565 0.260715 
0.418979 0.369087 
0.31568 0.51711 
0.422833 0.354851 
0.480809 0.328968 
0.430512 0.353114 
0.325459 0.516962 
0.480039 0.337344 
0.4199 0.361279 
0.546876 0.269373 
0.617833 0.218467 
0.485596 0.32597 
0.312896 0.518451 
0.307804 0.521144 
0.547058 0.264033 
0.260635 0.578587 
0.266255 0.577891 
0.307804 0.521144 
0.422748 0.356551 
0.421952 0.359762 
0.546876 0.269373 
0.573219 0.244098 
0.551131 0.262174 
0.48246 0.328965 
0.538331 0.297229 
0.61842 0.217487 
0.536536 0.298937 
0.541365 0.296596 
0.575453 0.244087 
0.313545 0.517137 
0.485596 0.32597 
0.548589 0.26275 
0.43121 0.352929 
0.434003 0.352758 
0.619323 0.215338 
0.4199 0.360639 
0.572367 0.246141 
0.745142 0.139124 
0.462336 0.339695 
0.484447 0.32597 
0.742822 0.139153 
0.658594 0.212939 
0.548063 0.263136 
0.746076 0.139121 
0.538223 0.297229 
0.658909 0.21109 
0.658141 0.213359 
0.536289 0.299604 
0.587595 0.235328 
0.221298 0.585901 
0.312896 0.518451 
0.260635 0.578587 
0.577222 0.243924 
0.535539 0.300102 
0.619818 0.214186 
0.586837 0.235484 
0.48246 0.328965 
0.421952 0.359762 
0.222444 0.585851 
0.619616 0.214926 
0.572101 0.246427 
0.588724 0.235251 
0.48 0.338187 
0.577222 0.243924 
0.462399 0.339478 
0.189223 0.71909 
