1.02483 0 
7.28755e-130 1.22396 
1.47118e-08 1.0467 
0.688439 0.360536 
1.02325 0.149738 
0.564058 0.380508 
1.02483 0 
0.436661 0.582545 
0.334767 0.609337 
0.436661 0.582545 
0.49265 0.503918 
0.109579 1.00829 
0.16018 0.938526 
0.115149 0.99576 
0.260434 0.839255 
0.294099 0.771312 
0.329956 0.726634 
0.332154 0.634864 
0.727128 0.341525 
0.162413 0.925348 
0.221992 0.89728 
0.222453 0.887862 
0.510066 0.431219 
0.242092 0.844061 
0.906499 0.278325 
0.564058 0.380508 
0.76876 0.314108 
0.688439 0.360536 
0.320795 0.747697 
0.975531 0.213794 
0.72588 0.355023 
0.871701 0.286421 
0.834493 0.305411 
0.294099 0.771312 
0.76876 0.314108 
3.49467e-70 1.0971 
0.871397 0.293688 
0.926192 0.252955 
0.526295 0.38318 
0.800159 0.309216 
0.834493 0.305411 
6.92581e-10 1.0537 
0.800159 0.309216 
0.109579 1.00829 
0.51247 0.394486 
0.926192 0.252955 
0.956599 0.251037 
0.960596 0.218317 
0.956599 0.251037 
0.995927 0.198917 
1.02083 0.166631 
1.00674 0.185883 
0.906499 0.278325 
0.162413 0.925348 
0.334767 0.609337 
1.00674 0.185883 
0.221992 0.89728 
0.497531 0.444438 
0.332154 0.634864 
1.2436e-91 1.15094 
0.995927 0.198917 
2.34326e-89 1.12335 
7.49842e-88 1.10791 
0.492986 0.479375 
0.49265 0.503918 
0.493565 0.463131 
0.497531 0.444438 
0.960596 0.218317 
9.32806e-128 1.19691 
1.86561e-127 1.17675 
1.02083 0.166631 
1.02325 0.149738 
0.110495 0.997114 
0.323365 0.741749 
0.329956 0.726634 
0.493565 0.463131 
0.492986 0.479375 
0.526295 0.38318 
2.34326e-89 1.12335 
0.514358 0.383984 
0.252189 0.841087 
0.242092 0.844061 
9.15335e-92 1.1513 
2.38798e-125 1.16551 
9.32806e-128 1.19691 
5.83004e-129 1.21103 
0.323365 0.741749 
0.51247 0.394486 
0.514358 0.383984 
0.871397 0.293688 
0.260434 0.839255 
0.252189 0.841087 
7.46245e-127 1.16551 
1.86561e-127 1.17675 
2.91502e-129 1.21836 
5.83004e-129 1.21103 
0.72588 0.355023 
6.84869e-09 1.0536 
0.115149 0.99576 
2.91502e-129 1.21836 
