-20 6.48004e-07 
-14.4355 -11.6273 
-17.941 -3.87576 
-19.0817 -8.03212e-05 
-20 6.48004e-07 
-17.046 -3.87667 
-15.882 -7.75152 
-15.9903 -7.65458 
-16.0664 -7.49024 
-18.8803 -0.376394 
-15.6435 -7.75159 
-18.9409 -0.243855 
-16.2789 -6.79843 
-14.6261 -11.4219 
-15.4505 -8.34741 
-16.4509 -6.05965 
-18.1932 -3.18103 
-18.5529 -1.4743 
-16.2166 -6.95459 
-18.2306 -3.00656 
-16.1255 -7.34363 
-18.5145 -1.63459 
-18.5862 -1.33702 
-18.2903 -2.71958 
-18.825 -0.522012 
-16.3913 -6.3393 
-15.2955 -8.95257 
-18.7127 -0.862453 
-16.8607 -4.2521 
-16.1617 -7.2477 
-18.4862 -1.77184 
-16.7537 -4.61547 
-18.4533 -1.92452 
-15.0982 -9.77184 
-18.9971 -0.134047 
-18.2584 -2.87257 
-14.8298 -10.8487 
-14.7566 -11.0887 
-16.1957 -7.07178 
-18.3204 -2.56628 
-18.6711 -0.996041 
-15.3751 -8.46171 
-16.4225 -6.18821 
-15.1335 -9.64042 
-16.4898 -5.87677 
-18.7504 -0.74106 
-16.6592 -5.03007 
-18.0977 -3.56823 
-14.9535 -10.3922 
-14.7783 -10.9904 
-16.6942 -4.88215 
-14.5543 -11.5168 
-16.7178 -4.76011 
-16.7973 -4.3483 
-18.1351 -3.42338 
-16.3583 -6.48666 
-18.065 -3.67415 
-18.425 -2.05898 
-14.6935 -11.2212 
-14.9862 -10.2537 
-16.99 -3.96434 
-15.1651 -9.50801 
-15.0691 -9.91892 
-18.7895 -0.622239 
-14.9148 -10.4984 
-18.3976 -2.19104 
-16.5343 -5.6623 
-16.9408 -4.06912 
-14.8831 -10.6178 
-18.1616 -3.31424 
-16.5614 -5.51802 
-16.7902 -4.49453 
-16.6089 -5.26448 
-18.348 -2.43442 
-15.4837 -8.22903 
-16.5771 -5.39254 
-16.9049 -4.15432 
-18.3692 -2.31346 
-15.1893 -9.37786 
-14.85 -10.7297 
-14.6678 -11.2854 
-16.6323 -5.15033 
-15.013 -10.1352 
-15.3364 -8.80234 
-18.6239 -1.18623 
-15.0387 -10.0251 
-15.2121 -9.26006 
-15.5091 -8.11519 
-15.3736 -8.59091 
-15.258 -9.06873 
-16.2958 -6.64364 
-16.5055 -5.77115 
-15.3398 -8.70977 
-18.6412 -1.1176 
-16.3 -6.53473 
-15.2253 -9.12372 
-15.5429 -8.02351 
-15.552 -7.90714 
-18.0195 -3.78982 
-15.614 -7.81296 
