-15.5863 -7.82799 
-19.033 -0.0416451 
-18.5595 -1.44497 
-18.035 -3.75514 
-14.8672 -10.6642 
-14.595 -11.4308 
-18.0033 -3.82052 
-16.687 -4.88478 
-18.5345 -1.52838 
-17.0074 -3.93892 
-15.3071 -8.90671 
-15.4469 -8.29444 
-16.491 -5.87105 
-16.1774 -7.16032 
-18.8239 -0.524892 
-15.5461 -7.99291 
-18.4116 -2.12319 
-18.0707 -3.65715 
-18.4859 -1.77213 
-18.4356 -2.00804 
-16.2757 -6.80094 
-16.8714 -4.21625 
-18.3009 -2.6671 
-18.1 -3.55723 
-14.747 -11.0745 
-18.7905 -0.619146 
-18.1931 -3.18159 
-18.4605 -1.89027 
-18.5101 -1.65902 
-15.3311 -8.80449 
-16.5777 -5.43304 
-16.771 -4.53856 
-15.4731 -8.19747 
-16.8052 -4.42935 
-16.8367 -4.32678 
-18.3219 -2.56231 
-16.4688 -5.97807 
-16.2441 -6.89544 
-18.2729 -2.79611 
-16.7162 -4.78855 
-15.5151 -8.08853 
-16.1425 -7.20773 
-18.6881 -0.948621 
-18.7563 -0.72263 
-16.6667 -5.00221 
-16.7467 -4.65312 
-18.1305 -3.44464 
-18.7215 -0.834866 
-15.4235 -8.42088 
-14.8425 -10.7584 
-18.5869 -1.33409 
-15.2733 -9.00977 
-15.3613 -8.67428 
-15.3897 -8.5436 
-18.1961 -3.05284 
-15.1122 -9.68183 
-15.0094 -10.1092 
-16.026 -7.60189 
-16.9077 -4.13928 
-16.307 -6.69139 
-18.6484 -1.04174 
-18.1525 -3.30142 
-14.9044 -10.58 
-15.2073 -9.2824 
-16.0625 -7.52522 
-16.2141 -7.02758 
-15.1387 -9.5455 
-15.1781 -9.41394 
-16.9637 -4.02015 
-15.2383 -9.14257 
-16.6022 -5.31396 
-18.2498 -2.91632 
-18.6205 -1.19975 
-18.387 -2.24028 
-16.5555 -5.56212 
-16.517 -5.74926 
-16.4391 -6.11495 
-16.6383 -5.14392 
-15.0399 -9.99395 
-15.9508 -7.6807 
-14.9839 -10.2632 
-18.3461 -2.4095 
-15.0859 -9.81946 
-14.9436 -10.4272 
-16.1141 -7.38707 
-14.7285 -11.0839 
-14.7921 -10.8791 
-16.33 -6.52464 
-14.6299 -11.3176 
-16.4 -6.2803 
-15.6412 -7.75179 
-15.8816 -7.75152 
-18.9982 -0.132576 
-18.8593 -0.431762 
-20 6.48004e-07 
-17.0479 -3.87577 
-17.941 -3.87576 
-19.0785 -0.00448536 
-14.4359 -11.6273 
-20 6.48004e-07 
