-14.7473 -10.9309 
-17.0069 -3.93222 
-15.5623 -7.86695 
-14.7473 -10.931 
-15.5901 -7.798 
-19.0449 -0.0541696 
-16.1744 -7.19482 
-16.226 -7.00308 
-16.1895 -7.09239 
-16.1337 -7.2683 
-15.2085 -9.21073 
-18.002 -3.81783 
-16.0039 -7.64538 
-16.1173 -7.37549 
-18.8644 -0.419 
-18.2583 -2.81415 
-18.2462 -2.93242 
-18.5092 -1.66566 
-16.9695 -3.99605 
-15.2463 -9.12411 
-18.0327 -3.76027 
-18.7272 -0.813702 
-18.7563 -0.72263 
-16.7648 -4.55288 
-18.6955 -0.919455 
-16.5683 -5.47551 
-16.038 -7.57349 
-16.2363 -6.89439 
-18.7906 -0.619118 
-15.0003 -10.1207 
-18.825 -0.522035 
-16.5895 -5.34968 
-15.9532 -7.70386 
-16.789 -4.45713 
-16.0813 -7.46739 
-15.5553 -8.00109 
-18.6666 -1.02527 
-18.6035 -1.26704 
-16.6695 -4.94548 
-18.6319 -1.1542 
-16.5433 -5.59216 
-15.2763 -9.03134 
-18.486 -1.77056 
-15.409 -8.49217 
-16.7289 -4.66818 
-16.6538 -5.07182 
-18.2908 -2.71237 
-15.2038 -9.33638 
-18.2209 -3.05169 
-15.4259 -8.33773 
-15.4698 -8.23034 
-15.3765 -8.61414 
-18.5345 -1.55538 
-18.3895 -2.23046 
-16.7078 -4.81396 
-15.3418 -8.74464 
-15.5106 -8.12266 
-16.6223 -5.23139 
-14.9814 -10.2681 
-14.8684 -10.7072 
-16.8235 -4.31263 
-16.5112 -5.73013 
-18.1527 -3.35015 
-16.9307 -4.0931 
-15.3119 -8.88702 
-18.5717 -1.39725 
-18.4201 -2.0825 
-14.6392 -11.366 
-16.4719 -5.86328 
-18.1889 -3.19901 
-16.8767 -4.22348 
-15.0387 -10.0361 
-14.8998 -10.5769 
-18.4526 -1.92563 
-14.6254 -11.3959 
-18.1209 -3.47725 
-18.0741 -3.6467 
-18.362 -2.36103 
-14.8149 -10.813 
-14.9457 -10.4199 
-15.1593 -9.49408 
-16.2864 -6.78886 
-18.3222 -2.56204 
-16.4464 -6.0354 
-15.1246 -9.65804 
-16.3659 -6.3964 
-16.4044 -6.22372 
-15.0785 -9.83518 
-16.3308 -6.59614 
-18.892 -0.3519 
-19.0012 -0.127402 
-15.6415 -7.75174 
-14.7161 -11.1461 
-15.8821 -7.75152 
-20 6.48004e-07 
-17.0423 -3.87806 
-19.0807 -0.00143473 
-17.941 -3.87576 
-14.4359 -11.6273 
-20 6.48004e-07 
