-14.4359 -11.6273 
-20 6.48004e-07 
-19.0817 -8.03212e-05 
-17.047 -3.87673 
-17.941 -3.87576 
-15.8988 -7.74004 
-15.6268 -7.76127 
-16 -7.62439 
-15.4357 -8.23421 
-14.599 -11.4181 
-14.5354 -11.5579 
-18.9976 -0.133695 
-16.8253 -4.36365 
-14.6523 -11.2412 
-16.9824 -3.98412 
-15.3892 -8.41794 
-16.0641 -7.49127 
-15.2149 -9.25051 
-14.9292 -10.332 
-16.4528 -6.00985 
-16.2233 -6.94988 
-16.3335 -6.56832 
-18.9408 -0.243894 
-16.8873 -4.20405 
-16.1876 -7.11176 
-14.8336 -10.8211 
-14.7525 -10.9289 
-15.3138 -8.64718 
-16.7155 -4.77676 
-15.56 -7.85585 
-15.5203 -8.1069 
-16.607 -5.30544 
-15.2492 -9.10565 
-16.1142 -7.37672 
-16.5469 -5.58286 
-15.0006 -10.2054 
-16.4196 -6.17319 
-16.7799 -4.5047 
-16.9058 -4.07958 
-16.1518 -7.24665 
-15.1655 -9.41399 
-16.6378 -5.15621 
-16.7481 -4.62244 
-16.5759 -5.46183 
-18.7815 -0.643867 
-18.3352 -2.49776 
-15.0474 -9.85276 
-18.2819 -2.7607 
-15.3832 -8.61459 
-14.9056 -10.4825 
-16.4954 -5.71995 
-16.3654 -6.43735 
-16.4935 -5.85752 
-16.289 -6.73801 
-18.0667 -3.66592 
-16.3967 -6.31531 
-15.3085 -8.89686 
-18.3016 -2.63162 
-15.099 -9.72636 
-18.1297 -3.44945 
-18.8244 -0.52348 
-18.887 -0.362933 
-14.7231 -11.1636 
-18.7403 -0.749421 
-18.6252 -1.17857 
-16.2703 -6.81473 
-18.1002 -3.55849 
-16.6848 -4.92739 
-18.7138 -0.859584 
-18.3628 -2.36165 
-18.6827 -0.968039 
-15.5215 -7.97753 
-18.5039 -1.69114 
-15.2842 -8.96051 
-18.6535 -1.07052 
-16.6631 -5.0076 
-14.8741 -10.6033 
-18.5262 -1.58867 
-18.4505 -1.93214 
-18.4052 -2.15325 
-18.4284 -2.03733 
-15.1414 -9.51308 
-18.5535 -1.47407 
-18.5849 -1.28322 
-14.8598 -10.7107 
-15.033 -9.98547 
-15.1074 -9.60598 
-18.1617 -3.31801 
-18.3833 -2.26036 
-14.7327 -11.0518 
-18.8575 -0.435441 
-15.0051 -10.0661 
-18.1771 -3.24678 
-18.2258 -3.0278 
-18.5749 -1.38014 
-18.2037 -3.13243 
-18.0162 -3.76417 
-18.2498 -2.91663 
-18.4761 -1.81781 
-20 6.48004e-07 
