-19.0447 -0.0546311 
-19.0089 -0.113842 
-18.974 -0.175779 
-15.2069 -9.2191 
-18.2695 -2.81997 
-15.0401 -9.76419 
-17.9819 -3.85068 
-18.854 -0.444781 
-15.202 -9.31827 
-16.4166 -6.18065 
-18.825 -0.522057 
-14.9362 -10.4101 
-16.6928 -4.88519 
-18.4456 -1.96072 
-16.4422 -6.09085 
-14.9664 -10.3205 
-14.9153 -10.5247 
-18.5226 -1.60547 
-18.5457 -1.50583 
-18.6578 -1.05704 
-18.2488 -2.92082 
-18.6289 -1.15693 
-18.4678 -1.85628 
-16.6563 -4.94009 
-18.6006 -1.27451 
-16.4907 -5.84546 
-18.4214 -2.07573 
-15.0366 -9.92143 
-18.2903 -2.71958 
-18.5726 -1.37823 
-16.4702 -5.9677 
-18.7906 -0.619081 
-18.3685 -2.32861 
-18.6882 -0.948836 
-18.3454 -2.44269 
-18.1008 -3.55444 
-14.8858 -10.6313 
-16.8642 -4.25227 
-15.0952 -9.75223 
-18.0682 -3.66413 
-16.9049 -4.15781 
-18.9381 -0.249531 
-18.7552 -0.725959 
-18.7208 -0.836034 
-18.3956 -2.19664 
-18.4957 -1.72813 
-18.0302 -3.76626 
-18.132 -3.44043 
-15.6071 -7.84752 
-14.9844 -10.1853 
-18.8886 -0.359587 
-16.828 -4.35529 
-15.0226 -10.0681 
-18.2204 -3.0534 
-15.3147 -8.8595 
-16.946 -4.06278 
-16.1045 -7.30812 
-18.1937 -3.17866 
-14.8427 -10.7301 
-18.1624 -3.31593 
-16.1521 -7.23018 
-18.3188 -2.57823 
-14.803 -10.8445 
-16.5198 -5.73197 
-16.9942 -3.96592 
-16.0686 -7.43603 
-16.7909 -4.47168 
-15.2631 -8.909 
-16.7038 -4.72419 
-16.0397 -7.56929 
-16.287 -6.62024 
-15.1736 -9.45018 
-15.2443 -9.11971 
-16.3886 -6.28524 
-16.2732 -6.73551 
-16.7547 -4.60433 
-16.6006 -5.03063 
-15.3342 -8.68307 
-15.4662 -8.24939 
-14.6413 -11.3651 
-15.9773 -7.65933 
-16.1881 -7.09147 
-15.1201 -9.57287 
-15.5632 -7.95906 
-15.4343 -8.39849 
-15.508 -8.10994 
-15.3858 -8.56661 
-16.2391 -6.95228 
-16.3519 -6.47491 
-14.7779 -10.9871 
-16.548 -5.57276 
-16.5814 -5.22447 
-14.6992 -11.2285 
-15.6411 -7.75266 
-15.9063 -7.74359 
-17.9416 -3.87576 
-19.0807 -0.00142864 
-17.0446 -3.87585 
-14.4359 -11.6273 
-20 6.48004e-07 
