-18.6687 -1.01815 
-18.6881 -0.948863 
-18.9983 -0.132569 
-16.4497 -6.06194 
-19.0473 -0.0503107 
-16.4657 -5.99311 
-18.2949 -2.6971 
-15.3666 -8.63975 
-18.8239 -0.52496 
-18.3989 -2.184 
-16.8762 -4.20251 
-16.3976 -6.30887 
-14.9345 -10.4541 
-16.6756 -4.83126 
-16.6719 -4.98688 
-18.2775 -2.78241 
-17.0011 -3.9539 
-16.2471 -6.9265 
-16.956 -4.02269 
-18.7898 -0.621164 
-18.0916 -3.58934 
-18.6073 -1.24931 
-18.3731 -2.29316 
-16.9195 -4.12147 
-14.8974 -10.5303 
-16.647 -5.10306 
-18.7563 -0.722575 
-15.2639 -9.0052 
-16.421 -6.20078 
-16.3724 -6.41877 
-18.6351 -1.12763 
-15.5879 -7.84629 
-18.0136 -3.8016 
-16.2568 -6.79646 
-16.0925 -7.41904 
-18.2191 -3.06181 
-14.7677 -11.0496 
-16.543 -5.52201 
-18.7222 -0.832562 
-15.9447 -7.69613 
-18.4207 -2.07565 
-18.8552 -0.442215 
-18.0594 -3.68453 
-18.3495 -2.42309 
-15.3341 -8.73137 
-18.5813 -1.35592 
-16.8489 -4.29136 
-16.7212 -4.76584 
-16.0068 -7.64052 
-15.1861 -9.38356 
-15.2474 -9.12392 
-15.2079 -9.276 
-18.3222 -2.56221 
-15.3906 -8.53542 
-14.785 -10.8896 
-18.193 -3.18161 
-14.8709 -10.6712 
-14.8415 -10.8098 
-18.1227 -3.47662 
-16.0547 -7.5429 
-18.2457 -2.92781 
-16.1955 -7.00461 
-15.5667 -7.95342 
-18.5132 -1.632 
-16.338 -6.54209 
-16.1267 -7.32986 
-18.5471 -1.50137 
-18.4847 -1.77854 
-15.3023 -8.88282 
-16.2984 -6.6716 
-16.5303 -5.66656 
-18.4531 -1.92518 
-14.6192 -11.344 
-15.5147 -8.09873 
-16.6084 -5.20496 
-15.1198 -9.68866 
-18.1543 -3.32094 
-15.1448 -9.52877 
-14.9607 -10.3412 
-16.5831 -5.40967 
-15.4836 -8.21783 
-16.4905 -5.83787 
-16.171 -7.17198 
-15.0449 -10.008 
-15.0794 -9.83307 
-16.7542 -4.61507 
-15.0046 -10.1475 
-15.4331 -8.38712 
-16.8 -4.42324 
-14.6898 -11.2543 
-18.9048 -0.321964 
-14.5921 -11.4854 
-15.8822 -7.75152 
-15.6427 -7.75193 
-20 6.48004e-07 
-17.941 -3.87576 
-19.0807 -0.0014344 
-17.046 -3.87667 
-14.4359 -11.6273 
-20 6.48004e-07 
