-14.4354 -11.6273 
-20 6.48004e-07 
-17.941 -3.87576 
-17.0423 -3.87806 
-15.8821 -7.75152 
-15.6295 -7.75361 
-16.3807 -6.35288 
-16.4252 -5.97331 
-18.4093 -2.13447 
-15.0419 -10.0115 
-15.0523 -9.68897 
-16.3142 -6.66448 
-14.5753 -11.4377 
-16.7461 -4.65703 
-16.1112 -7.38553 
-14.6469 -11.3192 
-15.3517 -8.70267 
-15.1629 -9.47175 
-16.0671 -7.51712 
-16.2607 -6.84777 
-15.254 -9.06899 
-16.348 -6.52787 
-15.1165 -9.63735 
-16.6844 -4.78338 
-18.4868 -1.76896 
-16.6447 -5.11896 
-18.5173 -1.61542 
-16.1953 -7.1363 
-16.8116 -4.38919 
-16.2283 -6.93601 
-16.1652 -7.23603 
-18.3528 -2.41115 
-14.743 -11.1056 
-16.6778 -4.96105 
-14.6733 -11.1735 
-18.2919 -2.50937 
-16.0121 -7.63113 
-16.7846 -4.50468 
-18.1931 -3.18148 
-18.1618 -3.31868 
-15.2134 -9.24891 
-16.5514 -5.4913 
-15.9607 -7.70437 
-16.862 -4.23546 
-14.8422 -10.8006 
-15.3195 -8.86829 
-14.8826 -10.6688 
-18.1288 -3.44925 
-15.522 -8.04666 
-18.223 -3.04271 
-18.756 -0.72347 
-18.9318 -0.260081 
-18.7185 -0.843787 
-14.953 -10.3243 
-15.3643 -8.50221 
-16.5936 -5.34944 
-18.5987 -1.24728 
-15.4421 -8.35411 
-16.4548 -5.75472 
-18.2903 -2.71958 
-18.7906 -0.619131 
-18.0988 -3.56466 
-15.5759 -7.82876 
-18.4537 -1.92246 
-14.7822 -10.9795 
-18.6882 -0.948836 
-15.2956 -8.96998 
-16.6135 -5.26219 
-18.6582 -1.05683 
-18.5535 -1.47406 
-15.5594 -7.95186 
-14.9093 -10.4198 
-18.825 -0.522012 
-15.188 -9.32739 
-18.2488 -2.92139 
-18.0675 -3.66672 
-18.893 -0.349707 
-16.9957 -3.93418 
-18.5717 -1.39714 
-14.9972 -10.1134 
-18.0345 -3.75577 
-17.995 -3.83373 
-18.6304 -1.16158 
-18.8588 -0.432858 
-15.4093 -8.45957 
-14.9083 -10.5605 
-18.4364 -2.00427 
-14.7949 -10.8737 
-14.9892 -10.2203 
-16.4989 -5.65593 
-16.8947 -4.17441 
-14.5246 -11.5582 
-15.487 -8.17785 
-18.2706 -2.81582 
-16.9605 -4.02982 
-16.9327 -4.08887 
-16.4416 -5.89304 
-16.5061 -5.55978 
-15.4743 -8.23738 
-18.9808 -0.164718 
