-20 6.48004e-07 
-14.4359 -11.6273 
-19.0817 -8.03212e-05 
-17.9416 -3.87576 
-17.0423 -3.87806 
-20 6.48004e-07 
-15.8783 -7.75135 
-15.6366 -7.76235 
-16.8363 -4.34257 
-16.3003 -6.70764 
-16.4635 -5.90767 
-16.1844 -7.12579 
-16.8936 -4.18495 
-16.4361 -6.12939 
-15.2617 -9.05255 
-16.556 -5.47793 
-18.012 -3.79503 
-15.3039 -8.90459 
-16.1238 -7.25283 
-16.5999 -5.32515 
-15.0811 -9.84049 
-14.8598 -10.7482 
-15.3297 -8.72683 
-15.4542 -8.33554 
-16.3995 -6.25243 
-15.4929 -8.19902 
-14.6259 -11.422 
-15.4123 -8.47816 
-16.2633 -6.87942 
-19.0273 -0.0827003 
-16.9311 -4.06012 
-15.3784 -8.6079 
-15.9579 -7.70707 
-18.4249 -2.05849 
-15.1058 -9.67061 
-15.0399 -9.99052 
-16.3405 -6.53786 
-16.5344 -5.65915 
-16.9927 -3.96876 
-16.2183 -6.96556 
-14.8895 -10.5882 
-16.0945 -7.40245 
-14.8083 -10.8736 
-16.3601 -6.4155 
-14.9299 -10.4847 
-18.0669 -3.66832 
-15.2258 -9.21691 
-18.4538 -1.92192 
-15.5348 -8.06205 
-18.7127 -0.864142 
-18.5779 -1.37006 
-16.4913 -5.7575 
-18.1596 -3.32263 
-18.6137 -1.22052 
-18.6764 -0.989894 
-18.7482 -0.739657 
-14.9614 -10.3312 
-15.1248 -9.51371 
-16.0173 -7.62077 
-16.7363 -4.70053 
-18.1924 -3.18457 
-18.4845 -1.77931 
-18.9668 -0.189294 
-18.243 -2.94862 
-14.7404 -11.0931 
-18.3191 -2.57269 
-16.061 -7.53123 
-16.6316 -5.17662 
-18.7873 -0.628284 
-18.1297 -3.4492 
-16.7891 -4.48307 
-14.6717 -11.3144 
-18.3437 -2.45096 
-14.5635 -11.5292 
-14.7066 -11.2173 
-14.522 -11.5704 
-18.3925 -2.21427 
-18.6433 -1.11131 
-14.7847 -11.0002 
-18.0977 -3.56768 
-15.5366 -7.88911 
-16.6535 -5.05878 
-16.7047 -4.83126 
-15.1735 -9.42081 
-18.2197 -3.05918 
-18.8248 -0.522087 
-18.372 -2.31119 
-18.5501 -1.48684 
-15.5849 -7.81704 
-16.683 -4.93465 
-15.0159 -10.122 
-18.2747 -2.79338 
-16.763 -4.56377 
-18.9305 -0.262786 
-18.89 -0.356272 
-14.9915 -10.2219 
-18.2903 -2.71958 
-15.1997 -9.32794 
-18.854 -0.426837 
-18.5025 -1.63892 
