-14.4363 -11.6273 
-20 6.48004e-07 
-19.0817 -2.8795e-05 
-17.941 -3.87576 
-17.0477 -3.87605 
-20 6.48004e-07 
-15.8826 -7.75152 
-15.6435 -7.75152 
-18.9983 -0.132559 
-16.2993 -6.60462 
-18.9295 -0.257666 
-15.0227 -9.90673 
-15.9841 -7.6751 
-16.0809 -7.45243 
-18.873 -0.387008 
-14.8972 -10.6068 
-15.1001 -9.77699 
-14.5364 -11.5559 
-18.0235 -3.78131 
-16.1215 -7.26333 
-15.2437 -9.12314 
-16.6634 -5.02601 
-16.2378 -6.78874 
-16.6269 -5.20421 
-15.2108 -9.26497 
-14.6872 -11.2388 
-14.5991 -11.4628 
-16.9399 -4.05304 
-18.7415 -0.745799 
-16.8549 -4.27886 
-16.0376 -7.57296 
-18.7094 -0.875402 
-18.3401 -2.4735 
-14.7443 -11.1216 
-18.3709 -2.32156 
-18.6696 -1.015 
-16.7206 -4.76031 
-14.6511 -11.3624 
-18.4869 -1.76849 
-15.3385 -8.73053 
-18.4536 -1.92271 
-16.8987 -4.16097 
-16.197 -7.06432 
-17.0019 -3.94801 
-14.8502 -10.7719 
-15.1737 -9.41754 
-16.8075 -4.39581 
-16.4088 -6.25964 
-18.3984 -2.18301 
-18.5443 -1.51103 
-14.9381 -10.311 
-15.2925 -8.98137 
-18.0651 -3.67391 
-16.6915 -4.89353 
-18.5753 -1.38203 
-14.9271 -10.4503 
-15.3728 -8.59995 
-18.1009 -3.55674 
-18.5145 -1.64393 
-18.4271 -2.04884 
-18.6064 -1.25564 
-18.163 -3.31328 
-18.1329 -3.43716 
-18.637 -1.13587 
-18.1921 -3.18608 
-16.3513 -6.50514 
-15.444 -8.38516 
-16.3748 -6.3961 
-16.437 -6.12699 
-15.4055 -8.49007 
-14.9944 -10.202 
-16.7527 -4.61291 
-16.2323 -6.90902 
-16.4598 -6.00188 
-18.3113 -2.61588 
-16.1693 -7.17964 
-18.7905 -0.618927 
-15.6018 -7.84197 
-14.9973 -10.0724 
-15.493 -8.14092 
-16.4897 -5.878 
-15.5388 -8.04922 
-15.3036 -8.86113 
-15.4694 -8.25756 
-15.1283 -9.65549 
-15.5666 -7.94533 
-18.2651 -2.84287 
-15.1514 -9.54208 
-16.5134 -5.76396 
-16.7735 -4.5085 
-18.2186 -3.0597 
-16.538 -5.64682 
-16.5572 -5.52952 
-18.2893 -2.72445 
-18.2409 -2.9591 
-16.5847 -5.30488 
-14.77 -10.9966 
-16.584 -5.41751 
-18.825 -0.522012 
-14.7792 -10.8983 
