-14.5503 -11.5265 
-18.162 -3.31243 
-14.7908 -10.8773 
-14.8336 -10.8204 
-18.0033 -3.82051 
-16.5279 -5.67056 
-18.0336 -3.75856 
-18.9004 -0.331021 
-18.1931 -3.18159 
-17.0069 -3.93222 
-18.4685 -1.84889 
-18.9377 -0.250424 
-16.7804 -4.53596 
-16.689 -4.89668 
-18.4963 -1.72546 
-16.7982 -4.40684 
-15.1189 -9.63524 
-16.5473 -5.57976 
-18.1014 -3.55539 
-16.9264 -4.10559 
-18.4466 -1.94481 
-16.9613 -4.03183 
-15.1504 -9.54786 
-18.7892 -0.62203 
-18.0717 -3.65062 
-18.2981 -2.68125 
-18.2471 -2.9255 
-15.4198 -8.44067 
-18.2724 -2.80172 
-18.8655 -0.41396 
-16.0673 -7.49133 
-18.7558 -0.724298 
-14.8645 -10.7315 
-14.9291 -10.4676 
-18.5194 -1.62227 
-18.7214 -0.834691 
-18.6881 -0.948894 
-18.8244 -0.52348 
-19.0431 -0.0572965 
-18.2222 -3.04554 
-18.1315 -3.43844 
-15.5908 -7.82334 
-16.3638 -6.31837 
-16.5023 -5.79778 
-16.4747 -5.93286 
-16.6666 -5.01477 
-15.3793 -8.51692 
-18.656 -1.06485 
-16.8386 -4.32364 
-15.1711 -9.40243 
-14.7468 -10.9334 
-15.4488 -8.31188 
-16.6355 -5.15898 
-16.7469 -4.63181 
-16.7146 -4.78289 
-15.9444 -7.72171 
-18.3551 -2.39703 
-15.489 -8.2052 
-15.0818 -9.7403 
-15.3212 -8.83173 
-15.5584 -7.95103 
-18.6231 -1.1893 
-14.894 -10.5892 
-15.5211 -8.07331 
-16.6073 -5.27191 
-16.8803 -4.20063 
-16.3495 -6.45853 
-18.3227 -2.55914 
-18.9752 -0.157835 
-16.4494 -6.06089 
-16.0742 -7.41426 
-15.2881 -8.933 
-16.5748 -5.43256 
-15.3555 -8.68161 
-16.4013 -6.19522 
-18.5886 -1.31959 
-18.3776 -2.28525 
-18.5517 -1.4817 
-14.6841 -11.2622 
-14.7238 -11.1174 
-15.1992 -9.27142 
-16.298 -6.58288 
-16.1628 -7.0817 
-18.4196 -2.08493 
-16.0092 -7.6298 
-16.2548 -6.7242 
-14.9583 -10.3655 
-16.1372 -7.21975 
-15.2499 -9.10423 
-15.0586 -9.90015 
-14.6368 -11.3857 
-16.2372 -6.94507 
-15.8822 -7.75063 
-15.0146 -10.1342 
-15.6401 -7.75169 
-19.0785 -0.00454595 
-17.0423 -3.87805 
-17.941 -3.87576 
-20 6.48004e-07 
-14.4359 -11.6273 
