0 1
0.251239 0.748761
0.288598 0.711402
0.312976 0.687024
0.331512 0.668488
0.346642 0.653358
0.359515 0.640485
0.370772 0.629228
0.380807 0.619193
0.389884 0.610116
0.398187 0.601813
0.40585 0.59415
0.412974 0.587026
0.419639 0.580361
0.425905 0.574095
0.431822 0.568178
0.437432 0.562568
0.442768 0.557232
0.447859 0.552141
0.452728 0.547272
0.457397 0.542603
0.461882 0.538118
0.466199 0.533801
0.470362 0.529638
0.474383 0.525617
0.478272 0.521728
0.482038 0.517962
0.485691 0.514309
0.489236 0.510764
0.492682 0.507318
0.496034 0.503966
0.499297 0.500703
0.502478 0.497522
0.50558 0.49442
0.508607 0.491393
0.511565 0.488435
0.514455 0.485545
0.517282 0.482718
0.520048 0.479952
0.522757 0.477243
0.525411 0.474589
0.528012 0.471988
0.530563 0.469437
0.533066 0.466934
0.535522 0.464478
0.537935 0.462065
0.540304 0.459696
0.542633 0.457367
0.544923 0.455077
0.547175 0.452825
0.54939 0.45061
0.55157 0.44843
0.553717 0.446283
0.55583 0.44417
0.557912 0.442088
0.559963 0.440037
0.561985 0.438015
0.563978 0.436022
0.565943 0.434057
0.567881 0.432119
0.569793 0.430207
0.57168 0.42832
0.573542 0.426458
0.57538 0.42462
0.577195 0.422805
0.578988 0.421012
0.580759 0.419241
0.582508 0.417492
0.584236 0.415764
0.585945 0.414055
0.587633 0.412367
0.589303 0.410697
0.590954 0.409046
0.592586 0.407414
0.594201 0.405799
0.595798 0.404202
0.597379 0.402621
0.598942 0.401058
0.60049 0.39951
0.602022 0.397978
0.603538 0.396462
0.60504 0.39496
0.606526 0.393474
0.607999 0.392001
0.609457 0.390543
0.610901 0.389099
0.612331 0.387669
0.613749 0.386251
0.615153 0.384847
0.616545 0.383455
0.617924 0.382076
0.619292 0.380708
0.620647 0.379353
0.62199 0.37801
0.623322 0.376678
0.624643 0.375357
0.625952 0.374048
0.627251 0.372749
0.628539 0.371461
0.629816 0.370184
0.631084 0.368916
0.632341 0.367659
0.633588 0.366412
0.634825 0.365175
0.636053 0.363947
0.637272 0.362728
0.638481 0.361519
0.639681 0.360319
0.640873 0.359127
0.642055 0.357945
0.643229 0.356771
0.644394 0.355606
0.645551 0.354449
0.6467 0.3533
0.64784 0.35216
0.648973 0.351027
0.650098 0.349902
0.651215 0.348785
0.652324 0.347676
0.653426 0.346574
0.65452 0.34548
0.655608 0.344392
0.656688 0.343312
0.657761 0.342239
0.658827 0.341173
0.659886 0.340114
0.660938 0.339062
0.661984 0.338016
0.663023 0.336977
0.664056 0.335944
0.665083 0.334917
0.666103 0.333897
0.667117 0.332883
0.668124 0.331876
0.669126 0.330874
0.670122 0.329878
0.671112 0.328888
0.672096 0.327904
0.673074 0.326926
0.674047 0.325953
0.675014 0.324986
0.675975 0.324025
0.676931 0.323069
0.677882 0.322118
0.678827 0.321173
0.679768 0.320232
0.680703 0.319297
0.681633 0.318367
0.682558 0.317442
0.683477 0.316523
0.684392 0.315608
0.685302 0.314698
0.686208 0.313792
0.687108 0.312892
0.688004 0.311996
0.688895 0.311105
0.689782 0.310218
0.690664 0.309336
0.691542 0.308458
0.692415 0.307585
0.693284 0.306716
0.694148 0.305852
0.695008 0.304992
0.695864 0.304136
0.696716 0.303284
0.697563 0.302437
0.698407 0.301593
0.699246 0.300754
0.700082 0.299918
0.700913 0.299087
0.701741 0.298259
0.702564 0.297436
0.703384 0.296616
0.7042 0.2958
0.705012 0.294988
0.705821 0.294179
0.706626 0.293374
0.707427 0.292573
0.708224 0.291776
0.709018 0.290982
0.709809 0.290191
0.710596 0.289404
0.711379 0.288621
0.712159 0.287841
0.712936 0.287064
0.713709 0.286291
0.714479 0.285521
0.715246 0.284754
0.716009 0.283991
0.716769 0.283231
0.717526 0.282474
0.71828 0.28172
0.71903 0.28097
0.719778 0.280222
0.720522 0.279478
0.721263 0.278737
0.722002 0.277998
0.722737 0.277263
0.723469 0.276531
0.724198 0.275802
0.724925 0.275075
0.725648 0.274352
0.726369 0.273631
0.727087 0.272913
0.727801 0.272199
0.728514 0.271486
0.729223 0.270777
0.72993 0.27007
0.730633 0.269367
0.731335 0.268665
0.732033 0.267967
0.732729 0.267271
0.733422 0.266578
0.734113 0.265887
0.734801 0.265199
0.735486 0.264514
0.736169 0.263831
0.73685 0.26315
0.737527 0.262473
0.738203 0.261797
0.738876 0.261124
0.739546 0.260454
0.740214 0.259786
0.74088 0.25912
0.741543 0.258457
0.742204 0.257796
0.742863 0.257137
0.743519 0.256481
0.744173 0.255827
0.744825 0.255175
0.745474 0.254526
0.746121 0.253879
0.746766 0.253234
0.747409 0.252591
0.748049 0.251951
0.748687 0.251313
0.749323 0.250677
0.749957 0.250043
0.750589 0.249411
0.751219 0.248781
0.751846 0.248154
0.752472 0.247528
0.753095 0.246905
0.753717 0.246283
0.754336 0.245664
0.754953 0.245047
0.755569 0.244431
0.756182 0.243818
0.756793 0.243207
0.757403 0.242597
0.75801 0.24199
0.758615 0.241385
0.759219 0.240781
0.75982 0.24018
0.76042 0.23958
0.761018 0.238982
0.761614 0.238386
0.762208 0.237792
0.7628 0.2372
0.763391 0.236609
0.763979 0.236021
0.764566 0.235434
0.765151 0.234849
0.765734 0.234266
0.766316 0.233684
0.766895 0.233105
0.767473 0.232527
0.768049 0.231951
0.768624 0.231376
0.769197 0.230803
0.769768 0.230232
0.770337 0.229663
0.770905 0.229095
0.771471 0.228529
0.772035 0.227965
0.772598 0.227402
0.773159 0.226841
0.773718 0.226282
0.774276 0.225724
0.774832 0.225168
0.775387 0.224613
0.77594 0.22406
0.776492 0.223508
0.777041 0.222959
0.77759 0.22241
0.778137 0.221863
0.778682 0.221318
0.779226 0.220774
0.779768 0.220232
0.780309 0.219691
0.780848 0.219152
0.781386 0.218614
0.781922 0.218078
0.782457 0.217543
0.78299 0.21701
0.783522 0.216478
0.784053 0.215947
0.784582 0.215418
0.785109 0.214891
0.785636 0.214364
0.78616 0.21384
0.786684 0.213316
0.787206 0.212794
0.787726 0.212274
0.788246 0.211754
0.788764 0.211236
0.78928 0.21072
0.789795 0.210205
0.790309 0.209691
0.790822 0.209178
0.791333 0.208667
0.791843 0.208157
0.792351 0.207649
0.792859 0.207141
0.793365 0.206635
0.793869 0.206131
0.794373 0.205627
0.794875 0.205125
0.795376 0.204624
0.795875 0.204125
0.796374 0.203626
0.796871 0.203129
0.797367 0.202633
0.797861 0.202139
0.798355 0.201645
0.798847 0.201153
0.799338 0.200662
0.799828 0.200172
0.800316 0.199684
0.800804 0.199196
0.80129 0.19871
0.801775 0.198225
0.802259 0.197741
0.802742 0.197258
0.803223 0.196777
0.803704 0.196296
0.804183 0.195817
0.804661 0.195339
0.805138 0.194862
0.805614 0.194386
0.806088 0.193912
0.806562 0.193438
0.807035 0.192965
0.807506 0.192494
0.807976 0.192024
0.808445 0.191555
0.808914 0.191086
0.809381 0.190619
0.809847 0.190153
0.810311 0.189689
0.810775 0.189225
0.811238 0.188762
0.8117 0.1883
0.81216 0.18784
0.81262 0.18738
0.813079 0.186921
0.813536 0.186464
0.813993 0.186007
0.814448 0.185552
0.814903 0.185097
0.815356 0.184644
0.815809 0.184191
0.81626 0.18374
0.816711 0.183289
0.81716 0.18284
0.817609 0.182391
0.818056 0.181944
0.818503 0.181497
0.818948 0.181052
0.819393 0.180607
0.819836 0.180164
0.820279 0.179721
0.820721 0.179279
0.821162 0.178838
0.821601 0.178399
0.82204 0.17796
0.822478 0.177522
0.822915 0.177085
0.823351 0.176649
0.823787 0.176213
0.824221 0.175779
0.824654 0.175346
0.825087 0.174913
0.825518 0.174482
0.825949 0.174051
0.826379 0.173621
0.826807 0.173193
0.827235 0.172765
0.827662 0.172338
0.828089 0.171911
0.828514 0.171486
0.828938 0.171062
0.829362 0.170638
0.829785 0.170215
0.830207 0.169793
0.830628 0.169372
0.831048 0.168952
0.831467 0.168533
0.831885 0.168115
0.832303 0.167697
0.83272 0.16728
0.833136 0.166864
0.833551 0.166449
0.833965 0.166035
0.834379 0.165621
0.834791 0.165209
0.835203 0.164797
0.835614 0.164386
0.836024 0.163976
0.836434 0.163566
0.836842 0.163158
0.83725 0.16275
0.837657 0.162343
0.838063 0.161937
0.838469 0.161531
0.838874 0.161126
0.839277 0.160723
0.839681 0.160319
0.840083 0.159917
0.840484 0.159516
0.840885 0.159115
0.841285 0.158715
0.841685 0.158315
0.842083 0.157917
0.842481 0.157519
0.842878 0.157122
0.843274 0.156726
0.84367 0.15633
0.844065 0.155935
0.844459 0.155541
0.844852 0.155148
0.845245 0.154755
0.845636 0.154364
0.846028 0.153972
0.846418 0.153582
0.846808 0.153192
0.847197 0.152803
0.847585 0.152415
0.847972 0.152028
0.848359 0.151641
0.848745 0.151255
0.849131 0.150869
0.849516 0.150484
0.8499 0.1501
0.850283 0.149717
0.850666 0.149334
0.851048 0.148952
0.851429 0.148571
0.85181 0.14819
0.852189 0.147811
0.852569 0.147431
0.852947 0.147053
0.853325 0.146675
0.853702 0.146298
0.854079 0.145921
0.854455 0.145545
0.85483 0.14517
0.855205 0.144795
0.855579 0.144421
0.855952 0.144048
0.856325 0.143675
0.856697 0.143303
0.857068 0.142932
0.857439 0.142561
0.857809 0.142191
0.858178 0.141822
0.858547 0.141453
0.858915 0.141085
0.859283 0.140717
0.85965 0.14035
0.860016 0.139984
0.860382 0.139618
0.860747 0.139253
0.861111 0.138889
0.861475 0.138525
0.861838 0.138162
0.862201 0.137799
0.862563 0.137437
0.862924 0.137076
0.863285 0.136715
0.863645 0.136355
0.864004 0.135996
0.864363 0.135637
0.864722 0.135278
0.865079 0.134921
0.865437 0.134563
0.865793 0.134207
0.866149 0.133851
0.866505 0.133495
0.866859 0.133141
0.867214 0.132786
0.867567 0.132433
0.86792 0.13208
0.868273 0.131727
0.868625 0.131375
0.868976 0.131024
0.869327 0.130673
0.869677 0.130323
0.870027 0.129973
0.870376 0.129624
0.870725 0.129275
0.871073 0.128927
0.87142 0.12858
0.871767 0.128233
0.872114 0.127886
0.872459 0.127541
0.872805 0.127195
0.873149 0.126851
0.873493 0.126507
0.873837 0.126163
0.87418 0.12582
0.874523 0.125477
0.874865 0.125135
0.875206 0.124794
0.875547 0.124453
0.875888 0.124112
0.876227 0.123773
0.876567 0.123433
0.876906 0.123094
0.877244 0.122756
0.877582 0.122418
0.877919 0.122081
0.878256 0.121744
0.878592 0.121408
0.878928 0.121072
0.879263 0.120737
0.879598 0.120402
0.879932 0.120068
0.880266 0.119734
0.880599 0.119401
0.880931 0.119069
0.881264 0.118736
0.881595 0.118405
0.881926 0.118074
0.882257 0.117743
0.882587 0.117413
0.882917 0.117083
0.883246 0.116754
0.883575 0.116425
0.883903 0.116097
0.884231 0.115769
0.884558 0.115442
0.884885 0.115115
0.885211 0.114789
0.885537 0.114463
0.885862 0.114138
0.886187 0.113813
0.886511 0.113489
0.886835 0.113165
0.887159 0.112841
0.887482 0.112518
0.887804 0.112196
0.888126 0.111874
0.888448 0.111552
0.888769 0.111231
0.88909 0.11091
0.88941 0.11059
0.889729 0.110271
0.890049 0.109951
0.890367 0.109633
0.890686 0.109314
0.891004 0.108996
0.891321 0.108679
0.891638 0.108362
0.891955 0.108045
0.892271 0.107729
0.892586 0.107414
0.892901 0.107099
0.893216 0.106784
0.89353 0.10647
0.893844 0.106156
0.894158 0.105842
0.894471 0.105529
0.894783 0.105217
0.895095 0.104905
0.895407 0.104593
0.895718 0.104282
0.896029 0.103971
0.896339 0.103661
0.896649 0.103351
0.896959 0.103041
0.897268 0.102732
0.897577 0.102423
0.897885 0.102115
0.898193 0.101807
0.8985 0.1015
0.898807 0.101193
0.899114 0.100886
0.89942 0.10058
0.899725 0.100275
0.900031 0.0999693
0.900336 0.0996645
0.90064 0.09936
0.900944 0.0990559
0.901248 0.0987523
0.901551 0.098449
0.901854 0.0981462
0.902156 0.0978437
0.902458 0.0975417
0.90276 0.0972401
0.903061 0.0969389
0.903362 0.096638
0.903662 0.0963376
0.903962 0.0960376
0.904262 0.095738
0.904561 0.0954388
0.90486 0.0951399
0.905159 0.0948415
0.905457 0.0945434
0.905754 0.0942458
0.906051 0.0939485
0.906348 0.0936517
0.906645 0.0933552
0.906941 0.0930591
0.907237 0.0927634
0.907532 0.092468
0.907827 0.0921731
0.908121 0.0918785
0.908416 0.0915844
0.908709 0.0912906
0.909003 0.0909972
0.909296 0.0907041
0.909589 0.0904115
0.909881 0.0901192
0.910173 0.0898273
0.910464 0.0895357
0.910755 0.0892446
0.911046 0.0889538
0.911337 0.0886634
0.911627 0.0883733
0.911916 0.0880836
0.912206 0.0877943
0.912495 0.0875054
0.912783 0.0872168
0.913071 0.0869286
0.913359 0.0866407
0.913647 0.0863532
0.913934 0.0860661
0.914221 0.0857793
0.914507 0.0854929
0.914793 0.0852069
0.915079 0.0849212
0.915364 0.0846358
0.915649 0.0843508
0.915934 0.0840662
0.916218 0.0837819
0.916502 0.083498
0.916786 0.0832145
0.917069 0.0829312
0.917352 0.0826484
0.917634 0.0823658
0.917916 0.0820837
0.918198 0.0818018
0.91848 0.0815203
0.918761 0.0812392
0.919042 0.0809584
0.919322 0.080678
0.919602 0.0803979
0.919882 0.0801181
0.920161 0.0798387
0.92044 0.0795596
0.920719 0.0792808
0.920998 0.0790024
0.921276 0.0787243
0.921553 0.0784466
0.921831 0.0781692
0.922108 0.0778921
0.922385 0.0776153
0.922661 0.0773389
0.922937 0.0770629
0.923213 0.0767871
0.923488 0.0765117
0.923763 0.0762366
0.924038 0.0759618
0.924313 0.0756874
0.924587 0.0754133
0.924861 0.0751395
0.925134 0.074866
0.925407 0.0745929
0.92568 0.07432
0.925952 0.0740476
0.926225 0.0737754
0.926496 0.0735035
0.926768 0.073232
0.927039 0.0729607
0.92731 0.0726898
0.927581 0.0724193
0.927851 0.072149
0.928121 0.071879
0.928391 0.0716094
0.92866 0.07134
0.928929 0.071071
0.929198 0.0708023
0.929466 0.0705339
0.929734 0.0702658
0.930002 0.069998
0.930269 0.0697306
0.930537 0.0694634
0.930803 0.0691965
0.93107 0.06893
0.931336 0.0686637
0.931602 0.0683978
0.931868 0.0681322
0.932133 0.0678668
0.932398 0.0676018
0.932663 0.067337
0.932927 0.0670726
0.933192 0.0668085
0.933455 0.0665446
0.933719 0.0662811
0.933982 0.0660179
0.934245 0.0657549
0.934508 0.0654923
0.93477 0.0652299
0.935032 0.0649678
0.935294 0.0647061
0.935555 0.0644446
0.935817 0.0641834
0.936077 0.0639225
0.936338 0.0636619
0.936598 0.0634016
0.936858 0.0631416
0.937118 0.0628819
0.937378 0.0626224
0.937637 0.0623633
0.937896 0.0621044
0.938154 0.0618458
0.938413 0.0615875
0.938671 0.0613295
0.938928 0.0610717
0.939186 0.0608143
0.939443 0.0605571
0.9397 0.0603002
0.939956 0.0600436
0.940213 0.0597873
0.940469 0.0595312
0.940725 0.0592755
0.94098 0.05902
0.941235 0.0587648
0.94149 0.0585098
0.941745 0.0582552
0.941999 0.0580008
0.942253 0.0577467
0.942507 0.0574928
0.942761 0.0572393
0.943014 0.056986
0.943267 0.0567329
0.94352 0.0564802
0.943772 0.0562277
0.944025 0.0559755
0.944276 0.0557236
0.944528 0.0554719
0.94478 0.0552205
0.945031 0.0549693
0.945282 0.0547185
0.945532 0.0544679
0.945782 0.0542175
0.946033 0.0539675
0.946282 0.0537176
0.946532 0.0534681
0.946781 0.0532188
0.94703 0.0529698
0.947279 0.052721
0.947527 0.0524725
0.947776 0.0522243
0.948024 0.0519763
0.948271 0.0517286
0.948519 0.0514811
0.948766 0.0512339
0.949013 0.050987
0.94926 0.0507403
0.949506 0.0504939
0.949752 0.0502477
0.949998 0.0500018
0.950244 0.0497561
0.950489 0.0495107
0.950734 0.0492655
0.950979 0.0490206
0.951224 0.048776
0.951468 0.0485315
0.951713 0.0482874
0.951957 0.0480435
0.9522 0.0477998
0.952444 0.0475564
0.952687 0.0473133
0.95293 0.0470704
0.953172 0.0468277
0.953415 0.0465853
0.953657 0.0463431
0.953899 0.0461012
0.95414 0.0458595
0.954382 0.0456181
0.954623 0.0453769
0.954864 0.045136
0.955105 0.0448953
0.955345 0.0446548
0.955585 0.0444146
0.955825 0.0441746
0.956065 0.0439349
0.956305 0.0436954
0.956544 0.0434561
0.956783 0.0432171
0.957022 0.0429783
0.95726 0.0427398
0.957499 0.0425015
0.957737 0.0422634
0.957974 0.0420256
0.958212 0.041788
0.958449 0.0415506
0.958686 0.0413135
0.958923 0.0410766
0.95916 0.04084
0.959396 0.0406035
0.959633 0.0403674
0.959869 0.0401314
0.960104 0.0398957
0.96034 0.0396602
0.960575 0.0394249
0.96081 0.0391899
0.961045 0.0389551
0.961279 0.0387205
0.961514 0.0384862
0.961748 0.0382521
0.961982 0.0380182
0.962215 0.0377845
0.962449 0.0375511
0.962682 0.0373179
0.962915 0.0370849
0.963148 0.0368521
0.96338 0.0366196
0.963613 0.0363873
0.963845 0.0361552
0.964077 0.0359233
0.964308 0.0356917
0.96454 0.0354603
0.964771 0.0352291
0.965002 0.0349981
0.965233 0.0347674
0.965463 0.0345368
0.965693 0.0343065
0.965924 0.0340764
0.966153 0.0338466
0.966383 0.0336169
0.966613 0.0333875
0.966842 0.0331583
0.967071 0.0329293
0.9673 0.0327005
0.967528 0.0324719
0.967756 0.0322436
0.967985 0.0320154
0.968213 0.0317875
0.96844 0.0315598
0.968668 0.0313323
0.968895 0.031105
0.969122 0.0308779
0.969349 0.0306511
0.969576 0.0304244
0.969802 0.030198
0.970028 0.0299718
0.970254 0.0297458
0.97048 0.02952
0.970706 0.0292944
0.970931 0.029069
0.971156 0.0288439
0.971381 0.0286189
0.971606 0.0283941
0.97183 0.0281696
0.972055 0.0279453
0.972279 0.0277211
0.972503 0.0274972
0.972727 0.0272735
0.97295 0.02705
0.973173 0.0268267
0.973396 0.0266036
0.973619 0.0263807
0.973842 0.026158
0.974065 0.0259355
0.974287 0.0257132
0.974509 0.0254911
0.974731 0.0252692
0.974952 0.0250475
0.975174 0.0248261
0.975395 0.0246048
0.975616 0.0243837
0.975837 0.0241628
0.976058 0.0239422
0.976278 0.0237217
0.976499 0.0235014
0.976719 0.0232813
0.976939 0.0230614
0.977158 0.0228417
0.977378 0.0226223
0.977597 0.022403
0.977816 0.0221839
0.978035 0.021965
0.978254 0.0217463
0.978472 0.0215278
0.978691 0.0213095
0.978909 0.0210913
0.979127 0.0208734
0.979344 0.0206557
0.979562 0.0204382
0.979779 0.0202208
0.979996 0.0200037
0.980213 0.0197867
0.98043 0.0195699
0.980647 0.0193534
0.980863 0.019137
0.981079 0.0189208
0.981295 0.0187048
0.981511 0.018489
0.981727 0.0182734
0.981942 0.0180579
0.982157 0.0178427
0.982372 0.0176276
0.982587 0.0174128
0.982802 0.0171981
0.983016 0.0169836
0.983231 0.0167693
0.983445 0.0165552
0.983659 0.0163412
0.983873 0.0161275
0.984086 0.0159139
0.984299 0.0157005
0.984513 0.0154874
0.984726 0.0152744
0.984938 0.0150615
0.985151 0.0148489
0.985364 0.0146364
0.985576 0.0144242
0.985788 0.0142121
0.986 0.0140002
0.986212 0.0137884
0.986423 0.0135769
0.986634 0.0133655
0.986846 0.0131544
0.987057 0.0129434
0.987267 0.0127325
0.987478 0.0125219
0.987689 0.0123114
0.987899 0.0121012
0.988109 0.0118911
0.988319 0.0116811
0.988529 0.0114714
0.988738 0.0112618
0.988948 0.0110524
0.989157 0.0108432
0.989366 0.0106342
0.989575 0.0104253
0.989783 0.0102166
0.989992 0.0100081
0.9902 0.00979981
0.990408 0.00959165
0.990616 0.00938367
0.990824 0.00917586
0.991032 0.00896823
0.991239 0.00876077
0.991447 0.00855349
0.991654 0.00834637
0.991861 0.00813943
0.992067 0.00793267
0.992274 0.00772607
0.99248 0.00751965
0.992687 0.0073134
0.992893 0.00710732
0.993099 0.00690141
0.993304 0.00669567
0.99351 0.0064901
0.993715 0.00628471
0.993921 0.00607948
0.994126 0.00587442
0.99433 0.00566953
0.994535 0.00546481
0.99474 0.00526026
0.994944 0.00505587
0.995148 0.00485165
0.995352 0.0046476
0.995556 0.00444372
0.99576 0.00424001
0.995964 0.00403646
0.996167 0.00383308
0.99637 0.00362986
0.996573 0.00342681
0.996776 0.00322392
0.996979 0.0030212
0.997181 0.00281865
0.997384 0.00261626
0.997586 0.00241403
0.997788 0.00221197
0.99799 0.00201007
0.998192 0.00180833
0.998393 0.00160676
0.998595 0.00140535
0.998796 0.0012041
0.998997 0.00100301
0.999198 0.000802086
0.999399 0.000601323
0.999599 0.000400721
0.9998 0.00020028
1 3.21965e-15
