0 20.6652
1 20.6652
2 20.6652
3 20.4964
4 20.4223
5 20.3351
6 20.2101
7 20.1575
8 20.1026
9 20.0515
10 19.9722
11 19.9028
12 19.808
13 19.7416
14 19.6935
15 19.6881
16 19.6538
17 19.5694
18 19.5511
19 19.5305
20 19.4671
21 19.4549
22 19.4021
23 19.3437
24 19.3239
25 19.2366
26 19.2129
27 19.1667
28 19.0822
29 19.0545
30 18.9871
31 18.9518
32 18.9141
33 18.8412
34 18.8188
35 18.7222
36 18.6724
37 18.6708
38 18.6218
39 18.6124
40 18.6024
41 18.5661
42 18.5301
43 18.4891
44 18.4633
45 18.3678
46 18.3256
47 18.2535
48 18.2015
49 18.127
50 18.0925
51 18.0619
52 17.9391
53 17.8407
54 17.8035
55 17.7773
56 17.7221
57 17.7016
58 17.6876
59 17.6198
60 17.6114
61 17.5309
62 17.4869
63 17.4681
64 17.4513
65 17.4121
66 17.37
67 17.3429
68 17.2884
69 17.2642
70 17.2607
71 17.236
72 17.2275
73 17.1703
74 17.1012
75 17.0547
76 17.0281
77 17.0008
78 16.9675
79 16.9533
80 16.9182
81 16.8924
82 16.8555
83 16.7796
84 16.7388
85 16.7095
86 16.6825
87 16.644
88 16.6399
89 16.6317
90 16.5715
91 16.5416
92 16.4977
93 16.4251
94 16.3987
95 16.3725
96 16.2822
97 16.2555
98 16.2165
99 16.1835
100 16.106
101 16.0894
102 16.0411
103 15.957
104 15.9284
105 15.8988
106 15.8216
107 15.7792
108 15.7593
109 15.7276
110 15.7196
111 15.6327
112 15.5775
113 15.5527
114 15.4956
115 15.4657
116 15.4208
117 15.3868
118 15.3822
119 15.347
120 15.2939
121 15.2665
122 15.194
123 15.1349
124 15.0938
125 15.0459
126 15.0036
127 14.9941
128 14.9341
129 14.9023
130 14.8771
131 14.8534
132 14.8176
133 14.8099
134 14.7349
135 14.7054
136 14.6459
137 14.643
138 14.575
139 14.5599
140 14.4497
141 14.3849
142 14.3556
143 14.3121
144 14.2608
145 14.2017
146 14.1626
147 14.1393
148 14.0955
149 14.0313
150 13.9949
151 13.967
152 13.9196
153 13.9158
154 13.8458
155 13.7824
156 13.7224
157 13.6916
158 13.6249
159 13.5571
160 13.5297
161 13.4678
162 13.4237
163 13.3716
164 13.333
165 13.3024
166 13.2512
167 13.2007
168 13.1823
169 13.1351
170 13.0688
171 13.034
172 12.9855
173 12.9593
174 12.9099
175 12.8087
176 12.759
177 12.753
178 12.7027
179 12.6599
180 12.6038
181 12.5312
182 12.4902
183 12.4528
184 12.4024
185 12.3545
186 12.2763
187 12.2359
188 12.2091
189 12.1859
190 12.1484
191 12.1396
192 12.0906
193 12.046
194 12.0112
195 11.934
196 11.8957
197 11.8554
198 11.7921
199 11.7392
200 11.6957
201 11.6651
202 11.6191
203 11.5717
204 11.5506
205 11.5315
206 11.4725
207 11.4356
208 11.4172
209 11.3818
210 11.2811
211 11.2328
212 11.1799
213 11.1719
214 11.131
215 11.0668
216 11.0528
217 11.0118
218 10.9828
219 10.9021
220 10.8902
221 10.8717
222 10.8453
223 10.7959
224 10.7451
225 10.7228
226 10.692
227 10.6839
228 10.6122
229 10.5432
230 10.4979
231 10.454
232 10.4305
233 10.4146
234 10.3793
235 10.2849
236 10.252
237 10.2345
238 10.1669
239 10.1469
240 10.1003
241 10.0208
242 9.98188
243 9.97146
244 9.959
245 9.94446
246 9.91097
247 9.88735
248 9.88234
249 9.85476
250 9.79169
251 9.77005
252 9.74659
253 9.73657
254 9.71229
255 9.65016
256 9.64412
257 9.62272
258 9.5824
259 9.49957
260 9.47479
261 9.43741
262 9.42446
263 9.38852
264 9.33884
265 9.28458
266 9.27447
267 9.24184
268 9.18153
269 9.15929
270 9.10923
271 9.05994
272 9.03128
273 9.00463
274 8.95654
275 8.90148
276 8.88935
277 8.87482
278 8.87435
279 8.86737
280 8.78477
281 8.73553
282 8.67776
283 8.6505
284 8.61879
285 8.60415
286 8.58504
287 8.55451
288 8.52585
289 8.51161
290 8.478
291 8.45675
292 8.44413
293 8.39271
294 8.35843
295 8.34565
296 8.31016
297 8.30118
298 8.2626
299 8.20769
300 8.19461
301 8.13985
302 8.08021
303 8.03514
304 8.02475
305 8.01148
306 7.99794
307 7.93097
308 7.88262
309 7.86589
310 7.83685
311 7.81785
312 7.7973
313 7.76183
314 7.74245
315 7.70981
316 7.66388
317 7.608
318 7.59436
319 7.56744
320 7.55893
321 7.52378
322 7.49911
323 7.47575
324 7.46125
325 7.44125
326 7.42282
327 7.36177
328 7.33593
329 7.31526
330 7.31401
331 7.27816
332 7.25898
333 7.21924
334 7.14948
335 7.12278
336 7.11595
337 7.09763
338 7.05195
339 7.04333
340 7.03348
341 6.98997
342 6.9787
343 6.96041
344 6.93925
345 6.9172
346 6.89252
347 6.87661
348 6.83345
349 6.81798
350 6.7858
351 6.76535
352 6.74882
353 6.70659
354 6.68333
355 6.66002
356 6.64796
357 6.62453
358 6.60206
359 6.56712
360 6.53798
361 6.52055
362 6.50472
363 6.49611
364 6.46908
365 6.45599
366 6.43761
367 6.4072
368 6.38762
369 6.35844
370 6.3035
371 6.29425
372 6.2871
373 6.2525
374 6.22033
375 6.21182
376 6.20027
377 6.16323
378 6.08486
379 6.076
380 6.05217
381 6.04552
382 6.02387
383 5.96571
384 5.96305
385 5.88059
386 5.86326
387 5.85254
388 5.83612
389 5.82852
390 5.81206
391 5.78806
392 5.73227
393 5.72017
394 5.6915
395 5.67343
396 5.65696
397 5.62881
398 5.60452
399 5.59428
400 5.55635
401 5.52524
402 5.50661
403 5.48682
404 5.46289
405 5.45737
406 5.43248
407 5.41953
408 5.4058
409 5.38165
410 5.35999
411 5.35067
412 5.33921
413 5.31715
414 5.30692
415 5.2931
416 5.27829
417 5.26482
418 5.25888
419 5.23099
420 5.22171
421 5.2165
422 5.17069
423 5.15036
424 5.14047
425 5.13309
426 5.11522
427 5.09823
428 5.08041
429 5.06944
430 5.06034
431 5.04208
432 5.01077
433 4.99094
434 4.97325
435 4.95596
436 4.93817
437 4.93717
438 4.9197
439 4.91186
440 4.90141
441 4.89033
442 4.86993
443 4.85623
444 4.84552
445 4.82999
446 4.78783
447 4.76567
448 4.74931
449 4.74619
450 4.73056
451 4.71839
452 4.70786
453 4.69352
454 4.66151
455 4.64992
456 4.63632
457 4.61951
458 4.58948
459 4.57531
460 4.5353
461 4.51679
462 4.49231
463 4.48421
464 4.461
465 4.44943
466 4.42326
467 4.40995
468 4.36873
469 4.36513
470 4.34136
471 4.31997
472 4.30673
473 4.29681
474 4.28947
475 4.26911
476 4.25064
477 4.23443
478 4.22962
479 4.21754
480 4.1973
481 4.18384
482 4.16957
483 4.16296
484 4.15234
485 4.13585
486 4.12836
487 4.11061
488 4.08297
489 4.07667
490 4.06603
491 4.04536
492 4.03501
493 3.99435
494 3.97807
495 3.97256
496 3.96724
497 3.94291
498 3.93487
499 3.92522
500 3.91867
501 3.90921
502 3.89296
503 3.87439
504 3.85922
505 3.84352
506 3.83483
507 3.81598
508 3.80151
509 3.79002
510 3.77594
511 3.77054
512 3.76596
513 3.75748
514 3.74772
515 3.74052
516 3.73523
517 3.71686
518 3.70477
519 3.69287
520 3.68174
521 3.66455
522 3.63903
523 3.63823
524 3.62434
525 3.615
526 3.58358
527 3.57162
528 3.55982
529 3.55485
530 3.54523
531 3.53514
532 3.52949
533 3.51521
534 3.50064
535 3.48504
536 3.47328
537 3.46533
538 3.45455
539 3.45424
540 3.43594
541 3.425
542 3.41118
543 3.40303
544 3.38861
545 3.37685
546 3.36834
547 3.36018
548 3.34433
549 3.34186
550 3.31478
551 3.30396
552 3.29626
553 3.28488
554 3.28306
555 3.26858
556 3.24831
557 3.24405
558 3.23337
559 3.21645
560 3.20289
561 3.18347
562 3.17522
563 3.1644
564 3.15663
565 3.15575
566 3.14784
567 3.13977
568 3.12525
569 3.10884
570 3.10652
571 3.10331
572 3.09476
573 3.08374
574 3.07399
575 3.05787
576 3.0488
577 3.03692
578 3.01915
579 3.01784
580 3.007
581 3.00065
582 2.99369
583 2.9853
584 2.97354
585 2.96286
586 2.95322
587 2.93702
588 2.93236
589 2.91343
590 2.89886
591 2.88647
592 2.87016
593 2.86106
594 2.85601
595 2.85108
596 2.8423
597 2.83878
598 2.83012
599 2.82257
600 2.81922
601 2.8151
602 2.81071
603 2.81
604 2.79126
605 2.78009
606 2.77778
607 2.77029
608 2.76932
609 2.76258
610 2.75581
611 2.74868
612 2.73889
613 2.73244
614 2.7227
615 2.70413
616 2.69782
617 2.69088
618 2.68369
619 2.68079
620 2.66801
621 2.65083
622 2.63929
623 2.6231
624 2.59887
625 2.58832
626 2.57427
627 2.55846
628 2.55399
629 2.50974
630 2.49901
631 2.47172
632 2.46602
633 2.45489
634 2.45123
635 2.44267
636 2.426
637 2.42319
638 2.41708
639 2.41148
640 2.40337
641 2.3955
642 2.38326
643 2.37886
644 2.37384
645 2.36026
646 2.35548
647 2.33827
648 2.33159
649 2.30944
650 2.28913
651 2.28497
652 2.2842
653 2.28247
654 2.27564
655 2.27123
656 2.25926
657 2.24573
658 2.24262
659 2.23985
660 2.23315
661 2.22051
662 2.20543
663 2.19384
664 2.18379
665 2.17646
666 2.17027
667 2.16433
668 2.14189
669 2.13864
670 2.12269
671 2.11264
672 2.10311
673 2.08788
674 2.08222
675 2.06513
676 2.0567
677 2.03423
678 2.03168
679 2.01606
680 2.00669
681 2.00471
682 2.00256
683 1.98977
684 1.97905
685 1.97385
686 1.96792
687 1.9573
688 1.94467
689 1.94102
690 1.93736
691 1.93374
692 1.92182
693 1.91549
694 1.91363
695 1.91242
696 1.91048
697 1.90768
698 1.89841
699 1.88617
700 1.87855
701 1.86983
702 1.86091
703 1.85644
704 1.85314
705 1.84582
706 1.84143
707 1.83035
708 1.81881
709 1.80865
710 1.80181
711 1.79678
712 1.78482
713 1.77852
714 1.76912
715 1.7564
716 1.73968
717 1.72534
718 1.70836
719 1.69828
720 1.68626
721 1.67856
722 1.67666
723 1.67497
724 1.6552
725 1.64766
726 1.64423
727 1.63655
728 1.63456
729 1.62947
730 1.62598
731 1.6217
732 1.61983
733 1.60746
734 1.60596
735 1.5985
736 1.58409
737 1.58257
738 1.57125
739 1.56138
740 1.55642
741 1.54894
742 1.54439
743 1.53787
744 1.51824
745 1.51556
746 1.51155
747 1.50729
748 1.48658
749 1.48221
750 1.4796
751 1.47341
752 1.46517
753 1.45765
754 1.45451
755 1.45139
756 1.44618
757 1.42276
758 1.41245
759 1.39982
760 1.38419
761 1.37711
762 1.37091
763 1.37058
764 1.3594
765 1.34848
766 1.34424
767 1.34149
768 1.33945
769 1.32666
770 1.31948
771 1.31844
772 1.31246
773 1.3021
774 1.29714
775 1.28973
776 1.27711
777 1.27317
778 1.26923
779 1.26547
780 1.25947
781 1.25836
782 1.25544
783 1.24678
784 1.23681
785 1.23231
786 1.22872
787 1.22364
788 1.21882
789 1.21119
790 1.20075
791 1.19353
792 1.18916
793 1.17423
794 1.17131
795 1.1555
796 1.14788
797 1.14342
798 1.13799
799 1.11851
800 1.11537
801 1.10181
802 1.09294
803 1.0903
804 1.08823
805 1.08635
806 1.07702
807 1.07521
808 1.07121
809 1.06364
810 1.05835
811 1.05489
812 1.0532
813 1.04947
814 1.04554
815 1.04136
816 1.03507
817 1.02455
818 1.0172
819 1.01523
820 1.00727
821 1.00252
822 0.997979
823 0.992709
824 0.9896
825 0.98043
826 0.967428
827 0.958055
828 0.950769
829 0.947501
830 0.943112
831 0.941628
832 0.936547
833 0.933585
834 0.923696
835 0.916516
836 0.913978
837 0.912904
838 0.909836
839 0.901658
840 0.899224
841 0.895143
842 0.893101
843 0.885494
844 0.878606
845 0.864741
846 0.86112
847 0.858066
848 0.849954
849 0.845012
850 0.84135
851 0.837141
852 0.833324
853 0.828625
854 0.821909
855 0.820702
856 0.817069
857 0.814348
858 0.810494
859 0.806696
860 0.804571
861 0.799234
862 0.795947
863 0.788706
864 0.78573
865 0.775203
866 0.769702
867 0.766558
868 0.75936
869 0.754932
870 0.751215
871 0.746852
872 0.742804
873 0.73294
874 0.730875
875 0.729201
876 0.726244
877 0.722886
878 0.718326
879 0.714374
880 0.712504
881 0.704927
882 0.703342
883 0.701845
884 0.700218
885 0.698402
886 0.69452
887 0.690455
888 0.68886
889 0.686745
890 0.684596
891 0.682587
892 0.676943
893 0.673891
894 0.673005
895 0.668987
896 0.667964
897 0.661868
898 0.65458
899 0.642764
900 0.640994
901 0.638625
902 0.635168
903 0.632994
904 0.627386
905 0.620292
906 0.619332
907 0.618045
908 0.614954
909 0.612327
910 0.609935
911 0.608544
912 0.605991
913 0.603886
914 0.603054
915 0.598563
916 0.597345
917 0.592613
918 0.591505
919 0.589794
920 0.586712
921 0.583246
922 0.581476
923 0.580417
924 0.579763
925 0.57297
926 0.571964
927 0.56694
928 0.56412
929 0.563076
930 0.561332
931 0.554606
932 0.54832
933 0.540081
934 0.535203
935 0.534461
936 0.531335
937 0.527814
938 0.525124
939 0.523566
940 0.520619
941 0.519094
942 0.516329
943 0.515348
944 0.51427
945 0.5139
946 0.51143
947 0.510792
948 0.509289
949 0.504538
950 0.502973
951 0.500204
952 0.494845
953 0.488056
954 0.487777
955 0.486167
956 0.484609
957 0.47811
958 0.475882
959 0.466733
960 0.465978
961 0.461399
962 0.459187
963 0.457996
964 0.456503
965 0.45591
966 0.45323
967 0.452331
968 0.450389
969 0.44799
970 0.447651
971 0.441858
972 0.441296
973 0.440058
974 0.438679
975 0.435335
976 0.433783
977 0.433499
978 0.431331
979 0.419658
980 0.418615
981 0.41784
982 0.416713
983 0.414475
984 0.413064
985 0.412121
986 0.409625
987 0.404762
988 0.403867
989 0.403364
990 0.402775
991 0.401521
992 0.400239
993 0.399736
994 0.39912
995 0.398429
996 0.390073
997 0.387169
998 0.386567
999 0.385036
1000 0.383719
1001 0.383212
1002 0.382997
1003 0.382132
1004 0.381083
1005 0.379595
1006 0.377583
1007 0.3774
1008 0.375302
1009 0.374866
1010 0.37409
1011 0.373753
1012 0.373672
1013 0.373179
1014 0.372186
1015 0.370723
1016 0.368873
1017 0.36817
1018 0.368005
1019 0.366916
1020 0.366283
1021 0.365698
1022 0.361065
1023 0.360477
1024 0.359202
1025 0.358027
1026 0.357499
1027 0.352997
1028 0.352473
1029 0.352141
1030 0.351027
1031 0.350706
1032 0.350515
1033 0.349814
1034 0.349136
1035 0.348563
1036 0.347491
1037 0.346125
1038 0.34549
1039 0.344448
1040 0.342968
1041 0.342533
1042 0.340508
1043 0.340283
1044 0.338822
1045 0.337991
1046 0.337638
1047 0.337422
1048 0.337174
1049 0.33585
1050 0.335229
1051 0.334114
1052 0.333433
1053 0.332897
1054 0.330938
1055 0.330513
1056 0.330419
1057 0.330015
1058 0.329214
1059 0.328423
1060 0.323018
1061 0.322597
1062 0.322083
1063 0.320669
1064 0.317317
1065 0.317178
1066 0.316287
1067 0.316178
1068 0.308805
1069 0.308163
1070 0.306747
1071 0.304641
1072 0.304112
1073 0.303202
1074 0.30285
1075 0.302226
1076 0.301983
1077 0.30171
1078 0.301491
1079 0.300739
1080 0.300392
1081 0.299713
1082 0.299122
1083 0.29884
1084 0.298534
1085 0.297987
1086 0.297471
1087 0.297014
1088 0.296569
1089 0.295713
1090 0.29472
1091 0.294263
1092 0.293062
1093 0.291156
1094 0.291003
1095 0.290389
1096 0.289449
1097 0.288889
1098 0.288743
1099 0.288582
1100 0.28835
1101 0.288219
1102 0.288167
1103 0.287393
1104 0.287033
1105 0.286803
1106 0.286495
1107 0.285624
1108 0.285144
1109 0.283569
1110 0.283502
1111 0.282969
1112 0.282146
1113 0.28065
1114 0.280214
1115 0.275593
1116 0.274922
1117 0.273669
1118 0.271163
1119 0.269738
1120 0.269426
1121 0.268937
1122 0.268555
1123 0.264989
1124 0.264097
1125 0.263553
1126 0.263408
1127 0.25765
1128 0.257406
1129 0.257003
1130 0.256711
1131 0.256158
1132 0.255768
1133 0.255614
1134 0.255268
1135 0.25513
1136 0.254758
1137 0.254613
1138 0.253954
1139 0.253623
1140 0.253146
1141 0.252685
1142 0.250985
1143 0.250681
1144 0.250475
1145 0.250075
1146 0.247652
1147 0.247452
1148 0.245803
1149 0.242927
1150 0.242866
1151 0.242707
1152 0.242384
1153 0.242199
1154 0.241461
1155 0.241049
1156 0.240542
1157 0.238502
1158 0.238351
1159 0.238162
1160 0.236974
1161 0.236886
1162 0.236652
1163 0.236614
1164 0.236446
1165 0.236105
1166 0.235717
1167 0.235472
1168 0.235291
1169 0.233381
1170 0.23306
1171 0.23303
1172 0.232915
1173 0.229216
1174 0.229152
1175 0.228982
1176 0.228874
1177 0.228404
1178 0.228126
1179 0.228008
1180 0.227713
1181 0.227535
1182 0.226819
1183 0.226686
1184 0.221885
1185 0.221763
1186 0.22133
1187 0.221173
1188 0.220938
1189 0.220884
1190 0.22041
1191 0.21987
1192 0.219798
1193 0.21958
1194 0.216952
1195 0.216874
1196 0.216709
1197 0.21662
1198 0.21641
1199 0.216135
1200 0.215961
1201 0.215726
1202 0.215359
1203 0.215197
1204 0.213815
1205 0.213765
1206 0.213727
1207 0.213251
1208 0.212116
1209 0.212006
1210 0.211775
1211 0.2087
1212 0.20863
1213 0.207907
1214 0.207827
1215 0.207214
1216 0.207136
1217 0.207064
1218 0.206799
1219 0.206535
1220 0.206402
1221 0.205917
1222 0.20581
1223 0.203482
1224 0.203358
1225 0.203271
1226 0.203173
1227 0.202873
1228 0.202685
1229 0.202506
1230 0.202417
1231 0.202288
1232 0.202225
1233 0.201847
1234 0.201758
1235 0.201713
1236 0.201284
1237 0.201109
1238 0.200977
1239 0.19994
1240 0.199723
1241 0.199606
1242 0.199572
1243 0.199438
1244 0.19928
1245 0.199136
1246 0.199037
1247 0.199007
1248 0.198281
1249 0.198212
1250 0.198153
1251 0.198008
1252 0.197917
1253 0.197873
1254 0.197631
1255 0.19746
1256 0.197315
1257 0.197211
1258 0.197182
1259 0.196643
1260 0.196541
1261 0.196397
1262 0.196321
1263 0.196283
1264 0.196141
1265 0.196114
1266 0.196095
1267 0.196074
1268 0.195756
1269 0.195501
1270 0.195191
1271 0.195084
1272 0.19501
1273 0.194973
1274 0.194921
1275 0.194825
1276 0.194757
1277 0.19465
1278 0.19464
1279 0.194508
1280 0.194463
1281 0.194423
1282 0.194245
1283 0.194212
1284 0.194178
1285 0.193842
1286 0.193737
1287 0.193699
1288 0.193661
1289 0.193627
1290 0.193589
1291 0.193541
1292 0.193404
1293 0.193386
1294 0.193343
1295 0.193326
1296 0.193282
1297 0.192661
1298 0.192638
1299 0.192422
1300 0.192412
1301 0.192266
1302 0.192193
1303 0.192147
1304 0.192045
1305 0.191927
1306 0.191411
1307 0.190873
1308 0.190792
1309 0.190715
1310 0.190645
1311 0.19052
1312 0.190453
1313 0.190342
1314 0.1903
1315 0.190246
1316 0.190097
1317 0.190052
1318 0.189923
1319 0.189748
1320 0.18964
1321 0.189633
1322 0.189594
1323 0.189298
1324 0.189184
1325 0.189101
1326 0.189085
1327 0.189002
1328 0.188801
1329 0.188772
1330 0.188691
1331 0.188659
1332 0.188622
1333 0.188478
1334 0.188413
1335 0.188392
1336 0.188342
1337 0.188151
1338 0.188116
1339 0.187975
1340 0.187939
1341 0.187883
1342 0.187872
1343 0.187846
1344 0.187688
1345 0.187606
1346 0.187488
1347 0.187465
1348 0.187372
1349 0.187123
1350 0.187022
1351 0.18698
1352 0.186855
1353 0.186833
1354 0.18679
1355 0.186695
1356 0.186626
1357 0.186592
1358 0.186543
1359 0.186427
1360 0.186403
1361 0.186347
1362 0.186272
1363 0.186248
1364 0.186234
1365 0.186134
1366 0.186097
1367 0.186087
1368 0.186035
1369 0.185849
1370 0.185791
1371 0.185758
1372 0.185732
1373 0.185663
1374 0.185604
1375 0.18545
1376 0.185419
1377 0.18536
1378 0.185333
1379 0.185244
1380 0.185172
1381 0.18513
1382 0.185091
1383 0.185041
1384 0.185019
1385 0.184969
1386 0.184928
1387 0.184905
1388 0.184851
1389 0.184827
1390 0.184796
1391 0.184775
1392 0.184699
1393 0.184623
1394 0.184607
1395 0.184542
1396 0.184513
1397 0.184472
1398 0.184395
1399 0.184378
1400 0.184347
1401 0.184332
1402 0.184313
1403 0.184256
1404 0.184096
1405 0.184066
1406 0.184024
1407 0.183995
1408 0.183954
1409 0.183854
1410 0.183803
1411 0.183742
1412 0.183683
1413 0.18364
1414 0.183608
1415 0.183607
1416 0.183549
1417 0.183439
1418 0.183382
1419 0.183356
1420 0.183342
1421 0.183329
1422 0.183261
1423 0.183256
1424 0.18323
1425 0.183214
1426 0.183177
1427 0.183164
1428 0.183132
1429 0.18309
1430 0.183024
1431 0.182997
1432 0.182987
1433 0.182981
1434 0.182912
1435 0.182844
1436 0.182831
1437 0.182819
1438 0.182786
1439 0.182658
1440 0.182547
1441 0.18253
1442 0.182517
1443 0.182495
1444 0.182483
1445 0.182456
1446 0.182412
1447 0.182401
1448 0.182363
1449 0.182345
1450 0.182317
1451 0.182303
1452 0.182268
1453 0.182254
1454 0.18224
1455 0.182229
1456 0.182211
1457 0.182182
1458 0.18217
1459 0.182151
1460 0.182115
1461 0.182014
1462 0.181993
1463 0.181966
1464 0.18196
1465 0.181936
1466 0.181918
1467 0.181906
1468 0.181899
1469 0.181888
1470 0.181881
1471 0.181847
1472 0.181818
1473 0.181795
1474 0.18179
1475 0.181768
1476 0.181756
1477 0.181706
1478 0.181677
1479 0.181655
1480 0.181653
1481 0.181648
1482 0.181639
1483 0.181618
1484 0.181616
1485 0.181602
1486 0.1816
1487 0.181583
1488 0.18156
1489 0.181508
1490 0.181495
1491 0.181488
1492 0.181462
1493 0.181453
1494 0.181413
1495 0.1814
1496 0.181396
1497 0.181381
1498 0.181374
1499 0.181367
1500 0.181356
1501 0.181341
1502 0.181332
1503 0.181311
1504 0.181299
1505 0.181261
1506 0.18125
1507 0.181236
1508 0.181221
1509 0.181202
1510 0.181176
1511 0.18116
1512 0.181125
1513 0.181117
1514 0.181092
1515 0.181087
1516 0.181078
1517 0.181067
1518 0.180999
1519 0.18099
1520 0.180952
1521 0.18095
1522 0.180946
1523 0.180922
1524 0.18091
1525 0.180881
1526 0.180872
1527 0.18087
1528 0.18085
1529 0.180828
1530 0.180818
1531 0.180796
1532 0.18079
1533 0.180783
1534 0.180778
1535 0.180765
1536 0.180702
1537 0.180696
1538 0.180689
1539 0.180673
1540 0.180669
1541 0.180666
1542 0.180663
1543 0.180659
1544 0.180647
1545 0.180644
1546 0.18063
1547 0.180624
1548 0.18062
1549 0.180593
1550 0.180589
1551 0.180582
1552 0.180574
1553 0.180561
1554 0.180557
1555 0.180526
1556 0.180519
1557 0.180517
1558 0.180513
1559 0.180512
1560 0.180497
1561 0.18046
1562 0.180457
1563 0.180451
1564 0.180433
1565 0.180431
1566 0.180408
1567 0.180384
1568 0.180384
1569 0.180376
1570 0.18035
1571 0.180342
1572 0.180336
1573 0.180304
1574 0.180278
1575 0.180273
1576 0.180266
1577 0.180263
1578 0.180257
1579 0.180253
1580 0.180221
1581 0.180213
1582 0.180207
1583 0.180205
1584 0.180183
1585 0.180179
1586 0.180172
1587 0.180167
1588 0.180159
1589 0.180156
1590 0.180151
1591 0.180148
1592 0.180117
1593 0.180115
1594 0.180098
1595 0.180085
1596 0.18008
1597 0.180072
1598 0.180066
1599 0.180048
1600 0.180043
1601 0.180042
1602 0.180037
1603 0.180025
1604 0.180024
1605 0.180013
1606 0.180004
1607 0.180001
1608 0.179988
1609 0.179973
1610 0.179964
1611 0.179959
1612 0.179955
1613 0.179943
1614 0.179933
1615 0.179927
1616 0.179916
1617 0.179913
1618 0.179907
1619 0.179904
1620 0.179901
1621 0.179898
1622 0.179856
1623 0.179848
1624 0.179839
1625 0.179836
1626 0.179831
1627 0.179829
1628 0.179827
1629 0.179825
1630 0.17982
1631 0.179815
1632 0.179814
1633 0.179812
1634 0.179806
1635 0.1798
1636 0.179796
1637 0.17978
1638 0.179776
1639 0.179766
1640 0.179765
1641 0.17976
1642 0.179757
1643 0.179755
1644 0.179737
1645 0.179737
1646 0.179731
1647 0.179729
1648 0.179722
1649 0.179718
1650 0.179707
1651 0.179701
1652 0.179699
1653 0.179694
1654 0.17969
1655 0.179686
1656 0.179685
1657 0.179668
1658 0.179667
1659 0.179663
1660 0.17966
1661 0.179656
1662 0.179633
1663 0.179627
1664 0.179626
1665 0.179619
1666 0.179611
1667 0.17961
1668 0.179604
1669 0.179601
1670 0.1796
1671 0.179585
1672 0.179585
1673 0.179581
1674 0.179576
1675 0.179574
1676 0.17957
1677 0.179564
1678 0.179563
1679 0.179541
1680 0.179533
1681 0.179531
1682 0.179529
1683 0.179524
1684 0.179522
1685 0.179518
1686 0.179516
1687 0.179515
1688 0.179513
1689 0.179513
1690 0.179508
1691 0.179506
1692 0.179501
1693 0.1795
1694 0.179492
1695 0.179488
1696 0.179482
1697 0.179482
1698 0.179469
1699 0.179461
1700 0.179459
1701 0.179458
1702 0.179456
1703 0.179453
1704 0.179446
1705 0.179444
1706 0.179439
1707 0.179434
1708 0.179432
1709 0.179427
1710 0.179417
1711 0.179414
1712 0.179413
1713 0.179412
1714 0.179411
1715 0.179405
1716 0.179401
1717 0.179394
1718 0.179391
1719 0.179389
1720 0.179389
1721 0.179388
1722 0.179385
1723 0.179377
1724 0.179373
1725 0.179363
1726 0.179362
1727 0.179356
1728 0.179355
1729 0.179347
1730 0.179345
1731 0.179344
1732 0.179338
1733 0.179337
1734 0.17933
1735 0.179326
1736 0.179326
1737 0.179325
1738 0.179321
1739 0.179321
1740 0.179316
1741 0.179315
1742 0.179308
1743 0.179307
1744 0.179305
1745 0.179303
1746 0.179296
1747 0.179283
1748 0.179282
1749 0.17928
1750 0.179275
1751 0.179274
1752 0.179274
1753 0.179269
1754 0.179268
1755 0.179267
1756 0.179266
1757 0.179265
1758 0.179263
1759 0.179259
1760 0.179257
1761 0.179255
1762 0.179255
1763 0.179251
1764 0.17925
1765 0.179247
1766 0.179242
1767 0.179241
1768 0.179239
1769 0.179238
1770 0.179236
1771 0.179235
1772 0.179235
1773 0.179235
1774 0.179231
1775 0.179228
1776 0.179227
1777 0.179226
1778 0.179225
1779 0.179224
1780 0.179222
1781 0.179218
1782 0.179217
1783 0.179214
1784 0.179208
1785 0.179208
1786 0.179205
1787 0.179205
1788 0.179204
1789 0.179203
1790 0.179203
1791 0.179201
1792 0.179201
1793 0.179199
1794 0.179196
1795 0.179196
1796 0.179194
1797 0.179193
1798 0.17919
1799 0.179188
1800 0.179188
1801 0.179184
1802 0.179182
1803 0.17918
1804 0.179178
1805 0.179177
1806 0.179175
1807 0.179174
1808 0.179169
1809 0.179168
1810 0.179167
1811 0.179165
1812 0.179165
1813 0.179164
1814 0.179163
1815 0.179161
1816 0.179161
1817 0.179159
1818 0.179159
1819 0.179158
1820 0.179157
1821 0.179157
1822 0.179156
1823 0.179155
1824 0.179153
1825 0.179153
1826 0.17915
1827 0.179148
1828 0.179146
1829 0.179145
1830 0.179144
1831 0.179141
1832 0.17914
1833 0.17914
1834 0.179138
1835 0.179138
1836 0.179136
1837 0.179135
1838 0.179135
1839 0.179134
1840 0.179133
1841 0.179133
1842 0.179133
1843 0.179131
1844 0.17913
1845 0.17913
1846 0.17913
1847 0.179129
1848 0.179129
1849 0.179128
1850 0.179127
1851 0.179126
1852 0.179126
1853 0.179124
1854 0.179123
1855 0.179123
1856 0.179122
1857 0.179121
1858 0.179121
1859 0.179119
1860 0.179118
1861 0.179118
1862 0.179118
1863 0.179116
1864 0.179116
1865 0.179115
1866 0.179114
1867 0.179113
1868 0.179112
1869 0.179112
1870 0.179111
1871 0.17911
1872 0.179109
1873 0.179109
1874 0.179108
1875 0.179108
1876 0.179107
1877 0.179106
1878 0.179106
1879 0.179105
1880 0.179104
1881 0.179104
1882 0.179103
1883 0.179102
1884 0.179102
1885 0.179101
1886 0.1791
1887 0.1791
1888 0.179099
1889 0.179098
1890 0.179097
1891 0.179097
1892 0.179096
1893 0.179096
1894 0.179095
1895 0.179095
1896 0.179094
1897 0.179094
1898 0.179093
1899 0.179093
1900 0.179093
1901 0.179093
1902 0.179092
1903 0.179091
1904 0.179091
1905 0.17909
1906 0.179089
1907 0.179087
1908 0.179087
1909 0.179087
1910 0.179086
1911 0.179086
1912 0.179086
1913 0.179085
1914 0.179085
1915 0.179085
1916 0.179084
1917 0.179083
1918 0.179083
1919 0.179082
1920 0.179082
1921 0.179081
1922 0.179081
1923 0.179081
1924 0.17908
1925 0.17908
1926 0.179079
1927 0.179079
1928 0.179079
1929 0.179078
1930 0.179078
1931 0.179078
1932 0.179077
1933 0.179077
1934 0.179077
1935 0.179076
1936 0.179076
1937 0.179076
1938 0.179075
1939 0.179075
1940 0.179075
1941 0.179074
1942 0.179074
1943 0.179074
1944 0.179073
1945 0.179073
1946 0.179073
1947 0.179073
1948 0.179072
1949 0.179072
1950 0.179072
1951 0.179071
1952 0.179071
1953 0.17907
1954 0.179069
1955 0.179069
1956 0.179069
1957 0.179068
1958 0.179068
1959 0.179068
1960 0.179067
1961 0.179067
1962 0.179067
1963 0.179067
1964 0.179066
1965 0.179066
1966 0.179066
1967 0.179065
1968 0.179065
1969 0.179065
1970 0.179065
1971 0.179065
1972 0.179065
1973 0.179064
1974 0.179064
1975 0.179064
1976 0.179063
1977 0.179063
1978 0.179063
1979 0.179062
1980 0.179062
1981 0.179062
1982 0.179061
1983 0.179061
1984 0.179061
1985 0.179061
1986 0.179061
1987 0.17906
1988 0.17906
1989 0.17906
1990 0.17906
1991 0.17906
1992 0.17906
1993 0.179059
1994 0.179059
1995 0.179059
1996 0.179059
1997 0.179059
1998 0.179059
1999 0.179059
2000 0.179059
2001 0.179058
2002 0.179058
2003 0.179058
2004 0.179057
2005 0.179057
2006 0.179057
2007 0.179057
2008 0.179057
2009 0.179056
2010 0.179056
2011 0.179056
2012 0.179056
2013 0.179056
2014 0.179055
2015 0.179055
2016 0.179055
2017 0.179055
2018 0.179055
2019 0.179055
2020 0.179054
2021 0.179054
2022 0.179054
2023 0.179054
2024 0.179054
2025 0.179053
2026 0.179053
2027 0.179053
2028 0.179052
2029 0.179052
2030 0.179052
2031 0.179052
2032 0.179052
2033 0.179052
2034 0.179052
2035 0.179051
2036 0.179051
2037 0.179051
2038 0.179051
2039 0.179051
2040 0.179051
2041 0.17905
2042 0.17905
2043 0.17905
2044 0.17905
2045 0.17905
2046 0.17905
2047 0.17905
2048 0.179049
2049 0.179049
2050 0.179049
2051 0.179049
2052 0.179049
2053 0.179049
2054 0.179049
2055 0.179048
2056 0.179048
2057 0.179048
2058 0.179048
2059 0.179048
2060 0.179048
2061 0.179048
2062 0.179048
2063 0.179047
2064 0.179047
2065 0.179047
2066 0.179047
2067 0.179047
2068 0.179047
2069 0.179047
2070 0.179047
2071 0.179047
2072 0.179046
2073 0.179046
2074 0.179046
2075 0.179046
2076 0.179046
2077 0.179046
2078 0.179046
2079 0.179046
2080 0.179045
2081 0.179045
2082 0.179045
2083 0.179045
2084 0.179045
2085 0.179045
2086 0.179045
2087 0.179045
2088 0.179045
2089 0.179045
2090 0.179045
2091 0.179044
2092 0.179044
2093 0.179044
2094 0.179044
2095 0.179044
2096 0.179044
2097 0.179044
2098 0.179044
2099 0.179044
2100 0.179044
2101 0.179044
2102 0.179044
2103 0.179044
2104 0.179043
2105 0.179043
2106 0.179043
2107 0.179043
2108 0.179043
2109 0.179043
2110 0.179043
2111 0.179043
2112 0.179043
2113 0.179043
2114 0.179043
2115 0.179043
2116 0.179043
2117 0.179042
2118 0.179042
2119 0.179042
2120 0.179042
2121 0.179042
2122 0.179042
2123 0.179042
2124 0.179042
2125 0.179042
2126 0.179042
2127 0.179042
2128 0.179042
2129 0.179042
2130 0.179042
2131 0.179042
2132 0.179042
2133 0.179042
2134 0.179042
2135 0.179041
2136 0.179041
2137 0.179041
2138 0.179041
2139 0.179041
2140 0.179041
2141 0.179041
2142 0.179041
2143 0.179041
2144 0.179041
2145 0.179041
2146 0.179041
2147 0.179041
2148 0.179041
2149 0.179041
2150 0.179041
2151 0.179041
2152 0.179041
2153 0.179041
2154 0.17904
2155 0.17904
2156 0.17904
2157 0.17904
2158 0.17904
2159 0.17904
2160 0.17904
2161 0.17904
2162 0.17904
2163 0.17904
2164 0.17904
2165 0.17904
2166 0.17904
2167 0.17904
2168 0.17904
2169 0.17904
2170 0.17904
2171 0.17904
2172 0.17904
2173 0.17904
2174 0.17904
2175 0.17904
2176 0.179039
2177 0.179039
2178 0.179039
2179 0.179039
2180 0.179039
2181 0.179039
2182 0.179039
2183 0.179039
2184 0.179039
2185 0.179039
2186 0.179039
2187 0.179039
2188 0.179039
2189 0.179039
2190 0.179039
2191 0.179039
2192 0.179039
2193 0.179039
2194 0.179039
2195 0.179039
2196 0.179039
2197 0.179039
2198 0.179039
2199 0.179039
2200 0.179039
2201 0.179039
2202 0.179039
2203 0.179039
2204 0.179038
2205 0.179038
2206 0.179038
2207 0.179038
2208 0.179038
2209 0.179038
2210 0.179038
2211 0.179038
2212 0.179038
2213 0.179038
2214 0.179038
2215 0.179038
2216 0.179038
2217 0.179038
2218 0.179038
2219 0.179038
2220 0.179038
2221 0.179038
2222 0.179038
2223 0.179038
2224 0.179038
2225 0.179038
2226 0.179038
2227 0.179038
2228 0.179038
2229 0.179038
2230 0.179038
2231 0.179038
2232 0.179038
2233 0.179038
2234 0.179038
2235 0.179038
2236 0.179038
2237 0.179038
2238 0.179038
2239 0.179037
2240 0.179037
2241 0.179037
2242 0.179037
2243 0.179037
2244 0.179037
2245 0.179037
2246 0.179037
2247 0.179037
2248 0.179037
2249 0.179037
2250 0.179037
2251 0.179037
2252 0.179037
2253 0.179037
2254 0.179037
2255 0.179037
2256 0.179037
2257 0.179037
2258 0.179037
2259 0.179037
2260 0.179037
2261 0.179037
2262 0.179037
2263 0.179037
2264 0.179037
2265 0.179037
2266 0.179037
2267 0.179037
2268 0.179037
2269 0.179037
2270 0.179037
2271 0.179037
2272 0.179037
2273 0.179037
2274 0.179037
2275 0.179037
2276 0.179037
2277 0.179037
2278 0.179037
2279 0.179037
2280 0.179037
2281 0.179037
2282 0.179037
2283 0.179037
2284 0.179037
2285 0.179037
2286 0.179037
2287 0.179037
2288 0.179037
2289 0.179037
2290 0.179037
2291 0.179037
2292 0.179037
2293 0.179037
2294 0.179037
2295 0.179037
2296 0.179036
2297 0.179036
2298 0.179036
2299 0.179036
2300 0.179036
2301 0.179036
2302 0.179036
2303 0.179036
2304 0.179036
2305 0.179036
2306 0.179036
2307 0.179036
2308 0.179036
2309 0.179036
2310 0.179036
2311 0.179036
2312 0.179036
2313 0.179036
2314 0.179036
2315 0.179036
2316 0.179036
2317 0.179036
2318 0.179036
2319 0.179036
2320 0.179036
2321 0.179036
2322 0.179036
2323 0.179036
2324 0.179036
2325 0.179036
2326 0.179036
2327 0.179036
2328 0.179036
2329 0.179036
2330 0.179036
2331 0.179036
2332 0.179036
2333 0.179036
2334 0.179036
2335 0.179036
2336 0.179036
2337 0.179036
2338 0.179036
2339 0.179036
2340 0.179036
2341 0.179036
2342 0.179036
2343 0.179036
2344 0.179036
2345 0.179036
2346 0.179036
2347 0.179036
2348 0.179036
2349 0.179036
2350 0.179036
2351 0.179036
2352 0.179036
2353 0.179036
2354 0.179036
2355 0.179036
2356 0.179036
2357 0.179036
2358 0.179036
2359 0.179036
2360 0.179036
2361 0.179036
2362 0.179036
2363 0.179036
2364 0.179036
2365 0.179036
2366 0.179036
2367 0.179036
2368 0.179036
2369 0.179036
2370 0.179036
2371 0.179036
2372 0.179036
2373 0.179036
2374 0.179036
2375 0.179036
2376 0.179036
2377 0.179036
2378 0.179036
2379 0.179036
2380 0.179036
2381 0.179036
2382 0.179036
2383 0.179036
2384 0.179036
2385 0.179036
2386 0.179036
2387 0.179036
2388 0.179036
2389 0.179036
2390 0.179036
2391 0.179036
2392 0.179036
2393 0.179036
2394 0.179036
2395 0.179036
2396 0.179036
2397 0.179036
2398 0.179036
2399 0.179036
2400 0.179036
2401 0.179036
2402 0.179036
2403 0.179036
2404 0.179036
2405 0.179036
2406 0.179036
2407 0.179036
2408 0.179036
2409 0.179036
2410 0.179036
2411 0.179036
2412 0.179036
2413 0.179036
2414 0.179036
2415 0.179036
2416 0.179036
2417 0.179036
2418 0.179036
2419 0.179036
2420 0.179036
2421 0.179036
2422 0.179036
2423 0.179036
2424 0.179036
2425 0.179036
2426 0.179036
2427 0.179036
2428 0.179036
2429 0.179035
2430 0.179035
2431 0.179035
2432 0.179035
2433 0.179035
2434 0.179035
2435 0.179035
2436 0.179035
2437 0.179035
2438 0.179035
2439 0.179035
2440 0.179035
2441 0.179035
2442 0.179035
2443 0.179035
2444 0.179035
2445 0.179035
2446 0.179035
2447 0.179035
2448 0.179035
2449 0.179035
2450 0.179035
2451 0.179035
2452 0.179035
2453 0.179035
2454 0.179035
2455 0.179035
2456 0.179035
2457 0.179035
2458 0.179035
2459 0.179035
2460 0.179035
2461 0.179035
2462 0.179035
2463 0.179035
2464 0.179035
2465 0.179035
2466 0.179035
2467 0.179035
2468 0.179035
2469 0.179035
2470 0.179035
2471 0.179035
2472 0.179035
2473 0.179035
2474 0.179035
2475 0.179035
2476 0.179035
2477 0.179035
2478 0.179035
2479 0.179035
2480 0.179035
2481 0.179035
2482 0.179035
2483 0.179035
2484 0.179035
2485 0.179035
2486 0.179035
2487 0.179035
2488 0.179035
2489 0.179035
2490 0.179035
2491 0.179035
2492 0.179035
2493 0.179035
2494 0.179035
2495 0.179035
2496 0.179035
2497 0.179035
2498 0.179035
2499 0.179035
2500 0.179035
2501 0.179035
2502 0.179035
2503 0.179035
2504 0.179035
2505 0.179035
2506 0.179035
2507 0.179035
2508 0.179035
2509 0.179035
2510 0.179035
2511 0.179035
2512 0.179035
2513 0.179035
2514 0.179035
2515 0.179035
2516 0.179035
2517 0.179035
2518 0.179035
2519 0.179035
2520 0.179035
2521 0.179035
2522 0.179035
2523 0.179035
2524 0.179035
2525 0.179035
2526 0.179035
2527 0.179035
2528 0.179035
2529 0.179035
2530 0.179035
2531 0.179035
2532 0.179035
2533 0.179035
2534 0.179035
2535 0.179035
2536 0.179035
2537 0.179035
2538 0.179035
2539 0.179035
2540 0.179035
2541 0.179035
2542 0.179035
2543 0.179035
2544 0.179035
2545 0.179035
2546 0.179035
2547 0.179035
2548 0.179035
2549 0.179035
2550 0.179035
2551 0.179035
2552 0.179035
2553 0.179035
2554 0.179035
2555 0.179035
2556 0.179035
2557 0.179035
2558 0.179035
2559 0.179035
2560 0.179035
2561 0.179035
2562 0.179035
2563 0.179035
2564 0.179035
2565 0.179035
2566 0.179035
2567 0.179035
2568 0.179035
2569 0.179035
2570 0.179035
2571 0.179035
2572 0.179035
2573 0.179035
2574 0.179035
2575 0.179035
2576 0.179035
2577 0.179035
2578 0.179035
2579 0.179035
2580 0.179035
2581 0.179035
2582 0.179035
2583 0.179035
2584 0.179035
2585 0.179035
2586 0.179035
2587 0.179035
2588 0.179035
2589 0.179035
2590 0.179035
2591 0.179035
2592 0.179035
2593 0.179035
2594 0.179035
2595 0.179035
2596 0.179035
2597 0.179035
2598 0.179035
2599 0.179035
2600 0.179035
2601 0.179035
2602 0.179035
2603 0.179035
2604 0.179035
2605 0.179035
2606 0.179035
2607 0.179035
2608 0.179035
2609 0.179035
2610 0.179035
2611 0.179035
2612 0.179035
2613 0.179035
2614 0.179035
2615 0.179035
2616 0.179035
2617 0.179035
2618 0.179035
2619 0.179035
2620 0.179035
2621 0.179035
2622 0.179035
2623 0.179035
2624 0.179035
2625 0.179035
2626 0.179035
2627 0.179035
2628 0.179035
2629 0.179035
2630 0.179035
2631 0.179035
2632 0.179035
2633 0.179035
2634 0.179035
2635 0.179035
2636 0.179035
2637 0.179035
2638 0.179035
2639 0.179035
2640 0.179035
2641 0.179035
2642 0.179035
2643 0.179035
2644 0.179035
2645 0.179035
2646 0.179035
2647 0.179035
2648 0.179035
2649 0.179035
2650 0.179035
2651 0.179035
2652 0.179035
2653 0.179035
2654 0.179035
2655 0.179035
2656 0.179035
2657 0.179035
2658 0.179035
2659 0.179035
2660 0.179035
2661 0.179035
2662 0.179035
2663 0.179035
2664 0.179035
2665 0.179035
2666 0.179035
2667 0.179035
2668 0.179035
2669 0.179035
2670 0.179035
2671 0.179035
2672 0.179035
2673 0.179035
2674 0.179035
2675 0.179035
2676 0.179035
2677 0.179035
2678 0.179035
2679 0.179035
2680 0.179035
2681 0.179035
2682 0.179035
2683 0.179035
2684 0.179035
2685 0.179035
2686 0.179035
2687 0.179035
2688 0.179035
2689 0.179035
2690 0.179035
2691 0.179035
2692 0.179035
2693 0.179035
2694 0.179035
2695 0.179035
2696 0.179035
2697 0.179035
2698 0.179035
2699 0.179035
2700 0.179035
2701 0.179035
2702 0.179035
2703 0.179035
2704 0.179035
2705 0.179035
2706 0.179035
2707 0.179035
2708 0.179035
2709 0.179035
2710 0.179035
2711 0.179035
2712 0.179035
2713 0.179035
2714 0.179035
2715 0.179035
2716 0.179035
2717 0.179035
2718 0.179035
2719 0.179035
2720 0.179035
2721 0.179035
2722 0.179035
2723 0.179035
2724 0.179035
2725 0.179035
2726 0.179035
2727 0.179035
2728 0.179035
2729 0.179035
2730 0.179035
2731 0.179035
2732 0.179035
2733 0.179035
2734 0.179035
2735 0.179035
2736 0.179035
2737 0.179035
2738 0.179035
2739 0.179035
2740 0.179035
2741 0.179035
2742 0.179035
2743 0.179035
2744 0.179035
2745 0.179035
2746 0.179035
2747 0.179035
2748 0.179035
2749 0.179035
2750 0.179035
2751 0.179035
2752 0.179035
2753 0.179035
2754 0.179035
2755 0.179035
2756 0.179035
2757 0.179035
2758 0.179035
2759 0.179035
2760 0.179035
2761 0.179035
2762 0.179035
2763 0.179035
2764 0.179035
2765 0.179035
2766 0.179035
2767 0.179035
2768 0.179035
2769 0.179035
2770 0.179035
2771 0.179035
2772 0.179035
2773 0.179035
2774 0.179035
2775 0.179035
2776 0.179035
2777 0.179035
2778 0.179035
2779 0.179035
2780 0.179035
2781 0.179035
2782 0.179035
2783 0.179035
2784 0.179035
2785 0.179035
2786 0.179035
2787 0.179035
2788 0.179035
2789 0.179035
2790 0.179035
2791 0.179035
2792 0.179035
2793 0.179035
2794 0.179035
2795 0.179035
2796 0.179035
2797 0.179035
2798 0.179035
2799 0.179035
2800 0.179035
2801 0.179035
2802 0.179035
2803 0.179035
2804 0.179035
2805 0.179035
2806 0.179035
2807 0.179035
2808 0.179035
2809 0.179035
2810 0.179035
2811 0.179035
2812 0.179035
2813 0.179035
2814 0.179035
2815 0.179035
2816 0.179035
2817 0.179035
2818 0.179035
2819 0.179035
2820 0.179035
2821 0.179035
2822 0.179035
2823 0.179035
2824 0.179035
2825 0.179035
2826 0.179035
2827 0.179035
2828 0.179035
2829 0.179035
2830 0.179035
2831 0.179035
2832 0.179035
2833 0.179035
2834 0.179035
2835 0.179035
2836 0.179035
2837 0.179035
2838 0.179035
2839 0.179035
2840 0.179035
2841 0.179035
2842 0.179035
2843 0.179035
2844 0.179035
2845 0.179035
2846 0.179035
2847 0.179035
2848 0.179035
2849 0.179035
2850 0.179035
2851 0.179035
2852 0.179035
2853 0.179035
2854 0.179035
2855 0.179035
2856 0.179035
2857 0.179035
2858 0.179035
2859 0.179035
2860 0.179035
2861 0.179035
2862 0.179035
2863 0.179035
2864 0.179035
2865 0.179035
2866 0.179035
2867 0.179035
2868 0.179035
2869 0.179035
2870 0.179035
2871 0.179035
2872 0.179035
2873 0.179035
2874 0.179035
2875 0.179035
2876 0.179035
2877 0.179035
2878 0.179035
2879 0.179035
2880 0.179035
2881 0.179035
2882 0.179035
2883 0.179035
2884 0.179035
2885 0.179035
2886 0.179035
2887 0.179035
2888 0.179035
2889 0.179035
2890 0.179035
2891 0.179035
2892 0.179035
2893 0.179035
2894 0.179035
2895 0.179035
2896 0.179035
2897 0.179035
2898 0.179035
2899 0.179035
2900 0.179035
2901 0.179035
2902 0.179035
2903 0.179035
2904 0.179035
2905 0.179035
2906 0.179035
2907 0.179035
2908 0.179035
2909 0.179035
2910 0.179035
2911 0.179035
2912 0.179035
2913 0.179035
2914 0.179035
2915 0.179035
2916 0.179035
2917 0.179035
2918 0.179035
2919 0.179035
2920 0.179035
2921 0.179035
2922 0.179035
2923 0.179035
2924 0.179035
2925 0.179035
2926 0.179035
2927 0.179035
2928 0.179035
2929 0.179035
2930 0.179035
2931 0.179035
2932 0.179035
2933 0.179035
2934 0.179035
2935 0.179035
2936 0.179035
2937 0.179035
2938 0.179035
2939 0.179035
2940 0.179035
2941 0.179035
2942 0.179035
2943 0.179035
2944 0.179035
2945 0.179035
2946 0.179035
2947 0.179035
2948 0.179035
2949 0.179035
2950 0.179035
2951 0.179035
2952 0.179035
2953 0.179035
2954 0.179035
2955 0.179035
2956 0.179035
2957 0.179035
2958 0.179035
2959 0.179035
2960 0.179035
2961 0.179035
2962 0.179035
2963 0.179035
2964 0.179035
2965 0.179035
2966 0.179035
2967 0.179035
2968 0.179035
2969 0.179035
2970 0.179035
2971 0.179035
2972 0.179035
2973 0.179035
2974 0.179035
2975 0.179035
2976 0.179035
2977 0.179035
2978 0.179035
2979 0.179035
2980 0.179035
2981 0.179035
2982 0.179035
2983 0.179035
2984 0.179035
2985 0.179035
2986 0.179035
2987 0.179035
2988 0.179035
2989 0.179035
2990 0.179035
2991 0.179035
2992 0.179035
2993 0.179035
2994 0.179035
2995 0.179035
2996 0.179035
2997 0.179035
2998 0.179035
2999 0.179035
