0 -5.97829
1 -5.97829
2 -5.97829
3 -6.38166
4 -6.61798
5 -6.76533
6 -7.07425
7 -7.25401
8 -7.37881
9 -7.49424
10 -7.56173
11 -7.61948
12 -7.67852
13 -7.74132
14 -7.78761
15 -7.85634
16 -7.90857
17 -7.92162
18 -7.92162
19 -7.9705
20 -7.98538
21 -8.04238
22 -8.13034
23 -8.15559
24 -8.22502
25 -8.27691
26 -8.31455
27 -8.34322
28 -8.42127
29 -8.42127
30 -8.48769
31 -8.49445
32 -8.55682
33 -8.57314
34 -8.57314
35 -8.57347
36 -8.57501
37 -8.57501
38 -8.67
39 -8.70593
40 -8.71477
41 -8.73941
42 -8.79244
43 -8.81411
44 -8.81411
45 -8.92285
46 -8.9357
47 -8.94637
48 -8.94637
49 -8.95206
50 -8.95206
51 -8.96355
52 -8.96355
53 -9.13004
54 -9.14366
55 -9.14366
56 -9.14366
57 -9.22603
58 -9.2672
59 -9.2672
60 -9.28659
61 -9.29618
62 -9.3017
63 -9.34186
64 -9.34186
65 -9.35121
66 -9.37471
67 -9.43072
68 -9.43651
69 -9.45206
70 -9.46811
71 -9.51027
72 -9.51027
73 -9.51244
74 -9.57547
75 -9.59121
76 -9.59978
77 -9.62395
78 -9.64949
79 -9.64949
80 -9.66375
81 -9.68614
82 -9.68804
83 -9.74303
84 -9.7754
85 -9.78851
86 -9.79162
87 -9.79162
88 -9.80728
89 -9.80728
90 -9.80728
91 -9.80728
92 -9.86247
93 -9.92457
94 -9.92457
95 -9.94098
96 -9.94098
97 -9.96325
98 -9.98643
99 -9.98942
100 -10.0941
101 -10.1163
102 -10.1479
103 -10.1592
104 -10.1592
105 -10.1749
106 -10.1777
107 -10.1922
108 -10.2081
109 -10.2211
110 -10.2222
111 -10.2793
112 -10.2816
113 -10.2937
114 -10.3151
115 -10.3177
116 -10.3504
117 -10.3774
118 -10.382
119 -10.3987
120 -10.4126
121 -10.4478
122 -10.4674
123 -10.4861
124 -10.5086
125 -10.5527
126 -10.5611
127 -10.5611
128 -10.5927
129 -10.5927
130 -10.6039
131 -10.6081
132 -10.6254
133 -10.6445
134 -10.7164
135 -10.7604
136 -10.7797
137 -10.7855
138 -10.8191
139 -10.8525
140 -10.8525
141 -10.8768
142 -10.8768
143 -10.915
144 -10.9151
145 -10.9523
146 -10.9586
147 -10.9586
148 -10.9586
149 -10.9586
150 -11.0027
151 -11.0027
152 -11.0027
153 -11.0032
154 -11.0032
155 -11.0032
156 -11.0175
157 -11.0195
158 -11.0324
159 -11.0413
160 -11.0413
161 -11.0413
162 -11.0554
163 -11.0675
164 -11.0675
165 -11.0675
166 -11.0772
167 -11.0778
168 -11.0778
169 -11.0802
170 -11.0839
171 -11.087
172 -11.087
173 -11.0882
174 -11.0882
175 -11.1154
176 -11.1154
177 -11.1732
178 -11.1732
179 -11.2195
180 -11.2669
181 -11.3507
182 -11.368
183 -11.368
184 -11.377
185 -11.3812
186 -11.3855
187 -11.3955
188 -11.3955
189 -11.3955
190 -11.3955
191 -11.4082
192 -11.4093
193 -11.4489
194 -11.4489
195 -11.4517
196 -11.4517
197 -11.4517
198 -11.4657
199 -11.5229
200 -11.5799
201 -11.5799
202 -11.5799
203 -11.5799
204 -11.5814
205 -11.5814
206 -11.5912
207 -11.5929
208 -11.6143
209 -11.6235
210 -11.6235
211 -11.6442
212 -11.6745
213 -11.6976
214 -11.7252
215 -11.7252
216 -11.7252
217 -11.7593
218 -11.7593
219 -11.7593
220 -11.7593
221 -11.7703
222 -11.7715
223 -11.805
224 -11.805
225 -11.8322
226 -11.8322
227 -11.938
228 -11.9426
229 -11.9426
230 -12.0059
231 -12.0426
232 -12.0426
233 -12.0803
234 -12.0803
235 -12.0803
236 -12.0844
237 -12.1068
238 -12.1148
239 -12.2138
240 -12.2138
241 -12.2302
242 -12.2381
243 -12.2408
244 -12.253
245 -12.2658
246 -12.2658
247 -12.3361
248 -12.3518
249 -12.3518
250 -12.3673
251 -12.3957
252 -12.4054
253 -12.4133
254 -12.4514
255 -12.4682
256 -12.4782
257 -12.5257
258 -12.5507
259 -12.56
260 -12.6032
261 -12.6387
262 -12.6533
263 -12.6533
264 -12.7122
265 -12.7706
266 -12.8022
267 -12.832
268 -12.8793
269 -12.8919
270 -12.9056
271 -12.9293
272 -12.9752
273 -13.0159
274 -13.0665
275 -13.0997
276 -13.1789
277 -13.1918
278 -13.1919
279 -13.2137
280 -13.2201
281 -13.247
282 -13.286
283 -13.3007
284 -13.3382
285 -13.3466
286 -13.3608
287 -13.381
288 -13.3942
289 -13.4373
290 -13.4388
291 -13.4704
292 -13.5088
293 -13.5495
294 -13.5659
295 -13.5914
296 -13.5976
297 -13.6013
298 -13.6465
299 -13.6465
300 -13.6501
301 -13.6585
302 -13.6908
303 -13.7
304 -13.7404
305 -13.8062
306 -13.807
307 -13.815
308 -13.8578
309 -13.8904
310 -13.892
311 -13.8965
312 -13.9084
313 -13.964
314 -14.0003
315 -14.013
316 -14.0463
317 -14.0529
318 -14.0534
319 -14.0572
320 -14.0608
321 -14.0851
322 -14.1123
323 -14.119
324 -14.125
325 -14.1296
326 -14.1557
327 -14.1559
328 -14.1762
329 -14.1805
330 -14.2149
331 -14.2369
332 -14.2388
333 -14.2579
334 -14.2713
335 -14.2719
336 -14.272
337 -14.3104
338 -14.3478
339 -14.351
340 -14.379
341 -14.3896
342 -14.3947
343 -14.4026
344 -14.4549
345 -14.4549
346 -14.4549
347 -14.4879
348 -14.5017
349 -14.5202
350 -14.5282
351 -14.5353
352 -14.5353
353 -14.5658
354 -14.6219
355 -14.6219
356 -14.6279
357 -14.6309
358 -14.656
359 -14.6585
360 -14.6773
361 -14.7173
362 -14.7425
363 -14.759
364 -14.7623
365 -14.7785
366 -14.7894
367 -14.7898
368 -14.8158
369 -14.8377
370 -14.8477
371 -14.8678
372 -14.9009
373 -14.9182
374 -14.948
375 -14.9562
376 -14.9874
377 -15.0008
378 -15.0258
379 -15.0395
380 -15.0425
381 -15.1001
382 -15.1141
383 -15.2108
384 -15.2279
385 -15.2989
386 -15.3
387 -15.3004
388 -15.3244
389 -15.3319
390 -15.3677
391 -15.3734
392 -15.3799
393 -15.3806
394 -15.3826
395 -15.3862
396 -15.4328
397 -15.4574
398 -15.4574
399 -15.4582
400 -15.4686
401 -15.4686
402 -15.48
403 -15.5057
404 -15.5332
405 -15.5332
406 -15.5336
407 -15.5544
408 -15.5687
409 -15.6069
410 -15.6081
411 -15.6091
412 -15.6097
413 -15.6142
414 -15.6154
415 -15.6308
416 -15.6381
417 -15.6392
418 -15.6413
419 -15.6609
420 -15.673
421 -15.6856
422 -15.694
423 -15.6995
424 -15.7217
425 -15.7282
426 -15.7293
427 -15.739
428 -15.7818
429 -15.8147
430 -15.8298
431 -15.8392
432 -15.8613
433 -15.8724
434 -15.895
435 -15.895
436 -15.8955
437 -15.9022
438 -15.9049
439 -15.9067
440 -15.9471
441 -15.9636
442 -15.9745
443 -15.9765
444 -15.9911
445 -16.0547
446 -16.0554
447 -16.0965
448 -16.1293
449 -16.1778
450 -16.2283
451 -16.2338
452 -16.2417
453 -16.2564
454 -16.2769
455 -16.2955
456 -16.2958
457 -16.3829
458 -16.4249
459 -16.4472
460 -16.4577
461 -16.5181
462 -16.5257
463 -16.5321
464 -16.5695
465 -16.6321
466 -16.6521
467 -16.6833
468 -16.6886
469 -16.7575
470 -16.7836
471 -16.8322
472 -16.836
473 -16.8599
474 -16.8618
475 -16.8931
476 -16.9027
477 -16.9382
478 -16.9611
479 -16.9624
480 -16.9795
481 -17.005
482 -17.0329
483 -17.0569
484 -17.0645
485 -17.0805
486 -17.0958
487 -17.1039
488 -17.1411
489 -17.162
490 -17.2033
491 -17.2133
492 -17.2212
493 -17.2493
494 -17.2871
495 -17.289
496 -17.3333
497 -17.3366
498 -17.3415
499 -17.3442
500 -17.3519
501 -17.366
502 -17.3695
503 -17.3902
504 -17.3902
505 -17.4114
506 -17.4544
507 -17.4682
508 -17.4687
509 -17.4731
510 -17.4766
511 -17.5523
512 -17.5858
513 -17.5945
514 -17.6002
515 -17.6286
516 -17.6413
517 -17.6538
518 -17.656
519 -17.6611
520 -17.6611
521 -17.6652
522 -17.6703
523 -17.6756
524 -17.6887
525 -17.6995
526 -17.7034
527 -17.7301
528 -17.7658
529 -17.7929
530 -17.8016
531 -17.8016
532 -17.8133
533 -17.8288
534 -17.8314
535 -17.8335
536 -17.8546
537 -17.8612
538 -17.8778
539 -17.8829
540 -17.9068
541 -17.9112
542 -17.9376
543 -17.9379
544 -17.9508
545 -17.9843
546 -17.9982
547 -17.9983
548 -18.0092
549 -18.0146
550 -18.0401
551 -18.0574
552 -18.0594
553 -18.0813
554 -18.0837
555 -18.1163
556 -18.1421
557 -18.1469
558 -18.1487
559 -18.1514
560 -18.1729
561 -18.1735
562 -18.1815
563 -18.1871
564 -18.2048
565 -18.2129
566 -18.219
567 -18.2201
568 -18.2246
569 -18.2453
570 -18.268
571 -18.2959
572 -18.2978
573 -18.3211
574 -18.335
575 -18.3366
576 -18.3501
577 -18.3622
578 -18.3648
579 -18.365
580 -18.3705
581 -18.3715
582 -18.4406
583 -18.4562
584 -18.4621
585 -18.4742
586 -18.4745
587 -18.4818
588 -18.4873
589 -18.49
590 -18.4901
591 -18.507
592 -18.5087
593 -18.5133
594 -18.5223
595 -18.5241
596 -18.5241
597 -18.5408
598 -18.5478
599 -18.559
600 -18.5682
601 -18.5717
602 -18.5792
603 -18.5792
604 -18.6114
605 -18.6222
606 -18.6259
607 -18.6274
608 -18.6299
609 -18.6743
610 -18.6947
611 -18.7084
612 -18.7086
613 -18.7114
614 -18.7177
615 -18.7211
616 -18.7212
617 -18.7266
618 -18.742
619 -18.7622
620 -18.7823
621 -18.8247
622 -18.8301
623 -18.8313
624 -18.8358
625 -18.8419
626 -18.8647
627 -18.8679
628 -18.8689
629 -18.898
630 -18.9022
631 -18.936
632 -18.9435
633 -18.9646
634 -19.0049
635 -19.0381
636 -19.0776
637 -19.1061
638 -19.1144
639 -19.1256
640 -19.2009
641 -19.2084
642 -19.2086
643 -19.2244
644 -19.2271
645 -19.2528
646 -19.2768
647 -19.2801
648 -19.2826
649 -19.2905
650 -19.312
651 -19.3504
652 -19.3643
653 -19.3694
654 -19.3716
655 -19.3733
656 -19.3763
657 -19.386
658 -19.3863
659 -19.3943
660 -19.3949
661 -19.4028
662 -19.4124
663 -19.458
664 -19.4841
665 -19.4908
666 -19.4963
667 -19.5003
668 -19.503
669 -19.5576
670 -19.5773
671 -19.5939
672 -19.6034
673 -19.609
674 -19.6324
675 -19.6344
676 -19.637
677 -19.637
678 -19.6663
679 -19.6876
680 -19.7329
681 -19.7558
682 -19.7562
683 -19.7642
684 -19.8185
685 -19.8192
686 -19.8265
687 -19.8266
688 -19.8588
689 -19.8823
690 -19.8924
691 -19.9776
692 -19.9807
693 -19.9858
694 -20.0183
695 -20.0556
696 -20.0816
697 -20.1113
698 -20.1179
699 -20.1384
700 -20.153
701 -20.1733
702 -20.1909
703 -20.1944
704 -20.2217
705 -20.2283
706 -20.2289
707 -20.2462
708 -20.2568
709 -20.2689
710 -20.2902
711 -20.3101
712 -20.3223
713 -20.3684
714 -20.3852
715 -20.3876
716 -20.3889
717 -20.3896
718 -20.4063
719 -20.4437
720 -20.4539
721 -20.4605
722 -20.4633
723 -20.5047
724 -20.5068
725 -20.5178
726 -20.5262
727 -20.5755
728 -20.606
729 -20.6081
730 -20.616
731 -20.6226
732 -20.6249
733 -20.6428
734 -20.6452
735 -20.6485
736 -20.649
737 -20.6789
738 -20.6819
739 -20.7068
740 -20.7356
741 -20.7585
742 -20.7724
743 -20.7814
744 -20.7899
745 -20.802
746 -20.8235
747 -20.8385
748 -20.8471
749 -20.8581
750 -20.875
751 -20.8758
752 -20.9145
753 -20.9619
754 -20.9755
755 -20.9763
756 -20.9769
757 -21.0419
758 -21.0792
759 -21.0838
760 -21.0931
761 -21.1205
762 -21.1213
763 -21.1242
764 -21.1249
765 -21.1264
766 -21.1315
767 -21.1344
768 -21.1724
769 -21.1796
770 -21.1858
771 -21.2147
772 -21.2161
773 -21.2177
774 -21.2191
775 -21.2214
776 -21.238
777 -21.2423
778 -21.2436
779 -21.2546
780 -21.2583
781 -21.2585
782 -21.2748
783 -21.2792
784 -21.2882
785 -21.3075
786 -21.312
787 -21.315
788 -21.3173
789 -21.3232
790 -21.3448
791 -21.3455
792 -21.355
793 -21.3569
794 -21.3621
795 -21.3696
796 -21.3717
797 -21.3718
798 -21.3748
799 -21.3759
800 -21.3924
801 -21.4298
802 -21.432
803 -21.432
804 -21.4329
805 -21.433
806 -21.4364
807 -21.4844
808 -21.4864
809 -21.4868
810 -21.5061
811 -21.5084
812 -21.5209
813 -21.5221
814 -21.5233
815 -21.5247
816 -21.5254
817 -21.5261
818 -21.5504
819 -21.56
820 -21.5671
821 -21.5685
822 -21.5752
823 -21.5787
824 -21.5793
825 -21.581
826 -21.5852
827 -21.6092
828 -21.6119
829 -21.6179
830 -21.6536
831 -21.6563
832 -21.6612
833 -21.6613
834 -21.6746
835 -21.6885
836 -21.7206
837 -21.728
838 -21.7301
839 -21.7322
840 -21.7322
841 -21.7584
842 -21.7864
843 -21.7962
844 -21.7972
845 -21.8003
846 -21.8004
847 -21.8009
848 -21.8052
849 -21.8055
850 -21.8075
851 -21.8243
852 -21.8264
853 -21.8279
854 -21.8442
855 -21.8476
856 -21.8526
857 -21.8589
858 -21.8589
859 -21.8595
860 -21.9003
861 -21.9022
862 -21.9041
863 -21.9112
864 -21.9419
865 -21.9489
866 -21.9492
867 -21.9518
868 -21.952
869 -21.9626
870 -21.966
871 -21.9699
872 -21.989
873 -22.0322
874 -22.0323
875 -22.0417
876 -22.0467
877 -22.0484
878 -22.0562
879 -22.0579
880 -22.0695
881 -22.0844
882 -22.1018
883 -22.1107
884 -22.1202
885 -22.1244
886 -22.1314
887 -22.14
888 -22.1606
889 -22.1611
890 -22.176
891 -22.1986
892 -22.2025
893 -22.2029
894 -22.2099
895 -22.2265
896 -22.2311
897 -22.2501
898 -22.2509
899 -22.2605
900 -22.2746
901 -22.2758
902 -22.2772
903 -22.2772
904 -22.2894
905 -22.2895
906 -22.3132
907 -22.3291
908 -22.3321
909 -22.3336
910 -22.349
911 -22.3671
912 -22.3678
913 -22.3801
914 -22.3919
915 -22.3924
916 -22.4015
917 -22.4034
918 -22.4052
919 -22.4192
920 -22.4269
921 -22.4311
922 -22.4311
923 -22.4327
924 -22.4328
925 -22.4333
926 -22.4334
927 -22.4335
928 -22.4401
929 -22.4402
930 -22.4443
931 -22.4583
932 -22.4701
933 -22.4702
934 -22.477
935 -22.477
936 -22.4925
937 -22.5036
938 -22.5048
939 -22.5054
940 -22.5089
941 -22.5152
942 -22.5305
943 -22.5542
944 -22.5673
945 -22.5743
946 -22.5818
947 -22.5848
948 -22.585
949 -22.6099
950 -22.61
951 -22.6146
952 -22.6473
953 -22.6584
954 -22.687
955 -22.7056
956 -22.7057
957 -22.7112
958 -22.7133
959 -22.7269
960 -22.7578
961 -22.7646
962 -22.7852
963 -22.8066
964 -22.8139
965 -22.8281
966 -22.8602
967 -22.8608
968 -22.8616
969 -22.8627
970 -22.8765
971 -22.8814
972 -22.8814
973 -22.8953
974 -22.9182
975 -22.9193
976 -22.9357
977 -22.9592
978 -22.9904
979 -22.9938
980 -22.9989
981 -23.0008
982 -23.0175
983 -23.0449
984 -23.0585
985 -23.06
986 -23.0639
987 -23.0861
988 -23.0935
989 -23.0945
990 -23.1142
991 -23.1155
992 -23.1179
993 -23.1254
994 -23.21
995 -23.2664
996 -23.2676
997 -23.2697
998 -23.2926
999 -23.2928
1000 -23.293
1001 -23.2998
1002 -23.3001
1003 -23.309
1004 -23.3091
1005 -23.3104
1006 -23.3212
1007 -23.3212
1008 -23.3212
1009 -23.3227
1010 -23.3257
1011 -23.3258
1012 -23.3385
1013 -23.3393
1014 -23.3474
1015 -23.3476
1016 -23.358
1017 -23.3635
1018 -23.3666
1019 -23.3778
1020 -23.3794
1021 -23.4019
1022 -23.4049
1023 -23.4106
1024 -23.4164
1025 -23.4184
1026 -23.4365
1027 -23.4366
1028 -23.4555
1029 -23.4645
1030 -23.4782
1031 -23.4828
1032 -23.4862
1033 -23.5027
1034 -23.5198
1035 -23.5402
1036 -23.5691
1037 -23.5691
1038 -23.5711
1039 -23.5733
1040 -23.5753
1041 -23.5754
1042 -23.5775
1043 -23.581
1044 -23.5975
1045 -23.6017
1046 -23.6021
1047 -23.6224
1048 -23.624
1049 -23.628
1050 -23.6298
1051 -23.6444
1052 -23.6503
1053 -23.6509
1054 -23.6509
1055 -23.6611
1056 -23.6621
1057 -23.6686
1058 -23.6707
1059 -23.6897
1060 -23.7015
1061 -23.7041
1062 -23.7041
1063 -23.707
1064 -23.7088
1065 -23.7146
1066 -23.7146
1067 -23.725
1068 -23.7395
1069 -23.7496
1070 -23.7668
1071 -23.79
1072 -23.79
1073 -23.7969
1074 -23.8269
1075 -23.8345
1076 -23.8674
1077 -23.8683
1078 -23.8702
1079 -23.8707
1080 -23.8719
1081 -23.8743
1082 -23.8748
1083 -23.8815
1084 -23.8884
1085 -23.889
1086 -23.889
1087 -23.889
1088 -23.9093
1089 -23.9099
1090 -23.9109
1091 -23.9199
1092 -23.9307
1093 -23.9318
1094 -23.9322
1095 -23.9333
1096 -23.934
1097 -23.943
1098 -23.9433
1099 -23.9562
1100 -23.9609
1101 -23.9641
1102 -23.9691
1103 -23.9761
1104 -23.9767
1105 -23.9772
1106 -23.9775
1107 -23.9796
1108 -23.984
1109 -23.9866
1110 -23.9941
1111 -23.9947
1112 -24.0139
1113 -24.0155
1114 -24.0198
1115 -24.0202
1116 -24.0202
1117 -24.0204
1118 -24.0216
1119 -24.0222
1120 -24.0225
1121 -24.0234
1122 -24.0256
1123 -24.029
1124 -24.0321
1125 -24.0484
1126 -24.053
1127 -24.0535
1128 -24.0538
1129 -24.054
1130 -24.0549
1131 -24.0643
1132 -24.0676
1133 -24.0686
1134 -24.0686
1135 -24.0831
1136 -24.0841
1137 -24.086
1138 -24.0872
1139 -24.0896
1140 -24.0917
1141 -24.0921
1142 -24.0921
1143 -24.0924
1144 -24.0927
1145 -24.0974
1146 -24.0975
1147 -24.1015
1148 -24.1162
1149 -24.1361
1150 -24.1361
1151 -24.1362
1152 -24.1408
1153 -24.1412
1154 -24.1412
1155 -24.1417
1156 -24.1452
1157 -24.1558
1158 -24.1559
1159 -24.1614
1160 -24.1667
1161 -24.1668
1162 -24.1674
1163 -24.1831
1164 -24.1909
1165 -24.1909
1166 -24.1909
1167 -24.1929
1168 -24.2071
1169 -24.2074
1170 -24.2075
1171 -24.2104
1172 -24.2141
1173 -24.2203
1174 -24.2203
1175 -24.2249
1176 -24.2287
1177 -24.2287
1178 -24.2288
1179 -24.2288
1180 -24.2291
1181 -24.2298
1182 -24.2299
1183 -24.2299
1184 -24.23
1185 -24.2408
1186 -24.2416
1187 -24.2432
1188 -24.2492
1189 -24.2493
1190 -24.2495
1191 -24.2501
1192 -24.2528
1193 -24.2539
1194 -24.2551
1195 -24.2573
1196 -24.2614
1197 -24.2615
1198 -24.2634
1199 -24.2637
1200 -24.2639
1201 -24.2659
1202 -24.2661
1203 -24.2661
1204 -24.2675
1205 -24.2678
1206 -24.2711
1207 -24.2711
1208 -24.2712
1209 -24.2741
1210 -24.2746
1211 -24.277
1212 -24.2773
1213 -24.2774
1214 -24.2776
1215 -24.2776
1216 -24.2777
1217 -24.2779
1218 -24.2785
1219 -24.2794
1220 -24.2794
1221 -24.2795
1222 -24.2796
1223 -24.2811
1224 -24.2817
1225 -24.2818
1226 -24.2844
1227 -24.2844
1228 -24.2863
1229 -24.2863
1230 -24.2882
1231 -24.2882
1232 -24.291
1233 -24.291
1234 -24.2912
1235 -24.2942
1236 -24.2942
1237 -24.2946
1238 -24.2946
1239 -24.2948
1240 -24.2955
1241 -24.2955
1242 -24.2956
1243 -24.2957
1244 -24.2958
1245 -24.2963
1246 -24.2967
1247 -24.2967
1248 -24.2969
1249 -24.2985
1250 -24.2985
1251 -24.2985
1252 -24.299
1253 -24.299
1254 -24.2992
1255 -24.2992
1256 -24.2999
1257 -24.3
1258 -24.3004
1259 -24.3015
1260 -24.3015
1261 -24.3015
1262 -24.3023
1263 -24.3033
1264 -24.3039
1265 -24.3042
1266 -24.3045
1267 -24.308
1268 -24.308
1269 -24.3082
1270 -24.3086
1271 -24.3086
1272 -24.3087
1273 -24.3088
1274 -24.3088
1275 -24.3091
1276 -24.3094
1277 -24.3094
1278 -24.3096
1279 -24.3097
1280 -24.3102
1281 -24.3131
1282 -24.3132
1283 -24.3133
1284 -24.3133
1285 -24.3133
1286 -24.3133
1287 -24.314
1288 -24.3141
1289 -24.3142
1290 -24.3143
1291 -24.3144
1292 -24.3146
1293 -24.3146
1294 -24.3156
1295 -24.3156
1296 -24.3177
1297 -24.3178
1298 -24.3178
1299 -24.3179
1300 -24.318
1301 -24.3184
1302 -24.3268
1303 -24.3269
1304 -24.3273
1305 -24.3279
1306 -24.3279
1307 -24.3279
1308 -24.3283
1309 -24.3285
1310 -24.3285
1311 -24.3291
1312 -24.3386
1313 -24.3423
1314 -24.3423
1315 -24.3423
1316 -24.343
1317 -24.343
1318 -24.3433
1319 -24.3433
1320 -24.3436
1321 -24.3436
1322 -24.3436
1323 -24.3438
1324 -24.3439
1325 -24.3441
1326 -24.3442
1327 -24.3443
1328 -24.3444
1329 -24.3446
1330 -24.3446
1331 -24.3461
1332 -24.3461
1333 -24.3505
1334 -24.3509
1335 -24.3509
1336 -24.351
1337 -24.3511
1338 -24.3525
1339 -24.3525
1340 -24.3525
1341 -24.3527
1342 -24.3527
1343 -24.353
1344 -24.3588
1345 -24.359
1346 -24.3591
1347 -24.3597
1348 -24.3597
1349 -24.3597
1350 -24.3598
1351 -24.3598
1352 -24.3598
1353 -24.3599
1354 -24.36
1355 -24.3602
1356 -24.3603
1357 -24.3607
1358 -24.3607
1359 -24.3608
1360 -24.3608
1361 -24.3608
1362 -24.3613
1363 -24.3613
1364 -24.3614
1365 -24.3614
1366 -24.3614
1367 -24.3614
1368 -24.3614
1369 -24.3622
1370 -24.3622
1371 -24.3622
1372 -24.3622
1373 -24.3624
1374 -24.3624
1375 -24.3624
1376 -24.3625
1377 -24.3625
1378 -24.3629
1379 -24.363
1380 -24.363
1381 -24.3632
1382 -24.3632
1383 -24.3633
1384 -24.3633
1385 -24.367
1386 -24.367
1387 -24.367
1388 -24.3671
1389 -24.3671
1390 -24.3673
1391 -24.3673
1392 -24.3686
1393 -24.3686
1394 -24.3687
1395 -24.3687
1396 -24.3687
1397 -24.3688
1398 -24.3688
1399 -24.3688
1400 -24.3689
1401 -24.3689
1402 -24.3689
1403 -24.3689
1404 -24.369
1405 -24.3691
1406 -24.3691
1407 -24.3691
1408 -24.3691
1409 -24.3691
1410 -24.3695
1411 -24.3695
1412 -24.3695
1413 -24.3695
1414 -24.3696
1415 -24.3696
1416 -24.3696
1417 -24.3697
1418 -24.3697
1419 -24.3698
1420 -24.3698
1421 -24.3698
1422 -24.3699
1423 -24.3699
1424 -24.37
1425 -24.37
1426 -24.37
1427 -24.37
1428 -24.37
1429 -24.37
1430 -24.3701
1431 -24.3701
1432 -24.3701
1433 -24.3701
1434 -24.3701
1435 -24.3701
1436 -24.3702
1437 -24.3702
1438 -24.3703
1439 -24.3703
1440 -24.3703
1441 -24.3703
1442 -24.3707
1443 -24.3707
1444 -24.3707
1445 -24.3708
1446 -24.3708
1447 -24.3708
1448 -24.3708
1449 -24.3708
1450 -24.3709
1451 -24.3709
1452 -24.3709
1453 -24.3709
1454 -24.3718
1455 -24.3718
1456 -24.3719
1457 -24.3719
1458 -24.3719
1459 -24.3719
1460 -24.3719
1461 -24.3765
1462 -24.3765
1463 -24.3765
1464 -24.3765
1465 -24.3765
1466 -24.3765
1467 -24.3765
1468 -24.3765
1469 -24.3766
1470 -24.3766
1471 -24.3766
1472 -24.3766
1473 -24.3766
1474 -24.3766
1475 -24.3766
1476 -24.3766
1477 -24.3766
1478 -24.3766
1479 -24.3766
1480 -24.3767
1481 -24.3767
1482 -24.3767
1483 -24.3767
1484 -24.3767
1485 -24.3772
1486 -24.3772
1487 -24.3772
1488 -24.3772
1489 -24.3772
1490 -24.3772
1491 -24.3772
1492 -24.3772
1493 -24.3772
1494 -24.3772
1495 -24.3772
1496 -24.3772
1497 -24.3772
1498 -24.3772
1499 -24.3772
1500 -24.3773
1501 -24.3773
1502 -24.3773
1503 -24.3773
1504 -24.3773
1505 -24.3773
1506 -24.3773
1507 -24.3773
1508 -24.3773
1509 -24.3773
1510 -24.3773
1511 -24.3773
1512 -24.3773
1513 -24.3774
1514 -24.3774
1515 -24.3774
1516 -24.3774
1517 -24.3774
1518 -24.3774
1519 -24.3774
1520 -24.3774
1521 -24.3774
1522 -24.3774
1523 -24.3774
1524 -24.3774
1525 -24.3806
1526 -24.3806
1527 -24.3806
1528 -24.3806
1529 -24.3806
1530 -24.3806
1531 -24.3806
1532 -24.3806
1533 -24.3806
1534 -24.3806
1535 -24.3806
1536 -24.3806
1537 -24.3806
1538 -24.3806
1539 -24.3806
1540 -24.3806
1541 -24.3806
1542 -24.3806
1543 -24.3806
1544 -24.3806
1545 -24.3807
1546 -24.3807
1547 -24.3807
1548 -24.3807
1549 -24.3807
1550 -24.3807
1551 -24.3807
1552 -24.3807
1553 -24.3807
1554 -24.3807
1555 -24.3807
1556 -24.3807
1557 -24.3807
1558 -24.3807
1559 -24.3807
1560 -24.3807
1561 -24.3807
1562 -24.3807
1563 -24.3807
1564 -24.3807
1565 -24.3807
1566 -24.3807
1567 -24.3807
1568 -24.3807
1569 -24.3807
1570 -24.3807
1571 -24.3807
1572 -24.3807
1573 -24.3807
1574 -24.3807
1575 -24.3807
1576 -24.3807
1577 -24.3807
1578 -24.3807
1579 -24.3819
1580 -24.3819
1581 -24.3819
1582 -24.3819
1583 -24.3819
1584 -24.3819
1585 -24.3819
1586 -24.3819
1587 -24.3819
1588 -24.3819
1589 -24.3819
1590 -24.3819
1591 -24.3819
1592 -24.3819
1593 -24.3833
1594 -24.3833
1595 -24.3833
1596 -24.3833
1597 -24.3833
1598 -24.3833
1599 -24.3833
1600 -24.3833
1601 -24.3833
1602 -24.3833
1603 -24.3833
1604 -24.3833
1605 -24.3833
1606 -24.3833
1607 -24.3833
1608 -24.3833
1609 -24.3833
1610 -24.3833
1611 -24.3833
1612 -24.3833
1613 -24.3833
1614 -24.3833
1615 -24.3833
1616 -24.3833
1617 -24.3833
1618 -24.3833
1619 -24.3833
1620 -24.3833
1621 -24.3833
1622 -24.3833
1623 -24.3833
1624 -24.3833
1625 -24.3833
1626 -24.3833
1627 -24.3833
1628 -24.3833
1629 -24.3833
1630 -24.3833
1631 -24.3833
1632 -24.3833
1633 -24.3833
1634 -24.3833
1635 -24.3833
1636 -24.3833
1637 -24.3833
1638 -24.3833
1639 -24.3833
1640 -24.3833
1641 -24.3833
1642 -24.3833
1643 -24.3833
1644 -24.3833
1645 -24.3833
1646 -24.3833
1647 -24.3833
1648 -24.3833
1649 -24.3833
1650 -24.3833
1651 -24.3833
1652 -24.3833
1653 -24.3833
1654 -24.3833
1655 -24.3833
1656 -24.3833
1657 -24.3833
1658 -24.3833
1659 -24.3833
1660 -24.3833
1661 -24.3833
1662 -24.3833
1663 -24.3833
1664 -24.3833
1665 -24.3833
1666 -24.3833
1667 -24.3857
1668 -24.3857
1669 -24.3857
1670 -24.3857
1671 -24.3857
1672 -24.3857
1673 -24.3857
1674 -24.3857
1675 -24.3857
1676 -24.3857
1677 -24.3857
1678 -24.3857
1679 -24.3857
1680 -24.3857
1681 -24.3857
1682 -24.3857
1683 -24.3857
1684 -24.3857
1685 -24.3857
1686 -24.3857
1687 -24.3938
1688 -24.3938
1689 -24.3938
1690 -24.3938
1691 -24.3938
1692 -24.3938
1693 -24.3938
1694 -24.3938
1695 -24.3938
1696 -24.3938
1697 -24.3938
1698 -24.3938
1699 -24.3938
1700 -24.3938
1701 -24.3938
1702 -24.3938
1703 -24.3938
1704 -24.3938
1705 -24.3938
1706 -24.3938
1707 -24.3938
1708 -24.3938
1709 -24.3938
1710 -24.3938
1711 -24.3938
1712 -24.3938
1713 -24.3938
1714 -24.3938
1715 -24.3938
1716 -24.3938
1717 -24.3938
1718 -24.3938
1719 -24.3938
1720 -24.3938
1721 -24.3938
1722 -24.3938
1723 -24.3938
1724 -24.3938
1725 -24.3938
1726 -24.3938
1727 -24.3938
1728 -24.3938
1729 -24.3969
1730 -24.3969
1731 -24.3969
1732 -24.3969
1733 -24.3969
1734 -24.3969
1735 -24.3969
1736 -24.3969
1737 -24.3969
1738 -24.3969
1739 -24.3969
1740 -24.3969
1741 -24.3969
1742 -24.3969
1743 -24.3969
1744 -24.3969
1745 -24.3969
1746 -24.3969
1747 -24.3969
1748 -24.3969
1749 -24.3969
1750 -24.3969
1751 -24.3969
1752 -24.3969
1753 -24.3969
1754 -24.3969
1755 -24.3969
1756 -24.3969
1757 -24.3969
1758 -24.3969
1759 -24.3969
1760 -24.3969
1761 -24.3969
1762 -24.3969
1763 -24.3969
1764 -24.3969
1765 -24.3969
1766 -24.3969
1767 -24.3969
1768 -24.3969
1769 -24.3969
1770 -24.3969
1771 -24.3969
1772 -24.3969
1773 -24.3969
1774 -24.3969
1775 -24.3969
1776 -24.3969
1777 -24.3969
1778 -24.3969
1779 -24.3969
1780 -24.3969
1781 -24.3969
1782 -24.3969
1783 -24.3969
1784 -24.3969
1785 -24.3969
1786 -24.3969
1787 -24.3969
1788 -24.3969
1789 -24.3969
1790 -24.3969
1791 -24.3969
1792 -24.3969
1793 -24.3969
1794 -24.3969
1795 -24.3969
1796 -24.3969
1797 -24.3969
1798 -24.3969
1799 -24.3969
1800 -24.3969
1801 -24.3969
1802 -24.3969
1803 -24.3969
1804 -24.3969
1805 -24.3969
1806 -24.405
1807 -24.405
1808 -24.405
1809 -24.405
1810 -24.405
1811 -24.405
1812 -24.405
1813 -24.405
1814 -24.405
1815 -24.405
1816 -24.405
1817 -24.405
1818 -24.405
1819 -24.405
1820 -24.405
1821 -24.405
1822 -24.405
1823 -24.405
1824 -24.405
1825 -24.405
1826 -24.405
1827 -24.405
1828 -24.405
1829 -24.405
1830 -24.405
1831 -24.405
1832 -24.405
1833 -24.405
1834 -24.405
1835 -24.405
1836 -24.405
1837 -24.405
1838 -24.405
1839 -24.405
1840 -24.405
1841 -24.405
1842 -24.405
1843 -24.405
1844 -24.405
1845 -24.405
1846 -24.405
1847 -24.405
1848 -24.405
1849 -24.405
1850 -24.405
1851 -24.405
1852 -24.405
1853 -24.405
1854 -24.405
1855 -24.405
1856 -24.405
1857 -24.405
1858 -24.405
1859 -24.405
1860 -24.405
1861 -24.405
1862 -24.405
1863 -24.405
1864 -24.4099
1865 -24.4099
1866 -24.4099
1867 -24.4099
1868 -24.4099
1869 -24.4099
1870 -24.4099
1871 -24.4099
1872 -24.4099
1873 -24.4099
1874 -24.4099
1875 -24.4099
1876 -24.4099
1877 -24.4099
1878 -24.4099
1879 -24.4099
1880 -24.4099
1881 -24.4099
1882 -24.4099
1883 -24.4099
1884 -24.4099
1885 -24.4099
1886 -24.4099
1887 -24.4099
1888 -24.4099
1889 -24.4099
1890 -24.4099
1891 -24.4099
1892 -24.4099
1893 -24.4099
1894 -24.4099
1895 -24.4099
1896 -24.4099
1897 -24.4099
1898 -24.4099
1899 -24.4099
1900 -24.4099
1901 -24.4099
1902 -24.4099
1903 -24.4099
1904 -24.4099
1905 -24.4099
1906 -24.4099
1907 -24.4099
1908 -24.4099
1909 -24.4099
1910 -24.4099
1911 -24.4099
1912 -24.4099
1913 -24.4099
1914 -24.4099
1915 -24.4099
1916 -24.4099
1917 -24.4099
1918 -24.4099
1919 -24.4099
1920 -24.4099
1921 -24.4099
1922 -24.4099
1923 -24.4099
1924 -24.4099
1925 -24.4099
1926 -24.4099
1927 -24.4099
1928 -24.4099
1929 -24.4099
1930 -24.4099
1931 -24.4099
1932 -24.4099
1933 -24.4099
1934 -24.4099
1935 -24.4099
1936 -24.4099
1937 -24.4099
1938 -24.4099
1939 -24.4099
1940 -24.4099
1941 -24.4099
1942 -24.4099
1943 -24.4099
1944 -24.4099
1945 -24.4099
1946 -24.4099
1947 -24.4099
1948 -24.4099
1949 -24.4099
1950 -24.4099
1951 -24.4099
1952 -24.4099
1953 -24.4099
1954 -24.4099
1955 -24.4099
1956 -24.4099
1957 -24.4099
1958 -24.4099
1959 -24.4099
1960 -24.4099
1961 -24.4099
1962 -24.4099
1963 -24.4099
1964 -24.4099
1965 -24.4099
1966 -24.4099
1967 -24.4099
1968 -24.4099
1969 -24.4102
1970 -24.4102
1971 -24.4102
1972 -24.4102
1973 -24.4102
1974 -24.4102
1975 -24.4102
1976 -24.4102
1977 -24.4102
1978 -24.4102
1979 -24.4102
1980 -24.4102
1981 -24.4102
1982 -24.4102
1983 -24.4102
1984 -24.4102
1985 -24.4102
1986 -24.4102
1987 -24.4102
1988 -24.4102
1989 -24.4102
1990 -24.4102
1991 -24.4102
1992 -24.4102
1993 -24.4102
1994 -24.4102
1995 -24.4102
1996 -24.4102
1997 -24.4102
1998 -24.4102
1999 -24.4102
2000 -24.4102
2001 -24.4102
2002 -24.4102
2003 -24.4102
2004 -24.4102
2005 -24.4102
2006 -24.4102
2007 -24.4102
2008 -24.4102
2009 -24.4102
2010 -24.4102
2011 -24.4124
2012 -24.4124
2013 -24.4124
2014 -24.4124
2015 -24.413
2016 -24.413
2017 -24.413
2018 -24.413
2019 -24.413
2020 -24.413
2021 -24.413
2022 -24.413
2023 -24.413
2024 -24.413
2025 -24.413
2026 -24.413
2027 -24.413
2028 -24.413
2029 -24.413
2030 -24.413
2031 -24.413
2032 -24.4155
2033 -24.4155
2034 -24.4155
2035 -24.4155
2036 -24.4155
2037 -24.4155
2038 -24.4155
2039 -24.4155
2040 -24.4155
2041 -24.4155
2042 -24.4155
2043 -24.4155
2044 -24.4155
2045 -24.4155
2046 -24.4155
2047 -24.4155
2048 -24.4155
2049 -24.4155
2050 -24.4155
2051 -24.4155
2052 -24.4155
2053 -24.4155
2054 -24.4155
2055 -24.4155
2056 -24.4155
2057 -24.4155
2058 -24.4183
2059 -24.4183
2060 -24.4183
2061 -24.4183
2062 -24.4183
2063 -24.4183
2064 -24.4183
2065 -24.4183
2066 -24.4183
2067 -24.4183
2068 -24.4183
2069 -24.4183
2070 -24.4183
2071 -24.4183
2072 -24.4183
2073 -24.4183
2074 -24.4183
2075 -24.4183
2076 -24.4183
2077 -24.4183
2078 -24.4183
2079 -24.4183
2080 -24.4183
2081 -24.4183
2082 -24.4183
2083 -24.4183
2084 -24.4183
2085 -24.4183
2086 -24.4183
2087 -24.4183
2088 -24.4183
2089 -24.4183
2090 -24.4183
2091 -24.4183
2092 -24.4183
2093 -24.4183
2094 -24.4188
2095 -24.4188
2096 -24.4188
2097 -24.4188
2098 -24.4188
2099 -24.4188
2100 -24.4188
2101 -24.4188
2102 -24.4188
2103 -24.4188
2104 -24.4188
2105 -24.4188
2106 -24.4188
2107 -24.4188
2108 -24.4188
2109 -24.4188
2110 -24.4188
2111 -24.4188
2112 -24.4188
2113 -24.4188
2114 -24.4188
2115 -24.4188
2116 -24.4188
2117 -24.4219
2118 -24.4219
2119 -24.4219
2120 -24.4219
2121 -24.4219
2122 -24.4219
2123 -24.4219
2124 -24.4219
2125 -24.4219
2126 -24.4219
2127 -24.4219
2128 -24.4219
2129 -24.4219
2130 -24.4219
2131 -24.4219
2132 -24.4219
2133 -24.4219
2134 -24.4219
2135 -24.4219
2136 -24.4219
2137 -24.4219
2138 -24.4219
2139 -24.4219
2140 -24.4219
2141 -24.4219
2142 -24.4219
2143 -24.4219
2144 -24.4219
2145 -24.4219
2146 -24.4219
2147 -24.4219
2148 -24.4219
2149 -24.4219
2150 -24.4233
2151 -24.4233
2152 -24.4233
2153 -24.4233
2154 -24.4233
2155 -24.4233
2156 -24.4233
2157 -24.4233
2158 -24.4233
2159 -24.4233
2160 -24.4233
2161 -24.4239
2162 -24.4307
2163 -24.4417
2164 -24.4429
2165 -24.4429
2166 -24.4489
2167 -24.4561
2168 -24.4561
2169 -24.4561
2170 -24.4561
2171 -24.4561
2172 -24.4561
2173 -24.4561
2174 -24.4561
2175 -24.4561
2176 -24.4561
2177 -24.4561
2178 -24.4561
2179 -24.4561
2180 -24.4561
2181 -24.4561
2182 -24.4561
2183 -24.4562
2184 -24.4564
2185 -24.4566
2186 -24.4566
2187 -24.4566
2188 -24.4566
2189 -24.4566
2190 -24.4566
2191 -24.4566
2192 -24.4569
2193 -24.4569
2194 -24.4569
2195 -24.4569
2196 -24.4569
2197 -24.4569
2198 -24.4569
2199 -24.4569
2200 -24.4569
2201 -24.4624
2202 -24.4624
2203 -24.4624
2204 -24.4624
2205 -24.4624
2206 -24.4624
2207 -24.4624
2208 -24.4624
2209 -24.4624
2210 -24.4624
2211 -24.4624
2212 -24.4624
2213 -24.4624
2214 -24.4624
2215 -24.4624
2216 -24.4624
2217 -24.4624
2218 -24.4624
2219 -24.4624
2220 -24.4624
2221 -24.4624
2222 -24.4624
2223 -24.4624
2224 -24.4624
2225 -24.4624
2226 -24.4624
2227 -24.4624
2228 -24.4624
2229 -24.4624
2230 -24.4624
2231 -24.4624
2232 -24.4624
2233 -24.4624
2234 -24.4624
2235 -24.4624
2236 -24.4624
2237 -24.4624
2238 -24.4624
2239 -24.4624
2240 -24.4624
2241 -24.4624
2242 -24.4624
2243 -24.4624
2244 -24.4641
2245 -24.4641
2246 -24.4641
2247 -24.4641
2248 -24.4641
2249 -24.4641
2250 -24.4641
2251 -24.4641
2252 -24.4641
2253 -24.4641
2254 -24.4641
2255 -24.4641
2256 -24.4641
2257 -24.4641
2258 -24.4641
2259 -24.4641
2260 -24.4641
2261 -24.4641
2262 -24.4641
2263 -24.4641
2264 -24.4641
2265 -24.4641
2266 -24.4641
2267 -24.4641
2268 -24.4641
2269 -24.4641
2270 -24.4641
2271 -24.4641
2272 -24.4641
2273 -24.4641
2274 -24.4641
2275 -24.4641
2276 -24.4641
2277 -24.4641
2278 -24.4641
2279 -24.4641
2280 -24.4641
2281 -24.4641
2282 -24.4641
2283 -24.4641
2284 -24.4641
2285 -24.4641
2286 -24.4641
2287 -24.4641
2288 -24.4641
2289 -24.4641
2290 -24.4641
2291 -24.4641
2292 -24.4641
2293 -24.4641
2294 -24.4641
2295 -24.4641
2296 -24.4641
2297 -24.4641
2298 -24.4641
2299 -24.4641
2300 -24.4641
2301 -24.4641
2302 -24.4641
2303 -24.4641
2304 -24.4641
2305 -24.4641
2306 -24.4641
2307 -24.4641
2308 -24.4641
2309 -24.4641
2310 -24.4641
2311 -24.4641
2312 -24.4641
2313 -24.4641
2314 -24.4641
2315 -24.4641
2316 -24.4641
2317 -24.4641
2318 -24.4641
2319 -24.4641
2320 -24.4641
2321 -24.4641
2322 -24.4641
2323 -24.4641
2324 -24.4641
2325 -24.4641
2326 -24.4641
2327 -24.4641
2328 -24.4641
2329 -24.4641
2330 -24.4641
2331 -24.4641
2332 -24.4641
2333 -24.4641
2334 -24.4641
2335 -24.4641
2336 -24.4641
2337 -24.4641
2338 -24.4641
2339 -24.4641
2340 -24.4641
2341 -24.4641
2342 -24.4641
2343 -24.4641
2344 -24.4641
2345 -24.4641
2346 -24.4641
2347 -24.4641
2348 -24.4641
2349 -24.4641
2350 -24.4641
2351 -24.4641
2352 -24.4641
2353 -24.4641
2354 -24.4641
2355 -24.4641
2356 -24.4641
2357 -24.4641
2358 -24.4641
2359 -24.4641
2360 -24.4641
2361 -24.4641
2362 -24.4641
2363 -24.4641
2364 -24.4641
2365 -24.4641
2366 -24.4641
2367 -24.4641
2368 -24.4641
2369 -24.4641
2370 -24.4641
2371 -24.4641
2372 -24.4641
2373 -24.4641
2374 -24.4641
2375 -24.4641
2376 -24.4641
2377 -24.4647
2378 -24.4647
2379 -24.4647
2380 -24.4647
2381 -24.4647
2382 -24.4647
2383 -24.4647
2384 -24.4647
2385 -24.4647
2386 -24.465
2387 -24.465
2388 -24.465
2389 -24.465
2390 -24.465
2391 -24.465
2392 -24.465
2393 -24.465
2394 -24.465
2395 -24.465
2396 -24.465
2397 -24.465
2398 -24.465
2399 -24.465
2400 -24.465
2401 -24.465
2402 -24.465
2403 -24.465
2404 -24.465
2405 -24.465
2406 -24.465
2407 -24.465
2408 -24.465
2409 -24.465
2410 -24.465
2411 -24.465
2412 -24.465
2413 -24.465
2414 -24.465
2415 -24.465
2416 -24.465
2417 -24.465
2418 -24.465
2419 -24.465
2420 -24.465
2421 -24.465
2422 -24.465
2423 -24.465
2424 -24.465
2425 -24.465
2426 -24.465
2427 -24.465
2428 -24.465
2429 -24.465
2430 -24.465
2431 -24.465
2432 -24.465
2433 -24.465
2434 -24.465
2435 -24.465
2436 -24.465
2437 -24.465
2438 -24.465
2439 -24.465
2440 -24.465
2441 -24.465
2442 -24.465
2443 -24.465
2444 -24.465
2445 -24.465
2446 -24.465
2447 -24.465
2448 -24.465
2449 -24.465
2450 -24.465
2451 -24.465
2452 -24.465
2453 -24.465
2454 -24.465
2455 -24.465
2456 -24.465
2457 -24.465
2458 -24.465
2459 -24.465
2460 -24.465
2461 -24.465
2462 -24.465
2463 -24.465
2464 -24.465
2465 -24.465
2466 -24.465
2467 -24.465
2468 -24.465
2469 -24.465
2470 -24.465
2471 -24.465
2472 -24.465
2473 -24.465
2474 -24.465
2475 -24.465
2476 -24.465
2477 -24.465
2478 -24.465
2479 -24.465
2480 -24.465
2481 -24.465
2482 -24.465
2483 -24.465
2484 -24.465
2485 -24.465
2486 -24.465
2487 -24.465
2488 -24.465
2489 -24.465
2490 -24.465
2491 -24.465
2492 -24.465
2493 -24.465
2494 -24.465
2495 -24.465
2496 -24.465
2497 -24.465
2498 -24.465
2499 -24.465
2500 -24.465
2501 -24.465
2502 -24.465
2503 -24.465
2504 -24.465
2505 -24.465
2506 -24.465
2507 -24.465
2508 -24.465
2509 -24.465
2510 -24.465
2511 -24.465
2512 -24.465
2513 -24.465
2514 -24.465
2515 -24.465
2516 -24.465
2517 -24.465
2518 -24.465
2519 -24.465
2520 -24.465
2521 -24.465
2522 -24.465
2523 -24.465
2524 -24.465
2525 -24.465
2526 -24.465
2527 -24.465
2528 -24.465
2529 -24.465
2530 -24.465
2531 -24.465
2532 -24.465
2533 -24.465
2534 -24.465
2535 -24.465
2536 -24.465
2537 -24.465
2538 -24.465
2539 -24.465
2540 -24.465
2541 -24.465
2542 -24.465
2543 -24.465
2544 -24.465
2545 -24.465
2546 -24.465
2547 -24.4664
2548 -24.4664
2549 -24.4664
2550 -24.4664
2551 -24.4664
2552 -24.4664
2553 -24.4664
2554 -24.4664
2555 -24.4664
2556 -24.4664
2557 -24.4664
2558 -24.4664
2559 -24.4664
2560 -24.4664
2561 -24.4664
2562 -24.4664
2563 -24.4664
2564 -24.4664
2565 -24.4664
2566 -24.4664
2567 -24.4664
2568 -24.4664
2569 -24.4664
2570 -24.4664
2571 -24.4664
2572 -24.4664
2573 -24.4664
2574 -24.4664
2575 -24.4664
2576 -24.4664
2577 -24.4664
2578 -24.4664
2579 -24.4664
2580 -24.4664
2581 -24.4664
2582 -24.4664
2583 -24.4664
2584 -24.4664
2585 -24.4664
2586 -24.4664
2587 -24.4664
2588 -24.4664
2589 -24.4664
2590 -24.4664
2591 -24.4664
2592 -24.4664
2593 -24.4664
2594 -24.4664
2595 -24.4664
2596 -24.4664
2597 -24.4664
2598 -24.4664
2599 -24.4664
2600 -24.4664
2601 -24.4664
2602 -24.4664
2603 -24.4664
2604 -24.4664
2605 -24.4664
2606 -24.4664
2607 -24.4664
2608 -24.4664
2609 -24.4664
2610 -24.4664
2611 -24.4664
2612 -24.4664
2613 -24.4664
2614 -24.4664
2615 -24.4664
2616 -24.4664
2617 -24.4664
2618 -24.4664
2619 -24.4664
2620 -24.4664
2621 -24.4664
2622 -24.4664
2623 -24.4664
2624 -24.4664
2625 -24.4664
2626 -24.4664
2627 -24.4664
2628 -24.4664
2629 -24.4664
2630 -24.4664
2631 -24.4664
2632 -24.4664
2633 -24.4664
2634 -24.4664
2635 -24.4664
2636 -24.4664
2637 -24.4664
2638 -24.4664
2639 -24.4664
2640 -24.4664
2641 -24.4664
2642 -24.4664
2643 -24.4664
2644 -24.4664
2645 -24.4664
2646 -24.4664
2647 -24.4664
2648 -24.4664
2649 -24.4664
2650 -24.4664
2651 -24.4664
2652 -24.4664
2653 -24.4664
2654 -24.4664
2655 -24.4664
2656 -24.4664
2657 -24.4664
2658 -24.4664
2659 -24.4664
2660 -24.4664
2661 -24.4664
2662 -24.4664
2663 -24.4671
2664 -24.4671
2665 -24.4671
2666 -24.4671
2667 -24.4671
2668 -24.4671
2669 -24.4671
2670 -24.4671
2671 -24.4671
2672 -24.4671
2673 -24.4671
2674 -24.4671
2675 -24.4671
2676 -24.4671
2677 -24.4671
2678 -24.472
2679 -24.472
2680 -24.472
2681 -24.472
2682 -24.472
2683 -24.472
2684 -24.472
2685 -24.472
2686 -24.472
2687 -24.472
2688 -24.472
2689 -24.472
2690 -24.472
2691 -24.472
2692 -24.472
2693 -24.472
2694 -24.472
2695 -24.472
2696 -24.472
2697 -24.472
2698 -24.472
2699 -24.472
2700 -24.472
2701 -24.472
2702 -24.472
2703 -24.472
2704 -24.472
2705 -24.472
2706 -24.472
2707 -24.472
2708 -24.472
2709 -24.472
2710 -24.472
2711 -24.472
2712 -24.472
2713 -24.472
2714 -24.472
2715 -24.472
2716 -24.472
2717 -24.472
2718 -24.472
2719 -24.472
2720 -24.472
2721 -24.472
2722 -24.472
2723 -24.472
2724 -24.472
2725 -24.472
2726 -24.472
2727 -24.472
2728 -24.472
2729 -24.472
2730 -24.472
2731 -24.472
2732 -24.472
2733 -24.472
2734 -24.472
2735 -24.472
2736 -24.472
2737 -24.472
2738 -24.472
2739 -24.472
2740 -24.472
2741 -24.472
2742 -24.472
2743 -24.472
2744 -24.472
2745 -24.472
2746 -24.472
2747 -24.472
2748 -24.472
2749 -24.472
2750 -24.472
2751 -24.472
2752 -24.472
2753 -24.472
2754 -24.472
2755 -24.472
2756 -24.472
2757 -24.472
2758 -24.472
2759 -24.472
2760 -24.472
2761 -24.472
2762 -24.472
2763 -24.472
2764 -24.472
2765 -24.472
2766 -24.472
2767 -24.472
2768 -24.472
2769 -24.472
2770 -24.472
2771 -24.472
2772 -24.472
2773 -24.472
2774 -24.472
2775 -24.472
2776 -24.472
2777 -24.472
2778 -24.472
2779 -24.472
2780 -24.472
2781 -24.472
2782 -24.472
2783 -24.472
2784 -24.472
2785 -24.472
2786 -24.472
2787 -24.472
2788 -24.472
2789 -24.472
2790 -24.472
2791 -24.472
2792 -24.472
2793 -24.472
2794 -24.472
2795 -24.472
2796 -24.472
2797 -24.472
2798 -24.472
2799 -24.472
2800 -24.472
2801 -24.472
2802 -24.472
2803 -24.472
2804 -24.472
2805 -24.472
2806 -24.472
2807 -24.472
2808 -24.472
2809 -24.472
2810 -24.472
2811 -24.472
2812 -24.472
2813 -24.472
2814 -24.472
2815 -24.472
2816 -24.472
2817 -24.472
2818 -24.472
2819 -24.472
2820 -24.472
2821 -24.472
2822 -24.472
2823 -24.472
2824 -24.472
2825 -24.472
2826 -24.472
2827 -24.472
2828 -24.472
2829 -24.472
2830 -24.472
2831 -24.472
2832 -24.472
2833 -24.472
2834 -24.472
2835 -24.472
2836 -24.472
2837 -24.472
2838 -24.472
2839 -24.472
2840 -24.472
2841 -24.472
2842 -24.472
2843 -24.472
2844 -24.472
2845 -24.472
2846 -24.472
2847 -24.472
2848 -24.472
2849 -24.472
2850 -24.472
2851 -24.472
2852 -24.472
2853 -24.472
2854 -24.472
2855 -24.472
2856 -24.472
2857 -24.472
2858 -24.472
2859 -24.472
2860 -24.472
2861 -24.472
2862 -24.472
2863 -24.472
2864 -24.472
2865 -24.472
2866 -24.472
2867 -24.472
2868 -24.472
2869 -24.472
2870 -24.472
2871 -24.472
2872 -24.472
2873 -24.472
2874 -24.472
2875 -24.472
2876 -24.472
2877 -24.472
2878 -24.472
2879 -24.472
2880 -24.472
2881 -24.472
2882 -24.472
2883 -24.472
2884 -24.472
2885 -24.472
2886 -24.472
2887 -24.472
2888 -24.472
2889 -24.472
2890 -24.472
2891 -24.472
2892 -24.472
2893 -24.472
2894 -24.472
2895 -24.472
2896 -24.472
2897 -24.472
2898 -24.472
2899 -24.472
2900 -24.4727
2901 -24.4727
2902 -24.4727
2903 -24.4727
2904 -24.4727
2905 -24.4727
2906 -24.4727
2907 -24.4727
2908 -24.4727
2909 -24.4727
2910 -24.4727
2911 -24.4727
2912 -24.4727
2913 -24.4727
2914 -24.4727
2915 -24.4727
2916 -24.4727
2917 -24.4734
2918 -24.4734
2919 -24.4734
2920 -24.4734
2921 -24.4734
2922 -24.4734
2923 -24.4734
2924 -24.4734
2925 -24.4767
2926 -24.4767
2927 -24.4767
2928 -24.4767
2929 -24.4767
2930 -24.477
2931 -24.4777
2932 -24.4777
2933 -24.4777
2934 -24.4777
2935 -24.4777
2936 -24.4777
2937 -24.4777
2938 -24.4777
2939 -24.4777
2940 -24.4777
2941 -24.4777
2942 -24.4777
2943 -24.4777
2944 -24.4777
2945 -24.4777
2946 -24.4777
2947 -24.4777
2948 -24.4777
2949 -24.4777
2950 -24.4777
2951 -24.4777
2952 -24.4777
2953 -24.4792
2954 -24.4792
2955 -24.4792
2956 -24.4792
2957 -24.4792
2958 -24.4792
2959 -24.4792
2960 -24.4792
2961 -24.4792
2962 -24.4792
2963 -24.4792
2964 -24.4792
2965 -24.4792
2966 -24.4792
2967 -24.4792
2968 -24.4792
2969 -24.4792
2970 -24.4792
2971 -24.4792
2972 -24.4792
2973 -24.4792
2974 -24.4792
2975 -24.4792
2976 -24.4792
2977 -24.4792
2978 -24.4792
2979 -24.4792
2980 -24.4792
2981 -24.4792
2982 -24.4792
2983 -24.4792
2984 -24.4792
2985 -24.4792
2986 -24.4792
2987 -24.4792
2988 -24.4792
2989 -24.4792
2990 -24.4792
2991 -24.4792
2992 -24.4792
2993 -24.4792
2994 -24.4792
2995 -24.4792
2996 -24.4792
2997 -24.4792
2998 -24.4792
2999 -24.4792
