0.964571 0.0215351 
0.964571 0.0215516 
0.950342 0.0330033 
0.950342 0.0330033 
0.950342 0.0330033 
0.875967 0.0656994 
0.872999 0.0663074 
0.872999 0.0663074 
0.863522 0.0714181 
0.863522 0.0714181 
0.863522 0.0714181 
0.863522 0.0714181 
0.863522 0.0714181 
0.863522 0.0714181 
0.715404 0.154945 
0.715404 0.154945 
0.713477 0.156069 
0.700626 0.163686 
0.696397 0.172522 
0.675342 0.178994 
0.672623 0.186062 
0.6435 0.198537 
0.6435 0.198605 
0.640596 0.209862 
0.640596 0.209862 
0.640596 0.209862 
0.591422 0.236716 
0.583274 0.237116 
0.583181 0.24212 
0.583181 0.24212 
0.552009 0.261826 
0.544785 0.265471 
0.532609 0.27364 
0.530386 0.283729 
0.530386 0.283729 
0.491234 0.301457 
0.491234 0.301457 
0.491234 0.301493 
0.491234 0.301493 
0.448733 0.330954 
0.448733 0.330954 
0.446324 0.333021 
0.442366 0.335526 
0.442366 0.335526 
0.402642 0.366017 
0.402642 0.366017 
0.402642 0.366072 
0.398483 0.369399 
0.389498 0.38125 
0.370517 0.391832 
0.368902 0.393133 
0.368902 0.393133 
0.336688 0.420114 
0.336688 0.420114 
0.336688 0.420114 
0.321589 0.433236 
0.321589 0.433351 
0.303782 0.449307 
0.303782 0.449307 
0.288886 0.463198 
0.280169 0.471012 
0.280169 0.471012 
0.279008 0.472361 
0.247544 0.502778 
0.247544 0.502778 
0.247544 0.502778 
0.2451 0.505262 
0.226937 0.523933 
0.226937 0.523933 
0.224339 0.52666 
0.20698 0.545459 
0.20698 0.545459 
0.193816 0.560031 
0.193816 0.561761 
0.183076 0.572474 
0.18013 0.577947 
0.162092 0.597794 
0.162092 0.597794 
0.147313 0.616578 
0.147313 0.616738 
0.14134 0.624512 
0.132273 0.636654 
0.125172 0.646648 
0.113407 0.663605 
0.113407 0.663605 
0.107103 0.673179 
0.0964144 0.689893 
0.093822 0.69411 
0.0866656 0.706138 
0.0741847 0.728035 
0.0669563 0.741518 
0.0598647 0.755956 
0.0541795 0.767991 
0.0458852 0.786189 
0.0387366 0.803679 
0.0318431 0.822132 
0.0239447 0.846021 
0.0164109 0.872501 
0.00839795 0.909113 
1.46879e-05 1.02135 
