0.984777 0.00805092 
0.967159 0.0173613 
0.953626 0.0243401 
0.938985 0.0315415 
0.919663 0.0416071 
0.893065 0.055662 
0.880571 0.0625042 
0.860317 0.0729799 
0.850308 0.0820123 
0.827778 0.0908279 
0.811771 0.0997319 
0.797608 0.107589 
0.783744 0.115248 
0.770034 0.123278 
0.754466 0.131786 
0.740162 0.140266 
0.730465 0.148617 
0.714029 0.155535 
0.70114 0.163341 
0.687359 0.171292 
0.676808 0.177867 
0.66232 0.186648 
0.650544 0.193975 
0.640939 0.20147 
0.628218 0.207819 
0.615635 0.215877 
0.604971 0.222549 
0.595696 0.229446 
0.582056 0.237656 
0.571322 0.244649 
0.5619 0.250884 
0.549761 0.259009 
0.540433 0.265382 
0.530228 0.273104 
0.518854 0.280038 
0.509446 0.286803 
0.499816 0.29338 
0.490305 0.300148 
0.483348 0.305528 
0.470713 0.314289 
0.46254 0.320416 
0.451671 0.328294 
0.442686 0.335054 
0.434216 0.341371 
0.424464 0.34879 
0.417121 0.355623 
0.407963 0.361623 
0.398912 0.368807 
0.389553 0.376118 
0.382628 0.381772 
0.373573 0.389164 
0.363859 0.397246 
0.357047 0.402769 
0.348164 0.410125 
0.340601 0.416716 
0.332655 0.423565 
0.32431 0.430954 
0.317107 0.437275 
0.308701 0.444731 
0.300242 0.452461 
0.292555 0.459514 
0.285355 0.466342 
0.277433 0.47355 
0.269827 0.480928 
0.262394 0.488168 
0.254708 0.495818 
0.24751 0.502999 
0.239941 0.510505 
0.229976 0.520851 
0.225199 0.525895 
0.217237 0.534293 
0.21 0.54208 
0.20315 0.549622 
0.195369 0.558464 
0.188282 0.566363 
0.181171 0.574638 
0.1738 0.583608 
0.166804 0.592007 
0.159606 0.600855 
0.15234 0.610085 
0.145134 0.61932 
0.137699 0.629194 
0.13036 0.639265 
0.121903 0.651191 
0.116281 0.659335 
0.108828 0.670417 
0.100764 0.682957 
0.0943354 0.693158 
0.0870801 0.7053 
0.0796436 0.718112 
0.0718836 0.732234 
0.0642553 0.746876 
0.0572163 0.761359 
0.049342 0.778323 
0.0412162 0.797527 
0.0340181 0.816221 
0.025661 0.840393 
0.0172592 0.869011 
0.00891139 0.90616 
1.56643e-05 2.06266 
