0.999616 0.000958456 
0.987859 0.0110105 
0.960636 0.0207308 
0.943598 0.0297792 
0.928482 0.0372069 
0.909609 0.0472168 
0.888922 0.0581461 
0.871685 0.0672055 
0.855814 0.0757585 
0.839292 0.0847418 
0.82376 0.0932478 
0.808838 0.101482 
0.79312 0.110316 
0.780055 0.117818 
0.764031 0.126665 
0.749646 0.134686 
0.736297 0.142614 
0.722489 0.150635 
0.708678 0.158821 
0.696213 0.166265 
0.683517 0.173954 
0.671332 0.181278 
0.657916 0.189759 
0.645853 0.19692 
0.63472 0.203865 
0.62327 0.211024 
0.612047 0.218674 
0.599965 0.226015 
0.589194 0.23317 
0.577969 0.240389 
0.567182 0.247447 
0.556634 0.254521 
0.545308 0.262184 
0.53593 0.268504 
0.525569 0.275637 
0.515392 0.282713 
0.50536 0.289658 
0.495713 0.296298 
0.485644 0.303639 
0.476319 0.310707 
0.466042 0.317748 
0.457366 0.32403 
0.446644 0.332038 
0.438726 0.338128 
0.42985 0.344752 
0.420841 0.35172 
0.412316 0.358302 
0.403298 0.365399 
0.393601 0.372912 
0.385785 0.379343 
0.377344 0.385982 
0.368739 0.393175 
0.360611 0.399894 
0.352172 0.407017 
0.343815 0.414034 
0.336015 0.420905 
0.328101 0.427735 
0.319873 0.434875 
0.311826 0.442034 
0.30366 0.449471 
0.296082 0.456387 
0.288324 0.463451 
0.280321 0.470959 
0.27263 0.47821 
0.265023 0.485583 
0.257574 0.492902 
0.249941 0.50071 
0.242274 0.508066 
0.234383 0.516239 
0.227188 0.52372 
0.219799 0.531524 
0.212429 0.539496 
0.204779 0.547753 
0.197379 0.556045 
0.190157 0.564459 
0.18298 0.572659 
0.175636 0.581432 
0.168289 0.590057 
0.160901 0.599249 
0.153499 0.608508 
0.146615 0.617639 
0.139157 0.627218 
0.131211 0.638117 
0.124556 0.64738 
0.117371 0.657942 
0.110008 0.668606 
0.102667 0.679953 
0.0952662 0.691793 
0.0878272 0.703982 
0.0804958 0.716942 
0.072859 0.730438 
0.0653908 0.744724 
0.0578114 0.760012 
0.0500219 0.776702 
0.0422465 0.794859 
0.0342552 0.81537 
0.0261759 0.838883 
0.0178876 0.866707 
0.00895407 0.906191 
4.5445e-05 0.995261 
