0.999687 0.00122799 
0.986011 0.00822226 
0.962007 0.0210048 
0.962007 0.0210048 
0.923316 0.0402261 
0.905597 0.0494617 
0.898445 0.0583333 
0.872606 0.0669849 
0.855522 0.0762378 
0.83761 0.0856993 
0.823322 0.0935737 
0.809123 0.101417 
0.799463 0.111225 
0.779013 0.118828 
0.762637 0.127802 
0.748559 0.135805 
0.735642 0.143616 
0.722197 0.151155 
0.708919 0.158832 
0.695697 0.166911 
0.681689 0.175199 
0.670214 0.182016 
0.658893 0.18944 
0.646587 0.196671 
0.634234 0.204669 
0.623509 0.211981 
0.610615 0.219487 
0.600198 0.226354 
0.589839 0.233666 
0.577321 0.24103 
0.567051 0.24818 
0.556367 0.255131 
0.545212 0.26218 
0.537755 0.267734 
0.52558 0.27618 
0.514916 0.283193 
0.504887 0.290044 
0.495082 0.296929 
0.485386 0.304326 
0.475563 0.310822 
0.466564 0.317873 
0.457182 0.324864 
0.447889 0.331395 
0.438091 0.33862 
0.429575 0.345245 
0.420522 0.352064 
0.411148 0.359403 
0.40316 0.365592 
0.394267 0.372604 
0.385442 0.379671 
0.377671 0.385992 
0.368887 0.393248 
0.359676 0.4008 
0.351906 0.407232 
0.343891 0.414082 
0.335197 0.421522 
0.32778 0.428129 
0.319488 0.435391 
0.311774 0.44218 
0.303163 0.449914 
0.296021 0.456583 
0.287764 0.464343 
0.280269 0.471191 
0.272519 0.47846 
0.26498 0.485852 
0.256987 0.493584 
0.249727 0.500846 
0.241934 0.50871 
0.234624 0.516153 
0.226934 0.524081 
0.219225 0.532377 
0.211899 0.54022 
0.20484 0.547821 
0.196733 0.556902 
0.189867 0.564858 
0.182875 0.572822 
0.175689 0.58145 
0.167525 0.591136 
0.160815 0.599535 
0.154067 0.607819 
0.146248 0.617949 
0.138895 0.627767 
0.131681 0.637548 
0.124365 0.647815 
0.117108 0.658244 
0.109946 0.668828 
0.10245 0.680375 
0.0951483 0.692047 
0.0875789 0.704571 
0.0795771 0.718431 
0.0727227 0.730904 
0.0651346 0.745283 
0.0573593 0.761003 
0.0499292 0.777163 
0.0420574 0.795436 
0.0342932 0.815494 
0.0258133 0.840099 
0.0177465 0.867334 
0.00888933 0.906425 
1.92042e-05 1.34297 
