0.997005 0.00232971 
0.982506 0.0101481 
0.959068 0.0216883 
0.952692 0.0247859 
0.934986 0.0352893 
0.934986 0.0352893 
0.889939 0.058193 
0.873019 0.0669041 
0.872787 0.0761493 
0.865982 0.084827 
0.818769 0.0959177 
0.812399 0.0993827 
0.812399 0.0993827 
0.778039 0.119085 
0.762475 0.127905 
0.754839 0.132148 
0.73531 0.144042 
0.721519 0.151475 
0.708896 0.159411 
0.702172 0.163609 
0.680768 0.175564 
0.672339 0.18154 
0.651523 0.19371 
0.646413 0.19686 
0.633658 0.205 
0.631867 0.212603 
0.615253 0.218926 
0.601415 0.227771 
0.599204 0.236224 
0.573622 0.243195 
0.564999 0.248808 
0.556401 0.255055 
0.546735 0.261589 
0.543944 0.263561 
0.510286 0.286162 
0.510286 0.286162 
0.505227 0.289918 
0.497553 0.295626 
0.489406 0.301447 
0.47626 0.310504 
0.46571 0.318406 
0.460126 0.322685 
0.445732 0.333197 
0.438771 0.338992 
0.428319 0.346272 
0.417258 0.354555 
0.409826 0.36063 
0.402505 0.366037 
0.394259 0.372741 
0.387894 0.377701 
0.372502 0.390188 
0.368022 0.393938 
0.35834 0.402039 
0.351734 0.407392 
0.347973 0.415411 
0.334203 0.422287 
0.32669 0.428911 
0.311916 0.442056 
0.311276 0.442602 
0.303511 0.449603 
0.295519 0.457073 
0.282715 0.46905 
0.279848 0.471545 
0.272319 0.47892 
0.264169 0.486945 
0.256738 0.493662 
0.249502 0.501333 
0.241807 0.508836 
0.235388 0.516155 
0.224761 0.526522 
0.219117 0.532354 
0.211753 0.540439 
0.20615 0.546597 
0.197115 0.556844 
0.186043 0.56931 
0.183109 0.572792 
0.172172 0.585663 
0.167181 0.591789 
0.160193 0.600561 
0.154434 0.607647 
0.144194 0.620835 
0.139262 0.627377 
0.12961 0.640508 
0.123438 0.649501 
0.116548 0.659332 
0.108098 0.671912 
0.0997618 0.684877 
0.0941077 0.693908 
0.0869972 0.705595 
0.0802161 0.717291 
0.0719417 0.732718 
0.0645326 0.746766 
0.0567961 0.76216 
0.0487407 0.779775 
0.0412682 0.797543 
0.0338711 0.816594 
0.0254063 0.841131 
0.017378 0.868716 
0.00883508 0.907971 
2.74291e-05 1.06936 
