9.51816e-07 0.999025 
0.851882 -0.773368 
0.82337 -0.459035 
0.652496 -0.458262 
0.61884 -0.13193 
0.453524 -0.124187 
0.409759 0.236202 
0.257532 0.242168 
0.182266 0.669446 
0.0825379 0.669665 
0.00634288 0.919106 
0.000369342 0.98078 
0.827333 -0.535856 
0.837061 -0.683768 
0.839997 -0.715371 
0.212797 0.45544 
0.0671596 0.683214 
0.833711 -0.63999 
0.829891 -0.580703 
0.845637 -0.75729 
0.238888 0.286759 
0.411333 0.21527 
0.193347 0.600416 
0.0195172 0.849068 
0.0589922 0.700464 
0.216134 0.430182 
0.419629 0.109539 
0.44077 -0.0862753 
0.842268 -0.735294 
0.0150517 0.87046 
0.234917 0.306284 
0.426139 0.0353031 
0.824874 -0.489186 
0.62371 -0.212551 
0.417382 0.137195 
0.413448 0.187481 
0.835328 -0.662112 
0.0336466 0.787268 
0.0231853 0.832311 
0.828298 -0.553242 
0.620306 -0.157015 
0.629049 -0.290761 
0.0383589 0.768326 
0.625538 -0.240642 
0.196607 0.577514 
0.243629 0.267646 
0.231598 0.324792 
0.424011 0.0584806 
0.646489 -0.446607 
0.0463705 0.738604 
0.185549 0.650622 
0.437229 -0.0637372 
0.223516 0.37672 
0.220829 0.395669 
0.0418687 0.754874 
0.636814 -0.380959 
0.630917 -0.315198 
0.22874 0.342144 
0.209869 0.477853 
0.638978 -0.400412 
0.200899 0.546112 
0.0746653 0.673403 
0.226073 0.359374 
0.0271537 0.81478 
0.433117 -0.0317213 
0.203508 0.526501 
0.190389 0.620291 
0.205547 0.510991 
0.218477 0.412769 
0.00975858 0.898272 
0.0504311 0.725007 
0.621473 -0.176493 
0.0547166 0.711971 
0.208081 0.491582 
0.247555 0.255626 
0.428089 0.0151049 
0.634973 -0.362365 
0.030167 0.801816 
0.622613 -0.195096 
0.435382 -0.0501082 
0.446789 -0.112941 
0.188197 0.634378 
0.198718 0.562223 
0.643034 -0.429594 
0.627687 -0.271952 
0.416108 0.153239 
0.414685 0.171447 
0.43112 -0.0140807 
0.831705 -0.610052 
0.444159 -0.103154 
0.421187 0.0909105 
0.0118893 0.886626 
0.42244 0.0762995 
0.633517 -0.346395 
0.641196 -0.417576 
0.632157 -0.330495 
0.626577 -0.256024 
0.429568 0.000518589 
0.252983 0.245153 
0.824874 -0.489186 
