0.852474 -0.771474 
0 1.00256 
0.652819 -0.456342 
0.823775 -0.463576 
0.618431 -0.122796 
0.453486 -0.121935 
0.409378 0.243965 
0.255665 0.245208 
0.18275 0.668944 
0.0869061 0.67366 
0.0719366 0.680426 
0.0583086 0.708265 
0.189372 0.630838 
0.0230411 0.836423 
0.0362994 0.780817 
0.0484013 0.745006 
0.0402261 0.765033 
0.0183072 0.85784 
0.202001 0.546427 
0.193018 0.606138 
0.840788 -0.718245 
0.0519676 0.727593 
0.00486234 0.935639 
0.834446 -0.648082 
0.204726 0.521484 
0.245266 0.267097 
0.837878 -0.690549 
0.00728393 0.917603 
0.62765 -0.269452 
0.619911 -0.146628 
0.832713 -0.623593 
0.0110453 0.893971 
0.216178 0.431987 
0.199909 0.569621 
0.228844 0.346054 
0.82878 -0.559717 
0.413733 0.186924 
0.436051 -0.0516396 
0.633695 -0.346279 
0.635869 -0.369725 
0.423584 0.0657629 
0.0140642 0.87811 
0.226216 0.366868 
0.19574 0.586703 
0.625992 -0.244325 
0.0317278 0.809818 
0.83636 -0.672285 
0.421466 0.0901784 
0.231872 0.325705 
0.82742 -0.534112 
0.8313 -0.60086 
0.213385 0.455772 
0.825272 -0.495244 
0.415275 0.166097 
0.641872 -0.420044 
0.621501 -0.17026 
0.830094 -0.581359 
0.240562 0.283436 
0.411828 0.211445 
0.62926 -0.291476 
0.418327 0.12762 
0.447434 -0.1119 
0.416919 0.146587 
0.0280859 0.8134 
0.00161569 0.962647 
0.222778 0.384501 
0.631959 -0.32601 
0.419974 0.107605 
0.428173 0.0169268 
0.251679 0.250774 
0.443586 -0.0974091 
0.826409 -0.516628 
0.433396 -0.0317858 
0.00101863 0.972118 
0.638104 -0.388639 
0.207193 0.501333 
0.623569 -0.207243 
0.62469 -0.225871 
0.429948 -0.000278077 
0.21873 0.413352 
0.622381 -0.18835 
0.211281 0.469407 
0.4389 -0.0724277 
0.209532 0.489023 
0.235365 0.310527 
0.630553 -0.30878 
0.847588 -0.763655 
0.639725 -0.40475 
0.43171 -0.0173567 
0.843 -0.737262 
0.0854781 0.674321 
0.237349 0.296676 
0.410638 0.226372 
0.220678 0.39973 
0.844561 -0.748575 
0.426325 0.0358835 
0.425281 0.0467178 
0.824203 -0.474 
0.440531 -0.0827761 
0.645384 -0.439882 
