0.851796 -0.771105 
0 1.00359 
0.6522 -0.455538 
0.823491 -0.457768 
0.618846 -0.129283 
0.45237 -0.12107 
0.40941 0.243726 
0.258232 0.245121 
0.183983 0.668757 
0.0789087 0.674245 
0.192878 0.609256 
0.187854 0.646607 
0.624226 -0.217898 
0.828221 -0.535644 
0.42343 0.0693212 
0.239036 0.290926 
0.196162 0.583396 
0.429693 0.0022808 
0.00615417 0.927241 
0.0522572 0.723313 
0.622538 -0.191391 
0.41574 0.160884 
0.0698726 0.68271 
0.0145855 0.876261 
0.0406394 0.768122 
0.833475 -0.625024 
0.439744 -0.0765713 
0.626038 -0.245645 
0.835082 -0.65219 
0.443569 -0.096251 
0.00194247 0.959475 
0.234842 0.311771 
0.640547 -0.409764 
0.836302 -0.671851 
0.432751 -0.0202626 
0.426145 0.0394424 
0.0299078 0.811581 
0.0579015 0.706929 
0.829041 -0.563966 
0.831895 -0.605002 
0.019162 0.859989 
0.208746 0.491182 
0.062875 0.694895 
0.199653 0.564915 
0.201902 0.546911 
0.0115923 0.898225 
0.436666 -0.0572328 
0.410766 0.225526 
0.243603 0.271448 
0.210965 0.472452 
0.414545 0.186837 
0.838426 -0.696839 
0.229055 0.345788 
0.830106 -0.581887 
0.412846 0.202755 
0.0261405 0.832024 
0.231716 0.327488 
0.6212 -0.168825 
0.634703 -0.35601 
0.638017 -0.388782 
0.434729 -0.0388047 
0.646341 -0.440384 
0.427522 0.0266319 
0.628649 -0.281752 
0.620084 -0.150872 
0.0327325 0.794827 
0.8261 -0.510419 
0.206679 0.513341 
0.63031 -0.302839 
0.213894 0.454004 
0.421789 0.0899705 
0.226185 0.362973 
0.204005 0.525653 
0.824491 -0.477058 
0.0372231 0.782434 
0.4477 -0.112621 
0.633022 -0.334851 
0.643438 -0.429163 
0.215532 0.43792 
0.846783 -0.760377 
0.0227677 0.843231 
0.417558 0.138809 
0.842062 -0.730162 
0.045557 0.745886 
0.627348 -0.264502 
0.420162 0.106429 
0.0022796 0.955963 
0.839935 -0.711488 
0.00861214 0.912075 
0.84396 -0.744879 
0.636352 -0.373216 
0.218017 0.420001 
0.219857 0.408502 
0.222496 0.391052 
0.418617 0.124803 
0.251484 0.250601 
0.631518 -0.319881 
0.247214 0.259913 
0.825759 -0.496423 
0.0470871 0.739897 
