0 1 
0.851834 -0.773369 
0.823332 -0.458271 
0.652504 -0.458263 
0.453836 -0.124218 
0.618399 -0.124258 
0.40933 0.241937 
0.257763 0.242161 
0.18223 0.669648 
0.0829863 0.669652 
0.840386 -0.719073 
0.226006 0.359816 
0.421883 0.08275 
0.843847 -0.746744 
0.411669 0.210826 
0.424224 0.0561071 
0.218392 0.413391 
0.419671 0.109025 
0.622174 -0.187985 
0.447143 -0.114031 
0.185911 0.64845 
0.0180657 0.85588 
0.626443 -0.254057 
0.0228829 0.83366 
0.00471275 0.930655 
0.00786442 0.909395 
0.00218586 0.953097 
0.23018 0.333247 
0.640867 -0.41521 
0.206081 0.506906 
0.441946 -0.0926656 
0.21505 0.438331 
0.620553 -0.161166 
0.827641 -0.54147 
0.628144 -0.278353 
0.837724 -0.691468 
0.0302867 0.801308 
0.830321 -0.587844 
0.0348559 0.782318 
0.828992 -0.565388 
0.000528055 0.977012 
0.0113896 0.889289 
0.0615229 0.694426 
0.208987 0.484624 
0.0474544 0.734857 
0.417858 0.131262 
0.0423367 0.753125 
0.193615 0.598559 
0.426313 0.0334481 
0.638121 -0.393025 
0.433947 -0.0386727 
0.624815 -0.229681 
0.436779 -0.0605379 
0.0563313 0.707437 
0.629767 -0.300353 
0.0264646 0.817766 
0.0146935 0.872239 
0.62362 -0.21114 
0.416176 0.152373 
0.203406 0.527273 
0.826346 -0.517536 
0.201241 0.54356 
0.189165 0.628225 
0.644022 -0.435208 
0.0515174 0.721567 
0.631274 -0.319678 
0.632931 -0.339656 
0.824296 -0.477733 
0.413181 0.19096 
0.196828 0.575932 
0.414667 0.171673 
0.429888 -0.00255425 
0.0387288 0.766878 
0.241707 0.274811 
0.246 0.259957 
0.0683588 0.681244 
0.431958 -0.0216462 
0.825404 -0.499527 
0.222956 0.380608 
0.428089 0.0151094 
0.84767 -0.766089 
0.634597 -0.358356 
0.439143 -0.0765237 
0.232592 0.319052 
0.235742 0.301981 
0.250633 0.248783 
0.221115 0.393621 
0.0734255 0.674605 
0.636277 -0.375725 
0.833947 -0.643337 
0.198532 0.563585 
0.619328 -0.140346 
0.646978 -0.448413 
0.831849 -0.612294 
0.238435 0.28883 
0.191375 0.613759 
0.211288 0.466973 
0.836295 -0.674457 
0.212797 0.455439 
0.835177 -0.660122 
