6.35107e-37 1.1261 
0.850276 -0.766645 
0.823773 -0.466028 
0.652234 -0.457094 
0.618677 -0.127892 
0.452019 -0.121313 
0.40948 0.242139 
0.257326 0.244468 
0.183925 0.668795 
0.0810689 0.672579 
0.000227412 1.11056 
0.000394117 0.983694 
0.0118948 0.891827 
0.239598 0.287243 
0.833943 -0.640806 
0.831634 -0.607751 
0.0327507 0.797767 
0.841153 -0.71355 
0.0170001 0.863241 
0.629684 -0.280466 
0.626897 -0.258753 
0.84441 -0.737436 
0.838638 -0.686463 
0.234695 0.311849 
0.245065 0.266268 
0.211992 0.464702 
0.830275 -0.582896 
0.00798184 0.916172 
0.0273257 0.82316 
0.836026 -0.665376 
0.620573 -0.155258 
0.219627 0.407507 
0.0603615 0.700097 
0.411268 0.218291 
0.195082 0.593681 
0.0459814 0.745747 
0.423379 0.0679455 
0.421235 0.0923659 
0.630849 -0.311492 
0.204895 0.519684 
0.428832 0.0110522 
0.0402838 0.786153 
0.0405344 0.761999 
0.826341 -0.486644 
0.0523378 0.723913 
0.41631 0.154058 
0.445546 -0.106748 
0.413375 0.19637 
0.192036 0.612711 
0.82798 -0.532011 
0.625138 -0.229117 
0.431269 -0.0125682 
0.186856 0.646619 
0.250255 0.25226 
0.227256 0.355584 
0.827013 -0.511276 
0.414659 0.175202 
0.19798 0.571518 
0.418894 0.133603 
0.435476 -0.0485691 
0.64697 -0.445529 
0.207776 0.501506 
0.20229 0.54246 
0.231588 0.328593 
0.215699 0.438938 
0.419486 0.112953 
0.069939 0.684586 
0.621586 -0.176778 
0.209572 0.482473 
0.00475909 0.952231 
0.643347 -0.428897 
0.191245 0.635555 
0.433046 -0.029301 
0.425349 0.0473142 
0.0210676 0.849194 
0.638695 -0.395713 
0.427081 0.0312193 
0.622869 -0.196407 
0.636661 -0.378234 
0.641452 -0.411906 
0.00503108 0.932809 
0.847223 -0.759791 
0.223255 0.382545 
0.00108773 0.969957 
0.442364 -0.0919428 
0.216782 0.428684 
0.438131 -0.0660992 
0.0236275 0.833593 
0.632432 -0.327654 
0.635129 -0.360069 
0.200215 0.556409 
0.633563 -0.345414 
0.623979 -0.215169 
0.0634618 0.694207 
0.0756592 0.675031 
0.228868 0.345984 
0.0505792 0.730079 
0.439897 -0.0787046 
0.222942 0.387259 
0.828612 -0.557917 
