0 1.00632 
0.851826 -0.770166 
0.652537 -0.454811 
0.823491 -0.457727 
0.453173 -0.120478 
0.61841 -0.121063 
0.253047 0.249434 
0.409358 0.245451 
0.0903332 0.677269 
0.182109 0.675011 
0.0740425 0.679951 
0.037469 0.78841 
0.2009 0.553844 
0.0218065 0.844033 
0.0097574 0.909982 
0.828295 -0.549877 
0.204362 0.524443 
0.00264566 0.954785 
0.00529538 0.931513 
0.0175676 0.867984 
0.634914 -0.35779 
0.231449 0.332127 
0.0132347 0.885482 
0.645775 -0.439498 
0.637965 -0.385325 
0.0423916 0.762195 
0.000978036 0.983048 
0.234954 0.311396 
0.0267106 0.822044 
0.0514759 0.735319 
0.62394 -0.210311 
0.0307976 0.806193 
0.621876 -0.177944 
0.197532 0.577138 
0.824682 -0.48167 
0.23898 0.291136 
0.429143 0.0124099 
0.065656 0.696678 
0.846357 -0.757791 
0.21566 0.438359 
0.423363 0.0727471 
0.418143 0.13708 
0.0561629 0.713544 
0.426599 0.0373261 
0.843047 -0.737722 
0.195019 0.597358 
0.411851 0.212006 
0.834629 -0.648689 
0.419877 0.113561 
0.421191 0.095351 
0.413485 0.192202 
0.432929 -0.0251652 
0.243396 0.27356 
0.633057 -0.33638 
0.641929 -0.418844 
0.218405 0.418126 
0.227541 0.355024 
0.832977 -0.625922 
0.826732 -0.521351 
0.223506 0.383997 
0.0474035 0.751752 
0.431449 -0.00613484 
0.628483 -0.279495 
0.619708 -0.139705 
0.220571 0.401997 
0.63017 -0.301495 
0.841197 -0.719573 
0.248069 0.262978 
0.209147 0.491762 
0.82608 -0.508086 
0.836141 -0.667788 
0.829832 -0.576481 
0.620761 -0.160993 
0.208665 0.50905 
0.83181 -0.608024 
0.188272 0.648734 
0.211433 0.470594 
0.425185 0.0532112 
0.191628 0.62994 
0.639987 -0.404962 
0.415359 0.171524 
0.213424 0.458453 
0.63153 -0.317768 
0.83935 -0.700936 
0.624911 -0.227776 
0.416202 0.156188 
0.837837 -0.685774 
0.626334 -0.24586 
0.193099 0.616779 
0.441395 -0.085681 
0.435422 -0.0452026 
0.185107 0.6586 
0.439706 -0.0751458 
0.436811 -0.0562525 
0.410529 0.234774 
0.627607 -0.261934 
0.44529 -0.103001 
0.226058 0.367473 
0.0602722 0.704437 
0.830564 -0.588612 
