0 1 
0.851833 -0.773369 
0.823332 -0.458266 
0.652483 -0.458263 
0.618499 -0.125999 
0.453885 -0.124218 
0.409314 0.242157 
0.257774 0.242161 
0.182249 0.669541 
0.0829122 0.669653 
0.0617624 0.693886 
0.632889 -0.339165 
0.0720922 0.676085 
0.630246 -0.306607 
0.427409 0.0220272 
0.0152677 0.869392 
0.824791 -0.487563 
0.0405161 0.759983 
0.046192 0.739215 
0.0208169 0.843056 
0.421913 0.0824036 
0.835249 -0.661075 
0.0281209 0.810572 
0.837496 -0.688857 
0.846289 -0.760483 
0.827353 -0.536226 
0.240669 0.279018 
0.430287 -0.00634187 
0.82603 -0.511547 
0.245983 0.260005 
0.219754 0.403431 
0.635234 -0.365119 
0.0546728 0.712093 
0.18622 0.646587 
0.2 0.552786 
0.197231 0.573032 
0.210012 0.476753 
0.222972 0.380495 
0.0326256 0.791489 
0.191653 0.611904 
0.212436 0.458191 
0.194492 0.592474 
0.842479 -0.736936 
0.236922 0.29605 
0.202632 0.533115 
0.833716 -0.640056 
0.41733 0.137838 
0.00388453 0.937212 
0.831181 -0.601795 
0.233531 0.313785 
0.0362507 0.776683 
0.207198 0.498354 
0.624603 -0.226439 
0.000506833 0.977479 
0.0237779 0.829643 
0.00190436 0.956247 
0.215223 0.437031 
0.623201 -0.204508 
0.230586 0.330796 
0.00656831 0.917609 
0.625936 -0.246581 
0.43645 -0.0581466 
0.188723 0.631048 
0.628538 -0.283798 
0.829615 -0.57606 
0.646393 -0.446234 
0.0122413 0.884767 
0.424017 0.0584076 
0.620777 -0.164923 
0.434027 -0.0393226 
0.0508899 0.723542 
0.00912084 0.901919 
0.621984 -0.184883 
0.828753 -0.561242 
0.227776 0.348264 
0.205095 0.514437 
0.63703 -0.38302 
0.619589 -0.144829 
0.832266 -0.618688 
0.425312 0.0441631 
0.217321 0.421318 
0.410911 0.220872 
0.627328 -0.266853 
0.251112 0.24793 
0.225345 0.364231 
0.643404 -0.431766 
0.639038 -0.400916 
0.444433 -0.104312 
0.413484 0.187003 
0.432055 -0.0225066 
0.441173 -0.0885292 
0.438926 -0.0751448 
0.640977 -0.41601 
0.839347 -0.708934 
0.447805 -0.115922 
0.412097 0.20518 
0.415955 0.155183 
0.414807 0.169871 
0.419867 0.106662 
0.419288 0.113668 
