0.851432 -0.766396 
0 1.00953 
0.82393 -0.464294 
0.651623 -0.451137 
0.618765 -0.123399 
0.454472 -0.116154 
0.409431 0.249904 
0.257344 0.250877 
0.0809337 0.679365 
0.184942 0.66292 
0.0441476 0.759295 
0.0334858 0.803466 
0.068696 0.69848 
0.243429 0.280794 
0.219733 0.415399 
0.187729 0.646012 
0.621546 -0.169933 
0.623429 -0.201704 
0.249495 0.259318 
0.216309 0.438392 
0.0533473 0.735415 
0.213477 0.461141 
0.197039 0.58701 
0.825482 -0.492191 
0.00309185 0.955171 
0.841243 -0.718112 
0.831336 -0.585241 
0.223018 0.390477 
0.838512 -0.692515 
0.826592 -0.51556 
0.063009 0.717217 
0.0190035 0.86217 
0.200815 0.565398 
0.843505 -0.737805 
0.238437 0.30453 
0.620268 -0.148788 
0.831973 -0.605976 
0.836923 -0.672623 
0.635824 -0.363779 
0.428278 0.024047 
0.829809 -0.554934 
0.210272 0.484283 
0.638473 -0.387339 
0.0287759 0.822007 
0.193164 0.619595 
0.833638 -0.632268 
0.6278 -0.257935 
0.629343 -0.283565 
0.425716 0.0485133 
0.645906 -0.4349 
0.835602 -0.647066 
0.413864 0.195568 
0.429873 0.00610158 
0.828588 -0.540085 
0.00720194 0.933112 
0.624755 -0.22232 
0.847278 -0.758272 
0.411218 0.225491 
0.208016 0.500467 
0.640558 -0.40452 
0.0167331 0.886482 
0.445695 -0.095592 
0.205714 0.519059 
0.232287 0.333329 
0.415374 0.170299 
0.626186 -0.241759 
0.432214 -0.014626 
0.234754 0.315135 
0.643041 -0.421813 
0.634143 -0.34515 
0.194888 0.610724 
0.423228 0.0805181 
0.441644 -0.0815414 
0.448808 -0.109412 
0.229541 0.346528 
0.0553784 0.724043 
0.0228009 0.846228 
0.225561 0.372155 
0.203617 0.547971 
0.63078 -0.299601 
0.424396 0.0631936 
0.417755 0.141823 
0.0254976 0.837372 
0.418862 0.127039 
0.0105223 0.906235 
0.439336 -0.0695093 
0.421749 0.0976096 
0.420196 0.110295 
0.000916637 0.985002 
0.412416 0.211268 
0.437568 -0.053753 
0.434298 -0.0265661 
0.00117103 0.976528 
0.632919 -0.328336 
0.435551 -0.0423147 
0.227236 0.361336 
0.00800498 0.919408 
0.41627 0.158334 
0.20367 0.534047 
0.631594 -0.316137 
