0 1.0032 
0.851994 -0.771353 
0.652638 -0.455856 
0.823842 -0.466568 
0.452371 -0.120897 
0.618677 -0.125601 
0.410446 0.229339 
0.256864 0.245164 
0.0924539 0.677675 
0.185756 0.673057 
0.0723261 0.67865 
0.192632 0.618086 
0.414262 0.181812 
0.040278 0.764513 
0.0354586 0.788603 
0.640121 -0.402494 
0.0136102 0.881887 
0.00956039 0.907361 
0.217946 0.42045 
0.636841 -0.378569 
0.845754 -0.754358 
0.832291 -0.610649 
0.412107 0.207984 
0.200723 0.550137 
0.842372 -0.734107 
0.237566 0.299257 
0.206162 0.50874 
0.427558 0.0248736 
0.436957 -0.0577052 
0.204613 0.535829 
0.642828 -0.426086 
0.195411 0.589844 
0.629765 -0.292863 
0.416161 0.155499 
0.446281 -0.107941 
0.42983 0.00472531 
0.836505 -0.674406 
0.434094 -0.0334378 
0.197856 0.57652 
0.634648 -0.356201 
0.646652 -0.441347 
0.624488 -0.21904 
0.631476 -0.319455 
0.00063425 0.981708 
0.0020892 0.958237 
0.42546 0.0488158 
0.626093 -0.246571 
0.0237845 0.836197 
0.250699 0.251729 
0.221168 0.396121 
0.830732 -0.585671 
0.431823 -0.0174221 
0.423643 0.0653269 
0.442307 -0.0905989 
0.1885 0.6367 
0.839963 -0.712238 
0.833627 -0.63557 
0.244571 0.267454 
0.62078 -0.162445 
0.242139 0.280383 
0.23449 0.318488 
0.216803 0.445806 
0.017566 0.864997 
0.225876 0.364433 
0.0275004 0.816993 
0.828234 -0.549927 
0.838352 -0.695693 
0.622288 -0.181487 
0.0309283 0.805848 
0.834862 -0.651901 
0.0475919 0.737586 
0.439442 -0.075335 
0.00683242 0.926629 
0.0680578 0.696785 
0.0533089 0.720528 
0.230935 0.331724 
0.632855 -0.336128 
0.228849 0.350133 
0.211608 0.477363 
0.208781 0.490808 
0.419068 0.120312 
0.21306 0.45654 
0.0472677 0.752301 
0.623524 -0.20172 
0.18592 0.650932 
0.422594 0.0897405 
0.0225414 0.854583 
0.223199 0.38397 
0.00457253 0.940792 
0.417682 0.137576 
0.619511 -0.140869 
0.829535 -0.569166 
0.825617 -0.500206 
0.0611287 0.69896 
0.827255 -0.52882 
0.420731 0.101263 
0.0563242 0.712375 
0.8248 -0.477404 
0.628232 -0.274432 
0.627147 -0.261529 
