0.851844 -0.773369 
0 1 
0.652513 -0.458263 
0.82336 -0.458833 
0.618398 -0.124242 
0.453923 -0.124218 
0.409336 0.241858 
0.257758 0.242161 
0.182232 0.669636 
0.0830168 0.669652 
0.619987 -0.151602 
0.831055 -0.599779 
0.41168 0.210685 
0.194335 0.59357 
0.415434 0.161832 
0.833119 -0.631435 
0.623077 -0.202523 
0.621621 -0.178928 
0.826894 -0.527776 
0.0385202 0.767692 
0.413193 0.1908 
0.82851 -0.55699 
0.0180819 0.855803 
0.0230876 0.832738 
0.0563248 0.707455 
0.446028 -0.110413 
0.631888 -0.327243 
0.197286 0.572629 
0.220991 0.394504 
0.0335023 0.787861 
0.18531 0.652042 
0.624824 -0.229819 
0.824596 -0.483696 
0.442166 -0.0937955 
0.417129 0.140355 
0.0620626 0.693217 
0.224515 0.369853 
0.630132 -0.305133 
0.0429519 0.750848 
0.418964 0.11762 
0.43872 -0.0738175 
0.232331 0.320544 
0.42244 0.0763047 
0.825733 -0.50586 
0.645617 -0.44301 
0.420616 0.0976798 
0.433684 -0.0364908 
0.829753 -0.578385 
0.0116751 0.887762 
0.200192 0.551362 
0.436224 -0.0564754 
0.634005 -0.35188 
0.834499 -0.650999 
0.000524672 0.977086 
0.0683416 0.681271 
0.190736 0.617994 
0.204812 0.516595 
0.0506236 0.724389 
0.836124 -0.672327 
0.00833613 0.906539 
0.238157 0.290125 
0.228705 0.342366 
0.841525 -0.729208 
0.248212 0.253972 
0.2072 0.49834 
0.839481 -0.71028 
0.424226 0.0560788 
0.427765 0.0183809 
0.843936 -0.747329 
0.218594 0.411906 
0.188976 0.629433 
0.0147711 0.871852 
0.425922 0.0376068 
0.8377 -0.691193 
0.209538 0.480398 
0.431551 -0.0179995 
0.00186087 0.956753 
0.20235 0.535244 
0.429646 -0.000237119 
0.0297147 0.803738 
0.628543 -0.283871 
0.211792 0.463118 
0.216168 0.429925 
0.0265818 0.817254 
0.00365063 0.939162 
0.241951 0.273858 
0.626143 -0.249651 
0.234964 0.306034 
0.846967 -0.763434 
0.0472516 0.73555 
0.00585772 0.922392 
0.214029 0.44606 
0.0750187 0.67309 
0.640563 -0.412971 
0.642991 -0.429335 
0.627348 -0.267143 
0.63543 -0.367159 
0.63704 -0.383112 
0.638656 -0.397687 
0.226704 0.355212 
