0.981684 0
0.981389 1.60641e-05
0.981089 6.42547e-05
0.980785 0.000144567
0.980476 0.000256994
0.980164 0.000401524
0.979847 0.000578144
0.979525 0.000786836
0.979199 0.00102758
0.978869 0.00130035
0.978534 0.00160513
0.978194 0.00194188
0.97785 0.00231057
0.977501 0.00271117
0.977148 0.00314363
0.976789 0.00360792
0.976426 0.00410399
0.976057 0.00463179
0.975684 0.00519128
0.975306 0.00578239
0.974923 0.00640508
0.974534 0.00705927
0.97414 0.00774492
0.973741 0.00846195
0.973337 0.0092103
0.972928 0.00998989
0.972513 0.0108006
0.972092 0.0116425
0.971666 0.0125154
0.971235 0.0134191
0.970797 0.0143538
0.970354 0.0153191
0.969906 0.0163152
0.969451 0.0173418
0.968991 0.0183988
0.968525 0.0194863
0.968053 0.020604
0.967574 0.0217518
0.96709 0.0229297
0.966599 0.0241376
0.966103 0.0253752
0.9656 0.0266426
0.96509 0.0279395
0.964575 0.0292659
0.964052 0.0306216
0.963524 0.0320066
0.962988 0.0334206
0.962446 0.0348636
0.961897 0.0363353
0.961342 0.0378358
0.96078 0.0393647
0.96021 0.0409221
0.959634 0.0425077
0.959051 0.0441214
0.958461 0.045763
0.957863 0.0474324
0.957258 0.0491294
0.956646 0.0508539
0.956027 0.0526057
0.9554 0.0543847
0.954766 0.0561907
0.954124 0.0580234
0.953475 0.0598828
0.952818 0.0617687
0.952153 0.0636809
0.95148 0.0656192
0.9508 0.0675835
0.950111 0.0695735
0.949415 0.0715891
0.94871 0.0736301
0.947998 0.0756963
0.947277 0.0777875
0.946548 0.0799035
0.94581 0.0820442
0.945064 0.0842094
0.94431 0.0863988
0.943547 0.0886122
0.942776 0.0908495
0.941995 0.0931104
0.941206 0.0953948
0.940409 0.0977024
0.939602 0.100033
0.938786 0.102386
0.937962 0.104762
0.937128 0.107161
0.936285 0.109582
0.935433 0.112024
0.934572 0.114489
0.933701 0.116974
0.932821 0.119482
0.931931 0.12201
0.931032 0.124559
0.930123 0.127129
0.929204 0.129719
0.928276 0.132329
0.927338 0.13496
0.92639 0.13761
0.925432 0.14028
0.924463 0.142968
0.923485 0.145676
0.922497 0.148403
0.921498 0.151148
0.920489 0.153912
0.91947 0.156694
0.91844 0.159493
0.9174 0.16231
0.916349 0.165145
0.915287 0.167997
0.914215 0.170865
0.913132 0.173751
0.912038 0.176652
0.910933 0.17957
0.909817 0.182504
0.90869 0.185453
0.907553 0.188418
0.906403 0.191398
0.905243 0.194393
0.904071 0.197403
0.902888 0.200427
0.901694 0.203466
0.900488 0.206518
0.89927 0.209584
0.898041 0.212663
0.896801 0.215756
0.895548 0.218862
0.894284 0.22198
0.893007 0.225111
0.891719 0.228254
0.890419 0.231409
0.889107 0.234575
0.887783 0.237753
0.886446 0.240942
0.885097 0.244143
0.883736 0.247353
0.882363 0.250575
0.880977 0.253806
0.879579 0.257048
0.878168 0.260299
0.876745 0.263559
0.875309 0.266829
0.873861 0.270108
0.8724 0.273395
0.870925 0.276691
0.869439 0.279995
0.867939 0.283307
0.866426 0.286626
0.8649 0.289953
0.863362 0.293287
0.86181 0.296628
0.860245 0.299976
0.858667 0.303331
0.857075 0.306691
0.855471 0.310058
0.853853 0.31343
0.852221 0.316807
0.850577 0.32019
0.848919 0.323578
0.847247 0.326971
0.845562 0.330368
0.843863 0.333769
0.84215 0.337174
0.840424 0.340584
0.838685 0.343996
0.836931 0.347412
0.835164 0.350831
0.833383 0.354253
0.831588 0.357678
0.829779 0.361104
0.827957 0.364533
0.82612 0.367964
0.82427 0.371397
0.822405 0.374831
0.820527 0.378266
0.818634 0.381702
0.816727 0.385139
0.814807 0.388577
0.812872 0.392015
0.810923 0.395453
0.80896 0.39889
0.806982 0.402328
0.804991 0.405765
0.802985 0.409201
0.800965 0.412636
0.798931 0.41607
0.796882 0.419502
0.794819 0.422933
0.792742 0.426362
0.790651 0.429789
0.788545 0.433214
0.786425 0.436636
0.784291 0.440055
0.782142 0.443472
0.779979 0.446886
0.777802 0.450296
0.77561 0.453703
0.773404 0.457106
0.771184 0.460505
0.768949 0.4639
0.7667 0.467291
0.764437 0.470678
0.762159 0.47406
0.759868 0.477437
0.757561 0.480809
0.755241 0.484176
0.752906 0.487537
0.750557 0.490893
0.748194 0.494244
0.745816 0.497588
0.743424 0.500926
0.741018 0.504258
0.738598 0.507584
0.736164 0.510903
0.733716 0.514215
0.731253 0.51752
0.728777 0.520818
0.726287 0.524109
0.723782 0.527393
0.721264 0.530669
0.718731 0.533937
0.716185 0.537197
0.713625 0.54045
0.711051 0.543694
0.708463 0.54693
0.705862 0.550157
0.703247 0.553375
0.700618 0.556585
0.697976 0.559786
0.69532 0.562978
0.692651 0.566161
0.689968 0.569334
0.687272 0.572498
0.684562 0.575652
0.68184 0.578796
0.679104 0.581931
0.676355 0.585056
0.673593 0.58817
0.670818 0.591274
0.66803 0.594368
0.665229 0.597452
0.662415 0.600524
0.659589 0.603587
0.65675 0.606638
0.653899 0.609678
0.651035 0.612707
0.648158 0.615725
0.64527 0.618732
0.642369 0.621728
0.639456 0.624712
0.636531 0.627684
0.633594 0.630645
0.630645 0.633594
0.627684 0.636531
0.624712 0.639456
0.621728 0.642369
0.618732 0.64527
0.615725 0.648158
0.612707 0.651035
0.609678 0.653899
0.606638 0.65675
0.603587 0.659589
0.600524 0.662415
0.597452 0.665229
0.594368 0.66803
0.591274 0.670818
0.58817 0.673593
0.585056 0.676355
0.581931 0.679104
0.578796 0.68184
0.575652 0.684562
0.572498 0.687272
0.569334 0.689968
0.566161 0.692651
0.562978 0.69532
0.559786 0.697976
0.556585 0.700618
0.553375 0.703247
0.550157 0.705862
0.54693 0.708463
0.543694 0.711051
0.54045 0.713625
0.537197 0.716185
0.533937 0.718731
0.530669 0.721264
0.527393 0.723782
0.524109 0.726287
0.520818 0.728777
0.51752 0.731253
0.514215 0.733716
0.510903 0.736164
0.507584 0.738598
0.504258 0.741018
0.500926 0.743424
0.497588 0.745816
0.494244 0.748194
0.490893 0.750557
0.487537 0.752906
0.484176 0.755241
0.480809 0.757561
0.477437 0.759868
0.47406 0.762159
0.470678 0.764437
0.467291 0.7667
0.4639 0.768949
0.460505 0.771184
0.457106 0.773404
0.453703 0.77561
0.450296 0.777802
0.446886 0.779979
0.443472 0.782142
0.440055 0.784291
0.436636 0.786425
0.433214 0.788545
0.429789 0.790651
0.426362 0.792742
0.422933 0.794819
0.419502 0.796882
0.41607 0.798931
0.412636 0.800965
0.409201 0.802985
0.405765 0.804991
0.402328 0.806982
0.39889 0.80896
0.395453 0.810923
0.392015 0.812872
0.388577 0.814807
0.385139 0.816727
0.381702 0.818634
0.378266 0.820527
0.374831 0.822405
0.371397 0.82427
0.367964 0.82612
0.364533 0.827957
0.361104 0.829779
0.357678 0.831588
0.354253 0.833383
0.350831 0.835164
0.347412 0.836931
0.343996 0.838685
0.340584 0.840424
0.337174 0.84215
0.333769 0.843863
0.330368 0.845562
0.326971 0.847247
0.323578 0.848919
0.32019 0.850577
0.316807 0.852221
0.31343 0.853853
0.310058 0.855471
0.306691 0.857075
0.303331 0.858667
0.299976 0.860245
0.296628 0.86181
0.293287 0.863362
0.289953 0.8649
0.286626 0.866426
0.283307 0.867939
0.279995 0.869439
0.276691 0.870925
0.273395 0.8724
0.270108 0.873861
0.266829 0.875309
0.263559 0.876745
0.260299 0.878168
0.257048 0.879579
0.253806 0.880977
0.250575 0.882363
0.247353 0.883736
0.244143 0.885097
0.240942 0.886446
0.237753 0.887783
0.234575 0.889107
0.231409 0.890419
0.228254 0.891719
0.225111 0.893007
0.22198 0.894284
0.218862 0.895548
0.215756 0.896801
0.212663 0.898041
0.209584 0.89927
0.206518 0.900488
0.203466 0.901694
0.200427 0.902888
0.197403 0.904071
0.194393 0.905243
0.191398 0.906403
0.188418 0.907553
0.185453 0.90869
0.182504 0.909817
0.17957 0.910933
0.176652 0.912038
0.173751 0.913132
0.170865 0.914215
0.167997 0.915287
0.165145 0.916349
0.16231 0.9174
0.159493 0.91844
0.156694 0.91947
0.153912 0.920489
0.151148 0.921498
0.148403 0.922497
0.145676 0.923485
0.142968 0.924463
0.14028 0.925432
0.13761 0.92639
0.13496 0.927338
0.132329 0.928276
0.129719 0.929204
0.127129 0.930123
0.124559 0.931032
0.12201 0.931931
0.119482 0.932821
0.116974 0.933701
0.114489 0.934572
0.112024 0.935433
0.109582 0.936285
0.107161 0.937128
0.104762 0.937962
0.102386 0.938786
0.100033 0.939602
0.0977024 0.940409
0.0953948 0.941206
0.0931104 0.941995
0.0908495 0.942776
0.0886122 0.943547
0.0863988 0.94431
0.0842094 0.945064
0.0820442 0.94581
0.0799035 0.946548
0.0777875 0.947277
0.0756963 0.947998
0.0736301 0.94871
0.0715891 0.949415
0.0695735 0.950111
0.0675835 0.9508
0.0656192 0.95148
0.0636809 0.952153
0.0617687 0.952818
0.0598828 0.953475
0.0580234 0.954124
0.0561907 0.954766
0.0543847 0.9554
0.0526057 0.956027
0.0508539 0.956646
0.0491294 0.957258
0.0474324 0.957863
0.045763 0.958461
0.0441214 0.959051
0.0425077 0.959634
0.0409221 0.96021
0.0393647 0.96078
0.0378358 0.961342
0.0363353 0.961897
0.0348636 0.962446
0.0334206 0.962988
0.0320066 0.963524
0.0306216 0.964052
0.0292659 0.964575
0.0279395 0.96509
0.0266426 0.9656
0.0253752 0.966103
0.0241376 0.966599
0.0229297 0.96709
0.0217518 0.967574
0.020604 0.968053
0.0194863 0.968525
0.0183988 0.968991
0.0173418 0.969451
0.0163152 0.969906
0.0153191 0.970354
0.0143538 0.970797
0.0134191 0.971235
0.0125154 0.971666
0.0116425 0.972092
0.0108006 0.972513
0.00998989 0.972928
0.0092103 0.973337
0.00846195 0.973741
0.00774492 0.97414
0.00705927 0.974534
0.00640508 0.974923
0.00578239 0.975306
0.00519128 0.975684
0.00463179 0.976057
0.00410399 0.976426
0.00360792 0.976789
0.00314363 0.977148
0.00271117 0.977501
0.00231057 0.97785
0.00194188 0.978194
0.00160513 0.978534
0.00130035 0.978869
0.00102758 0.979199
0.000786836 0.979525
0.000578144 0.979847
0.000401524 0.980164
0.000256994 0.980476
0.000144567 0.980785
6.42547e-05 0.981089
1.60641e-05 0.981389
0 0.981684
