0 4
1.60642e-05 3.98398
6.42568e-05 3.968
0.000144578 3.95205
0.000257027 3.93613
0.000401605 3.92024
0.000578311 3.90439
0.000787145 3.88856
0.00102811 3.87277
0.0013012 3.85701
0.00160642 3.84129
0.00194377 3.82559
0.00231324 3.80993
0.00271485 3.7943
0.00314858 3.7787
0.00361444 3.76313
0.00411243 3.7476
0.00464255 3.7321
0.0052048 3.71663
0.00579917 3.70119
0.00642568 3.68578
0.00708431 3.67041
0.00777507 3.65507
0.00849796 3.63976
0.00925297 3.62448
0.0100401 3.60924
0.0108594 3.59403
0.0117108 3.57885
0.0125943 3.5637
0.01351 3.54858
0.0144578 3.5335
0.0154377 3.51844
0.0164497 3.50342
0.0174939 3.48844
0.0185702 3.47348
0.0196786 3.45856
0.0208192 3.44366
0.0219919 3.42881
0.0231967 3.41398
0.0244336 3.39918
0.0257027 3.38442
0.0270039 3.36969
0.0283372 3.35499
0.0297027 3.34032
0.0311003 3.32569
0.03253 3.31109
0.0339918 3.29652
0.0354858 3.28198
0.0370119 3.26747
0.0385701 3.253
0.0401605 3.23856
0.041783 3.22415
0.0434376 3.20977
0.0451243 3.19542
0.0468432 3.18111
0.0485942 3.16683
0.0503773 3.15258
0.0521926 3.13836
0.0540399 3.12418
0.0559195 3.11003
0.0578311 3.09591
0.0597749 3.08182
0.0617508 3.06776
0.0637588 3.05374
0.0657989 3.03975
0.0678712 3.02579
0.0699756 3.01186
0.0721122 2.99796
0.0742808 2.9841
0.0764816 2.97027
0.0787145 2.95647
0.0809796 2.9427
0.0832768 2.92897
0.0856061 2.91527
0.0879675 2.90159
0.0903611 2.88796
0.0927868 2.87435
0.0952446 2.86078
0.0977345 2.84723
0.100257 2.83372
0.102811 2.82025
0.105397 2.8068
0.108016 2.79339
0.110666 2.78
0.113349 2.76666
0.116064 2.75334
0.118811 2.74005
0.12159 2.7268
0.124401 2.71358
0.127244 2.70039
0.13012 2.68723
0.133028 2.67411
0.135967 2.66102
0.138939 2.64796
0.141943 2.63493
0.144979 2.62193
0.148048 2.60897
0.151148 2.59604
0.154281 2.58314
0.157445 2.57027
0.160642 2.55744
0.163871 2.54463
0.167132 2.53186
0.170425 2.51912
0.17375 2.50642
0.177108 2.49374
0.180497 2.4811
0.183919 2.46849
0.187373 2.45591
0.190859 2.44336
0.194377 2.43085
0.197927 2.41837
0.201509 2.40592
0.205124 2.3935
0.20877 2.38111
0.212449 2.36876
0.21616 2.35644
0.219903 2.34415
0.223678 2.33189
0.227485 2.31967
0.231324 2.30748
0.235196 2.29532
0.239099 2.28319
0.243035 2.27109
0.247003 2.25903
0.251003 2.24699
0.255035 2.235
0.259099 2.22303
0.263196 2.21109
0.267324 2.19919
0.271485 2.18732
0.275678 2.17548
0.279902 2.16367
0.28416 2.15189
0.288449 2.14015
0.29277 2.12844
0.297123 2.11676
0.301509 2.10512
0.305926 2.0935
0.310376 2.08192
0.314858 2.07037
0.319372 2.05885
0.323918 2.04737
0.328497 2.03591
0.333107 2.02449
0.33775 2.0131
0.342424 2.00174
0.347131 1.99042
0.35187 1.97912
0.356641 1.96786
0.361444 1.95663
0.36628 1.94544
0.371147 1.93427
0.376047 1.92314
0.380978 1.91204
0.385942 1.90097
0.390938 1.88994
0.395966 1.87893
0.401027 1.86796
0.406119 1.85702
0.411243 1.84611
0.4164 1.83524
0.421589 1.82439
0.42681 1.81358
0.432063 1.8028
0.437348 1.79206
0.442665 1.78134
0.448014 1.77066
0.453396 1.76001
0.458809 1.74939
0.464255 1.7388
0.469733 1.72825
0.475243 1.71773
0.480785 1.70724
0.486359 1.69678
0.491966 1.68635
0.497604 1.67596
0.503275 1.6656
0.508978 1.65527
0.514713 1.64497
0.52048 1.63471
0.526279 1.62448
0.53211 1.61427
0.537974 1.60411
0.543869 1.59397
0.549797 1.58387
0.555757 1.57379
0.561749 1.56375
0.567773 1.55374
0.573829 1.54377
0.579917 1.53383
0.586038 1.52391
0.59219 1.51403
0.598375 1.50419
0.604592 1.49437
0.610841 1.48459
0.617122 1.47484
0.623435 1.46512
0.629781 1.45543
0.636158 1.44578
0.642568 1.43615
0.649009 1.42656
0.655483 1.41701
0.661989 1.40748
0.668527 1.39799
0.675098 1.38852
0.6817 1.37909
0.688335 1.3697
0.695001 1.36033
0.7017 1.351
0.708431 1.3417
0.715194 1.33243
0.721989 1.32319
0.728816 1.31399
0.735676 1.30481
0.742567 1.29567
0.749491 1.28657
0.756447 1.27749
0.763435 1.26844
0.770455 1.25943
0.777507 1.25045
0.784591 1.24151
0.791708 1.23259
0.798856 1.22371
0.806037 1.21485
0.81325 1.20604
0.820495 1.19725
0.827772 1.18849
0.835081 1.17977
0.842422 1.17108
0.849796 1.16242
0.857201 1.15379
0.864639 1.1452
0.872109 1.13664
0.879611 1.12811
0.887145 1.11961
0.894711 1.11114
0.90231 1.10271
0.90994 1.09431
0.917603 1.08594
0.925297 1.0776
0.933024 1.0693
0.940783 1.06102
0.948575 1.05278
0.956398 1.04457
0.964253 1.0364
0.972141 1.02825
0.98006 1.02014
0.988012 1.01206
0.995996 1.00401
1.00401 0.995996
1.01206 0.988012
1.02014 0.98006
1.02825 0.972141
1.0364 0.964253
1.04457 0.956398
1.05278 0.948575
1.06102 0.940783
1.0693 0.933024
1.0776 0.925297
1.08594 0.917603
1.09431 0.90994
1.10271 0.90231
1.11114 0.894711
1.11961 0.887145
1.12811 0.879611
1.13664 0.872109
1.1452 0.864639
1.15379 0.857201
1.16242 0.849796
1.17108 0.842422
1.17977 0.835081
1.18849 0.827772
1.19725 0.820495
1.20604 0.81325
1.21485 0.806037
1.22371 0.798856
1.23259 0.791708
1.24151 0.784591
1.25045 0.777507
1.25943 0.770455
1.26844 0.763435
1.27749 0.756447
1.28657 0.749491
1.29567 0.742567
1.30481 0.735676
1.31399 0.728816
1.32319 0.721989
1.33243 0.715194
1.3417 0.708431
1.351 0.7017
1.36033 0.695001
1.3697 0.688335
1.37909 0.6817
1.38852 0.675098
1.39799 0.668527
1.40748 0.661989
1.41701 0.655483
1.42656 0.649009
1.43615 0.642568
1.44578 0.636158
1.45543 0.629781
1.46512 0.623435
1.47484 0.617122
1.48459 0.610841
1.49437 0.604592
1.50419 0.598375
1.51403 0.59219
1.52391 0.586038
1.53383 0.579917
1.54377 0.573829
1.55374 0.567773
1.56375 0.561749
1.57379 0.555757
1.58387 0.549797
1.59397 0.543869
1.60411 0.537974
1.61427 0.53211
1.62448 0.526279
1.63471 0.52048
1.64497 0.514713
1.65527 0.508978
1.6656 0.503275
1.67596 0.497604
1.68635 0.491966
1.69678 0.486359
1.70724 0.480785
1.71773 0.475243
1.72825 0.469733
1.7388 0.464255
1.74939 0.458809
1.76001 0.453396
1.77066 0.448014
1.78134 0.442665
1.79206 0.437348
1.8028 0.432063
1.81358 0.42681
1.82439 0.421589
1.83524 0.4164
1.84611 0.411243
1.85702 0.406119
1.86796 0.401027
1.87893 0.395966
1.88994 0.390938
1.90097 0.385942
1.91204 0.380978
1.92314 0.376047
1.93427 0.371147
1.94544 0.36628
1.95663 0.361444
1.96786 0.356641
1.97912 0.35187
1.99042 0.347131
2.00174 0.342424
2.0131 0.33775
2.02449 0.333107
2.03591 0.328497
2.04737 0.323918
2.05885 0.319372
2.07037 0.314858
2.08192 0.310376
2.0935 0.305926
2.10512 0.301509
2.11676 0.297123
2.12844 0.29277
2.14015 0.288449
2.15189 0.28416
2.16367 0.279902
2.17548 0.275678
2.18732 0.271485
2.19919 0.267324
2.21109 0.263196
2.22303 0.259099
2.235 0.255035
2.24699 0.251003
2.25903 0.247003
2.27109 0.243035
2.28319 0.239099
2.29532 0.235196
2.30748 0.231324
2.31967 0.227485
2.33189 0.223678
2.34415 0.219903
2.35644 0.21616
2.36876 0.212449
2.38111 0.20877
2.3935 0.205124
2.40592 0.201509
2.41837 0.197927
2.43085 0.194377
2.44336 0.190859
2.45591 0.187373
2.46849 0.183919
2.4811 0.180497
2.49374 0.177108
2.50642 0.17375
2.51912 0.170425
2.53186 0.167132
2.54463 0.163871
2.55744 0.160642
2.57027 0.157445
2.58314 0.154281
2.59604 0.151148
2.60897 0.148048
2.62193 0.144979
2.63493 0.141943
2.64796 0.138939
2.66102 0.135967
2.67411 0.133028
2.68723 0.13012
2.70039 0.127244
2.71358 0.124401
2.7268 0.12159
2.74005 0.118811
2.75334 0.116064
2.76666 0.113349
2.78 0.110666
2.79339 0.108016
2.8068 0.105397
2.82025 0.102811
2.83372 0.100257
2.84723 0.0977345
2.86078 0.0952446
2.87435 0.0927868
2.88796 0.0903611
2.90159 0.0879675
2.91527 0.0856061
2.92897 0.0832768
2.9427 0.0809796
2.95647 0.0787145
2.97027 0.0764816
2.9841 0.0742808
2.99796 0.0721122
3.01186 0.0699756
3.02579 0.0678712
3.03975 0.0657989
3.05374 0.0637588
3.06776 0.0617508
3.08182 0.0597749
3.09591 0.0578311
3.11003 0.0559195
3.12418 0.0540399
3.13836 0.0521926
3.15258 0.0503773
3.16683 0.0485942
3.18111 0.0468432
3.19542 0.0451243
3.20977 0.0434376
3.22415 0.041783
3.23856 0.0401605
3.253 0.0385701
3.26747 0.0370119
3.28198 0.0354858
3.29652 0.0339918
3.31109 0.03253
3.32569 0.0311003
3.34032 0.0297027
3.35499 0.0283372
3.36969 0.0270039
3.38442 0.0257027
3.39918 0.0244336
3.41398 0.0231967
3.42881 0.0219919
3.44366 0.0208192
3.45856 0.0196786
3.47348 0.0185702
3.48844 0.0174939
3.50342 0.0164497
3.51844 0.0154377
3.5335 0.0144578
3.54858 0.01351
3.5637 0.0125943
3.57885 0.0117108
3.59403 0.0108594
3.60924 0.0100401
3.62448 0.00925297
3.63976 0.00849796
3.65507 0.00777507
3.67041 0.00708431
3.68578 0.00642568
3.70119 0.00579917
3.71663 0.0052048
3.7321 0.00464255
3.7476 0.00411243
3.76313 0.00361444
3.7787 0.00314858
3.7943 0.00271485
3.80993 0.00231324
3.82559 0.00194377
3.84129 0.00160642
3.85701 0.0013012
3.87277 0.00102811
3.88856 0.000787145
3.90439 0.000578311
3.92024 0.000401605
3.93613 0.000257027
3.95205 0.000144578
3.968 6.42568e-05
3.98398 1.60642e-05
4 3.15544e-30
