1.67765 0.0530775 
0.900102 0.10815 
0.843522 0.167115 
0.895276 0.145317 
0.843522 0.163097 
0.899738 0.108513 
0.843522 0.2047 
0.843522 0.166213 
0.843521 0.249915 
0.919211 0.108147 
1.10545 0.0531277 
0.85942 0.159418 
0.857554 0.160632 
0.895276 0.143286 
0.888572 0.157226 
0.895278 0.125712 
0.914747 0.108147 
0.870846 0.157363 
0.895281 0.12276 
0.888636 0.157226 
0.843521 0.219829 
0.843527 0.162998 
0.897509 0.113546 
0.869242 0.157375 
0.898565 0.10982 
0.859743 0.157495 
0.897509 0.116026 
1.04412 0.0637379 
0.843521 0.254478 
0.978872 0.0735112 
0.843521 0.25811 
0.895276 0.139563 
0.702169 0.371723 
0.895276 0.128627 
0.895538 0.119286 
1.06298 0.0619272 
0.895276 0.134838 
0.864382 0.157396 
0.856136 0.161379 
0.843521 0.206882 
0.843521 0.23481 
0.895276 0.145352 
0.698468 0.372551 
0.843521 0.216097 
1.10545 0.0531277 
0.692081 0.372676 
0.874848 0.157227 
0.843521 0.235037 
0.843521 0.262922 
0.843521 0.249613 
0.843521 0.223449 
1.07461 0.0535675 
0.90066 0.108148 
0.883589 0.157226 
0.848468 0.161379 
0.913824 0.108148 
0.685029 0.382436 
0.686924 0.373076 
0.980614 0.0716706 
0.894937 0.157226 
1.04473 0.0637379 
1.06599 0.0566207 
1.0766 0.0533913 
1.06278 0.0637333 
1.03902 0.0652991 
0.660073 0.388943 
1.09391 0.0531703 
0.684127 0.387259 
0.705512 0.371652 
0.843522 0.168138 
0.843522 0.203363 
0.658973 0.389051 
0.624312 0.389084 
0.623034 0.442719 
0.623221 0.394281 
0.990936 0.0690439 
1.39327 0.0530864 
1.02474 0.066919 
1.50149 0.0530833 
0.829103 0.363931 
0.726753 0.364118 
1.3942 0.0530842 
1.5282 0.0530833 
0.919453 0.108147 
0.978316 0.0772376 
0.831716 0.36301 
0.843521 0.272974 
0.776265 0.364118 
1.34412 0.0530983 
1.47219 0.0530841 
1.58474 0.0530811 
1.11019 0.0531272 
0.622932 0.734942 
0.622932 0.947163 
0.622929 0.947295 
1.28976 0.0530992 
0.622932 0.73494 
0.622941 0.444298 
0.622929 1.64656 
2.00818 0.0530772 
