0.0133021 1.1266 
0.904545 0.15303 
0.858291 0.160561 
0.791313 0.319545 
0.626492 0.771601 
0.922192 0.146607 
0.921209 0.15303 
0.851721 0.160877 
0.8019 0.227474 
0.922266 0.108806 
0.791315 0.248454 
0.913087 0.15303 
0.86536 0.15304 
0.843342 0.213727 
1.01269 0.0295152 
0.791313 0.275577 
0.979776 0.0858432 
0.922192 0.138765 
0.681056 0.530973 
0.818937 0.21414 
0.898004 0.15303 
1.01706 0.027459 
0.684865 0.339794 
0.949401 0.0858435 
0.808415 0.225814 
0.922445 0.101493 
0.0159016 1.09173 
0.849654 0.167927 
0.791313 0.255523 
0.876419 0.15303 
0.939937 0.0861203 
0.683128 0.421953 
0.843371 0.213727 
0.791313 0.267449 
0.791313 0.29593 
0.973413 0.0858432 
0.791313 0.284596 
0.922195 0.1171 
1.01715 0.0155776 
0.885742 0.15303 
0.929531 0.0864782 
0.922193 0.129222 
0.815689 0.22215 
0.926822 0.0943797 
0.847665 0.189715 
0.795206 0.228785 
0.681038 0.654867 
0.958754 0.0858432 
0.791354 0.239661 
0.791313 0.304716 
0.848394 0.176657 
0.825791 0.213745 
0.847665 0.197867 
0.0997205 1.01775 
0.791313 0.319598 
0.773404 0.336361 
0.681078 0.522566 
0.737308 0.337061 
0.773404 0.336802 
0.0159016 1.10094 
0.140105 1.00029 
0.203207 0.893352 
0.737302 0.337123 
0.138971 1.00928 
0.630429 0.760419 
0.106154 1.01221 
0.337227 0.803244 
0.249722 0.88506 
0.216214 0.886902 
0.695399 0.337181 
0.651788 0.751133 
0.178612 0.931541 
0.377579 0.802797 
0.451329 0.795595 
0.199346 0.910809 
0.684811 0.345354 
0.681595 0.427564 
0.166208 0.935908 
1.00968 0.0374155 
0.991169 0.0858432 
0.0877306 1.02443 
0.0181626 1.08429 
0.683157 0.409177 
0.391612 0.79753 
0.337226 0.814844 
0.251899 0.870204 
0.451375 0.79559 
0.532808 0.785934 
0.156925 0.987127 
0.681081 0.495951 
0.681038 0.677326 
0.677614 0.750236 
0.62649 0.771758 
0.532834 0.785633 
0.68104 0.654867 
0.681055 0.540369 
0.0572628 1.05412 
0.292375 0.838814 
0.000867241 1.71214 
1.76529 0.00675398 
