0.957514 0.112086 
0.890165 0.144907 
0.890165 0.166158 
0.81136 0.232525 
0.822097 0.193701 
0.840394 0.188545 
0.892456 0.119778 
0.890166 0.139119 
0.0328249 1.00726 
0.263008 0.793104 
0.830076 0.191152 
0.814071 0.207693 
0.414084 0.657081 
0.896006 0.114449 
0.0918571 0.954207 
0.0392324 1.00588 
0.0848417 0.958088 
0.811352 0.241753 
0.820108 0.200979 
0.749366 0.49578 
0.811366 0.225494 
0.813628 0.214425 
0.317724 0.724521 
0.0173938 1.01753 
0.84919 0.187438 
0.811352 0.252092 
0.890313 0.127663 
0.90736 0.112106 
0.030324 1.01713 
0.890165 0.154093 
0.890165 0.169102 
0.0841086 0.967881 
0.41425 0.656629 
0.66029 0.495909 
0.922739 0.112086 
0.451662 0.645206 
0.267295 0.770525 
0.387604 0.671263 
0.69 0.495891 
0.484523 0.625764 
0.940437 0.112086 
0.18177 0.865672 
0.130346 0.916069 
0.273928 0.769934 
0.137653 0.907866 
0.345212 0.700096 
0.263429 0.786053 
0.811352 0.291533 
0.177718 0.874305 
0.985904 0.0279223 
0.161198 0.877007 
0.0426153 0.995168 
0.0523419 0.988161 
0.985684 0.0431548 
0.301267 0.741517 
0.0944683 0.946392 
0.301044 0.757429 
0.184821 0.854923 
0.0690947 0.968703 
0.305463 0.732672 
0.86752 0.18731 
0.811352 0.265967 
0.204256 0.832425 
0.0588828 0.978734 
0.300983 0.769421 
0.405711 0.668754 
0.51171 0.59396 
0.255305 0.798267 
0.32217 0.724436 
0.88986 0.187309 
0.511749 0.592934 
0.233742 0.806172 
0.141473 0.899081 
0.213956 0.829997 
0.481075 0.628228 
0.529135 0.571921 
0.156525 0.885914 
0.693982 0.495891 
0.201443 0.850959 
0.121411 0.921048 
0.460675 0.644612 
0.430096 0.646442 
0.229063 0.814377 
0.741259 0.49589 
0.338231 0.705072 
0.380455 0.674625 
0.0996705 0.9317 
0.565372 0.504314 
0.346844 0.685706 
0.509573 0.624195 
0.530761 0.570591 
0.658201 0.495957 
0.56705 0.499969 
0.960854 0.112086 
0.984603 0.054858 
0.550062 0.533072 
0.811352 0.291632 
0.768099 0.495071 
0.00177811 1.7115 
2.42113 0.0172963 
