0.941746 0.12754 
0.896319 0.127605 
1.15241 0.0528589 
0.847681 0.17386 
0.941664 0.127565 
0.932263 0.127583 
0.917814 0.127585 
0.00774727 1.04469 
0.873673 0.158376 
0.848134 0.169507 
0.932127 0.127583 
0.881241 0.128563 
0.896319 0.127644 
0.863554 0.165551 
0.847591 0.176642 
0.873671 0.161487 
0.847591 0.189243 
0.910848 0.127587 
0.876116 0.130479 
0.87369 0.145934 
0.858003 0.165575 
0.920459 0.127584 
0.904506 0.127605 
0.849449 0.165689 
0.870127 0.165535 
0.873676 0.152573 
0.875084 0.134484 
0.874115 0.141308 
0.847591 0.183814 
0.884788 0.127904 
0.127975 0.905078 
0.343426 0.689648 
0.970113 0.0565282 
0.167822 0.874603 
0.565962 0.60635 
0.562983 0.607396 
0.107853 0.916695 
0.0729383 0.949165 
0.108391 0.916635 
0.0138421 1.0078 
1.00015 0.0564642 
0.237311 0.793342 
0.523928 0.624481 
0.341947 0.699246 
0.16905 0.869964 
0.252698 0.790214 
0.099435 0.926064 
0.194252 0.841899 
0.705301 0.574663 
0.978412 0.056528 
0.404719 0.664794 
0.119038 0.9083 
0.129989 0.903378 
0.0933742 0.927298 
0.72087 0.393384 
0.344927 0.687676 
0.0277732 1.0051 
0.252743 0.783537 
0.236008 0.794897 
0.72087 0.393273 
0.192153 0.842993 
0.072936 0.950087 
0.717298 0.420246 
0.288197 0.742784 
0.164005 0.879952 
0.52422 0.624277 
0.079992 0.93833 
0.0579636 0.969761 
0.0115572 1.00946 
0.0521955 0.972429 
0.705807 0.458554 
0.393456 0.665003 
0.286884 0.742806 
0.171175 0.855319 
0.717201 0.423741 
0.554771 0.612088 
0.136536 0.884007 
0.200543 0.82705 
0.0297219 0.990139 
0.335922 0.705056 
0.734386 0.372697 
0.220529 0.811171 
0.37284 0.683485 
0.274882 0.777254 
0.310869 0.728535 
0.948431 0.12754 
0.968133 0.0621485 
0.705667 0.45878 
0.821043 0.321525 
0.705334 0.55423 
0.40911 0.652888 
0.764611 0.370037 
0.515862 0.636703 
1.00015 0.0562117 
0.705265 0.577297 
0.847591 0.194692 
0.577682 0.605044 
0.841393 0.321514 
1.73448 0.0491895 
0.00156634 1.46968 
