1.60792 0.0237635 
0.741054 0.853678 
0.790409 0.234688 
0.963653 0.0967589 
0.817371 0.212008 
0.79041 0.233169 
0.817272 0.212094 
0.961596 0.0967589 
0.904041 0.11661 
0.820051 0.211993 
0.904067 0.114469 
0.79051 0.223189 
0.977688 0.055574 
0.741244 0.521058 
0.927183 0.0971489 
0.920359 0.097301 
0.929394 0.0969188 
0.90404 0.120174 
0.790418 0.225363 
0.959133 0.0967589 
0.954936 0.0967589 
0.822535 0.211945 
0.904729 0.111456 
0.917801 0.0974045 
0.741244 0.520755 
0.923828 0.0973009 
0.790414 0.230536 
1.01945 0.0294169 
0.913832 0.0976664 
0.84142 0.211945 
0.741244 0.513329 
0.938691 0.0967698 
0.911792 0.0990546 
0.826834 0.211945 
0.74847 0.278591 
0.90511 0.107976 
0.845861 0.211945 
0.792242 0.221009 
0.793247 0.21659 
0.933095 0.0967698 
0.907441 0.0996913 
0.891269 0.211945 
1.06771 0.026577 
0.9052 0.102453 
0.838366 0.211945 
0.794841 0.214115 
1.04039 0.0266944 
1.03992 0.0267004 
0.800024 0.212288 
0.830901 0.211945 
1.00913 0.0354874 
0.743859 0.282679 
1.02031 0.0290874 
0.813354 0.212098 
0.90404 0.124022 
0.804573 0.21225 
0.885262 0.211945 
0.940956 0.0967589 
0.952425 0.0967589 
0.90404 0.19182 
1.01437 0.0305498 
1.06389 0.0265877 
0.977752 0.0538471 
0.90404 0.135225 
1.1546 0.023764 
0.877737 0.211945 
0.849966 0.211945 
1.02964 0.0268386 
0.748475 0.278363 
1.05056 0.0266802 
0.770412 0.277914 
1.07357 0.0265606 
0.90404 0.192648 
0.866419 0.211945 
0.894899 0.211945 
1.00746 0.0358382 
0.741053 0.85368 
0.90404 0.14353 
0.90404 0.175641 
0.741051 0.892723 
0.988093 0.0478869 
0.963669 0.0967589 
0.977569 0.0602565 
0.790408 0.234819 
0.770504 0.276551 
1.15017 0.0237686 
0.741912 0.4258 
0.74189 0.513057 
1.0927 0.0247715 
0.741244 0.527379 
0.741167 0.645505 
0.741955 0.425794 
0.742065 0.284937 
0.741051 0.90356 
0.741055 0.85308 
0.741058 0.655481 
1.60791 0.0237639 
1.16812 0.0237639 
0.741051 1.35632 
1.92797 0.0237634 
