0.595464 0.480454 
1.0035 0.0692266 
0.94277 0.0760867 
0.922948 0.131304 
0.665863 0.422386 
0.942622 0.105097 
0.892037 0.135551 
0.942622 0.105935 
0.944995 0.0750802 
0.94609 0.0729718 
1.01473 0.0692266 
0.960748 0.0692268 
0.87213 0.265932 
0.87213 0.274098 
0.925496 0.131245 
0.725687 0.42058 
1.02026 0.0406924 
0.947513 0.0711 
0.872152 0.15602 
0.951638 0.0710963 
0.958773 0.0692386 
0.981526 0.0692266 
0.87213 0.267513 
0.872152 0.14311 
0.942621 0.111567 
0.942754 0.0903022 
0.899238 0.132707 
0.872152 0.147262 
0.919844 0.131309 
1.02069 0.0377226 
0.872152 0.151616 
0.94277 0.0785634 
0.87213 0.170058 
0.929703 0.131243 
0.953318 0.0693571 
1.02569 0.0227588 
0.942624 0.0932142 
1.03246 0.0085586 
0.965235 0.0692268 
0.970411 0.0692268 
0.897356 0.134729 
0.982766 0.0692266 
1.00279 0.0692266 
0.914851 0.131611 
0.991599 0.0692266 
0.87213 0.168169 
0.892037 0.135754 
0.975035 0.0692268 
0.993414 0.0692266 
1.0083 0.0692266 
0.903499 0.132514 
0.942769 0.0849244 
0.942624 0.0995285 
0.87213 0.159223 
0.87213 0.2513 
0.910429 0.132443 
0.872153 0.138974 
0.879559 0.13813 
0.819715 0.299551 
1.02699 0.0194042 
0.595544 0.43748 
0.87213 0.260882 
1.02279 0.0243229 
0.881686 0.135876 
1.02084 0.0326108 
1.03209 0.0155078 
0.737251 0.382938 
0.737246 0.400042 
0.847202 0.299043 
0.86736 0.299038 
0.87213 0.177095 
0.846324 0.299044 
0.87213 0.248633 
0.823496 0.299075 
0.942618 0.114303 
0.87213 0.27416 
0.87213 0.223762 
0.868809 0.299018 
1.01476 0.0692266 
0.934424 0.13124 
0.595543 0.480104 
0.87213 0.219734 
0.737246 0.400197 
0.725767 0.420367 
1.01813 0.0426145 
0.816325 0.305407 
0.767588 0.331915 
0.737348 0.334762 
0.595543 0.450455 
0.87213 0.192492 
0.737252 0.382938 
0.771262 0.331095 
0.737308 0.339869 
0.666102 0.422202 
0.71998 0.421478 
0.813352 0.331062 
0.595684 0.436556 
0.662302 0.42445 
0.590349 0.830356 
1.40135 0.00578032 
