1.1743 0.0312283 
0.764044 0.296738 
0.90105 0.188106 
0.90105 0.191581 
0.948244 0.100725 
0.763944 0.318776 
0.901167 0.131761 
0.920458 0.102355 
0.763939 0.329266 
0.901052 0.137919 
0.76394 0.31947 
0.631505 0.540276 
0.774376 0.247564 
0.901052 0.137668 
0.805253 0.238388 
0.901052 0.132068 
0.901052 0.143089 
0.91726 0.102539 
0.780303 0.244776 
0.949407 0.100721 
0.941526 0.10075 
0.945776 0.100749 
0.932044 0.10208 
0.783316 0.24025 
0.77501 0.247563 
0.901761 0.123736 
0.88979 0.237402 
0.940115 0.10185 
0.800587 0.238388 
0.780761 0.240481 
0.764049 0.296729 
0.78747 0.240223 
0.907791 0.110025 
0.81299 0.23782 
0.778761 0.244776 
1.1743 0.0316389 
0.901189 0.127972 
0.764429 0.287747 
0.806091 0.238385 
0.935483 0.101876 
0.954287 0.100721 
0.921204 0.102328 
0.764097 0.288733 
0.904842 0.111309 
0.722356 0.412695 
0.76703 0.252359 
0.76394 0.324224 
1.16894 0.0339546 
0.764044 0.29996 
0.903168 0.122528 
0.76395 0.315247 
0.631505 0.534996 
0.929035 0.102301 
0.798151 0.23839 
0.772024 0.250033 
0.903708 0.115096 
0.722855 0.410116 
0.789377 0.238406 
0.901049 0.192045 
0.916132 0.104052 
0.764433 0.280279 
0.81303 0.237403 
0.901049 0.205069 
0.911446 0.109969 
0.825582 0.237403 
0.76396 0.307274 
0.675317 0.430758 
0.748826 0.410079 
0.697432 0.414691 
0.680026 0.424249 
0.697552 0.4128 
0.767016 0.25424 
0.716428 0.412702 
0.732044 0.410081 
0.683962 0.417962 
0.670423 0.431424 
0.766845 0.276589 
0.901049 0.206244 
0.649959 0.431886 
0.894062 0.237402 
0.901051 0.188102 
0.901051 0.144255 
0.630611 0.816242 
0.631505 0.52866 
0.82712 0.237402 
0.886983 0.237402 
0.633741 0.431943 
0.763939 0.329302 
0.749682 0.409763 
0.631918 0.48983 
0.957784 0.100706 
0.999746 0.0395349 
1.1677 0.0349525 
1.00083 0.0354313 
0.631505 0.540556 
0.630612 0.815362 
0.629978 1.18876 
0.630028 0.859844 
0.629898 1.47637 
1.96028 0.0312283 
