0.944582 0.117271 
0.944582 0.161078 
0.971394 0.0575398 
0.0111892 1.1355 
0.920486 0.204179 
0.994469 0.0270428 
0.811823 0.211685 
0.200435 0.86638 
0.0229254 1.02123 
0.87864 0.204192 
0.197766 0.866722 
0.792825 0.284594 
0.794108 0.223101 
0.792825 0.256391 
0.946549 0.0676731 
0.806066 0.214755 
0.944654 0.0841222 
0.792846 0.229768 
0.817454 0.210098 
0.634758 0.531528 
0.792825 0.248592 
0.796565 0.21652 
0.944839 0.0757408 
0.713611 0.415791 
0.949171 0.0628596 
0.956765 0.0575609 
0.792825 0.264851 
0.866524 0.204226 
0.792846 0.239139 
0.792825 0.274905 
0.0942801 0.951513 
0.854831 0.204274 
0.229391 0.822566 
0.0229605 1.019 
0.339572 0.715859 
0.944582 0.0924503 
0.226939 0.825029 
0.146566 0.904764 
0.936852 0.204178 
0.841492 0.204698 
0.825369 0.205207 
0.158844 0.903121 
0.0893777 0.959979 
0.214386 0.866118 
0.0970678 0.94615 
0.944582 0.105712 
0.29434 0.746758 
0.0513479 0.993349 
0.920481 0.204179 
0.634894 0.521655 
0.0509427 1.00055 
0.712456 0.415816 
0.143386 0.913776 
0.406685 0.665425 
0.944582 0.117484 
0.21942 0.856548 
0.884911 0.20418 
0.63519 0.50359 
0.292943 0.752608 
0.220423 0.838213 
0.944582 0.161078 
0.0333429 1.0086 
0.994288 0.0293793 
0.792825 0.289816 
0.944582 0.149097 
0.0791533 0.964106 
0.63519 0.485695 
0.72091 0.404329 
0.981071 0.0575296 
0.524897 0.59995 
0.338225 0.716136 
0.944582 0.199984 
0.114168 0.942298 
0.0650418 0.985063 
0.125283 0.919018 
0.249521 0.822566 
0.485376 0.627755 
0.191218 0.873892 
0.162532 0.893008 
0.514316 0.625625 
0.680575 0.419303 
0.625357 0.591212 
0.309211 0.739374 
0.756149 0.403539 
0.631449 0.536106 
0.292335 0.7814 
0.661862 0.479988 
0.412156 0.648501 
0.624614 0.591245 
0.252616 0.78876 
0.67475 0.446262 
0.472045 0.645414 
0.406007 0.675174 
0.537266 0.5968 
0.345346 0.700196 
0.792825 0.325604 
0.792825 0.39407 
0.0163197 1.02766 
2.32821 0.0162609 
3.35427e-05 1.83497 
