0.850094 0.231687 
0.933659 0.0858469 
0.850094 0.198119 
0.850094 0.202153 
0.850126 0.192537 
0.935301 0.0834055 
0.986491 0.0688374 
0.933286 0.110942 
0.853238 0.188547 
1.14244 0.050457 
0.972401 0.0688523 
0.94283 0.0734056 
0.963002 0.0688547 
0.136642 0.943644 
0.933291 0.0917026 
0.0164669 1.02195 
0.935319 0.0751531 
0.866144 0.168769 
0.303104 0.789939 
0.949273 0.069474 
0.933286 0.111556 
0.142616 0.942875 
0.885701 0.162344 
0.874641 0.164177 
0.802793 0.358565 
0.0486728 1.0152 
0.933286 0.137631 
0.901077 0.162339 
0.993754 0.0688371 
0.933286 0.0993083 
0.607746 0.570229 
0.706772 0.381869 
0.708045 0.381842 
0.0493604 1.00908 
0.859844 0.17063 
0.918579 0.162338 
0.128431 0.948599 
0.856455 0.18317 
0.395567 0.692683 
0.837072 0.355162 
0.66414 0.385968 
0.850094 0.20829 
0.804321 0.355766 
0.442948 0.687364 
0.663962 0.415409 
0.933286 0.145537 
0.26452 0.822672 
0.850094 0.224662 
0.740944 0.366782 
0.208282 0.859237 
0.850094 0.232782 
0.0389079 1.0213 
0.933286 0.160428 
0.850094 0.256337 
0.933286 0.127182 
0.50019 0.672592 
0.537735 0.581335 
0.342859 0.73653 
0.673912 0.382451 
0.757668 0.366732 
0.308047 0.782112 
0.661229 0.538628 
0.66414 0.39949 
0.395567 0.691687 
0.661219 0.555486 
0.582183 0.570233 
0.442433 0.689037 
0.61731 0.570213 
0.390925 0.711168 
0.119592 0.954771 
0.792044 0.366674 
0.737407 0.37928 
0.559163 0.573551 
0.20781 0.859237 
0.295862 0.790127 
0.661219 0.568659 
0.38339 0.718597 
0.351374 0.728643 
0.662839 0.421458 
0.0616022 1.00265 
0.257395 0.826893 
0.334058 0.7457 
0.453522 0.672593 
0.271609 0.81149 
0.0944292 0.962397 
0.30853 0.763921 
0.152925 0.936201 
0.0777139 0.982117 
0.229898 0.847346 
0.176837 0.879587 
0.16049 0.9017 
0.661251 0.526238 
1.00703 0.0612976 
0.850094 0.258759 
0.841613 0.354414 
0.500216 0.672256 
0.661367 0.456092 
0.528332 0.582967 
2.36674 0.0482122 
0.00210989 1.36798 
