0.904615 0.212256 
0.00860442 1.26252 
0.930459 0.101744 
0.990574 0.0448279 
0.908066 0.119539 
0.766306 0.266157 
0.776951 0.245189 
0.770914 0.254085 
0.935658 0.100893 
0.909429 0.11581 
0.775372 0.252007 
0.781391 0.243539 
0.905024 0.158595 
0.904957 0.165697 
0.925849 0.103827 
0.90464 0.190381 
0.296303 0.750393 
0.90746 0.126857 
0.815558 0.243539 
0.766351 0.25777 
0.905244 0.132117 
0.90462 0.210951 
0.905215 0.151337 
0.917093 0.104373 
0.944829 0.100889 
0.91242 0.109321 
0.905238 0.141152 
0.178754 0.860794 
0.904634 0.19523 
0.01577 1.01754 
0.790974 0.243539 
0.304617 0.749719 
0.314408 0.745994 
0.766306 0.292099 
0.338447 0.734345 
0.803959 0.243539 
0.319414 0.742246 
0.955087 0.100889 
0.401142 0.714103 
0.904956 0.180548 
0.329988 0.737577 
0.766306 0.292324 
0.766306 0.270843 
0.658392 0.524694 
0.623686 0.551344 
0.0376733 1.00468 
0.610616 0.555968 
0.766306 0.33654 
0.585289 0.579112 
0.0714629 0.962847 
0.585389 0.572338 
0.030574 1.01298 
0.134951 0.931084 
0.076206 0.960585 
0.395797 0.71775 
0.86125 0.243539 
0.141719 0.928487 
0.265839 0.814421 
0.404823 0.702275 
0.600435 0.560063 
0.577521 0.596423 
0.346158 0.730443 
0.29221 0.8012 
0.820972 0.243539 
0.173709 0.876298 
0.178772 0.860747 
0.634797 0.551216 
0.766306 0.3178 
0.671075 0.524228 
0.738517 0.519579 
0.766305 0.488671 
0.408422 0.682032 
0.0430151 0.996231 
0.295276 0.799546 
0.648146 0.529752 
0.296248 0.757191 
0.766305 0.39017 
0.15855 0.885043 
0.766305 0.347936 
0.108174 0.931852 
0.75009 0.519574 
0.107128 0.959528 
0.372766 0.724808 
0.146053 0.903868 
0.0710741 0.987954 
0.861402 0.243539 
0.702797 0.52103 
0.904615 0.220544 
0.989419 0.0506202 
0.970589 0.100889 
0.265839 0.81483 
0.560455 0.596434 
0.766305 0.487952 
0.766305 0.399051 
0.198319 0.835269 
0.409502 0.659955 
0.542255 0.652648 
0.0139734 1.01842 
0.00207073 2.03411 
2.17179 0.0381977 
