0.660202 0.587858 
1.60409 0.0130283 
0.660202 0.37872 
0.660202 0.48795 
0.660202 0.48797 
0.898727 0.164667 
0.862031 0.237875 
1.54415 0.0130283 
1.39317 0.0130283 
1.31344 0.0130283 
1.1853 0.0130283 
0.758135 0.271431 
0.758135 0.31898 
0.99348 0.087266 
0.954857 0.0997526 
1.34197 0.0130283 
0.758135 0.330719 
1.58193 0.0130283 
1.07543 0.0130283 
1.12177 0.0130283 
1.38347 0.0130283 
0.994976 0.0500197 
0.738635 0.341203 
0.995513 0.0418414 
0.999517 0.0210452 
1.5488 0.0130283 
0.898727 0.146337 
0.828215 0.237875 
0.862031 0.237875 
1.00991 0.0133534 
0.994672 0.0685627 
0.99392 0.0805894 
0.898728 0.119349 
0.898727 0.133581 
0.898727 0.164086 
1.12766 0.0130283 
0.764223 0.251012 
1.31937 0.0130283 
0.803528 0.237875 
0.660202 0.364294 
1.04125 0.0130288 
1.06232 0.0130284 
0.827182 0.237875 
1.15168 0.0130283 
0.898982 0.104144 
0.999518 0.0210386 
0.767238 0.23973 
0.90642 0.101244 
0.994636 0.0688952 
0.72944 0.341382 
0.714327 0.341389 
0.758135 0.319067 
1.16761 0.0130283 
0.776845 0.237879 
0.758135 0.265302 
0.667347 0.344868 
0.686407 0.341833 
0.89883 0.1109 
0.66279 0.348714 
0.677392 0.342744 
0.758886 0.252835 
1.15172 0.0130283 
0.789289 0.237875 
0.798753 0.237875 
0.898727 0.141469 
0.898739 0.114723 
0.995339 0.0422136 
1.1772 0.0130283 
1.01829 0.0130463 
0.944872 0.0998012 
0.672315 0.343503 
0.758138 0.260328 
0.660202 0.361657 
1.06711 0.0130284 
0.758144 0.257165 
0.898727 0.137781 
0.934649 0.09981 
0.767241 0.239603 
0.783348 0.237876 
1.03516 0.0130288 
1.0291 0.0130288 
0.932212 0.0999234 
0.660292 0.351019 
1.02316 0.0130301 
0.693544 0.341833 
0.914319 0.0999282 
0.948241 0.0997575 
0.913269 0.0999287 
1.39317 0.0130283 
0.710008 0.341397 
1.17098 0.0130283 
0.704775 0.341432 
0.733671 0.341238 
0.923536 0.0999279 
0.660202 0.3562 
0.923537 0.0999279 
0.70056 0.341477 
1.1848 0.0130283 
0.696437 0.341576 
0.660205 0.353935 
