0.873027 0.160753 
0.966096 0.0972082 
0.950688 0.0972082 
0.920619 0.0972263 
0.853699 0.179334 
0.905299 0.117773 
0.00593641 1.01446 
0.906165 0.113656 
1.0624 0.0432563 
0.338456 0.698435 
0.907909 0.101635 
0.952882 0.0972082 
0.905295 0.148902 
0.91267 0.0990687 
0.907571 0.107401 
0.0371857 0.989671 
0.202007 0.8256 
0.905296 0.124536 
0.352533 0.689134 
0.9395 0.0972082 
0.317942 0.726444 
0.170915 0.852859 
0.858967 0.178545 
0.93203 0.0972082 
0.905295 0.141032 
0.905296 0.132754 
0.905295 0.154256 
0.850753 0.183036 
0.667686 0.569397 
0.212067 0.825593 
0.843146 0.197624 
0.0265243 0.993759 
0.187168 0.852857 
0.868577 0.16134 
0.843146 0.20607 
0.970325 0.0546143 
0.657163 0.569819 
0.844949 0.189283 
0.346159 0.694923 
0.454209 0.637048 
0.880589 0.160673 
0.463511 0.633962 
0.475271 0.604526 
0.315064 0.726937 
0.0373279 0.989014 
0.47209 0.630038 
0.734186 0.569396 
0.843146 0.242712 
0.843146 0.350473 
0.865228 0.173151 
0.782783 0.569268 
0.655833 0.580206 
0.447741 0.64258 
0.899062 0.160669 
0.473155 0.617299 
0.0238721 0.996885 
0.3555 0.687663 
0.292369 0.743645 
0.220297 0.823308 
0.337281 0.700006 
0.016295 1.01371 
0.223467 0.802997 
0.843146 0.242712 
0.189196 0.849422 
0.195333 0.826136 
0.966172 0.0972082 
0.293584 0.73045 
0.843146 0.21772 
0.170845 0.854926 
1.01646 0.0511621 
0.105303 0.934888 
0.763295 0.569268 
0.0471728 0.97342 
0.981244 0.0546142 
0.321796 0.716814 
0.3878 0.687575 
0.233442 0.80159 
0.966923 0.0627596 
1.02492 0.0511621 
0.388426 0.671787 
0.734044 0.569396 
0.432254 0.644393 
0.677347 0.569397 
0.0603877 0.966685 
0.843146 0.375462 
0.403391 0.653802 
0.111027 0.929999 
0.149626 0.871632 
0.0783349 0.943488 
0.281488 0.75243 
0.843146 0.35034 
0.255207 0.785884 
0.130246 0.889477 
0.843146 0.276144 
0.483719 0.602989 
0.651025 0.590422 
0.793667 0.569268 
0.843146 0.411627 
0.00206509 1.88744 
2.18522 0.0388493 
