1.20223 0.0154839 
0.00136239 1.43638 
0.00134591 1.43841 
0.921367 0.128597 
0.921369 0.127222 
0.850148 0.213976 
0.0105481 1.24475 
0.927447 0.0968541 
0.824219 0.214393 
0.950692 0.0883745 
0.925709 0.101096 
0.380263 0.70567 
0.786966 0.291217 
0.945484 0.0883749 
1.02874 0.0435732 
0.931116 0.090427 
0.921367 0.152579 
0.801697 0.230558 
0.921375 0.120735 
0.967057 0.088374 
0.148898 0.94372 
0.935828 0.0883845 
0.959567 0.0883741 
0.818361 0.214424 
1.03309 0.0377075 
0.801763 0.220874 
0.78696 0.391037 
0.843051 0.214374 
0.800415 0.239065 
0.921367 0.133204 
0.832351 0.214374 
0.97533 0.0883739 
0.922618 0.108831 
1.02739 0.0495931 
0.788074 0.255277 
0.986639 0.0883739 
0.776032 0.566049 
1.02718 0.0667985 
0.807363 0.215151 
0.157587 0.938852 
0.0302343 1.05586 
0.14568 0.944016 
0.788057 0.285884 
0.788066 0.262463 
0.794149 0.244758 
0.786965 0.334518 
0.786965 0.335633 
0.0305966 1.05077 
0.115545 0.970943 
0.765293 0.578564 
0.117815 0.960262 
0.38059 0.698679 
0.776056 0.566048 
0.0193282 1.06453 
0.786966 0.303278 
0.274918 0.815265 
0.159604 0.929469 
0.134873 0.954411 
0.406968 0.697956 
0.00136408 1.43638 
0.786961 0.368046 
1.02332 0.0711665 
0.921367 0.152597 
0.995731 0.0883738 
0.336163 0.797661 
1.03595 0.0302669 
0.758321 0.581894 
0.380145 0.716783 
0.0747217 1.01701 
0.715302 0.582444 
0.346418 0.73106 
0.0808124 1.0144 
1.1241 0.0162479 
0.344269 0.743747 
0.336135 0.797661 
0.101367 0.976904 
0.0516959 1.04779 
0.852501 0.213969 
0.283891 0.813118 
1.12881 0.0162479 
0.175065 0.91421 
0.486126 0.662793 
1.06963 0.0185421 
0.486126 0.661856 
0.407213 0.67988 
0.78696 0.391052 
0.0105417 1.24998 
0.920812 0.213969 
0.261341 0.830687 
0.582412 0.658363 
0.0112073 1.23538 
0.0120006 1.07521 
0.786959 0.537698 
0.204581 0.875021 
0.00145361 1.38226 
0.711694 0.594771 
0.600113 0.654428 
0.00132813 1.43845 
1.67764 0.0153989 
0.00100254 2.16267 
