0.679922 0.911633 
0.928364 0.119635 
0.929294 0.119476 
1.00705 0.11944 
0.914785 0.119776 
0.918229 0.119776 
0.864268 0.148955 
0.680034 0.577242 
0.918288 0.119776 
0.931446 0.119443 
0.864454 0.146692 
0.871681 0.139034 
0.86888 0.139297 
0.867477 0.140183 
0.885029 0.123658 
0.971303 0.11944 
0.904075 0.119803 
0.926251 0.119636 
0.820154 0.278252 
0.865727 0.145669 
0.89327 0.120189 
0.864249 0.18853 
0.883517 0.124792 
0.914766 0.119776 
0.86685 0.142861 
0.680104 0.387126 
0.887654 0.123123 
0.922111 0.119744 
0.895539 0.119807 
0.864263 0.172981 
0.864266 0.157417 
0.901009 0.119803 
1.05457 0.0156382 
1.03192 0.0488896 
0.891245 0.12191 
0.88029 0.135653 
0.873728 0.139025 
0.864266 0.150013 
0.882381 0.128111 
0.680108 0.382321 
0.881113 0.131319 
0.879885 0.138404 
0.907294 0.119803 
0.864266 0.157758 
1.03167 0.0496162 
0.864251 0.175293 
1.02507 0.052653 
0.945349 0.119441 
1.03351 0.0431585 
1.04662 0.0156562 
0.933577 0.119441 
0.86425 0.18358 
0.682335 0.367005 
1.22767 0.0155848 
0.864266 0.167603 
1.04091 0.0156583 
0.680243 0.378362 
0.843246 0.278237 
0.717943 0.32165 
0.864249 0.190203 
1.22553 0.0155964 
0.682391 0.366803 
0.824483 0.278238 
0.717958 0.302374 
1.03726 0.0412669 
0.971303 0.11944 
0.945733 0.119441 
0.679922 0.776434 
1.20541 0.0156041 
1.00363 0.11944 
1.03727 0.0232172 
0.977313 0.11944 
1.02507 0.0546216 
1.02372 0.091042 
1.00705 0.11944 
1.02261 0.0929718 
0.843678 0.278237 
0.761658 0.280226 
0.819122 0.279263 
0.864249 0.208987 
0.717619 0.321915 
0.761511 0.280231 
0.720948 0.302278 
0.680019 0.579949 
0.679922 0.75185 
0.704474 0.366754 
0.864249 0.247486 
0.680037 0.576358 
0.680045 0.485299 
0.680056 0.484188 
0.680104 0.389826 
0.67993 0.700005 
0.680013 0.648247 
1.05523 0.0156375 
0.679922 0.776435 
1.196 0.0156154 
1.24015 0.0155534 
1.48293 0.0155081 
1.7854 0.0155071 
0.679921 1.05623 
