0.508113 0.741821 
0.577761 0.666193 
0.485998 0.763806 
0.724225 0.475498 
0.896515 0.196261 
0.605265 0.633654 
0.89032 0.207331 
0.548135 0.699549 
0.884356 0.217914 
0.463285 0.785367 
0.470829 0.77832 
0.438791 0.807463 
0.478231 0.771295 
0.555759 0.691132 
0.833459 0.305347 
0.807986 0.347159 
0.532304 0.716652 
0.584687 0.658142 
0.731067 0.46554 
0.447173 0.800036 
0.717213 0.485606 
0.915216 0.162379 
0.291014 0.915311 
0.598246 0.642102 
0.878347 0.228506 
0.311339 0.903068 
0.619863 0.61577 
0.358406 0.871545 
0.493266 0.756689 
0.591613 0.649994 
0.540221 0.708161 
0.421418 0.822407 
0.826875 0.316277 
0.500771 0.749229 
0.908998 0.173722 
0.563156 0.682856 
0.659659 0.56485 
0.612471 0.624879 
0.902779 0.184991 
0.376856 0.857979 
0.570475 0.674559 
0.801744 0.357206 
0.795391 0.367353 
0.3849 0.851852 
0.430184 0.814942 
0.321 0.896959 
0.524144 0.725273 
0.788747 0.377879 
0.782198 0.388166 
0.367877 0.864667 
0.814192 0.337091 
0.820464 0.326838 
0.696264 0.515217 
0.652951 0.573655 
0.402568 0.837939 
0.646074 0.582588 
0.393796 0.844925 
0.710203 0.495612 
0.339841 0.884508 
0.703368 0.505273 
0.85341 0.271691 
0.85973 0.260865 
0.688909 0.525405 
0.455242 0.792755 
0.940347 0.115748 
0.872065 0.239503 
0.632204 0.600318 
0.638796 0.591939 
0.625477 0.608779 
0.516064 0.733678 
0.774958 0.39944 
0.330572 0.890722 
0.301266 0.909239 
0.738417 0.45474 
0.866015 0.250018 
0.349226 0.878042 
0.760587 0.421507 
0.681495 0.535564 
0.99394 0.0120833 
0.41249 0.829852 
0.846805 0.282921 
0.840085 0.294257 
0.921544 0.150756 
0.988102 0.0236535 
0.954491 0.0889476 
0.948233 0.100853 
0.280775 0.921165 
0.967008 0.0648951 
0.753168 0.432738 
0.745851 0.443706 
0.767577 0.410826 
0.96066 0.0771331 
0.673958 0.54578 
0.927861 0.139074 
0.934152 0.127361 
1 0 
0.971266 0.0566427 
0.666428 0.555874 
0.982566 0.0345633 
0.97604 0.0473461 
