0.354485 0.874341 
0.699484 0.510723 
0.363554 0.867828 
0.345348 0.880735 
0.308049 0.905106 
0.678261 0.539961 
0.336086 0.887046 
0.70652 0.500829 
0.739855 0.452615 
0.492935 0.757015 
0.650764 0.576507 
0.585452 0.657246 
0.326652 0.893298 
0.542335 0.705873 
0.713575 0.49081 
0.534245 0.714583 
0.644129 0.585098 
0.692734 0.52012 
0.901303 0.187653 
0.664264 0.558753 
0.484894 0.764878 
0.317555 0.899159 
0.733415 0.462102 
0.624088 0.610514 
0.526061 0.72326 
0.509667 0.740239 
0.517855 0.731827 
0.564274 0.681594 
0.931228 0.132814 
0.54976 0.697763 
0.380284 0.855384 
0.907328 0.176755 
0.414571 0.828131 
0.919219 0.155037 
0.760376 0.421828 
0.405873 0.835267 
0.9941 0.0117653 
0.571745 0.673108 
0.767303 0.411246 
0.432152 0.813245 
0.298813 0.910711 
0.726551 0.472123 
0.746821 0.442258 
0.388829 0.848812 
0.476741 0.772718 
0.39742 0.842057 
0.637511 0.59358 
0.616759 0.619608 
0.578726 0.665076 
0.372125 0.861523 
0.685421 0.530198 
0.925221 0.143966 
0.5932 0.648114 
0.557027 0.689721 
0.982092 0.0354949 
0.77423 0.400569 
0.671411 0.549208 
0.888778 0.210073 
0.895121 0.198759 
0.720033 0.481552 
0.501283 0.748716 
0.657488 0.567709 
0.630822 0.602064 
0.913332 0.165824 
0.795051 0.367895 
0.801653 0.357352 
0.289856 0.915984 
0.808247 0.346737 
0.753597 0.432091 
0.97028 0.0585567 
0.815276 0.335325 
0.821336 0.325407 
0.937254 0.121554 
0.86282 0.255542 
0.450412 0.797129 
0.441273 0.805278 
0.608944 0.629187 
0.988119 0.0236212 
0.854588 0.269679 
0.423497 0.82065 
0.964563 0.0696176 
0.280775 0.921165 
0.958719 0.0808588 
0.826949 0.316156 
0.835238 0.302377 
0.788058 0.378965 
0.869433 0.244087 
0.459456 0.7889 
0.781119 0.389853 
0.875941 0.232727 
0.882365 0.221432 
0.600996 0.638804 
0.847443 0.28184 
0.976223 0.0469884 
0.468001 0.780975 
0.841517 0.291849 
0.943972 0.108917 
1 0 
0.949804 0.0978727 
0.954458 0.0890107 
