0.510414 0.739477 
0.534562 0.714243 
0.805344 0.351421 
0.526421 0.722881 
0.463237 0.785411 
0.518556 0.7311 
0.793021 0.371118 
0.994187 0.0115926 
0.440649 0.805828 
0.613525 0.623587 
0.799311 0.361102 
0.455403 0.792608 
0.494758 0.755214 
0.605847 0.632949 
0.559074 0.687437 
0.708219 0.498426 
0.715266 0.488395 
0.333478 0.888792 
0.28954 0.916166 
0.470893 0.77826 
0.780201 0.391286 
0.643115 0.586403 
0.342221 0.882885 
0.693667 0.518826 
0.432818 0.812669 
0.959077 0.0801719 
0.891421 0.205368 
0.897638 0.194246 
0.44814 0.79917 
0.941068 0.11439 
0.57438 0.670087 
0.351185 0.876669 
0.478956 0.770601 
0.502596 0.747397 
0.424687 0.819641 
0.416137 0.82683 
0.679907 0.537727 
0.369771 0.863269 
0.307529 0.905426 
0.953141 0.0915216 
0.566678 0.678876 
0.970609 0.0579189 
0.551023 0.696374 
0.947097 0.103007 
0.93492 0.125924 
0.786663 0.381162 
0.590098 0.651784 
0.582419 0.660788 
0.811513 0.341447 
0.988353 0.0231576 
0.298445 0.91093 
0.817743 0.331296 
0.316187 0.900026 
0.397882 0.84169 
0.736801 0.457124 
0.903819 0.183111 
0.40706 0.834302 
0.686788 0.528322 
0.658169 0.566813 
0.324851 0.894472 
0.672638 0.547558 
0.66551 0.557096 
0.976524 0.0464008 
0.982431 0.0348296 
0.964921 0.0689271 
0.360736 0.86987 
0.824455 0.320275 
0.379007 0.856353 
0.878669 0.227941 
0.627922 0.605714 
0.620536 0.614935 
0.872408 0.238904 
0.766269 0.412832 
0.830881 0.309637 
0.388417 0.849132 
0.928778 0.137372 
0.837513 0.298572 
0.598059 0.642325 
0.729779 0.467422 
0.844343 0.287084 
0.864819 0.252087 
0.773289 0.402024 
0.744643 0.445507 
0.885083 0.216629 
0.65069 0.576602 
0.760201 0.422094 
0.486828 0.762999 
0.91006 0.17179 
0.280775 0.921761 
0.857823 0.26414 
0.851289 0.275306 
0.722578 0.477881 
0.916316 0.160364 
0.700935 0.508691 
0.542834 0.705331 
0.750781 0.436328 
0.635513 0.596123 
0.756151 0.428235 
0.922537 0.148925 
1 0 
