0.5581 0.688524 
0.503637 0.74635 
0.46019 0.788225 
0.46895 0.780085 
0.822745 0.323091 
0.816623 0.333128 
0.609753 0.628202 
0.451459 0.796185 
0.565863 0.679799 
0.602288 0.637249 
0.54267 0.70551 
0.758786 0.424244 
0.424761 0.819578 
0.75227 0.434089 
0.364746 0.86696 
0.486151 0.763658 
0.765311 0.4143 
0.784219 0.385 
0.804023 0.353546 
0.320993 0.896964 
0.407227 0.834166 
0.477719 0.771785 
0.519839 0.729767 
0.527577 0.721663 
0.834699 0.303277 
0.778057 0.394627 
0.852367 0.27347 
0.678197 0.540049 
0.846518 0.283406 
0.964835 0.0690935 
0.976679 0.046099 
0.871793 0.239976 
0.346982 0.879603 
0.982541 0.0346126 
0.398804 0.840955 
0.840744 0.29315 
0.580785 0.662689 
0.797509 0.363979 
0.390616 0.847419 
0.573339 0.671283 
0.303672 0.907783 
0.416009 0.826937 
0.670797 0.550032 
0.595529 0.645345 
0.865501 0.250909 
0.810419 0.34322 
0.433719 0.811888 
0.970781 0.0575852 
0.663376 0.559933 
0.535174 0.713589 
0.790858 0.374544 
0.442717 0.804002 
0.624761 0.609674 
0.82879 0.313107 
0.355974 0.873283 
0.771765 0.404379 
0.287271 0.917475 
0.685477 0.530122 
0.550316 0.697152 
0.617643 0.618517 
0.3296 0.891364 
0.692935 0.519841 
0.312502 0.902342 
0.338084 0.885699 
0.988379 0.0231077 
0.858872 0.26234 
0.588252 0.65396 
0.656005 0.569658 
0.898117 0.193387 
0.494831 0.755143 
0.994199 0.0115678 
0.29536 0.912763 
0.511792 0.738069 
0.903528 0.183637 
0.700217 0.509696 
0.381816 0.854216 
0.947512 0.102221 
0.941847 0.112923 
0.95852 0.0812393 
0.916649 0.159755 
0.708025 0.4987 
0.715519 0.488032 
0.878434 0.228354 
0.884962 0.216842 
0.953455 0.0909236 
0.280775 0.92231 
0.929885 0.135313 
0.923062 0.147956 
0.723095 0.477133 
0.730591 0.466236 
0.937025 0.121984 
0.909438 0.172923 
0.737929 0.455461 
0.891477 0.205269 
0.632628 0.599782 
0.640553 0.589692 
0.648311 0.579693 
0.745226 0.444638 
0.373335 0.860621 
1 0 
