0.547526 0.700215 
0.808921 0.345647 
0.47919 0.770377 
0.384282 0.852328 
0.71432 0.489746 
0.893115 0.202345 
0.367135 0.865212 
0.470902 0.778252 
0.431441 0.813858 
0.438724 0.807521 
0.532247 0.716713 
0.55561 0.691298 
0.815134 0.335556 
0.640522 0.589732 
0.424196 0.820058 
0.707538 0.499391 
0.496135 0.75385 
0.571806 0.673038 
0.741432 0.450278 
0.754636 0.430524 
0.563801 0.682129 
0.579773 0.663864 
0.510807 0.739076 
0.524761 0.724626 
0.886943 0.213332 
0.821321 0.325432 
0.487577 0.762269 
0.401085 0.839131 
0.796126 0.366184 
0.721038 0.480104 
0.905774 0.179574 
0.330228 0.890949 
0.29086 0.915401 
0.627316 0.606475 
0.375741 0.858818 
0.416786 0.826289 
0.348928 0.878249 
0.728003 0.470012 
0.782373 0.387893 
0.924664 0.144996 
0.50383 0.746156 
0.747959 0.440557 
0.91842 0.156504 
0.408803 0.83288 
0.310753 0.903432 
0.339648 0.884639 
0.761341 0.42036 
0.446584 0.800563 
0.80266 0.355737 
0.734621 0.460332 
0.540067 0.708327 
0.392776 0.845727 
0.949554 0.098347 
0.611977 0.625484 
0.51781 0.731873 
0.633839 0.598248 
0.943531 0.10975 
0.955741 0.0865601 
0.833972 0.304491 
0.912021 0.168217 
0.840379 0.293764 
0.692502 0.520441 
0.974443 0.0504607 
0.619487 0.616236 
0.358318 0.871608 
0.827627 0.315033 
0.320568 0.897236 
0.986677 0.0264676 
0.661763 0.56207 
0.789005 0.377471 
0.899438 0.191012 
0.685339 0.530311 
0.853955 0.27076 
0.700022 0.509969 
0.300764 0.909541 
0.992142 0.015655 
0.454685 0.793261 
0.669822 0.551338 
0.654661 0.57142 
0.867395 0.247627 
0.587947 0.654318 
0.603986 0.635201 
0.775424 0.398717 
0.980666 0.0382947 
0.596003 0.644781 
0.462851 0.785769 
0.647575 0.580646 
0.995782 0.0084187 
0.280775 0.921165 
0.961611 0.0753033 
0.968627 0.0617608 
0.677724 0.54069 
0.847181 0.282284 
0.860674 0.25924 
0.931014 0.133213 
0.76836 0.409622 
0.880447 0.224813 
0.873925 0.236256 
0.937254 0.121555 
1 0 
