0.789806 0.376206 
0.41005 0.831859 
0.576201 0.667993 
0.364169 0.867381 
0.419269 0.824213 
0.958041 0.0821565 
0.42834 0.816525 
0.9525 0.0927431 
0.929124 0.136729 
0.783523 0.386092 
0.777225 0.395922 
0.3733 0.860647 
0.917065 0.158991 
0.815951 0.334224 
0.400929 0.839256 
0.834972 0.302822 
0.946752 0.103661 
0.770382 0.406512 
0.822258 0.323892 
0.940933 0.114645 
0.454915 0.793052 
0.923023 0.148029 
0.911122 0.169856 
0.553535 0.693599 
0.568364 0.676963 
0.463614 0.785062 
0.796063 0.366284 
0.841365 0.292105 
0.560974 0.685309 
0.446097 0.800997 
0.354939 0.874019 
0.39181 0.846485 
0.8026 0.355833 
0.317457 0.899221 
0.963516 0.0716362 
0.472394 0.776844 
0.539254 0.709205 
0.617283 0.618962 
0.934984 0.125805 
0.610226 0.627624 
0.532225 0.716736 
0.603259 0.636078 
0.8476 0.281575 
0.596349 0.644368 
0.809278 0.345069 
0.853752 0.271108 
0.871883 0.23982 
0.623879 0.610775 
0.67671 0.542063 
0.865747 0.250481 
0.345604 0.880558 
0.437233 0.808827 
0.591019 0.650696 
0.289945 0.915932 
0.546313 0.701542 
0.326952 0.893102 
0.905215 0.180585 
0.669702 0.551499 
0.654823 0.571207 
0.498565 0.751433 
0.583444 0.659593 
0.336248 0.886937 
0.828603 0.313417 
0.515758 0.733994 
0.523729 0.725708 
0.698083 0.51268 
0.66231 0.561345 
0.719996 0.481606 
0.308207 0.905008 
0.63925 0.591359 
0.690925 0.522622 
0.892388 0.203644 
0.70545 0.502341 
0.734818 0.460043 
0.647222 0.581103 
0.749237 0.438644 
0.684061 0.53206 
0.994755 0.0104627 
0.631333 0.601419 
0.859678 0.260954 
0.727415 0.470868 
0.74207 0.449333 
0.756434 0.427808 
0.899043 0.191722 
0.972587 0.0540745 
0.298924 0.910644 
0.968752 0.0615201 
0.983097 0.0335194 
0.382651 0.853578 
0.280775 0.921165 
0.878698 0.227889 
0.88502 0.21674 
0.977515 0.0444635 
0.50706 0.742891 
0.489878 0.760019 
0.712536 0.492293 
0.481129 0.768515 
0.763463 0.417124 
0.988804 0.0222675 
1 0 
