0.620476 0.615009 
0.559941 0.686466 
0.668764 0.552755 
0.655526 0.570285 
0.552438 0.694812 
0.458979 0.789339 
0.522592 0.726898 
0.662085 0.561643 
0.350506 0.877145 
0.574713 0.669704 
0.649104 0.578664 
0.695677 0.516034 
0.530093 0.719001 
0.675421 0.543806 
0.642487 0.58721 
0.784532 0.384509 
0.971308 0.0565602 
0.635396 0.596271 
0.590369 0.651464 
0.582583 0.660597 
0.613154 0.624042 
0.341622 0.883295 
0.395274 0.843759 
0.598068 0.642315 
0.545089 0.702878 
0.499784 0.750216 
0.567274 0.6782 
0.43265 0.812814 
0.730196 0.466814 
0.483989 0.765755 
0.682086 0.534759 
0.450254 0.797271 
0.507325 0.742621 
0.688886 0.525437 
0.491798 0.758135 
0.756941 0.42704 
0.716635 0.486434 
0.750143 0.437286 
0.736767 0.457174 
0.743343 0.44744 
0.791031 0.374269 
0.514905 0.734873 
0.537644 0.710939 
0.977229 0.0450237 
0.983081 0.0335524 
0.323957 0.895052 
0.377031 0.857848 
0.628059 0.605542 
0.298131 0.911118 
0.702818 0.506046 
0.994421 0.0111272 
0.315412 0.900515 
0.386243 0.850816 
0.441486 0.80509 
0.988761 0.0223508 
0.777844 0.394958 
0.797829 0.363469 
0.804422 0.352905 
0.965348 0.0681035 
0.467618 0.781333 
0.289357 0.916273 
0.959262 0.079816 
0.723555 0.476468 
0.764005 0.416296 
0.709633 0.496421 
0.953375 0.0910752 
0.947364 0.102501 
0.332834 0.889222 
0.881857 0.222329 
0.896249 0.196738 
0.824685 0.319895 
0.368059 0.864533 
0.359444 0.8708 
0.915986 0.160969 
0.811196 0.341961 
0.860387 0.259735 
0.928625 0.137656 
0.306891 0.905818 
0.941244 0.11406 
0.475789 0.773624 
0.868075 0.246446 
0.852803 0.272728 
0.404865 0.836085 
0.935105 0.125578 
0.770805 0.40586 
0.280775 0.921165 
0.843451 0.28859 
0.848953 0.279279 
0.875025 0.234332 
0.902875 0.184817 
0.817977 0.330913 
0.909453 0.172896 
0.922501 0.148992 
0.414342 0.828321 
0.831128 0.309226 
0.423583 0.820578 
0.83731 0.298912 
0.605757 0.633058 
0.888791 0.210051 
1 0 
