0.545555 0.70237 
0.39014 0.847791 
0.432603 0.812854 
0.49868 0.751319 
0.39841 0.84127 
0.415325 0.827505 
0.381424 0.854516 
0.522523 0.72697 
0.339655 0.884635 
0.507068 0.742882 
0.561328 0.68491 
0.969298 0.0604608 
0.658147 0.566843 
0.78612 0.382015 
0.699881 0.510167 
0.423926 0.820287 
0.693273 0.519372 
0.31491 0.900832 
0.792715 0.371603 
0.288956 0.916504 
0.406798 0.834515 
0.306615 0.905987 
0.963216 0.0722145 
0.530853 0.718195 
0.441827 0.804789 
0.538151 0.710394 
0.450223 0.797299 
0.364334 0.867261 
0.606753 0.631851 
0.613551 0.623555 
0.356167 0.873145 
0.650631 0.57668 
0.665098 0.557645 
0.323058 0.895634 
0.474467 0.774881 
0.643292 0.586175 
0.950842 0.0959002 
0.297869 0.911274 
0.458376 0.789891 
0.33151 0.890101 
0.93292 0.12966 
0.553525 0.69361 
0.490547 0.759363 
0.805606 0.350999 
0.372905 0.860942 
0.957025 0.0841029 
0.672195 0.548154 
0.56887 0.676387 
0.5995 0.6406 
0.914662 0.163393 
0.621192 0.61412 
0.799177 0.361316 
0.920923 0.151901 
0.938963 0.118349 
0.679448 0.538351 
0.584708 0.658116 
0.628559 0.604914 
0.466764 0.782131 
0.576981 0.667093 
0.347928 0.878946 
0.926849 0.14095 
0.482498 0.767195 
0.592658 0.648757 
0.515078 0.734695 
0.839948 0.294487 
0.975401 0.0485934 
0.846272 0.283824 
0.686465 0.528766 
0.706304 0.501135 
0.713033 0.491584 
0.981517 0.0366248 
0.635947 0.595571 
0.944919 0.107129 
0.833332 0.305558 
0.871839 0.239897 
0.719998 0.481603 
0.882542 0.221119 
0.852522 0.273206 
0.742422 0.44881 
0.764558 0.415452 
0.82634 0.317162 
0.993825 0.0123113 
0.895819 0.197509 
0.908533 0.174568 
0.901759 0.186831 
0.859099 0.261949 
0.749904 0.437643 
0.727562 0.470654 
0.757242 0.426585 
0.771851 0.404247 
0.280775 0.922528 
0.876329 0.232047 
0.735047 0.459707 
0.819397 0.328588 
0.779018 0.39313 
0.812423 0.339969 
0.987619 0.0246091 
0.889039 0.20961 
0.86554 0.25084 
1 0 
