0.501244 0.748754 
0.598644 0.641626 
0.431428 0.81387 
0.83614 0.300869 
0.517566 0.732125 
0.41418 0.828455 
0.422866 0.821185 
0.339947 0.884436 
0.898278 0.193096 
0.665141 0.557588 
0.679518 0.538255 
0.829971 0.311149 
0.371185 0.862221 
0.892287 0.203823 
0.583616 0.659392 
0.928906 0.137134 
0.332083 0.889721 
0.613352 0.623799 
0.817582 0.331559 
0.823701 0.321517 
0.672362 0.547929 
0.935008 0.12576 
0.916552 0.159932 
0.643045 0.586493 
0.6282 0.605365 
0.316046 0.900115 
0.525735 0.723602 
0.363572 0.867815 
0.492844 0.757105 
0.509602 0.740306 
0.85584 0.267538 
0.88637 0.214349 
0.575797 0.668458 
0.753172 0.432732 
0.657881 0.567193 
0.759921 0.422519 
0.35546 0.873648 
0.484173 0.765577 
0.32411 0.894953 
0.842651 0.289939 
0.307355 0.905533 
0.86839 0.245898 
0.874505 0.235241 
0.606007 0.632756 
0.298412 0.91095 
0.388133 0.849353 
0.862125 0.25674 
0.635659 0.595938 
0.650473 0.576885 
0.953544 0.0907539 
0.396857 0.842504 
0.977704 0.0440952 
0.746029 0.44344 
0.983425 0.0328758 
0.620804 0.614603 
0.922801 0.148438 
0.904352 0.182148 
0.457293 0.790883 
0.448682 0.798684 
0.941191 0.114159 
0.959596 0.079175 
0.43998 0.806417 
0.347717 0.879093 
0.811227 0.341911 
0.379279 0.856148 
0.773981 0.400954 
0.591322 0.650338 
0.716678 0.486373 
0.701306 0.508171 
0.686614 0.528561 
0.804731 0.352408 
0.559327 0.687153 
0.971548 0.0560936 
0.280775 0.922126 
0.784519 0.38453 
0.542627 0.705556 
0.766698 0.412175 
0.947331 0.102564 
0.69402 0.518336 
0.994534 0.0109012 
0.289391 0.916253 
0.880457 0.224796 
0.965514 0.0677828 
0.707722 0.499129 
0.724032 0.475778 
0.731648 0.464691 
0.466498 0.782379 
0.711165 0.494245 
0.550968 0.696434 
0.567638 0.677787 
0.798392 0.36257 
0.790905 0.374469 
0.534161 0.714672 
0.738806 0.454165 
0.405426 0.83563 
0.475589 0.773815 
0.849233 0.278803 
0.910543 0.170912 
0.989078 0.0217244 
1 0 
