0.409605 0.832224 
0.434965 0.810805 
0.717892 0.484632 
0.443728 0.803106 
0.560054 0.68634 
0.365242 0.866598 
0.724707 0.4748 
0.777751 0.395103 
0.503738 0.746248 
0.682538 0.534142 
0.582555 0.660629 
0.804333 0.353049 
0.552471 0.694776 
0.668084 0.553663 
0.495309 0.754669 
0.288008 0.917051 
0.797709 0.36366 
0.337586 0.886036 
0.37476 0.859555 
0.765059 0.414685 
0.384271 0.852336 
0.567726 0.677687 
0.94009 0.116231 
0.703842 0.504607 
0.710779 0.494793 
0.791013 0.374299 
0.78434 0.38481 
0.512007 0.737848 
0.417927 0.825337 
0.575149 0.669203 
0.478025 0.771492 
0.745241 0.444615 
0.469488 0.779581 
0.927899 0.139003 
0.528377 0.720818 
0.401423 0.83886 
0.758635 0.424474 
0.771331 0.405048 
0.452478 0.795264 
0.520193 0.7294 
0.392834 0.845681 
0.731613 0.464742 
0.909278 0.173213 
0.346515 0.879927 
0.696898 0.514333 
0.654734 0.571324 
0.81084 0.342539 
0.426466 0.818127 
0.661406 0.562542 
0.90313 0.184357 
0.632291 0.600208 
0.647154 0.581192 
0.639725 0.590752 
0.536658 0.711998 
0.320174 0.897489 
0.675265 0.544017 
0.752041 0.434435 
0.544367 0.703665 
0.950654 0.0962569 
0.956407 0.0852861 
0.31205 0.902625 
0.8505 0.27665 
0.962097 0.0743703 
0.460935 0.787539 
0.82383 0.321304 
0.607586 0.630839 
0.896879 0.195608 
0.968194 0.0626003 
0.84381 0.287985 
0.830289 0.310621 
0.921764 0.150352 
0.295985 0.912393 
0.934067 0.127518 
0.35596 0.873292 
0.876994 0.230881 
0.625376 0.608904 
0.863824 0.253808 
0.617662 0.618494 
0.738463 0.454673 
0.945322 0.106366 
0.280775 0.921982 
0.593498 0.64776 
0.883784 0.218925 
0.974065 0.0511974 
0.58997 0.651936 
0.601068 0.638717 
0.890886 0.206322 
0.837072 0.29931 
0.857196 0.265214 
0.870469 0.242284 
0.993565 0.0128287 
0.48674 0.763084 
0.91552 0.161824 
0.328797 0.891893 
0.6896 0.524452 
0.304171 0.90748 
0.986513 0.0267917 
0.979953 0.0396921 
0.817348 0.331942 
1 0 
