0.745038 0.444919 
0.524339 0.725069 
0.483607 0.766124 
0.738321 0.454883 
0.764916 0.414903 
0.540363 0.708007 
0.423395 0.820737 
0.867414 0.247593 
0.532411 0.716538 
0.601729 0.637922 
0.790627 0.374909 
0.491631 0.758299 
0.725752 0.473284 
0.854845 0.26924 
0.359212 0.870966 
0.548008 0.699687 
0.459718 0.78866 
0.700099 0.509862 
0.731843 0.464405 
0.500099 0.749901 
0.441716 0.804887 
0.326033 0.893703 
0.386585 0.850552 
0.317498 0.899195 
0.83638 0.300468 
0.796569 0.365477 
0.802959 0.355257 
0.719425 0.482428 
0.41446 0.828223 
0.713175 0.491381 
0.758372 0.424872 
0.28996 0.915923 
0.886346 0.214391 
0.334429 0.888157 
0.771634 0.404582 
0.686912 0.528152 
0.350866 0.876893 
0.706677 0.500608 
0.586777 0.655693 
0.751764 0.43485 
0.848488 0.280068 
0.594202 0.646924 
0.57222 0.672564 
0.342603 0.882623 
0.672896 0.54721 
0.30877 0.904661 
0.579553 0.664118 
0.816713 0.33298 
0.516447 0.733283 
0.994257 0.0114539 
0.508339 0.741592 
0.823153 0.322419 
0.405093 0.8359 
0.556086 0.690768 
0.564066 0.68183 
0.693544 0.518997 
0.842608 0.290012 
0.778222 0.39437 
0.679875 0.53777 
0.976915 0.0456372 
0.873827 0.236426 
0.377435 0.857543 
0.784661 0.384307 
0.368111 0.864494 
0.861083 0.258536 
0.829681 0.31163 
0.475561 0.773842 
0.982671 0.0343576 
0.639822 0.59161 
0.632735 0.599647 
0.299547 0.910272 
0.952592 0.0925691 
0.45058 0.796978 
0.395928 0.843241 
0.908209 0.175156 
0.88004 0.22553 
0.964946 0.0688797 
0.970927 0.0573015 
0.665135 0.557595 
0.64774 0.580433 
0.939699 0.116965 
0.809821 0.34419 
0.609385 0.62865 
0.988526 0.0228166 
0.280775 0.921727 
0.656239 0.569351 
0.946068 0.104955 
0.92058 0.152532 
0.92709 0.140504 
0.933323 0.128909 
0.958823 0.0806585 
0.61731 0.618928 
0.432634 0.812828 
0.625079 0.609276 
0.914249 0.164148 
0.898105 0.193408 
0.891523 0.205188 
0.902848 0.184866 
0.467758 0.781203 
1 0 
