-20 0 
-20 0 
-14.5036 -11.5691 
-19.0816 -0.000122714 
-17.0412 -3.8795 
-20 0 
-17.9411 -3.87576 
-15.6339 -7.7757 
-15.852 -7.74438 
-15.0066 -10.1477 
-18.5696 -1.4057 
-14.5991 -11.3377 
-18.9986 -0.132058 
-14.8511 -10.674 
-18.5457 -1.50736 
-14.5701 -11.4927 
-16.8898 -4.19821 
-15.0271 -10.0535 
-15.0432 -9.94678 
-18.8321 -0.502649 
-15.0271 -10.0535 
-15.9389 -7.70518 
-18.2354 -2.98543 
-15.8975 -7.73625 
-16.4783 -5.93207 
-15.3727 -8.63796 
-14.7343 -11.1463 
-18.2504 -2.91363 
-18.4351 -2.01068 
-16.1793 -7.19047 
-18.6322 -1.15468 
-14.966 -10.2572 
-15.1308 -9.62528 
-16.7123 -4.79762 
-14.5978 -11.4366 
-18.0658 -3.67205 
-18.5327 -1.5637 
-18.7064 -0.885491 
-18.4051 -2.15475 
-16.72 -4.75696 
-18.3462 -2.44368 
-15.4836 -8.1919 
-15.8939 -7.73911 
-16.5568 -5.55548 
-18.8198 -0.536134 
-15.5827 -7.91101 
-18.484 -1.78168 
-18.6892 -0.945169 
-18.5174 -1.63085 
-15.4565 -8.30255 
-18.3211 -2.56743 
-16.4703 -5.97061 
-14.9837 -10.1704 
-15.3125 -8.87986 
-16.3534 -6.48401 
-16.3833 -6.37185 
-18.7704 -0.679083 
-15.5555 -7.99576 
-16.8767 -4.23376 
-19.0442 -0.0555804 
-18.7952 -0.605524 
-18.5122 -1.65428 
-14.9441 -10.3665 
-14.5978 -11.4366 
-16.1612 -7.2511 
-18.5283 -1.58287 
-14.9563 -10.3574 
-18.3266 -2.54068 
-18.7436 -0.762556 
-14.7915 -10.9638 
-16.3434 -6.54963 
-18.173 -3.27046 
-14.8196 -10.8414 
-14.7493 -11.1147 
-16.6297 -5.19491 
-15.852 -7.74438 
-14.7816 -10.9986 
-14.7205 -11.1841 
-14.8505 -10.768 
-14.912 -10.5058 
-16.5899 -5.36407 
-16.3115 -6.68658 
-15.0938 -9.80336 
-15.4779 -8.22556 
-18.5753 -1.3823 
-15.2238 -9.25741 
-18.6578 -1.05813 
-18.6741 -0.998808 
-16.3729 -6.41992 
-15.5947 -7.86702 
-15.0571 -9.81235 
-16.6 -5.33325 
-18.8578 -0.43567 
-16.7283 -4.72131 
-17.9706 -3.8627 
-14.9778 -10.2046 
-18.3117 -2.61413 
-18.4753 -1.82199 
-15.2049 -9.34998 
-15.5663 -7.96228 
-18.8765 -0.389092 
-18.2794 -2.77299 
-16.7006 -4.83233 
-14.9378 -10.4182 
-14.8953 -10.5845 
-16.3064 -6.70798 
-16.489 -5.87765 
-18.4703 -1.84475 
-17.0101 -3.93279 
-18.9763 -0.173114 
-16.2871 -6.78409 
-18.2148 -3.08218 
-16.5039 -5.8111 
-16.6226 -5.23084 
-15.3536 -8.69919 
-16.0614 -7.51265 
-16.3285 -6.59554 
-16.7442 -4.67328 
-15.6072 -7.83217 
-16.8038 -4.43865 
-18.8686 -0.408637 
-15.1697 -9.45002 
-14.7557 -11.0947 
-14.9221 -10.4709 
-18.7832 -0.640919 
-18.7586 -0.715337 
-18.6741 -0.998808 
-15.1887 -9.41749 
-19.0543 -0.0399717 
-16.496 -5.84854 
-15.3399 -8.78569 
-18.5457 -1.50736 
-14.8108 -10.8782 
-15.097 -9.79364 
-16.6071 -5.30763 
-16.5396 -5.63584 
-18.5979 -1.28952 
-15.1696 -9.49149 
-15.0535 -9.88801 
-16.7372 -4.70113 
-16.0824 -7.47421 
-16.6798 -4.94995 
-16.6905 -4.90146 
-16.4354 -6.12406 
-16.5306 -5.67246 
-16.5876 -5.40305 
-16.3212 -6.64385 
-18.1549 -3.34761 
-15.0432 -9.94678 
-15.0535 -9.88801 
-14.9591 -10.299 
-18.4501 -1.93925 
-16.8426 -4.32703 
-18.8488 -0.458815 
-16.9065 -4.15438 
-18.3938 -2.20991 
-16.3946 -6.32281 
-18.7539 -0.730024 
-16.4299 -6.15051 
-16.5459 -5.60892 
-15.0598 -9.80668 
-16.0226 -7.60806 
-18.9 -0.333557 
-16.3408 -6.55578 
-18.1928 -3.18273 
-16.6448 -5.11713 
-18.3352 -2.49802 
-16.6499 -5.0969 
-18.1426 -3.39845 
-18.5022 -1.69892 
-16.2303 -7.00073 
-16.8173 -4.41049 
-15.4984 -8.12729 
-16.5514 -5.5818 
-18.3825 -2.26467 
-18.3717 -2.31803 
-16.9385 -4.07332 
-18.2719 -2.80961 
-18.701 -0.904158 
-16.4058 -6.25903 
-15.1423 -9.59385 
-18.204 -3.13179 
-15.3851 -8.58953 
-15.2134 -9.31011 
-14.9103 -10.5495 
-16.1959 -7.12634 
-14.8487 -10.7883 
-15.4671 -8.26933 
-14.8391 -10.818 
-18.5005 -1.70662 
-16.3853 -6.34287 
-16.7547 -4.6322 
-15.44 -8.39409 
-16.6122 -5.27603 
-16.6851 -4.92693 
-15.402 -8.53561 
-16.5661 -5.50451 
-17.0233 -3.91071 
-16.076 -7.48594 
-15.9804 -7.67989 
-16.7997 -4.45954 
-14.8061 -10.8963 
-18.4156 -2.1041 
-16.2792 -6.80304 
-14.6458 -11.3061 
-18.9369 -0.252092 
-15.1971 -9.37761 
-16.7803 -4.53565 
-15.3029 -8.9272 
-18.4253 -2.0575 
-16.109 -7.39699 
-16.0973 -7.43936 
-18.9126 -0.304912 
-18.9234 -0.281129 
-16.6172 -5.25716 
-18.7212 -0.835729 
-15.5466 -8.02089 
-18.4253 -2.0575 
-18.0291 -3.76893 
-16.0973 -7.43936 
-16.9525 -4.05006 
-15.098 -9.72771 
-18.2241 -3.03893 
-16.6562 -5.06399 
-18.261 -2.86238 
-18.6929 -0.93215 
-18.9667 -0.191678 
-18.9508 -0.223319 
-14.8344 -10.8312 
-16.9308 -4.09844 
-16.9155 -4.13123 
-16.1399 -7.31697 
-17.9978 -3.82942 
-18.7783 -0.655461 
-16.4635 -6.0054 
-14.6458 -11.3061 
-14.6742 -11.3036 
-17.9411 -3.87576 
-17.9663 -3.86616 
-15.9424 -7.69951 
-15.6278 -7.78423 
-16.3623 -6.44973 
-16.2161 -7.06181 
-18.0878 -3.60228 
-18.0994 -3.56241 
-16.8206 -4.39814 
-16.7636 -4.59792 
-16.9915 -3.9718 
-16.9756 -4.00197 
-14.7027 -11.2447 
-16.2973 -6.74682 
-16.1196 -7.37185 
-16.1334 -7.33773 
-16.7484 -4.63735 
-15.4938 -8.15055 
-16.636 -5.16125 
-19.0275 -0.0823168 
-15.4225 -8.4616 
-15.4121 -8.50213 
-16.6386 -5.15073 
-18.3 -2.67199 
-16.6723 -4.9871 
-15.32 -8.8597 
-15.2852 -9.00852 
-15.2607 -9.11463 
-15.597 -7.84753 
-18.4912 -1.74875 
-14.7004 -11.2504 
-15.2951 -8.96737 
-15.2502 -9.14876 
-14.876 -10.6677 
-18.0524 -3.71032 
-18.3352 -2.49802 
-14.8903 -10.6247 
-16.455 -6.04542 
-15.1213 -9.6658 
-15.4752 -8.26929 
-15.1586 -9.52635 
-16.6636 -5.02922 
-14.93 -10.458 
-14.6185 -11.3145 
-18.7295 -0.808207 
-18.6222 -1.1934 
-16.836 -4.35102 
-16.1802 -7.17308 
-18.7212 -0.835729 
-14.6856 -11.2687 
-14.6742 -11.3036 
-18.0994 -3.56241 
-15.4225 -8.4616 
-16.7942 -4.48777 
-18.5847 -1.34332 
-16.6963 -4.86903 
-18.9393 -0.247175 
-18.3644 -2.35363 
-15.5297 -8.06204 
-16.8289 -4.37062 
-15.1478 -9.58712 
-15.1006 -9.72203 
-15.1619 -9.51663 
-18.1554 -3.3454 
-18.1646 -3.30657 
-16.4097 -6.24024 
-18.642 -1.11737 
-16.7818 -4.51818 
-16.4599 -6.01384 
-15.2134 -9.31011 
-18.1313 -3.44324 
-16.2227 -7.03152 
-16.2611 -6.89237 
-14.7962 -10.9311 
-16.7896 -4.49712 
-14.7657 -11.0048 
-14.76 -11.0503 
-15.3638 -8.67615 
-16.5223 -5.72324 
-16.8582 -4.28352 
-15.3029 -8.9272 
-15.2558 -9.13501 
-18.6144 -1.22401 
-18.4433 -1.97163 
-14.9624 -10.2895 
-14.9363 -10.4415 
-14.7973 -10.9183 
-18.906 -0.319787 
-18.261 -2.86238 
-16.5313 -5.66077 
-18.6578 -1.05813 
-18.6484 -1.09325 
-15.2656 -9.09387 
-15.4121 -8.50213 
-18.0092 -3.81008 
-16.5746 -5.46785 
-18.8886 -0.360183 
-15.543 -8.03615 
-16.5746 -5.46785 
-16.5661 -5.50451 
-18.0799 -3.62806 
-18.4619 -1.88399 
-18.2992 -2.67567 
-18.2915 -2.71346 
-18.1646 -3.30657 
-15.2784 -9.03488 
-16.9481 -4.05978 
-15.1116 -9.68718 
-14.5568 -11.5305 
-18.1254 -3.4665 
-16.2959 -6.74981 
-16.3563 -6.473 
-14.76 -11.0503 
-16.3669 -6.43072 
-16.863 -4.27214 
-18.2719 -2.80961 
-16.5817 -5.42772 
-18.3561 -2.39483 
-18.1097 -3.52529 
-15.9641 -7.69558 
-19.0673 -0.020588 
-15.1846 -9.43661 
-16.2767 -6.83065 
-16.2682 -6.86406 
-15.576 -7.93453 
-18.8886 -0.360183 
-15.9713 -7.68704 
-16.0583 -7.53544 
-16.5064 -5.78131 
-14.6185 -11.3145 
-15.4426 -8.37296 
-15.4496 -8.33683 
-17.0277 -3.90099 
-18.3712 -2.32044 
-18.6062 -1.25634 
-18.188 -3.20423 
-14.6856 -11.2687 
-16.6591 -5.04961 
-16.7643 -4.58785 
-14.894 -10.605 
-16.963 -4.02493 
-16.9756 -4.00197 
-14.8868 -10.6508 
-18.5847 -1.34332 
-15.3266 -8.80637 
-15.4006 -8.54822 
-18.6129 -1.23005 
-18.4156 -2.1041 
-15.2255 -9.2414 
-15.6188 -7.8078 
-16.5112 -5.77542 
-18.9508 -0.223319 
-15.4496 -8.33683 
-15.5727 -7.94087 
-18.1097 -3.52529 
-18.4912 -1.74875 
-16.109 -7.39699 
-16.1196 -7.37185 
-18.0396 -3.7438 
-16.963 -4.02493 
-16.0502 -7.53974 
-16.7708 -4.5629 
-19.0673 -0.020588 
-18.3644 -2.35363 
-18.6222 -1.1934 
-18.3081 -2.63192 
-15.4316 -8.42172 
-16.2258 -7.02506 
-16.2432 -6.94769 
-15.109 -9.69285 
-16.6731 -4.98297 
-18.2246 -3.03627 
-18.4501 -1.93925 
-18.4433 -1.97163 
-18.2543 -2.89484 
-14.9797 -10.1936 
-16.3998 -6.29463 
-16.3277 -6.61554 
-16.4207 -6.17173 
-18.2908 -2.71702 
-18.2109 -3.1001 
-18.1798 -3.24063 
-18.1998 -3.15128 
-16.0374 -7.57321 
-15.5107 -8.06714 
-16.415 -6.22019 
-15.3638 -8.67615 
-14.7159 -11.2036 
-16.0477 -7.56057 
-15.3946 -8.56963 
-15.1997 -9.37297 
-16.2161 -7.06181 
-18.7354 -0.78895 
-15.5283 -8.06271 
-15.1533 -9.559 
-16.2045 -7.10168 
-18.5928 -1.31051 
-15.5071 -8.10244 
-16.2682 -6.86406 
-15.3481 -8.73104 
-18.2309 -3.00649 
-16.4495 -6.05243 
-18.0799 -3.62806 
-16.4404 -6.09127 
-15.5109 -8.06457 
-16.2392 -6.97692 
-16.4487 -6.0752 
-15.6188 -7.8078 
-16.519 -5.73202 
-16.9065 -4.15438 
-16.9155 -4.13123 
-18.8488 -0.458815 
-19.0275 -0.0823168 
-19.0165 -0.100852 
-18.0871 -3.60451 
-15.5071 -8.10244 
-15.9886 -7.65494 
-15.2452 -9.17366 
-15.1213 -9.6658 
-18.8101 -0.563206 
-16.3243 -6.63354 
-18.1426 -3.39845 
-18.1357 -3.42587 
-16.849 -4.29865 
-16.9308 -4.09844 
-18.2849 -2.74587 
-14.7657 -11.0048 
-18.8101 -0.563206 
-15.2765 -9.04839 
-16.013 -7.6281 
-17.0011 -3.95176 
-16.9915 -3.9718 
-15.2845 -9.01137 
-16.1883 -7.14957 
-16.1535 -7.27433 
-16.1455 -7.29785 
-18.0577 -3.69556 
-16.2548 -6.90781 
-18.1167 -3.4994 
-16.4195 -6.20814 
-15.3225 -8.83872 
-15.3266 -8.80637 
-18.3996 -2.18162 
-16.0012 -7.64212 
-15.9886 -7.65494 
-18.6062 -1.25634 
-14.9113 -10.5447 
-17.9978 -3.82942 
-14.8808 -10.6545 
-15.2951 -8.96737 
-16.5817 -5.42772 
-15.1533 -9.559 
-16.013 -7.6281 
-16.0012 -7.64212 
-16.1571 -7.25797 
-16.1883 -7.14957 
-18.9667 -0.191678 
-18.9763 -0.173114 
-18.3882 -2.2371 
-15.4316 -8.42172 
-19.0158 -0.101964 
-16.2516 -6.92671 
-18.803 -0.583231 
