-14.6214 -11.4096 
-20 0 
-20 0 
-19.0722 -0.0133988 
-20 0 
-17.9416 -3.87576 
-17.0429 -3.8813 
-15.6263 -7.75461 
-15.9152 -7.74166 
-14.698 -11.2399 
-15.5854 -7.90052 
-14.6499 -11.3715 
-14.9477 -10.3654 
-18.6176 -1.21144 
-18.4619 -1.88389 
-16.074 -7.49966 
-15.0067 -10.1523 
-18.1956 -3.17029 
-15.5311 -8.0671 
-16.3708 -6.43156 
-15.6153 -7.79105 
-14.8577 -10.7363 
-15.0342 -10.0618 
-14.7244 -11.1455 
-15.3608 -8.6906 
-14.8798 -10.6395 
-14.901 -10.5956 
-18.3831 -2.26214 
-16.6993 -4.8623 
-16.3755 -6.38163 
-18.2303 -3.00958 
-18.2133 -3.08894 
-14.8706 -10.7051 
-16.5764 -5.4585 
-14.7918 -10.9537 
-17.9932 -3.83635 
-15.603 -7.82982 
-16.9805 -3.97188 
-15.2588 -9.11722 
-14.9253 -10.4961 
-18.2729 -2.80452 
-18.7018 -0.90131 
-16.7761 -4.54729 
-14.9656 -10.2986 
-15.5167 -8.10978 
-18.6311 -1.15904 
-16.5527 -5.56464 
-16.6871 -4.91489 
-16.5431 -5.62263 
-14.9436 -10.4092 
-18.6551 -1.06824 
-15.2799 -9.00149 
-16.2335 -6.99165 
-16.6698 -4.99962 
-18.4422 -1.97653 
-15.3944 -8.57374 
-18.4789 -1.80498 
-18.5964 -1.29565 
-16.1641 -7.23851 
-18.3717 -2.31763 
-16.9167 -4.12813 
-16.7654 -4.58668 
-15.1622 -9.49357 
-15.4501 -8.35557 
-15.3073 -8.91713 
-18.7415 -0.769292 
-18.5155 -1.63924 
-18.496 -1.72707 
-18.2879 -2.73155 
-15.0406 -10.0403 
-15.1958 -9.36149 
-18.4176 -2.09428 
-16.1916 -7.14895 
-16.8556 -4.2877 
-17.9824 -3.8507 
-15.2736 -9.06194 
-16.4001 -6.29937 
-14.768 -11.0488 
-14.7355 -11.1338 
-16.3537 -6.50553 
-16.4274 -6.15967 
-18.2091 -3.10855 
-14.7451 -11.0561 
-18.6085 -1.24728 
-15.2871 -8.99177 
-18.3054 -2.64496 
-14.8351 -10.8125 
-16.388 -6.35212 
-14.8076 -10.9233 
-16.2176 -7.05721 
-18.1451 -3.38825 
-16.3268 -6.62284 
-15.1296 -9.6424 
-18.9209 -0.286591 
-18.3956 -2.20107 
-18.7722 -0.673837 
-18.5008 -1.70511 
-15.2692 -9.07193 
-19.057 -0.0357808 
-14.7022 -11.1838 
-16.7289 -4.72818 
-16.8652 -4.26345 
-15.3079 -8.87651 
-15.5336 -8.02001 
-15.3995 -8.55386 
-16.9977 -3.95996 
-14.8711 -10.65 
-18.9344 -0.25743 
-18.972 -0.181478 
-15.376 -8.63913 
-16.6433 -5.1296 
-16.8457 -4.3149 
-16.5684 -5.49754 
-18.8883 -0.360821 
-18.8702 -0.404742 
-16.0916 -7.4551 
-16.2513 -6.92628 
-15.4831 -8.21687 
-15.4953 -8.16055 
-15.1723 -9.44744 
-15.1861 -9.39494 
-18.7623 -0.703972 
-15.5628 -7.97835 
-16.5846 -5.41925 
-14.97 -10.2554 
-16.6754 -4.97111 
-16.9056 -4.15879 
-14.9919 -10.1873 
-14.9737 -10.2336 
-18.5871 -1.33356 
-19.0164 -0.101044 
-15.9786 -7.66862 
-15.9756 -7.68705 
-14.9147 -10.5425 
-18.3532 -2.4089 
-18.7511 -0.738943 
-16.2788 -6.82195 
-18.5519 -1.48061 
-18.5396 -1.53355 
-18.9142 -0.301292 
-16.7196 -4.7666 
-14.8467 -10.777 
-14.7878 -10.9924 
-16.4632 -6.00512 
-16.3901 -6.3241 
-18.4063 -2.1488 
-18.3186 -2.57996 
-16.5464 -5.58081 
-16.7835 -4.52034 
-14.9348 -10.438 
-16.4468 -6.07839 
-19.0372 -0.0666048 
-16.6615 -5.03975 
-16.7906 -4.50013 
-16.4828 -5.91323 
-15.2471 -9.1638 
-16.4076 -6.26023 
-15.9526 -7.71369 
-16.0097 -7.6073 
-15.9581 -7.70359 
-15.4288 -8.44244 
-18.5836 -1.34806 
-19.0372 -0.0666048 
-15.0801 -9.88037 
-15.2411 -9.19691 
-16.7114 -4.80853 
-18.365 -2.35094 
-18.2963 -2.68998 
-15.1107 -9.73841 
-16.1473 -7.29518 
-18.4063 -2.1488 
-18.3956 -2.20107 
-15.1537 -9.50307 
-15.0175 -10.1135 
-16.3149 -6.6711 
-15.0175 -10.1135 
-16.1039 -7.4144 
-16.609 -5.29648 
-16.6276 -5.2076 
-16.1397 -7.31922 
-16.4182 -6.21436 
-16.2946 -6.75788 
-16.7343 -4.69175 
-16.0008 -7.62876 
-16.9337 -4.09117 
-15.344 -8.75995 
-18.432 -2.02527 
-16.3382 -6.57432 
-18.8277 -0.514541 
-18.8429 -0.474084 
-16.9601 -4.0343 
-16.3281 -6.5775 
-16.5643 -5.51663 
-18.3236 -2.55511 
-15.2169 -9.29469 
-15.2077 -9.33701 
-16.6171 -5.25743 
-16.5188 -5.7339 
-16.6028 -5.3292 
-14.9799 -10.1953 
-18.9473 -0.23045 
-18.0118 -3.80519 
-15.2515 -9.14159 
-15.3538 -8.71206 
-15.5466 -8.01461 
-16.8952 -4.18509 
-16.4538 -6.03727 
-16.5334 -5.65493 
-16.6491 -5.10106 
-18.4463 -1.95759 
-18.4722 -1.83619 
-18.6433 -1.11241 
-15.5742 -7.93508 
-15.0511 -9.99801 
-14.9209 -10.516 
-15.3479 -8.7343 
-15.4075 -8.51616 
-15.0702 -9.92429 
-18.182 -3.23089 
-16.4182 -6.21436 
-18.3125 -2.60997 
-18.9781 -0.169818 
-18.9949 -0.138641 
-15.4399 -8.39852 
-16.7411 -4.68033 
-15.1723 -9.44744 
-18.3497 -2.42618 
-15.2349 -9.21397 
-18.1323 -3.43958 
-18.1211 -3.48296 
-14.774 -11.0274 
-18.0875 -3.60334 
-18.8603 -0.429242 
-16.8348 -4.35302 
-15.4979 -8.1218 
-16.9536 -4.0456 
-16.6347 -5.17231 
-18.2404 -2.96183 
-18.2499 -2.91618 
-16.3589 -6.47191 
-18.894 -0.347369 
-16.812 -4.42624 
-16.8268 -4.37602 
-16.5216 -5.71593 
-15.4698 -8.27354 
-16.0532 -7.54569 
-15.603 -7.82982 
-18.7132 -0.862617 
-18.725 -0.822989 
-14.7795 -11.0061 
-18.4524 -1.92854 
-15.4399 -8.39852 
-14.7381 -11.0833 
-15.0493 -9.99959 
-14.7022 -11.1838 
-14.698 -11.2399 
-16.7979 -4.4737 
-15.4553 -8.3357 
-15.2982 -8.95135 
-16.2021 -7.10755 
-15.0615 -9.95691 
-18.3292 -2.52735 
-18.6347 -1.14511 
-18.2639 -2.84853 
-18.7132 -0.862685 
-16.4426 -6.09107 
-16.5963 -5.35967 
-16.7051 -4.83562 
-18.0138 -3.80138 
-16.2213 -7.01846 
-19.0007 -0.128303 
-16.2443 -6.95353 
-16.8385 -4.33471 
-16.5878 -5.40081 
-18.8429 -0.474084 
-18.8558 -0.440779 
-18.3379 -2.48464 
-15.1037 -9.76942 
-18.796 -0.603241 
-14.8221 -10.8768 
-16.063 -7.52378 
-18.8006 -0.590123 
-18.0394 -3.74431 
-16.4979 -5.83808 
-16.5039 -5.79053 
-15.4638 -8.29758 
-16.0237 -7.60212 
-17.9584 -3.87118 
-18.2947 -2.69786 
-16.1814 -7.15678 
-18.081 -3.62458 
-18.2792 -2.7741 
-18.1543 -3.34995 
-18.1635 -3.31114 
-16.9711 -4.01019 
-16.7238 -4.75598 
-18.1543 -3.34995 
-16.1537 -7.27393 
-18.5324 -1.56499 
-16.2881 -6.78365 
-16.7565 -4.6008 
-18.1635 -3.31114 
-18.1724 -3.27288 
-15.5714 -7.93969 
-15.565 -7.9727 
-15.122 -9.68052 
-16.8185 -4.39725 
-15.3829 -8.61603 
-15.4745 -8.25499 
-15.4598 -8.31197 
-15.4897 -8.18699 
-16.6171 -5.25743 
-18.2558 -2.88757 
-18.2639 -2.84853 
-16.0327 -7.58066 
-18.6844 -0.962099 
-18.5236 -1.60375 
-19.0605 -0.0306012 
-16.8078 -4.43988 
-15.9152 -7.74166 
-15.9351 -7.73023 
-16.7993 -4.45421 
-18.5519 -1.48061 
-18.5605 -1.44394 
-16.4049 -6.26313 
-18.6769 -0.988764 
-15.9351 -7.73023 
-15.9961 -7.65208 
-17.9648 -3.86724 
-18.5091 -1.66791 
-18.361 -2.37065 
-18.5749 -1.38398 
-18.0265 -3.7747 
-18.5236 -1.60375 
-15.0969 -9.79931 
-16.1797 -7.18219 
-14.8113 -10.9077 
-15.1861 -9.39494 
-18.1902 -3.19439 
-15.3298 -8.82526 
-15.2982 -8.95135 
-15.1425 -9.58044 
-16.2261 -7.01283 
-14.9083 -10.5684 
-15.4251 -8.44327 
-15.1483 -9.53873 
-15.3186 -8.85494 
-15.4171 -8.48473 
-16.4383 -6.12334 
-16.458 -6.03145 
-15.1188 -9.71379 
-14.9656 -10.2986 
-18.9576 -0.209709 
-15.0847 -9.84631 
-15.338 -8.78715 
-18.8277 -0.514541 
-18.4246 -2.06078 
-15.0638 -9.94689 
-18.0734 -3.64863 
-15.1365 -9.60619 
-15.2058 -9.34316 
-16.1733 -7.19375 
-16.6276 -5.20521 
-18.9576 -0.209709 
-18.309 -2.62764 
-18.9029 -0.326758 
-16.4692 -5.97652 
-18.6674 -1.02324 
-18.3788 -2.28324 
-17.0269 -3.88979 
-16.3453 -6.54134 
-18.5605 -1.44394 
-14.8277 -10.8397 
-18.1323 -3.43958 
-18.7795 -0.651637 
-15.0864 -9.8416 
-16.432 -6.15293 
-18.4199 -2.08345 
-15.3829 -8.61603 
-18.4273 -2.04781 
-16.266 -6.8691 
-16.2532 -6.88937 
-16.5107 -5.7648 
-16.6521 -5.07828 
-16.9711 -4.01019 
-16.9405 -4.07161 
-15.1483 -9.53873 
-18.1747 -3.26318 
-16.4694 -5.96849 
-16.4772 -5.93747 
-14.9348 -10.438 
-16.8763 -4.21945 
-18.6943 -0.927461 
-16.3086 -6.69939 
-18.5324 -1.56499 
-18.5396 -1.53355 
-16.7513 -4.6306 
-18.8172 -0.543381 
-18.6674 -1.02324 
-18.5682 -1.41163 
-18.7886 -0.624834 
-15.2211 -9.27063 
-18.2813 -2.76373 
-15.3186 -8.85494 
-14.8446 -10.787 
-16.606 -5.3084 
-18.8702 -0.404742 
-18.4722 -1.83619 
-18.8088 -0.566696 
-16.0442 -7.56714 
-18.725 -0.822989 
-18.1211 -3.48296 
-18.1135 -3.5116 
-17.0175 -3.91413 
-17.0087 -3.94002 
-17.0258 -3.8929 
-16.3584 -6.47719 
-16.5319 -5.6689 
-18.7333 -0.795805 
-16.4888 -5.88463 
-16.4946 -5.85267 
-18.5682 -1.41163 
-15.4868 -8.19867 
-17.0067 -3.94383 
-15.4185 -8.47315 
-17.0429 -3.8813 
-15.33 -8.81265 
-19.0106 -0.110991 
-14.8277 -10.8397 
-16.6366 -5.15838 
-16.4335 -6.12405 
-19.0722 -0.0133988 
-18.0662 -3.67059 
-18.0578 -3.69521 
-18.3437 -2.45609 
-14.9054 -10.5757 
-15.335 -8.79277 
-18.6844 -0.962099 
-18.6769 -0.988764 
-18.5091 -1.66791 
-18.4524 -1.92854 
-16.2443 -6.95353 
-15.1137 -9.71495 
-14.7397 -11.0774 
-18.1062 -3.53803 
-18.1135 -3.5116 
-18.0477 -3.72308 
-18.2343 -2.99076 
-18.2404 -2.96183 
-18.5749 -1.38398 
-16.2097 -7.08411 
-16.5291 -5.69027 
-18.4867 -1.76954 
-18.6417 -1.11846 
-16.3086 -6.69939 
-17.9416 -3.87576 
-16.3001 -6.7352 
-16.7487 -4.65537 
-18.808 -0.568944 
-16.4888 -5.88463 
-18.2558 -2.88757 
-16.8734 -4.23985 
-16.9447 -4.06706 
-16.0313 -7.59507 
-18.0305 -3.76577 
-18.3437 -2.45609 
-16.5931 -5.37588 
-18.3379 -2.48464 
-16.6815 -4.94319 
-16.7518 -4.61465 
-16.1129 -7.39294 
-16.2532 -6.88937 
-16.5107 -5.7648 
-16.5039 -5.79053 
-18.0766 -3.63861 
-16.1211 -7.37171 
-16.1287 -7.34767 
-16.32 -6.64867 
-16.6816 -4.92691 
-16.2846 -6.79411 
-15.0938 -9.81755 
-18.9029 -0.326758 
-16.2021 -7.10755 
-18.3289 -2.52906 
-16.6558 -5.04716 
-16.1711 -7.21411 
-16.1129 -7.39294 
-18.6028 -1.27001 
-16.2725 -6.8475 
-18.0435 -3.73389 
-16.8227 -4.39263 
-16.1211 -7.37171 
-17.0175 -3.91413 
-16.6553 -5.06613 
-15.1365 -9.60619 
-15.1425 -9.58044 
-15.4104 -8.50857 
-18.7791 -0.652939 
-15.376 -8.63913 
-18.7886 -0.624834 
