-20 0 
-20 0 
-14.5483 -11.5362 
-19.0802 -0.00210748 
-20 0 
-17.9387 -3.87568 
-17.0387 -3.88728 
-15.5964 -7.75331 
-15.9044 -7.73641 
-14.7019 -11.2454 
-14.9444 -10.4243 
-15.9725 -7.67828 
-14.5943 -11.4706 
-14.9944 -10.2233 
-14.6614 -11.2659 
-16.6379 -5.15502 
-14.9625 -10.3555 
-16.6604 -5.04543 
-16.8964 -4.18008 
-15.9355 -7.72971 
-18.6779 -0.985143 
-15.0169 -10.1394 
-15.4509 -8.35234 
-18.2538 -2.89752 
-14.7538 -11.101 
-16.6742 -4.97802 
-16.5617 -5.53021 
-18.4513 -1.93388 
-18.4694 -1.84903 
-14.5648 -11.5285 
-15.5112 -8.13413 
-16.6548 -5.07247 
-18.8355 -0.493605 
-18.8794 -0.382091 
-14.7682 -11.054 
-18.7538 -0.730308 
-16.832 -4.36315 
-14.6505 -11.2996 
-15.5878 -7.79705 
-18.7381 -0.78051 
-15.1036 -9.76688 
-15.3758 -8.62311 
-18.8135 -0.553638 
-18.3495 -2.42749 
-18.3647 -2.3524 
-18.2882 -2.72981 
-15.3969 -8.52873 
-15.2824 -8.99508 
-16.3008 -6.73258 
-18.6306 -1.16079 
-15.153 -9.57057 
-15.1162 -9.7242 
-14.9365 -10.464 
-15.1617 -9.5341 
-18.3391 -2.4787 
-14.6118 -11.4124 
-14.6353 -11.3633 
-18.5107 -1.66097 
-15.4777 -8.26141 
-15.35 -8.72306 
-16.4984 -5.82839 
-18.4197 -2.08438 
-16.9311 -4.09751 
-18.2958 -2.69246 
-16.5475 -5.59819 
-16.7484 -4.65526 
-18.5533 -1.4748 
-14.7198 -11.1872 
-16.3496 -6.52113 
-14.6353 -11.3633 
-14.6009 -11.4508 
-18.3226 -2.56006 
-15.331 -8.82443 
-18.4092 -2.13496 
-16.7382 -4.68555 
-18.1861 -3.21279 
-18.0938 -3.58183 
-18.4861 -1.77207 
-18.9413 -0.242904 
-16.1928 -7.14286 
-15.0897 -9.81507 
-18.6648 -1.03242 
-14.9791 -10.2919 
-16.4202 -6.20679 
-16.9093 -4.14504 
-15.0338 -10.0757 
-18.1605 -3.32417 
-15.3454 -8.76297 
-16.882 -4.21888 
-16.5941 -5.37112 
-16.4308 -6.1567 
-15.262 -9.10897 
-16.4767 -5.94166 
-18.2156 -3.07845 
-17.9932 -3.83645 
-16.4817 -5.91735 
-15.4147 -8.46438 
-16.7146 -4.79487 
-16.2241 -7.03284 
-14.8598 -10.6587 
-16.7608 -4.59431 
-16.5099 -5.78114 
-18.5461 -1.50575 
-15.2111 -9.30554 
-16.7297 -4.70934 
-15.3588 -8.69167 
-16.7562 -4.62664 
-16.4609 -6.01681 
-16.9823 -3.97279 
-14.8934 -10.6165 
-16.3079 -6.70279 
-16.9659 -4.02183 
-16.3722 -6.42051 
-15.4434 -8.38589 
-18.7443 -0.760436 
-18.5057 -1.68308 
-18.7655 -0.694279 
-15.136 -9.64478 
-14.8687 -10.6445 
-16.2613 -6.89136 
-15.0403 -10.0484 
-16.2075 -7.07745 
-14.822 -10.8287 
-16.8622 -4.27397 
-16.7777 -4.54377 
-18.954 -0.216925 
-18.6044 -1.26344 
-16.3315 -6.60181 
-15.2454 -9.17752 
-16.2168 -7.05743 
-14.8169 -10.8677 
-14.859 -10.713 
-16.445 -6.0922 
-18.9002 -0.333074 
-14.9116 -10.5516 
-18.4902 -1.75329 
-16.3927 -6.32067 
-16.4077 -6.26081 
-15.4648 -8.30412 
-18.0695 -3.66088 
-16.1324 -7.32597 
-15.0977 -9.79319 
-15.4882 -8.2201 
-16.0244 -7.6085 
-16.061 -7.53073 
-16.3139 -6.67523 
-14.9292 -10.4929 
-16.109 -7.40846 
-18.7994 -0.593486 
-16.8709 -4.24526 
-16.0902 -7.44163 
-16.4371 -6.12027 
-15.9044 -7.73641 
-15.9355 -7.72971 
-16.6918 -4.89605 
-16.4501 -6.06799 
-16.5888 -5.39419 
-18.724 -0.826324 
-15.9985 -7.6359 
-16.0777 -7.49129 
-15.3898 -8.57779 
-16.1702 -7.22229 
-18.672 -1.00643 
-17.9633 -3.86826 
-18.5821 -1.35396 
-16.1005 -7.42874 
-15.0503 -10.0015 
-14.801 -10.9314 
-16.4531 -6.03245 
-16.5271 -5.69783 
-18.2393 -2.9667 
-16.8488 -4.31314 
-16.6828 -4.9171 
-16.8084 -4.43736 
-15.5559 -7.94544 
-14.9039 -10.5731 
-16.6317 -5.18699 
-18.3495 -2.42749 
-16.3401 -6.55258 
-17.9717 -3.86172 
-18.413 -2.11674 
-18.8552 -0.442199 
-18.5923 -1.31234 
-15.0738 -9.89516 
-16.0329 -7.59066 
-19.0279 -0.0817683 
-16.7908 -4.45567 
-18.1306 -3.44621 
-15.3662 -8.6708 
-15.5233 -8.08818 
-18.5613 -1.4409 
-16.7886 -4.4795 
-16.7213 -4.76152 
-16.5379 -5.64665 
-18.6209 -1.19831 
-18.6092 -1.24453 
-16.5379 -5.64665 
-18.8038 -0.581016 
-15.4648 -8.30412 
-15.5289 -8.05885 
-15.5032 -8.16622 
-16.1579 -7.25875 
-15.9911 -7.65195 
-18.5645 -1.42715 
-15.4242 -8.44958 
-15.4366 -8.40617 
-18.8947 -0.345695 
-16.7259 -4.74735 
-14.8108 -10.8855 
-16.494 -5.84549 
-18.9819 -0.162642 
-15.1886 -9.39673 
-16.5475 -5.59819 
-15.3068 -8.89232 
-15.2746 -9.01488 
-18.3895 -2.23055 
-18.3993 -2.18278 
-18.3993 -2.18278 
-18.2636 -2.84993 
-15.0452 -10.0176 
-18.8698 -0.405668 
-18.2345 -2.98955 
-18.2753 -2.79325 
-15.3674 -8.63771 
-18.1783 -3.24705 
-18.3798 -2.27805 
-18.3895 -2.23067 
-14.9712 -10.3276 
-18.3721 -2.31594 
-19.0226 -0.0905194 
-18.5209 -1.61539 
-18.724 -0.826324 
-18.7118 -0.867255 
-15.9798 -7.66475 
-18.1963 -3.16716 
-15.2956 -8.95667 
-15.2477 -9.13207 
-14.8093 -10.9214 
-18.1427 -3.39778 
-18.1534 -3.35397 
-16.2914 -6.77054 
-18.4762 -1.81761 
-18.9876 -0.152122 
-16.1834 -7.17562 
-15.2706 -9.0385 
-16.9426 -4.06317 
-15.2198 -9.27349 
-18.5209 -1.61539 
-14.793 -10.9596 
-14.7748 -11.0334 
-16.8179 -4.39746 
-15.1927 -9.38243 
-16.2502 -6.91295 
-15.1431 -9.61189 
-15.4819 -8.24103 
-16.9928 -3.94963 
-15.3898 -8.57779 
-18.3082 -2.63149 
-18.5843 -1.34503 
-14.7377 -11.1133 
-18.0877 -3.60272 
-16.3219 -6.64437 
-16.2481 -6.92689 
-14.784 -10.9903 
-16.9961 -3.93948 
-15.5338 -8.04014 
-16.3834 -6.36831 
-14.8958 -10.5908 
-14.7794 -11.0133 
-16.1815 -7.18454 
-17.9443 -3.87559 
-14.7354 -11.1235 
-15.1442 -9.59778 
-18.5309 -1.57134 
-16.1708 -7.21074 
-14.6118 -11.4124 
-18.3169 -2.58825 
-18.7699 -0.68084 
-15.4103 -8.50925 
-18.5723 -1.39448 
-16.5834 -5.42474 
-18.9204 -0.287618 
-16.6203 -5.24238 
-18.1678 -3.29271 
-15.0573 -9.96937 
-16.8179 -4.39746 
-18.1044 -3.54461 
-16.2808 -6.81435 
-18.6954 -0.923527 
-16.6991 -4.86175 
-16.4129 -6.2366 
-15.1661 -9.4974 
-16.9388 -4.06786 
-15.0818 -9.85281 
-18.5309 -1.57134 
-15.5811 -7.83075 
-18.2453 -2.93837 
-16.3635 -6.4606 
-15.2293 -9.23141 
-18.0487 -3.72034 
-18.0364 -3.75181 
-16.7073 -4.82064 
-18.6209 -1.19831 
-14.8487 -10.7155 
-15.5458 -7.98615 
-16.2914 -6.77054 
-18.7773 -0.65843 
-18.7885 -0.625017 
-16.6015 -5.3297 
-16.6105 -5.29108 
-16.8064 -4.44657 
-14.829 -10.8117 
-18.0603 -3.68812 
-15.2343 -9.19708 
-15.4965 -8.19445 
-15.1957 -9.34647 
-16.6015 -5.3297 
-16.1182 -7.38122 
-18.5396 -1.53364 
-16.2388 -6.97194 
-16.2022 -7.1078 
-14.9234 -10.5132 
-16.4687 -5.98046 
-16.5756 -5.44334 
-18.3305 -2.52119 
-15.5595 -7.9293 
-16.1969 -7.11048 
-18.4351 -2.01043 
-15.1235 -9.69304 
-14.8346 -10.7834 
-18.7885 -0.625017 
-18.4271 -2.04849 
-15.0599 -9.9612 
-18.9125 -0.305176 
-15.2501 -9.11944 
-15.5779 -7.84235 
-15.0818 -9.85281 
-18.1678 -3.29271 
-18.1168 -3.49931 
-15.2621 -9.05379 
-18.2805 -2.76738 
-15.1694 -9.49048 
-14.8438 -10.7377 
-18.6469 -1.09901 
-18.6559 -1.06531 
-16.4687 -5.98046 
-16.1468 -7.27443 
-17.0252 -3.91056 
-17.0387 -3.88728 
-16.1428 -7.30898 
-18.6469 -1.09901 
-18.1232 -3.47479 
-18.3647 -2.3524 
-18.4513 -1.93388 
-18.6559 -1.06531 
-16.9184 -4.12154 
-18.596 -1.29734 
-19.0414 -0.0599016 
-18.0193 -3.79023 
-18.4271 -2.04849 
-18.4979 -1.71821 
-18.4979 -1.71821 
-17.0131 -3.93195 
-15.0254 -10.1089 
-16.2808 -6.81435 
-19.0652 -0.023651 
-18.182 -3.23102 
-18.6985 -0.912568 
-16.9566 -4.04147 
-16.8776 -4.23056 
-18.079 -3.63101 
-18.932 -0.262552 
-15.3035 -8.92829 
-18.2704 -2.81681 
-15.5485 -7.97979 
-18.6954 -0.923527 
-16.4895 -5.87889 
-14.7908 -10.9748 
-18.2229 -3.04414 
-16.3761 -6.40262 
-15.3358 -8.79288 
-18.4437 -1.96984 
-16.4313 -6.13906 
-14.7198 -11.1872 
-14.7279 -11.1546 
-16.3388 -6.57123 
-16.7679 -4.56286 
-18.5723 -1.39448 
-16.6808 -4.94664 
-18.638 -1.13264 
-15.176 -9.45609 
-15.4088 -8.5141 
-16.6248 -5.22129 
-16.393 -6.30973 
-15.0169 -10.1394 
-15.0254 -10.1089 
-16.5658 -5.51116 
-16.5706 -5.47225 
-18.8135 -0.553638 
-18.8369 -0.489792 
-15.2229 -9.26516 
-16.2324 -7.00238 
-15.1754 -9.46391 
-18.9984 -0.132463 
-19.0105 -0.111071 
-17.0145 -3.92922 
-16.3182 -6.64692 
-16.5271 -5.69783 
-16.5205 -5.73162 
-16.4895 -5.87889 
-18.2636 -2.84993 
-16.1279 -7.3549 
-19.0652 -0.023651 
-14.7279 -11.1546 
-15.5706 -7.87375 
-15.2265 -9.2391 
-19.0105 -0.111071 
-16.1163 -7.38606 
-15.5706 -7.87375 
-16.5121 -5.76945 
-14.9688 -10.3378 
-18.1381 -3.41657 
-15.121 -9.70319 
-14.985 -10.2636 
-16.8403 -4.3346 
-18.9706 -0.184049 
-16.3345 -6.59027 
-18.8543 -0.444614 
-18.4762 -1.81761 
-18.4694 -1.84903 
-16.0415 -7.57367 
-15.1821 -9.42885 
-15.5393 -8.01821 
-18.1351 -3.42828 
-15.2956 -8.95667 
-16.4135 -6.21267 
-16.675 -4.94977 
-18.4371 -2.00106 
-19.0532 -0.0416073 
-16.6348 -5.16904 
-18.203 -3.13642 
-18.1963 -3.16716 
-16.3567 -6.49133 
-16.3635 -6.4606 
-18.1534 -3.35397 
-16.3567 -6.49133 
-16.9766 -4.00057 
-18.8698 -0.405668 
-15.5644 -7.90819 
-18.3021 -2.66124 
-16.2731 -6.8422 
-17.9978 -3.82938 
-14.8401 -10.7548 
-19.0414 -0.0599016 
-18.2239 -3.03963 
-15.2365 -9.18927 
-18.2096 -3.10637 
-18.203 -3.13642 
-16.2337 -6.99741 
-19.0534 -0.0412677 
-16.7843 -4.51445 
-18.9984 -0.132463 
-16.7843 -4.51445 
-18.0268 -3.77418 
-18.0364 -3.75181 
-16.0081 -7.61353 
-16.915 -4.12795 
-16.4017 -6.29124 
-16.1438 -7.29788 
-18.3079 -2.63269 
-17.0252 -3.91056 
-15.3383 -8.79022 
-16.0511 -7.5513 
-16.9566 -4.04147 
-18.9706 -0.184049 
-18.5396 -1.53364 
-16.5165 -5.74792 
-16.7073 -4.82064 
-18.8456 -0.467072 
-16.0081 -7.61353 
-18.8456 -0.467072 
-15.5233 -8.08818 
-15.0659 -9.93291 
-16.6149 -5.26123 
-18.7044 -0.892352 
-18.7118 -0.867255 
-15.0718 -9.90435 
-15.0659 -9.93291 
-18.2453 -2.93837 
-14.985 -10.2636 
-18.3021 -2.66124 
-18.2096 -3.10637 
-16.068 -7.51056 
-15.1821 -9.42885 
-14.8323 -10.7935 
-18.3169 -2.58825 
-18.932 -0.262552 
-16.8403 -4.3346 
-15.1296 -9.66647 
-16.9766 -4.00057 
