Algorithm:mopso
Number of runs:1
Number of iterations:3000
Number of population:100
0.981049 0.000557021 
0.864139 0.292006 
0.768092 0.466592 
0.772423 0.459722 
0.137197 0.92757 
0.954302 0.0664229 
0.846958 0.329381 
0.146376 0.923819 
0.153163 0.923003 
0.92672 0.139497 
0.961903 0.0366905 
0.933286 0.119089 
0.36049 0.830334 
0.633905 0.630472 
0.381927 0.819746 
0.00960208 0.975101 
0.489624 0.75282 
0.125404 0.933711 
0.96175 0.0389347 
0.699005 0.558623 
0.292878 0.864449 
0.0052904 0.979616 
0.481922 0.758159 
0.0255265 0.9662 
0.802026 0.411636 
0.23209 0.89107 
0.322773 0.85144 
0.697746 0.560914 
0.292475 0.865808 
0.899316 0.213147 
0.924821 0.143038 
0.892911 0.22567 
0.830808 0.36208 
0.859341 0.306551 
0.52695 0.726731 
0.00848424 0.978732 
0.937267 0.108132 
0.0248478 0.967868 
0.966225 0.0322815 
0.928728 0.131535 
0.0361235 0.962556 
0.767315 0.468297 
0.0419991 0.961001 
0.976295 0.00787118 
0.873698 0.270613 
0.897439 0.220335 
0.369326 0.826076 
0.625335 0.640091 
0.636049 0.628945 
0.129215 0.931333 
0.91303 0.174772 
0.0508188 0.959066 
0.9397 0.10307 
0.91046 0.182872 
0.596508 0.666721 
0.196582 0.905716 
0.58692 0.676168 
0.966377 0.025367 
0.876678 0.268002 
0.820236 0.37935 
0.86545 0.291241 
0.491849 0.75194 
0.236218 0.889606 
0.957889 0.049018 
0.632118 0.636356 
0.469916 0.765381 
0.80933 0.400358 
0.895197 0.224266 
0.292955 0.863743 
0.860782 0.298924 
0.967826 0.0227575 
0.174569 0.914717 
0.24486 0.885538 
0.537099 0.719801 
0.93256 0.124507 
0.930871 0.126422 
0.865906 0.288352 
0.132346 0.929543 
0.395309 0.812084 
0.860632 0.305274 
0.113752 0.936602 
0.0356713 0.965629 
0.83848 0.35501 
0.883729 0.254535 
0.15747 0.921227 
0.0465449 0.960358 
0.971181 0.0192781 
0.950456 0.069579 
0.800855 0.420823 
0.642714 0.622716 
0.755224 0.484789 
0.836466 0.357548 
0.307105 0.857295 
0.598587 0.665555 
0.837431 0.357311 
0.690049 0.573075 
0.722751 0.529227 
0.906907 0.194196 
0.566468 0.694601 
0.575749 0.687299 
0.301365 0.859742 
0.0928044 0.943274 
0.0599557 0.954001 
0.42843 0.794279 
0.654053 0.610154 
0.168983 0.918421 
0.359505 0.832344 
0.638392 0.628126 
0.97347 0.0124996 
0.663442 0.601634 
0.777888 0.451022 
0.60849 0.656239 
0.411781 0.802122 
0.0128004 0.971774 
0.56767 0.693374 
0.668584 0.599293 
0.956849 0.0645912 
0.38656 0.817012 
0.935324 0.114957 
0.428492 0.791603 
0.0994998 0.940848 
0.69989 0.557757 
0.339777 0.841848 
0.591154 0.674206 
0.289703 0.870097 
0.0306086 0.965819 
0.364424 0.830111 
0.144293 0.925027 
0.897277 0.221322 
0.750683 0.493719 
0.452245 0.779857 
0.400606 0.811391 
0.903929 0.203617 
0.585602 0.682989 
0.462689 0.77266 
0.734594 0.514415 
0.849793 0.323778 
0.48658 0.75441 
0.462728 0.771337 
0.866527 0.286436 
0.503271 0.743605 
0.440932 0.789191 
0.831571 0.361409 
0.85078 0.320696 
0.264129 0.87976 
0.682764 0.58111 
0.200361 0.905276 
0.923912 0.145048 
0.59455 0.670983 
0.563747 0.694998 
0.205257 0.901232 
0.797311 0.422967 
0.496509 0.75102 
0.749123 0.501724 
0.890065 0.238822 
0.536411 0.721669 
0.102957 0.939657 
0.652799 0.617105 
0.551372 0.706026 
0.817277 0.385758 
0.786823 0.437126 
0.556827 0.70386 
0.905386 0.197812 
0.522742 0.728373 
0.747295 0.511019 
0.916741 0.168515 
0.466851 0.76984 
0.715561 0.542268 
0.349629 0.836173 
0.524675 0.727196 
0.447812 0.780466 
0.777753 0.451086 
0.756384 0.483482 
0.757995 0.482082 
0.827353 0.367889 
0.914329 0.170871 
0.823613 0.377012 
0.782186 0.443975 
0.702638 0.554203 
0.0599462 0.957626 
0.602053 0.661433 
0.690209 0.572984 
0.0667238 0.95157 
0.332202 0.845121 
0.810062 0.399856 
0.662002 0.602606 
0.730688 0.527251 
0.891116 0.2303 
0.281734 0.8721 
0.765064 0.474725 
0.377275 0.821688 
0.618244 0.647928 
0.649311 0.619839 
0.23209 0.890809 
0.752464 0.488372 
0.711194 0.546793 
0.676315 0.593718 
0.682343 0.584354 
0.228206 0.897571 
0.405041 0.807531 
