0.14949 0.274501 1.49214 
0.13258 0.278513 1.2716 
1.13967 2.15219 0.310053 
0.314257 0.0411247 1.00077 
1.30219 0.444927 0.389983 
1.14908 1.99083 0.310915 
0.870486 1.15503 0.407847 
0.268022 0.409908 1.26264 
0.956684 0.457761 0.421288 
0.304415 0.0461087 1.01384 
0.159397 0.690334 1.15521 
1.11903 2.15219 0.310984 
1.07307 0.474456 0.404622 
0.843107 0.205636 0.584431 
0.791007 0.56737 0.499825 
0.187205 0.484352 1.26577 
0.160216 0.227479 1.40841 
0.159496 0.6763 1.16132 
1.2531 1.05807 0.310915 
0.319689 0.928522 0.949387 
1.20412 0.578438 0.312282 
0.170328 0.223509 1.39269 
0.89162 0.882861 0.350916 
0.14949 0.274501 1.49214 
1.22398 1.06002 0.310915 
0.157721 0.278497 1.34276 
0.940091 0.478497 0.409589 
0.362266 0.213582 0.966443 
0.315981 0.110773 0.985778 
0.756003 0.606339 0.609797 
1.10351 0.421091 0.399242 
0.42333 0.595645 0.905852 
0.870486 1.12803 0.364057 
0.13258 0.278497 1.34535 
0.33719 0.273348 0.944379 
0.387234 0.786902 0.821706 
0.308959 0.0510033 1.01163 
1.29555 0.456543 0.331909 
0.729701 0.237135 0.724802 
0.434253 0.815876 0.795363 
0.468777 0.226313 0.954022 
0.439378 0.486306 0.83714 
0.711667 0.496199 0.628415 
0.887408 0.866201 0.353768 
0.836467 0.659983 0.472696 
0.859242 0.684539 0.451172 
0.813352 0.178675 0.603165 
0.857922 0.741643 0.449197 
0.635171 0.524562 0.62055 
0.533015 0.373754 0.847182 
0.807171 0.154555 0.614284 
0.500321 0.341371 0.858547 
0.500321 0.362543 0.856375 
1.07307 0.474456 0.404622 
0.781498 0.12355 0.85306 
0.515731 0.454542 0.775372 
0.396881 0.708747 0.815893 
0.651532 0.458295 0.669318 
0.278097 0.293136 0.962984 
0.42971 0.43852 0.893797 
0.676226 0.436304 0.645933 
0.681884 0.389326 0.64774 
1.27109 0.801545 0.311372 
0.88708 1.05981 0.376227 
0.564894 0.598911 0.701337 
1.25482 0.467963 0.356868 
0.625266 0.513769 0.679929 
1.28447 0.800152 0.311372 
0.622385 0.764298 0.616692 
0.606172 0.554258 0.690715 
0.491733 0.383689 0.806895 
0.612619 0.518795 0.743248 
0.783677 0.577035 0.488764 
0.59784 0.11534 0.878397 
0.581354 0.130192 0.865553 
0.70274 0.275175 0.708113 
0.60607 0.575544 0.665378 
0.596334 0.119883 0.883768 
0.48823 0.323853 0.866062 
0.625998 0.531403 0.639808 
0.409646 0.672653 0.829016 
0.872723 1.15215 0.362573 
0.56676 0.581709 0.763607 
0.621983 0.473827 0.753034 
0.887408 0.903402 0.354616 
0.854647 0.141756 0.5896 
0.549424 0.633361 0.770869 
0.816196 0.542937 0.478087 
0.79414 0.549815 0.478087 
0.839053 0.259998 0.590131 
0.821865 0.743653 0.451172 
0.729674 0.267901 0.703044 
0.834964 0.31311 0.59468 
0.608431 0.648462 0.64506 
0.434253 0.702623 0.795878 
0.68977 0.428913 0.645933 
0.829354 0.13788 0.605103 
0.616035 0.533917 0.673153 
0.69876 0.303587 0.744459 
0.487451 0.732226 0.775372 
0.716043 0.573211 0.61038 
0.586033 0.3057 0.817498 
0.274152 0.301266 0.957751 
0.483778 0.451083 0.777581 
0.423345 0.592859 0.844202 
0.878287 0.811213 0.408055 
0.490031 0.448197 0.777649 
0.713844 0.237135 0.724888 
0.290582 0.235377 0.949587 
0.547395 0.626908 0.772953 
0.402514 0.676709 0.823134 
0.842109 0.167136 0.585455 
0.536196 0.310922 0.851742 
0.408299 0.671075 0.835426 
0.491054 0.390511 0.811308 
0.545474 0.633591 0.771031 
0.569164 0.579337 0.707825 
0.647668 0.458295 0.669318 
0.290582 0.227802 0.954022 
0.324198 0.531849 0.949387 
