1.20418 0.0144111 1.56474 
0.0168384 0.0846509 1.16387 
0.470564 0.0230329 1.84838 
0.403829 1.90818 0.624249 
2.0537 0.0278436 0.726479 
1.15142 0.20858 0.129026 
0.150479 1.59918 0.871898 
0.150479 1.87165 0.85847 
1.87667 0.0219251 1.04744 
0.468285 0.0233752 1.80011 
1.69525 0.0249149 0.915334 
1.36064 0.0260874 1.16392 
1.54928 0.0453264 0.408015 
1.99791 0.0159077 1.20747 
0.0953602 0.1569 1.12389 
0.343832 1.33961 0.646494 
1.63001 0.0249149 1.03344 
0.528528 0.0220713 1.52597 
1.0073 0.055256 0.490923 
1.4231 0.0453264 0.414727 
0.347827 1.11708 0.627318 
0.900842 0.0417756 1.23459 
0.915308 0.0221845 1.32924 
0.33926 1.54562 0.624249 
0.526753 0.0233752 1.43103 
0.502324 1.21774 0.624249 
0.828203 0.954143 0.239878 
0.377095 1.00982 0.682932 
1.05456 0.0327179 0.548692 
0.314394 1.43152 0.642768 
1.07085 0.0348397 0.445582 
0.502324 1.21774 0.624249 
0.735406 0.817851 0.308989 
0.314394 1.43152 0.642768 
0.904944 0.57927 0.262462 
0.595102 0.100407 0.821271 
0.111222 0.035157 1.38369 
0.633381 1.39591 0.616151 
1.15104 0.208365 0.189966 
0.239036 0.0654535 0.976328 
0.818985 0.365032 0.593534 
0.87931 0.641159 0.199242 
0.88551 0.595973 0.227552 
0.995882 0.0496379 0.557778 
0.758166 0.744751 0.384514 
0.0168384 0.0846509 1.16387 
0.811179 0.535058 0.600541 
0.213649 0.845277 0.777486 
1.40986 0.0260874 1.10834 
1.02791 0.0513283 0.418519 
1.08855 0.0189566 1.22922 
0.336883 1.55539 0.624249 
0.565936 0.688157 0.667017 
0.376659 1.08239 0.651875 
0.201941 0.188064 1.04943 
0.624983 0.379902 0.745899 
0.355493 1.10852 0.639268 
0.314523 1.37107 0.642768 
0.176573 0.117419 1.11691 
1.12171 0.208365 0.190501 
0.941742 0.040354 1.1522 
0.849311 0.670848 0.325525 
0.174569 0.0608974 1.36608 
0.386779 0.926227 0.648725 
0.238567 0.0655187 0.983618 
0.418666 0.316244 0.933678 
0.339972 1.0557 0.688466 
0.769107 0.869826 0.289692 
0.38678 0.892303 0.648725 
0.968519 0.0304167 0.845206 
0.506508 0.705534 0.676999 
0.157542 0.349063 1.09428 
0.432333 0.244494 0.95434 
0.172075 0.0665837 1.135 
0.460908 0.781885 0.911856 
0.699 0.228619 0.725797 
0.4418 0.291242 0.936194 
2.00596 0.024856 1.02124 
0.211424 0.791118 0.791549 
0.756519 0.764006 0.297633 
0.189333 0.193331 1.06745 
0.685338 0.483374 0.603708 
0.52746 0.493601 0.792127 
0.651249 0.348955 0.693049 
0.417051 0.330593 0.960723 
0.674776 0.0244141 1.40582 
0.796672 0.627293 0.352903 
0.533321 0.450916 0.769691 
2.00614 0.0159077 1.15316 
0.843866 0.650909 0.3334 
0.79972 0.60715 0.362368 
0.470564 0.0230329 1.80265 
0.426546 0.267483 0.967212 
0.68363 0.236732 0.713336 
0.586136 0.385176 0.830141 
0.7535 0.732437 0.412069 
0.540351 0.394388 0.771017 
0.834214 0.855132 0.282874 
0.718185 0.240382 0.672863 
2.0537 0.0278436 0.726479 
0.795908 0.632326 0.365681 
0.915308 0.0221845 1.32924 
0.178431 0.085627 1.08013 
0.522396 0.413942 0.847929 
0.461028 0.441678 0.880424 
0.827579 0.86052 0.254274 
0.476322 0.659045 0.875036 
0.659151 0.0932085 0.834467 
0.399069 1.06912 0.642294 
0.551178 0.0288122 1.41673 
0.451425 0.22892 0.937281 
0.658112 0.510889 0.618607 
0.505313 0.272715 0.888552 
0.74655 0.199503 0.753336 
0.836327 0.273129 0.605523 
0.557287 0.421646 0.764112 
0.782743 0.195089 0.752783 
0.490161 0.523088 0.732306 
0.518222 0.673981 0.683525 
0.490161 0.523088 0.732306 
