0.822575 0.688676 0.0215708 
0.989827 0.662796 0.22591 
0.0678515 0.0558224 1.05487 
0.0583557 0.110858 1.0087 
0.0854408 0.0491005 1.0279 
0.714598 2.3035 0.462893 
0.702112 1.62297 0.467257 
0.592661 1.0691 0.735754 
0.714598 1.92217 0.462893 
0.982263 0.650436 0.299667 
0.788906 0.318033 0.655597 
0.822575 0.678944 0.0818302 
0.714598 1.35771 0.463497 
0.592661 0.859294 0.735754 
0.8871 0.306524 0.658111 
0.714598 1.35771 0.463497 
0.854509 0.664496 0.243461 
0.644593 0.122118 0.824604 
0.714598 1.79262 0.462893 
0.521571 0.624043 0.752159 
0.585146 0.543736 0.769148 
0.203846 0.211873 0.982901 
0.87078 0.448541 0.39941 
0.776192 0.69019 0.335692 
0.147127 0.317769 0.990419 
0.714598 1.79262 0.462893 
0.716114 0.793046 0.444357 
0.481878 0.0775244 0.928137 
0.7386 0.296011 0.678082 
0.733557 0.261592 0.723274 
0.0973586 0.116865 1.00075 
0.131472 0.374952 0.961321 
0.434105 0.285581 0.897196 
0.560571 0.357119 0.828239 
0.822137 0.689176 0.0241311 
0.867324 0.407627 0.409772 
0.529497 0.0615386 1.01827 
0.578165 0.22573 0.855674 
0.608482 0.476186 0.743387 
0.358414 0.435996 0.936547 
0.822575 0.682005 0.0692584 
0.390741 0.141101 0.916807 
0.450591 0.732164 0.80474 
0.325011 0.625649 0.901034 
0.744228 0.736033 0.416785 
0.758498 0.730661 0.36385 
0.75723 0.74768 0.404065 
0.469142 0.735256 0.795503 
0.818067 0.714264 0.228638 
0.823486 0.686074 0.0238252 
0.522009 0.791688 0.752159 
0.210454 0.157009 0.986906 
0.587164 0.492777 0.761036 
0.0791984 0.0558224 1.05075 
0.439875 0.519361 0.822012 
0.35082 0.468766 0.935514 
0.230985 0.214406 0.97401 
0.798323 0.311366 0.664342 
0.298071 0.219522 0.959231 
0.0838697 0.0584973 1.0315 
0.582001 0.201982 0.84427 
0.568906 0.299721 0.816878 
0.749167 0.706453 0.452374 
0.408654 0.0802188 0.924704 
0.728783 0.249485 0.727094 
0.28279 0.285482 0.94511 
0.320741 0.457244 0.943791 
0.308038 0.219522 0.956619 
0.253182 0.214406 0.973427 
0.47216 0.71774 0.797416 
0.211347 0.208337 0.981762 
0.71799 0.373226 0.663077 
0.145873 0.317769 0.990419 
0.275606 0.28382 0.946981 
0.13236 0.394118 0.957091 
0.312242 0.509496 0.901988 
0.0623179 0.0643747 1.0189 
0.369329 0.329159 0.933646 
0.594525 0.742883 0.741235 
0.37656 0.346886 0.923913 
0.261651 0.215968 0.969008 
0.790456 0.311632 0.664342 
0.461517 0.685573 0.820615 
0.387248 0.289813 0.909119 
0.733697 0.335982 0.675773 
0.608482 0.455792 0.744819 
0.716114 0.642459 0.457317 
0.270329 0.215968 0.968999 
0.758498 0.735817 0.361086 
0.574001 0.274007 0.81976 
0.235374 0.100551 0.980731 
0.429468 0.282252 0.898531 
0.384053 0.320068 0.914487 
0.768301 0.71188 0.238116 
0.594092 0.124712 0.837237 
0.41508 0.227058 0.901998 
0.822575 0.678282 0.347985 
0.240186 0.0899811 1.00074 
0.765388 0.340685 0.659478 
0.421772 0.227058 0.901977 
0.06662 0.0966431 1.01479 
0.768603 0.23536 0.747962 
0.241749 0.0882687 1.00174 
0.56433 0.390464 0.822561 
0.747849 0.724829 0.448335 
0.351582 0.468742 0.928414 
0.773121 0.242984 0.738719 
0.578745 0.225474 0.854187 
0.587164 0.479009 0.768683 
0.0729451 0.111051 1.00635 
0.731737 0.245707 0.72969 
0.787774 0.318033 0.657379 
0.582001 0.201982 0.84427 
0.075117 0.108499 1.00218 
0.370206 0.323367 0.927232 
0.758498 0.736096 0.346513 
0.409558 0.0885252 0.922308 
0.561488 0.296994 0.833226 
0.822575 0.682005 0.0692584 
0.209555 0.208337 0.982901 
