0.504311 1.4999 0.534136 
0.840105 0.758049 0.296754 
0.00126853 0.323961 1.50845 
1.21839 0.572997 0.380093 
0.00131944 0.0194065 1.75917 
0.0144067 0.00478189 1.09106 
0.78404 0.942039 0.324854 
0.535635 1.35397 0.547408 
0.00131939 0.303181 1.50845 
0.00131952 0.0194063 1.09977 
0.00131944 0.0194065 1.75917 
0.304053 0.148808 0.98006 
0.0398609 0.0295706 1.04227 
0.95878 0.0657945 0.973713 
1.08574 0.563713 0.397047 
0.18347 0.013617 1.01265 
0.141408 0.0154784 1.06196 
0.504311 1.46601 0.534136 
0.558851 0.855622 0.400382 
0.868903 0.575715 0.370836 
0.512649 1.39672 0.494583 
1.03004 0.687638 0.307303 
0.835533 0.180786 0.61068 
0.36614 0.119566 0.93891 
0.585598 0.842048 0.379203 
0.406173 0.443806 0.878577 
0.0276658 0.667413 1.01213 
0.773602 0.345973 0.664926 
0.800945 0.161304 0.624532 
0.544973 0.458436 0.781006 
0.00266376 0.0791451 1.01485 
0.316365 0.0720694 0.966512 
0.414598 0.614322 0.808146 
0.597044 0.792161 0.359654 
0.383242 0.109191 0.952296 
0.602798 0.768184 0.512623 
0.353907 0.356425 0.957514 
0.177205 0.0198383 1.05899 
0.713448 0.20515 0.743425 
0.512649 1.37726 0.513899 
1.07821 0.586586 0.364626 
0.459029 0.505518 0.861694 
0.669763 0.515033 0.669461 
0.45605 0.545283 0.850734 
1.03822 0.563713 0.397047 
0.686861 0.223358 0.74566 
0.611508 0.790364 0.357805 
0.689094 0.531884 0.613568 
0.559592 0.850065 0.458969 
0.465789 0.473672 0.841436 
0.736069 0.347131 0.688076 
0.618076 0.17766 0.836748 
0.72696 0.368035 0.695046 
0.788939 0.673587 0.332827 
0.701352 0.255332 0.713026 
0.445299 0.42691 0.865913 
0.633617 0.640953 0.476973 
0.827533 0.709591 0.314278 
0.387358 0.0650876 0.974153 
0.6826 0.506041 0.698564 
0.809227 0.605492 0.366183 
0.557725 0.850955 0.432097 
0.371795 0.112415 0.94323 
0.523374 0.451378 0.797565 
0.634024 0.669551 0.472832 
0.542206 0.292319 0.822657 
0.698815 0.230042 0.727834 
0.481511 0.375043 0.823573 
0.592557 0.399188 0.792615 
0.512649 1.36349 0.480458 
0.654273 0.627661 0.620331 
0.454337 0.423813 0.865913 
0.837198 0.747011 0.312614 
0.764966 0.219494 0.71934 
0.593058 0.784947 0.385972 
0.51095 0.699778 0.783792 
0.796179 0.589348 0.391829 
0.1586 0.357034 1.01265 
0.865724 0.689363 0.303887 
1.05471 0.68103 0.303016 
0.557329 0.647049 0.722194 
0.541931 0.730079 0.721595 
0.701858 0.249289 0.711342 
0.475526 0.376084 0.819406 
0.534628 0.434696 0.795221 
0.649439 0.395325 0.789755 
1.05471 0.68103 0.303016 
0.491456 0.385541 0.816866 
0.748281 0.240918 0.72041 
0.406312 0.443093 0.870357 
0.662392 0.708803 0.440952 
0.513106 0.574343 0.734639 
0.752761 0.22254 0.713339 
0.492769 0.388609 0.813029 
0.659004 0.720325 0.437207 
0.805912 0.165022 0.612746 
0.777811 0.67421 0.329113 
0.741153 0.293738 0.667615 
0.396746 0.0684465 0.970551 
0.653053 0.716547 0.456009 
0.365823 0.119566 0.939189 
0.155798 0.300851 1.01265 
0.659901 0.710582 0.447215 
0.393016 0.618386 0.809658 
0.711107 0.21029 0.724551 
0.670328 0.394851 0.789755 
0.587129 0.848946 0.373243 
0.145096 0.0154784 1.06165 
0.463178 0.469675 0.844206 
0.353907 0.356425 0.957514 
0.542349 0.65834 0.721595 
0.445299 0.428701 0.865913 
0.852067 0.575275 0.370836 
0.851683 0.601906 0.364626 
0.390171 0.598663 0.81217 
0.618076 0.17766 0.798761 
0.313186 0.0657945 0.975451 
0.730231 0.24595 0.712663 
0.771072 0.210623 0.719343 
0.00659174 0.0704332 1.01426 
