0.0021646 0.0325037 1.05579 
0.00418235 0.0114156 1.11455 
2.94754 0.115546 0.132142 
0.129916 0.973386 0.99715 
0.962438 0.921472 0.0811856 
0.19663 0.0103553 1.06352 
2.21493 0.249618 0.109046 
1.19092 0.829414 0.0835777 
1.58519 0.204122 0.116854 
0.126675 0.765282 1.00586 
2.12744 0.249618 0.109046 
1.80187 0.160734 0.109208 
0.407339 0.395351 0.932616 
1.17418 0.364386 0.0986083 
0.819315 0.477232 0.403724 
0.0021646 0.0251019 1.06803 
0.892148 0.571198 0.357703 
0.574546 0.870451 0.178294 
0.857103 0.318944 0.545064 
1.06374 0.0831029 0.136339 
1.63042 0.204122 0.113936 
0.462743 0.0999408 0.977357 
0.267051 0.0522565 1.00501 
1.791 0.159816 0.111534 
0.553371 0.91999 0.289761 
0.781707 0.284579 0.613406 
0.182734 0.181711 1.02881 
0.597382 0.143551 0.855847 
0.732031 0.533957 0.471923 
0.685953 0.858875 0.224225 
1.09129 0.076804 0.320735 
1.03485 0.0863582 0.182735 
0.640161 0.626381 0.684939 
0.575744 0.867106 0.174003 
0.853332 0.184014 0.588286 
0.834857 0.709497 0.0998687 
1.01858 0.0809636 0.252751 
0.262714 0.0753788 1.0159 
0.814001 0.381897 0.564695 
0.331659 0.621529 0.783492 
0.852495 0.269627 0.609032 
0.79881 0.504914 0.414593 
2.12744 0.244099 0.109046 
0.858263 0.160009 0.651498 
0.553795 0.926714 0.263895 
0.779115 0.541143 0.465347 
0.664326 0.0631203 0.800761 
0.667638 0.858968 0.217066 
0.00447642 0.0104381 1.06352 
0.865067 0.431097 0.536289 
0.850712 0.608304 0.35344 
0.777433 0.196776 0.617956 
0.672884 0.750984 0.408574 
0.857103 0.314448 0.549914 
0.491442 0.173474 0.867656 
0.879633 0.167115 0.636628 
1.11473 0.559938 0.128658 
0.55338 0.945474 0.275734 
0.826889 0.463689 0.523481 
1.16526 0.559938 0.103319 
0.80506 0.498638 0.43295 
0.695391 0.572562 0.512699 
0.798112 0.491906 0.480278 
0.488617 0.189919 0.884028 
0.892047 0.72512 0.0842486 
0.697596 0.586262 0.494504 
0.75702 0.0884387 0.74276 
0.331659 0.679379 0.778674 
0.475697 0.220822 0.891539 
0.702723 0.40484 0.752509 
1.01181 0.844081 0.0830151 
0.621913 0.652097 0.701618 
0.844227 0.673308 0.0971558 
0.634792 0.454357 0.761655 
0.84924 0.638805 0.349864 
0.54999 0.92264 0.282488 
0.457349 0.259871 0.899273 
0.617293 0.124152 0.830053 
0.79385 0.137356 0.712274 
0.560518 0.752058 0.694004 
0.471884 0.230881 0.8916 
0.552459 0.920298 0.292443 
0.331659 0.679379 0.778674 
0.462743 0.0983375 0.977774 
0.600568 0.165327 0.823409 
0.596251 0.124152 0.909572 
0.849685 0.950196 0.083385 
0.553138 0.656959 0.696355 
0.637132 0.482485 0.732813 
0.441575 0.547859 0.791256 
0.651202 0.418917 0.749234 
1.01102 0.0771637 0.283747 
0.805376 0.499149 0.419699 
0.8751 0.719932 0.0863702 
0.923623 0.579353 0.331956 
0.920353 0.069632 0.798358 
0.697596 0.586262 0.494504 
0.610803 0.863067 0.553014 
0.844654 0.644281 0.0905526 
0.744168 0.556508 0.4697 
1.60717 0.204122 0.114055 
0.642276 0.445792 0.716802 
0.860731 0.625112 0.338988 
0.645756 0.421827 0.758558 
0.415004 0.409404 0.88969 
0.639568 0.443372 0.729704 
0.752481 0.0869467 0.778545 
1.80126 0.158861 0.111534 
0.88344 0.0710487 0.525448 
0.638271 0.454206 0.724382 
0.465417 0.181024 0.903151 
0.419638 0.388679 0.917384 
0.491442 0.173711 0.866222 
0.429899 0.390954 0.896909 
0.81701 0.386749 0.56291 
0.412995 0.390225 0.922507 
0.44195 0.537161 0.792494 
0.183169 0.130998 1.00508 
0.923623 0.579353 0.331956 
0.602798 0.124152 0.824935 
