0.351386 1.39499 0.912359 
1.09965 1.19831 0.116591 
0.713098 0.104348 0.873276 
0.113815 0.522733 1.97774 
1.21766 0.921986 0.117362 
0.815316 0.942592 0.514418 
0.113815 0.654288 1.77732 
0.121625 0.22431 1.54028 
0.835263 1.23473 0.356098 
0.857469 0.858611 0.349993 
0.113815 0.588726 1.91331 
0.978716 0.606218 0.512475 
1.00974 0.921986 0.117591 
1.21047 0.636602 0.28459 
0.434542 0.128702 0.90386 
0.836438 0.817124 0.431872 
0.880508 0.731521 0.119686 
0.121625 0.24268 1.46928 
0.216784 0.275319 1.05029 
1.13863 0.853731 0.11832 
1.16882 0.630509 0.293086 
0.363462 0.381903 0.911971 
0.151116 0.112752 1.21298 
0.456239 0.799295 0.886643 
0.837601 0.808605 0.358575 
0.909971 0.639653 0.181575 
0.118545 0.303667 1.39566 
0.935983 0.575613 0.52079 
0.516331 0.432487 0.781376 
0.256754 0.112682 1.20195 
0.283539 0.249006 1.1468 
0.502573 0.362991 0.845907 
0.992132 0.631215 0.293086 
0.229772 0.260682 1.01269 
0.554528 0.210728 0.866174 
0.871141 0.645539 0.607874 
0.794988 0.64672 0.606164 
0.255443 0.249044 1.13091 
0.150128 0.168039 1.22436 
0.121713 0.424867 1.22734 
0.876037 0.60967 0.567333 
0.279648 0.249118 1.09936 
0.113815 0.587558 1.96675 
0.784685 0.177004 0.661761 
0.687486 0.231532 0.751656 
0.637776 0.145943 0.829482 
0.835263 0.835226 0.356098 
0.716621 0.703731 0.533874 
0.758276 0.183152 0.665687 
0.671857 0.107861 1.33612 
0.913904 0.639653 0.161411 
0.473763 0.47875 0.889472 
0.783618 0.684979 0.534315 
0.933411 0.672321 0.13865 
0.328586 0.310093 0.918327 
0.51554 0.470004 0.800635 
0.669762 0.331612 0.708384 
0.121713 0.272365 1.25905 
0.440428 0.122704 0.911506 
0.118849 0.45449 1.28793 
0.724718 0.421079 0.675502 
0.118849 0.45449 1.28793 
0.679764 0.313764 0.75037 
0.892481 0.693126 0.119088 
0.926191 0.674562 0.126322 
0.681761 0.381722 0.703466 
0.741091 0.189731 0.667337 
0.294815 0.227007 1.03014 
0.615386 0.619657 0.680594 
0.608467 0.398443 0.730767 
0.704931 0.427131 0.674835 
0.219584 0.265259 1.07653 
0.61984 0.500835 0.709992 
0.307684 0.282338 0.949734 
0.556539 0.291312 0.828021 
0.31668 0.289445 0.949228 
0.751286 0.69827 0.538612 
0.592684 0.486036 0.735034 
0.45843 0.514979 0.886643 
0.502573 0.404256 0.840276 
0.740379 0.392547 0.666816 
0.60125 0.206189 0.858713 
0.629583 0.565655 0.682381 
0.569001 0.46234 0.770016 
0.487808 0.408485 0.841325 
0.665186 0.109346 0.876364 
0.118777 0.45449 1.36988 
0.906988 0.607134 0.549372 
0.476157 0.827088 0.849093 
0.299148 0.259227 0.956045 
0.622073 0.529385 0.687675 
0.602636 0.15357 0.817303 
0.579839 0.38324 0.818222 
0.118902 0.329713 1.34755 
0.999244 0.639426 0.285901 
0.595575 0.216484 0.857344 
0.224081 0.27095 1.03987 
0.300921 0.22344 1.08098 
0.299784 0.251223 0.979851 
0.58487 0.383192 0.809784 
0.322006 0.492562 0.928391 
0.921504 0.690528 0.138238 
0.631349 0.514196 0.671734 
0.456767 0.537114 0.886643 
0.672264 0.328722 0.708398 
0.753695 0.688507 0.552734 
0.652885 0.117486 0.774731 
0.325704 0.551267 0.918327 
0.218216 0.255153 1.09253 
0.322006 0.488207 0.934388 
0.569001 0.46234 0.770016 
0.789696 0.173157 0.67268 
0.324366 0.556106 0.916688 
0.652885 0.117486 0.774731 
0.479335 0.431562 0.841365 
0.621103 0.498739 0.692106 
0.226446 0.272374 1.02016 
0.607197 0.150163 0.820691 
0.715689 0.411204 0.675718 
0.299784 0.251223 0.979851 
