0.222024 0.116015 1.06696 
0.026757 0.725998 1.92583 
0.655626 1.45584 0.170294 
1.37611 0.586771 0.459734 
0.0412903 0.134684 1.53236 
0.026757 0.725998 1.92583 
1.14055 0.580956 0.461671 
0.032489 0.222688 1.40822 
0.398016 0.981918 0.902051 
0.400928 1.0603 0.894236 
1.01702 0.126773 0.78092 
0.306838 0.391635 0.968195 
1.13608 0.580956 0.461671 
0.93635 0.657433 0.395883 
0.57319 1.12677 0.310079 
0.656599 1.25319 0.199249 
0.0662253 0.245492 1.12988 
0.379219 1.17771 0.902343 
0.517958 0.825289 0.807823 
0.633916 1.43679 0.19358 
0.78235 0.683429 0.528518 
0.83201 0.289384 0.640891 
0.428415 0.269415 0.901703 
0.729958 1.11435 0.222698 
0.899803 0.631807 0.502232 
0.363692 0.927201 0.911849 
0.648773 1.2872 0.175975 
0.736941 1.36303 0.170294 
0.587733 0.858892 0.467394 
0.886941 0.317007 0.626688 
0.668191 1.37 0.170294 
0.577678 0.906938 0.237406 
0.607076 0.775542 0.406663 
0.676058 0.423231 0.677217 
0.804311 0.127772 0.85119 
0.151471 0.267013 1.01752 
0.0412903 0.184051 1.20098 
0.208966 0.124052 1.13112 
0.594919 0.878929 0.256034 
0.40234 0.341285 0.894096 
0.489124 0.323396 0.835904 
0.65857 0.688009 0.578818 
0.0473686 0.157387 1.26947 
0.54159 0.171083 0.921283 
0.337911 0.13751 1.00093 
0.0972709 0.124677 1.31778 
0.517958 0.727658 0.802553 
0.851724 0.212477 0.627864 
0.964722 0.185039 0.602027 
0.577042 1.12521 0.297164 
0.0539854 0.137484 1.3736 
0.999749 0.623076 0.445892 
0.606697 0.77827 0.406663 
0.555309 0.543687 0.759718 
0.400575 1.16321 0.901799 
0.992426 0.579816 0.461671 
0.619871 0.593199 0.707034 
0.728975 0.440317 0.615502 
0.691897 0.610071 0.593348 
0.173217 0.194127 1.04623 
0.914653 0.658072 0.455483 
0.907548 0.667183 0.40366 
0.511878 0.323328 0.840062 
0.208747 0.122003 1.216 
0.949725 0.186715 0.611679 
0.194302 0.160232 1.03298 
0.680962 0.497659 0.624602 
0.12757 0.231292 1.02141 
0.598122 0.476891 0.779123 
0.848262 0.326934 0.62864 
0.363195 0.877762 0.911849 
0.74338 0.620685 0.584526 
0.314655 0.365456 0.981263 
0.762484 0.147373 0.767857 
0.177892 0.179221 1.041 
0.656599 1.27802 0.197526 
0.318436 0.372845 0.972756 
0.489124 0.323396 0.835904 
0.163318 0.227993 1.02494 
0.77169 0.337393 0.726271 
0.0385443 0.186305 1.23879 
0.755084 0.34994 0.801967 
0.709806 0.379524 0.690356 
0.596087 0.867413 0.253228 
0.680779 0.528308 0.622075 
0.58897 0.510181 0.771644 
0.222024 0.116015 1.06696 
0.0972709 0.124677 1.33864 
0.603739 0.563406 0.717619 
0.114186 0.243526 1.0207 
0.0392394 0.139961 1.35704 
0.550386 0.459376 0.814437 
0.564884 0.518412 0.735249 
0.118988 0.23678 1.03737 
0.386211 0.358853 0.935048 
0.82247 0.345969 0.6848 
0.626143 0.203814 0.903948 
0.554401 0.605228 0.747452 
0.0409439 0.163152 1.29664 
0.688619 0.378744 0.698512 
0.312153 0.390614 0.93019 
0.0505628 0.142169 1.23189 
0.754993 0.697608 0.425894 
0.550386 0.459376 0.814437 
0.772257 0.432302 0.616685 
0.636778 0.468448 0.755474 
0.363692 0.700291 0.911849 
0.648572 1.36833 0.176547 
0.641566 0.202084 0.900098 
0.564852 0.516852 0.742457 
0.810368 0.345969 0.686823 
0.603739 0.563406 0.717619 
0.331341 0.186487 0.951679 
0.666388 0.426566 0.679717 
0.754993 0.697608 0.425894 
1.01624 0.126773 0.754412 
0.041351 0.141506 1.33633 
0.388811 0.358853 0.934425 
0.709806 0.379524 0.690356 
0.0409439 0.163152 1.29664 
