1.20851 0.601214 0.0179004 
0.834125 0.0924118 0.72653 
0.537504 8.27151 0.555446 
1.09214 1.01931 0.0106382 
0.116675 0.361957 1.46713 
0.105536 0.434861 1.12472 
0.537504 4.10911 0.55493 
0.116675 0.361957 1.46713 
0.537504 2.74921 0.54767 
0.390888 0.250748 0.976978 
0.788062 2.39681 0.328031 
0.307416 0.14292 0.980237 
0.443537 0.444877 0.921381 
0.77436 0.709997 0.41377 
0.145669 0.321905 1.03931 
1.11183 0.130553 0.458743 
0.886477 0.583231 0.138371 
0.52811 1.85637 0.639631 
0.112249 1.56485 1.06459 
1.12456 0.117559 0.362543 
0.724076 0.235412 0.783298 
1.17901 0.136852 0.235289 
1.06291 0.597804 0.0866262 
0.176452 0.157184 1.00114 
1.06714 0.217943 0.266404 
1.17348 0.139466 0.304804 
0.962761 0.500322 0.0960756 
1.00853 1.27291 0.0301499 
1.10247 0.144063 0.0303143 
0.537504 2.59565 0.54767 
0.788062 1.33309 0.333492 
0.628968 0.20991 0.834028 
0.488663 0.463349 0.883202 
0.808709 0.665455 0.397083 
1.01936 0.396886 0.187761 
0.52811 1.85637 0.639631 
0.455995 0.518858 0.886802 
1.01088 0.461085 0.208387 
0.857978 0.171183 0.667327 
0.206239 0.186068 0.991549 
0.590485 0.673533 0.512803 
0.265263 0.138602 0.980298 
1.08723 1.16202 0.0109509 
0.826896 0.0942035 0.793465 
0.458405 0.444809 0.921197 
0.52811 1.5133 0.640517 
0.801866 0.910013 0.340817 
0.234938 0.138942 0.980298 
0.132293 0.38023 0.998396 
0.924818 0.508774 0.109967 
0.117233 0.361957 1.04984 
0.90661 0.343728 0.377782 
0.931879 0.473547 0.129429 
1.03635 0.924196 0.0204476 
0.667463 0.635164 0.535715 
0.181034 0.162631 0.993407 
1.01942 0.394865 0.187761 
1.17351 0.139413 0.304128 
1.20121 0.61269 0.0151721 
0.469322 0.758282 0.75321 
0.694597 0.362598 0.660927 
0.11649 0.954998 1.07693 
1.04435 0.129366 0.65777 
0.671797 0.635164 0.523793 
0.116619 0.939424 1.10069 
0.265263 0.138602 0.980298 
0.775612 0.825354 0.408396 
0.85041 0.109079 0.673204 
0.680821 0.55172 0.596912 
0.95593 0.16429 0.650242 
0.715803 0.550156 0.55432 
0.637584 0.314923 0.769724 
0.718185 0.34875 0.622107 
0.52836 1.03412 0.574034 
0.657406 0.564456 0.63362 
0.511746 0.513044 0.800555 
0.586074 0.699935 0.489473 
0.106247 0.772689 1.11565 
0.214298 0.223244 0.984168 
0.581706 0.469229 0.693714 
0.53767 0.992284 0.56791 
0.556821 0.858498 0.58022 
0.942194 0.161946 0.667327 
0.600299 0.581895 0.68414 
0.505065 0.793612 0.715183 
0.481443 0.518464 0.809336 
0.227524 0.224372 0.983869 
0.541197 0.844401 0.609066 
0.493552 0.702636 0.759224 
0.898093 0.547299 0.0896727 
0.61442 0.587198 0.680792 
0.586074 0.699935 0.489473 
0.914781 0.283348 0.37601 
0.891622 0.560347 0.103904 
0.528812 0.878672 0.587645 
1.01433 1.233 0.0301499 
0.53599 0.297056 0.820582 
1.08113 0.148152 0.350112 
0.837718 0.192537 0.651435 
0.500353 0.535648 0.808703 
0.564532 0.498593 0.719261 
0.604855 0.371258 0.735959 
0.648383 0.61418 0.603278 
0.520478 0.781024 0.708589 
0.930721 0.268904 0.357467 
0.5531 0.68572 0.728056 
1.09308 0.571043 0.0266122 
0.689122 0.374247 0.665798 
0.520913 0.728572 0.70393 
0.547493 0.58891 0.748125 
0.568313 0.488413 0.755107 
0.57595 0.278324 0.818889 
0.523665 0.720772 0.740649 
1.07654 0.955037 0.0153338 
0.633108 0.657322 0.653686 
0.456758 0.884158 0.775222 
0.610649 0.594458 0.677546 
1.07775 0.149437 0.373588 
0.544152 0.306728 0.815674 
0.648342 0.564456 0.63362 
