0.0843882 0.226737 1.72096 
0.490422 1.69354 0.854664 
1.32135 0.171744 0.370428 
0.0843882 0.265731 1.05268 
0.919379 0.641195 0.146667 
0.746543 0.0400562 0.739782 
0.17222 0.0812692 1.23209 
0.492053 1.24325 0.854664 
1.16886 0.171744 0.371773 
0.629017 0.968012 0.324503 
0.106398 0.0954829 1.13137 
0.784957 1.07417 0.160447 
0.10711 0.0907185 1.21513 
0.78788 0.848622 0.151244 
0.206529 0.0884066 1.08521 
1.05462 0.227432 0.35427 
1.1399 0.593904 0.273235 
0.460976 0.539617 0.890897 
0.296252 0.232781 0.997332 
0.585832 1.13519 0.283816 
0.753444 0.731557 0.406521 
0.322976 0.338761 0.933384 
0.779888 0.823938 0.222294 
0.758327 0.672798 0.382379 
0.369577 0.232781 0.947747 
1.09478 0.16276 0.372164 
0.311807 0.206699 0.948713 
0.564007 0.990778 0.302862 
0.27344 0.198127 1.00681 
0.415763 0.256005 0.939404 
1.03051 0.0560032 0.697351 
0.934445 0.438522 0.420951 
0.67357 0.573124 0.676883 
0.569037 1.04805 0.287124 
0.771155 0.827446 0.223684 
0.593614 0.392597 0.762637 
0.901683 0.248939 0.480162 
0.138515 0.0815455 1.231 
1.0127 0.147302 0.544233 
0.729684 1.17823 0.2751 
0.943903 0.37351 0.402353 
0.653572 0.207616 0.799753 
0.24049 0.286357 1.02277 
0.729684 1.175 0.2751 
0.469591 0.496188 0.863377 
0.867922 0.596569 0.285653 
0.258201 0.177363 1.01709 
0.153479 0.0887579 1.22528 
0.580349 1.00493 0.29531 
0.813037 0.046542 0.710561 
0.73596 0.40885 0.595844 
0.45068 0.257002 0.925521 
0.680401 0.833401 0.52686 
0.995898 0.179711 0.541185 
0.684174 0.759488 0.510496 
0.225526 0.171251 1.02986 
0.61489 0.625584 0.641287 
0.387819 0.796296 0.859072 
0.978463 0.120685 0.549171 
0.523541 0.468817 0.780915 
0.709637 0.584013 0.655506 
0.494579 0.503802 0.815163 
0.839516 0.0856219 0.705789 
0.808845 0.111247 0.698828 
0.243612 0.163842 1.03531 
0.525838 0.44436 0.782352 
0.70722 0.568553 0.681683 
0.986233 0.220975 0.392435 
0.651375 0.239037 0.818842 
0.85638 0.0619534 0.691903 
0.693647 0.141133 0.912826 
0.893958 0.593904 0.279853 
0.585832 1.02649 0.283816 
0.991094 0.0765054 0.560393 
0.684174 0.760112 0.457073 
0.959239 0.158843 0.548948 
0.712813 0.795142 0.430013 
0.634587 0.620291 0.71704 
0.522188 0.489285 0.789236 
0.698792 0.196078 0.7712 
0.514566 0.320475 0.845795 
0.548207 0.386171 0.829341 
0.738804 0.629091 0.576948 
0.770103 0.616833 0.533218 
0.795922 0.0462013 0.719938 
0.93888 0.344786 0.412428 
0.505085 0.515056 0.732033 
0.78226 0.301369 0.614211 
0.70523 0.140799 0.790561 
0.387819 0.78647 0.859072 
0.755728 0.666386 0.384535 
0.240607 0.161978 1.06436 
1.11399 0.593904 0.276307 
0.610174 0.625796 0.628878 
0.921592 0.230881 0.446237 
0.688431 0.768934 0.432269 
0.577205 0.980252 0.382472 
0.955411 0.070558 0.581984 
0.608067 0.389517 0.774819 
0.914827 0.234752 0.495071 
0.906644 0.235612 0.497763 
0.731449 0.647428 0.595061 
0.737503 0.606744 0.591594 
0.535745 0.385758 0.83684 
0.684153 0.775344 0.441746 
0.952547 0.120446 0.550175 
0.474088 0.16261 1.02984 
0.544944 0.38351 0.83684 
0.591388 0.581558 0.728142 
0.312789 0.344006 0.922092 
0.779108 0.310611 0.602901 
0.789045 0.637056 0.153992 
0.505085 0.515056 0.733088 
0.401563 0.303275 0.928881 
0.93888 0.326179 0.412298 
0.401563 0.306733 0.924653 
1.1115 0.593904 0.276307 
0.450922 0.255734 0.9453 
0.857636 0.231792 0.610647 
0.84095 0.0880688 0.697999 
