0.852944 1.06095 0.144389 
0.0234427 0.0487712 1.71051 
0.574199 0.0323062 0.994462 
1.64045 0.0845711 0.39649 
0.583247 1.44117 0.695973 
1.15841 0.12373 0.290013 
0.538481 1.1995 0.765425 
0.0234427 0.12587 1.42749 
0.583247 1.31283 0.695973 
0.2563 0.0861383 1.21851 
0.0234427 0.130234 1.31311 
0.754351 0.940803 0.149003 
0.622067 0.862804 0.181543 
0.91098 0.373762 0.514628 
1.06203 0.430779 0.427041 
0.852942 1.06095 0.144389 
0.647394 0.653323 0.650493 
0.126735 0.197943 1.03808 
0.254792 0.087209 1.11247 
0.603667 0.990789 0.209391 
0.845899 0.117806 0.565063 
0.0234427 0.12587 1.42749 
0.0302233 0.133829 1.07674 
0.767329 0.677754 0.52944 
0.607131 0.801772 0.281494 
0.223112 0.134401 1.01546 
0.30824 0.631877 0.846197 
0.309238 0.745224 0.806971 
0.697782 0.0338252 0.877556 
0.639011 0.0549001 0.956367 
0.723997 0.0348435 0.873858 
1.10812 0.102332 0.35489 
0.763876 0.699573 0.532105 
0.415689 0.522307 0.875449 
0.583247 0.702731 0.696019 
0.612106 0.836794 0.222677 
0.893531 0.960486 0.144465 
0.559343 0.489969 0.749331 
0.171932 0.146531 0.98542 
0.829552 0.122049 0.563972 
0.61186 0.835935 0.244424 
0.528436 0.278378 0.897344 
0.332606 0.621898 0.936668 
0.601154 0.814751 0.258313 
0.864028 0.454262 0.426536 
0.643591 0.563695 0.67427 
1.06214 0.383494 0.478855 
0.488134 0.29765 0.903754 
0.456948 0.462599 0.823183 
1.11916 0.0873757 0.371963 
0.385996 0.335184 0.919018 
1.15828 0.12373 0.323847 
0.470172 0.284714 0.966463 
0.308855 0.745224 0.818652 
0.876101 0.388231 0.455885 
0.829552 0.122049 0.563972 
0.621345 0.401196 0.734483 
1.15112 0.12373 0.334524 
0.603541 0.219069 0.973854 
0.467688 0.475097 0.815653 
0.909716 0.379825 0.496852 
0.136766 0.190844 0.999055 
0.503463 0.279264 0.942989 
1.07071 0.133005 0.369812 
0.858455 0.440179 0.455639 
0.590628 0.608684 0.688148 
0.0288969 0.154024 1.07122 
0.377968 0.579078 0.874692 
0.452531 0.548353 0.802248 
0.56395 0.489969 0.743727 
0.451151 0.566305 0.804538 
0.553659 0.545741 0.711108 
0.429311 0.372817 0.864041 
0.543555 0.246968 0.820045 
0.878466 0.386487 0.440782 
0.151838 0.146282 1.05792 
0.167826 0.131666 1.09191 
0.427896 0.423023 0.86188 
0.392874 0.632412 0.810941 
0.616514 0.594906 0.659366 
1.09412 0.132204 0.370955 
0.167548 0.137599 0.98542 
0.543555 0.246968 0.820045 
1.12116 0.0869791 0.336835 
0.128588 0.169508 1.05952 
0.128483 0.179679 1.06028 
0.239929 0.133638 1.0135 
0.134559 0.148752 1.05673 
0.516715 0.283481 0.901195 
0.366748 0.588691 0.892861 
0.429098 0.412504 0.855656 
0.339152 0.622303 0.883143 
0.454364 0.307915 0.974989 
0.767329 0.677754 0.52944 
0.579818 0.816652 0.695973 
0.647394 0.539077 0.652019 
0.350915 0.606307 0.887539 
0.491512 0.460375 0.781509 
0.86507 0.970887 0.144465 
0.598661 0.600985 0.652309 
0.491512 0.460375 0.781179 
0.363234 0.616248 0.881021 
1.10866 0.132204 0.339922 
0.647394 0.653323 0.650493 
0.549267 0.546981 0.708758 
0.860515 0.43011 0.434882 
0.127544 0.207184 1.00805 
0.386972 0.343667 0.91028 
0.409276 0.364335 0.875464 
0.60833 0.407564 0.735592 
0.604716 0.802455 0.286923 
0.385987 0.340106 0.919018 
0.395311 0.349945 0.886403 
0.909716 0.374957 0.50433 
0.623764 0.126338 0.897972 
0.401701 0.345147 0.893633 
0.454364 0.307915 0.974989 
0.409276 0.356672 0.875464 
0.852944 0.977342 0.144465 
0.35596 0.592446 0.881928 
