0.993571 0.534734 0.274735 
0.0205253 0.00526287 1.10218 
0.987799 0.56286 0.254039 
0.647459 0.897932 0.406368 
0.0126264 0.0466423 1.09638 
0.184917 0.169759 1.00066 
0.486207 0.353306 0.961541 
0.372668 0.564446 0.929271 
0.640713 0.832548 0.417031 
0.793447 0.56989 0.517083 
0.169972 0.170953 1.00126 
0.649408 0.793231 0.436548 
0.579527 0.654591 0.675055 
0.264208 0.0575741 1.00384 
0.550789 0.725235 0.604858 
0.0332753 0.105951 1.02636 
0.385794 0.688993 0.793803 
0.747696 0.711392 0.27767 
0.628721 0.275032 0.8398 
0.882986 0.384696 0.332557 
0.620919 0.794093 0.431916 
0.594011 0.293824 0.812199 
0.945235 0.598425 0.25826 
0.821536 0.548228 0.542439 
0.384734 0.580985 0.914012 
0.478511 0.399693 0.889765 
0.0994316 0.0739176 1.00256 
0.694717 0.221045 0.748227 
0.742399 0.780887 0.329714 
0.437901 0.530388 0.87691 
0.697662 0.782899 0.378494 
0.788366 0.214897 0.777606 
0.808898 0.550955 0.541532 
0.889721 0.37616 0.343562 
0.723828 0.749004 0.406768 
0.717154 0.733852 0.408038 
0.942976 0.540979 0.274173 
0.742702 0.774128 0.394975 
0.264208 0.0575741 1.00384 
0.528998 0.609662 0.681182 
0.751541 0.703674 0.264645 
0.985277 0.56722 0.254447 
0.900939 0.373043 0.33226 
0.791043 0.675581 0.55604 
0.0326987 0.0065194 1.08172 
0.437994 0.494406 0.87691 
0.664274 0.793577 0.392544 
0.572817 0.289675 0.852089 
0.454651 0.444333 0.87083 
0.222377 0.0698143 1.00256 
0.563365 0.66908 0.60113 
0.222377 0.0698143 1.00256 
0.0608333 0.0413195 1.02143 
0.626024 0.442872 0.68646 
0.460774 0.686296 0.719826 
0.0414494 0.0135998 1.04496 
0.464867 0.62142 0.737647 
0.0318856 0.0937094 1.03443 
0.0524344 0.0484804 1.00773 
0.776699 0.518786 0.575847 
0.894587 0.373043 0.334562 
0.471421 0.626034 0.735497 
0.467109 0.635691 0.736553 
0.0294229 0.0360146 1.03909 
0.0142814 0.0385636 1.05978 
0.374746 0.512659 0.924183 
0.700967 0.522077 0.580433 
0.48002 0.425862 0.822575 
0.587718 0.358127 0.77743 
0.490196 0.475841 0.814987 
0.467641 0.661574 0.707617 
0.570438 0.54412 0.727759 
0.740304 0.536632 0.571934 
0.641229 0.441681 0.682933 
0.496297 0.453087 0.78987 
0.479304 0.410612 0.838174 
0.601601 0.279953 0.82819 
0.601594 0.279953 0.831424 
0.482667 0.474647 0.81702 
0.0373042 0.0863778 1.03784 
0.0935953 0.0419749 1.0146 
0.551349 0.55683 0.722383 
0.467641 0.661574 0.707617 
0.673885 0.532629 0.578589 
0.443795 0.450759 0.872229 
0.48002 0.416943 0.822575 
0.0844407 0.0373397 1.02079 
0.534312 0.572013 0.678722 
0.0149399 0.0385636 1.05468 
0.572817 0.288176 0.828064 
0.697766 0.216763 0.768465 
0.491822 0.45588 0.784447 
0.510742 0.37659 0.788406 
0.545136 0.507014 0.750873 
0.734691 0.534002 0.574033 
0.545136 0.46408 0.755065 
0.591109 0.355893 0.774841 
0.510742 0.37659 0.788406 
0.684105 0.50769 0.586977 
0.447378 0.460496 0.870876 
0.555053 0.678871 0.59484 
0.0992055 0.0688117 1.00263 
0.697221 0.219293 0.760842 
0.0547258 0.0420868 1.01768 
0.776699 0.513697 0.575847 
0.543996 0.509083 0.75578 
0.700505 0.527541 0.585684 
0.751541 0.703887 0.264065 
0.555053 0.678871 0.59484 
0.0415549 0.00873077 1.04282 
0.897431 0.381611 0.331422 
0.0253209 0.00828322 1.10208 
0.0296723 0.0799348 1.03825 
0.681043 0.539896 0.572238 
0.694599 0.072577 0.780376 
0.689722 0.21962 0.754527 
0.536951 0.565196 0.676625 
0.0415131 0.00963775 1.04703 
0.821536 0.548228 0.542439 
0.594011 0.293824 0.812199 
