0.220047 0.0460397 1.2659 
0.794441 2.07251 0.140474 
0.0304853 0.0934349 1.26923 
1.14531 0.0604755 0.0407985 
0.654499 1.61185 0.607272 
0.690633 1.13349 0.271841 
0.829233 1.67705 0.131955 
0.0335903 0.100007 1.11305 
0.0692072 0.425174 1.05183 
0.178012 0.0609258 1.03493 
1.13886 0.560675 0.108965 
0.709766 0.710911 0.296349 
0.323526 0.236478 0.998121 
0.691335 0.954712 0.271841 
0.399088 0.123071 0.986969 
1.06129 0.054305 0.418829 
0.867217 0.621895 0.328849 
0.621184 0.11127 0.894222 
1.10826 1.11091 0.129473 
0.919005 1.07171 0.136907 
0.787783 0.577766 0.371285 
0.522362 0.310447 0.954697 
0.0502187 0.680613 1.05046 
0.883463 0.460785 0.46643 
1.00512 0.14485 0.538325 
1.06414 0.074258 0.171321 
0.336941 0.0540813 1.03419 
0.952348 0.090483 0.604921 
0.259503 0.464489 1.03492 
0.280451 0.574277 0.972586 
0.741579 0.834201 0.268576 
0.537344 0.658707 0.776696 
0.970418 0.138574 0.568753 
0.0324369 0.39632 1.07886 
0.988509 0.0465924 0.580014 
0.434445 0.0688323 0.996011 
0.494238 0.325248 0.885958 
0.768957 0.219195 0.641303 
0.380098 0.72799 0.971611 
0.921847 0.874233 0.145186 
1.01936 0.0466048 0.509836 
0.466 0.405734 0.862655 
1.02976 0.133088 0.264373 
0.0628403 0.466447 1.05774 
0.645045 0.513571 0.634002 
0.178012 0.0609258 1.03493 
0.854312 0.542897 0.340571 
0.212277 0.0567486 1.09906 
0.93724 0.274795 0.363871 
1.04118 0.049342 0.487319 
0.886204 1.02454 0.140873 
0.653716 0.765754 0.607272 
1.00378 0.0591001 0.553715 
0.835977 1.64436 0.134225 
0.925997 0.317596 0.40499 
1.13117 0.0494106 0.215546 
1.0894 0.086211 0.142592 
0.894057 0.283316 0.474841 
0.808892 0.850383 0.240949 
0.820595 0.850383 0.188742 
0.581412 0.177414 0.823366 
0.528124 0.791841 0.814344 
0.798008 0.850383 0.242792 
1.11847 0.452985 0.116741 
0.600902 0.46362 0.744412 
0.488224 0.325719 0.892854 
0.63288 0.609853 0.707744 
0.817479 0.913544 0.205542 
0.549018 0.510786 0.767314 
0.72531 0.358521 0.706457 
0.522038 0.325208 0.886347 
0.739021 0.374338 0.676395 
0.791356 0.917501 0.205615 
0.851137 1.64006 0.133264 
0.728963 0.256277 0.727398 
1.07706 0.0493759 0.406831 
0.813168 0.204883 0.660143 
0.462018 0.0676186 0.96026 
0.562481 0.501879 0.755016 
0.540943 0.733134 0.764306 
0.576356 0.305601 0.832692 
0.694903 0.266692 0.712563 
0.927961 0.887346 0.136907 
0.873143 0.334895 0.472733 
1.0226 0.117806 0.502596 
0.980016 0.0613947 0.681512 
0.464114 0.421555 0.864682 
0.778202 0.216126 0.666951 
0.677048 0.15856 0.801973 
0.779985 0.116707 0.848865 
0.626127 0.47565 0.718987 
0.668576 0.461766 0.733154 
0.794725 0.571588 0.355153 
0.440319 0.530744 0.970809 
0.886204 1.02454 0.140873 
0.529993 0.444393 0.787705 
0.681064 0.158568 0.799917 
0.563089 0.437993 0.795365 
0.641264 0.766969 0.607272 
0.581412 0.186394 0.820586 
0.65079 0.495501 0.698636 
0.212277 0.0567486 1.09906 
0.90211 0.0492289 0.695522 
1.12859 0.114436 0.122006 
0.32872 0.0540813 1.02191 
0.569791 0.485637 0.76451 
0.625224 0.699527 0.730588 
0.796923 0.205741 0.647218 
0.607077 0.46266 0.739492 
0.803763 0.371875 0.640681 
0.446143 0.42186 0.863029 
0.901291 0.261914 0.485317 
0.279536 0.614083 1.02177 
0.740698 0.345677 0.689647 
0.279429 0.614135 1.02177 
0.525565 0.31281 0.839307 
0.691335 0.804274 0.271841 
0.854312 0.526799 0.334264 
0.616061 0.461887 0.760056 
0.533006 0.351615 0.829117 
