0.0995175 0.119535 1.60412 
0.854327 0.694411 0.116599 
1.41966 0.176816 0.50291 
0.905339 0.050872 0.701862 
0.278765 1.06089 0.9464 
1.28083 0.139055 0.505044 
0.116368 0.0890534 1.33938 
1.05427 0.224388 0.129935 
0.283207 0.954769 0.9463 
0.378493 0.791745 0.826918 
0.196148 0.323002 1.0483 
0.805835 0.056893 1.19042 
0.116368 0.0952245 1.33125 
0.997106 0.250092 0.23064 
0.279953 0.954855 0.9464 
0.4105 0.7094 0.846934 
0.397875 0.39986 0.925807 
0.400422 0.776372 0.846934 
0.229725 0.170977 0.985696 
0.336708 0.261359 0.983716 
0.150944 0.136457 1.11608 
1.03225 0.225153 0.201842 
0.312517 0.580112 0.967427 
0.802715 0.642434 0.402837 
0.634528 0.125639 0.861666 
0.534952 0.440955 0.777504 
0.14304 0.159989 1.16487 
0.5868 0.129557 0.872041 
0.829473 0.59289 0.132993 
0.304751 0.162762 1.06656 
0.814412 0.647408 0.292987 
0.448838 0.489327 0.824752 
0.726316 0.664639 0.399131 
0.672714 0.520048 0.646463 
0.460887 0.28747 0.891445 
0.816801 0.606223 0.433603 
0.725336 0.162219 0.68461 
0.921138 0.140583 0.528667 
0.197139 0.310267 1.06603 
0.909022 0.101083 0.628827 
0.968452 0.181312 0.492951 
0.650893 0.527462 0.658749 
0.668098 0.547553 0.607203 
0.144885 0.144067 1.13952 
0.865946 0.190094 0.563627 
0.292921 0.170977 1.02937 
0.442376 0.461466 0.874834 
0.820474 0.0764705 0.71366 
1.00521 0.111923 0.506541 
0.78895 0.583634 0.476753 
0.740035 0.660038 0.330038 
0.834872 0.136337 0.590497 
0.197281 0.26569 1.01615 
0.53799 0.408782 0.756023 
0.779217 0.583634 0.477909 
0.742567 0.649278 0.30699 
1.03821 0.224148 0.367326 
0.37604 0.185168 0.937257 
0.383099 0.213323 0.928571 
0.758198 0.5888 0.448168 
0.406226 0.209528 0.924111 
0.751511 0.5888 0.449006 
0.888568 0.186568 0.538648 
0.519138 0.562159 0.734488 
0.197281 0.323002 0.999141 
0.519138 0.562159 0.734488 
0.529424 0.508616 0.726762 
0.478207 0.420704 0.799948 
0.409661 0.776614 0.837573 
0.876505 0.596793 0.130788 
0.854274 0.686856 0.117895 
0.148969 0.279048 1.1213 
0.442376 0.461466 0.874834 
0.919052 0.152025 0.577504 
0.4322 0.537234 0.822358 
0.567782 0.236571 0.80068 
0.575189 0.112152 0.910924 
0.548967 0.270597 0.863205 
0.459539 0.287046 0.89799 
0.569583 0.11813 0.951445 
0.859761 0.229501 0.582574 
0.482701 0.426698 0.784235 
0.66095 0.545852 0.645608 
0.868429 0.183226 0.550682 
0.801393 0.0586263 0.720924 
0.895436 0.0668098 0.676056 
1.03225 0.225007 0.430964 
0.726316 0.663017 0.368899 
0.733423 0.660892 0.353392 
0.48524 0.415691 0.785832 
0.668031 0.537796 0.640836 
0.432349 0.5002 0.820872 
0.948476 0.181841 0.492951 
0.950989 0.0522541 0.657462 
0.525362 0.515287 0.734289 
0.739058 0.653454 0.354579 
0.378474 0.791745 0.826918 
0.580845 0.111305 0.894452 
0.918332 0.0639547 0.698597 
0.863836 0.0941161 0.670148 
0.542729 0.280356 0.858442 
0.73458 0.158797 0.690109 
0.81188 0.0548783 0.795169 
0.852968 0.591994 0.13296 
0.81794 0.606223 0.12152 
0.500207 0.415691 0.783563 
0.896222 0.1834 0.492511 
1.03225 0.225153 0.201842 
0.804465 0.690762 0.296291 
0.104209 0.0952245 1.33446 
0.398172 0.410692 0.918575 
0.543364 0.270597 0.845718 
0.829601 0.0954807 0.681777 
0.672539 0.51997 0.650839 
0.500207 0.415691 0.783375 
0.546148 0.405201 0.807471 
0.197281 0.26569 1.01615 
0.567782 0.236339 0.80126 
0.432349 0.5002 0.820872 
0.546148 0.405201 0.806417 
