0.146771 1.7387 1.01531 
2.32342 0.167984 0.464255 
1.25801 1.07994 0.130082 
0.138709 0.00297765 1.47904 
1.17537 0.00208164 0.659072 
0.00203212 0.249885 1.04876 
1.31281 0.167386 0.46698 
2.32299 0.167848 0.466492 
0.204448 1.47351 1.02613 
1.20396 0.00255988 0.499683 
0.351017 1.36345 0.706442 
1.23939 0.96508 0.254674 
1.12973 0.91375 0.292224 
1.17662 0.00208265 0.591049 
1.26308 1.05608 0.182396 
0.236758 0.00297765 1.36163 
0.565985 0.00300361 1.22716 
0.855027 0.78704 0.368245 
0.495718 0.0125769 1.29848 
0.357664 1.2454 0.701762 
1.05895 0.586377 0.297145 
1.24377 0.965082 0.232779 
0.185377 0.00297765 1.30471 
0.423537 0.707878 0.797837 
0.530683 0.039887 1.13591 
1.27892 0.869204 0.131905 
0.357664 1.15921 0.740091 
0.301296 0.0867352 1.19777 
1.07294 0.162571 0.472914 
0.208467 1.31041 1.02402 
1.27853 0.586942 0.156107 
0.0571718 1.11067 1.02981 
0.339246 0.257797 1.0036 
0.024921 0.229005 1.03847 
0.913244 0.433089 0.4225 
0.245964 0.00297006 1.44319 
0.4672 0.420306 0.89785 
0.369048 0.635075 0.832985 
0.855027 0.785014 0.374814 
0.6005 0.284964 0.886445 
0.066865 1.12375 1.0293 
0.417915 0.760063 0.726287 
1.25901 1.07992 0.224345 
1.05705 0.0025765 1.08562 
0.757176 0.848841 0.393781 
0.775483 0.883605 0.383088 
0.955325 0.384448 0.603098 
0.261869 0.426182 0.939997 
0.579192 0.0520806 0.91644 
1.13132 0.0636999 0.624235 
0.0889361 0.170719 1.05764 
0.553733 0.478273 0.792652 
0.71338 0.810895 0.44529 
0.778238 0.821107 0.43782 
0.544336 1.02872 0.645917 
0.220248 1.06908 0.984463 
1.04961 0.656039 0.407216 
0.154083 0.026349 1.42454 
0.0171524 0.175155 1.06022 
0.289825 0.192708 1.0371 
0.648331 0.349213 0.775347 
0.438473 0.508598 0.842341 
0.591365 0.364407 0.772 
0.660617 0.314614 0.746721 
0.158968 0.026349 1.40598 
0.705644 0.00255629 1.39359 
0.363949 1.20463 0.705095 
0.916324 0.437149 0.419301 
0.399735 0.603545 0.84357 
0.554248 0.136394 0.941114 
0.973284 0.00257219 1.18624 
0.206326 1.31821 1.02283 
0.808419 0.00303257 1.08225 
0.634299 0.552122 0.650031 
0.459993 0.674689 0.757824 
0.351017 1.19527 0.70661 
0.619917 0.0505585 0.858488 
0.379918 0.0427544 1.16537 
0.710427 0.412218 0.609005 
1.04446 0.00257219 1.15967 
0.70001 0.325645 0.744859 
1.01754 0.561901 0.410847 
0.99396 0.00256971 1.20926 
0.443034 0.449632 0.877079 
0.678122 0.541335 0.635707 
0.220248 1.07205 0.960778 
0.571564 0.52227 0.675353 
0.723504 0.567048 0.487743 
0.801457 0.212361 0.697986 
0.781219 0.204328 0.712609 
0.520519 0.0402694 1.1401 
0.728014 0.5629 0.480929 
0.982696 0.0729704 0.732426 
1.11134 0.0660993 0.825319 
0.386505 0.793288 0.716766 
0.222922 0.273285 1.02062 
0.767957 0.848841 0.392858 
0.667753 0.0946792 0.817359 
0.393058 0.771117 0.724451 
0.604107 0.396694 0.727541 
0.615165 0.341321 0.825395 
0.495488 0.595137 0.686144 
0.832258 0.114879 0.660348 
0.545801 0.681689 0.636495 
0.823798 0.103852 0.697789 
1.16495 0.00255805 0.824447 
0.249212 0.258681 1.01459 
0.220248 1.07205 0.947643 
0.443034 0.452357 0.802011 
0.410582 0.578915 0.850393 
0.544336 1.02872 0.645917 
0.581576 0.469625 0.800197 
1.00565 0.0689461 0.597063 
0.548297 0.538765 0.688028 
0.823798 0.11906 0.66416 
0.540997 0.578292 0.667439 
0.506568 0.37879 0.836417 
0.508614 0.379259 0.811256 
0.170671 0.169215 1.04836 
0.45207 0.678867 0.753187 
