0.85887 0.989108 0.0205088 
0.0161336 0.0460646 1.03634 
0.0511075 0.0111352 1.06048 
0.0494479 0.011152 1.07097 
1.03591 0.666752 0.0525033 
0.593639 1.35678 0.658545 
0.716556 0.94459 0.639524 
0.737051 0.556596 0.450334 
0.216351 1.17979 0.968364 
0.926844 0.551962 0.381475 
0.760196 1.03593 0.15192 
0.128331 0.440132 1.0141 
0.648541 1.07073 0.64385 
0.334422 0.344646 0.966947 
0.646932 0.124985 0.839801 
0.05153 0.051114 1.02009 
0.747916 0.555176 0.448738 
0.760196 1.0079 0.221248 
0.643614 1.29836 0.649596 
0.920844 0.640492 0.232105 
0.401805 0.74775 0.836891 
0.773729 0.878715 0.324427 
0.635479 0.214022 0.822751 
0.613568 1.25448 0.693961 
0.300844 0.363802 0.964969 
0.165946 0.260398 0.999085 
0.423385 0.83655 0.755486 
0.211857 0.528963 0.979637 
1.01171 0.491049 0.355022 
0.681474 0.705711 0.705547 
0.80792 0.672326 0.0673546 
0.766191 1.03421 0.0792817 
0.778108 0.812474 0.0225289 
0.615153 0.994075 0.671217 
0.834426 0.664622 0.114119 
0.150046 0.0798321 1.01052 
0.658432 0.694544 0.718129 
0.84991 0.673428 0.0419895 
0.68742 0.354847 0.725652 
0.886905 0.666526 0.0959707 
0.568752 0.239238 0.864798 
0.982862 0.634608 0.130131 
0.566889 0.728275 0.746384 
0.261578 0.345066 0.967906 
0.891434 0.34373 0.711208 
0.597005 1.26377 0.651514 
0.818747 0.668184 0.102538 
0.759483 0.942412 0.260808 
0.733566 0.928486 0.647998 
0.287356 0.27055 0.967445 
0.451192 0.595109 0.749742 
1.01147 0.491049 0.341847 
0.982862 0.634608 0.130131 
0.561898 0.250176 0.990998 
0.773729 0.878715 0.324427 
0.92657 0.638904 0.292991 
0.956161 0.523409 0.33946 
0.778384 0.761699 0.0225289 
0.0435371 0.0535787 1.02788 
0.239752 0.269612 0.976447 
0.0239252 0.0130552 1.05558 
0.429415 0.443492 0.95367 
0.485166 0.407279 0.940158 
0.0239252 0.0269588 1.0379 
0.436139 0.571346 0.849959 
0.405097 0.679599 0.878117 
0.607585 0.663643 0.735236 
0.47226 0.42621 0.885863 
0.952014 0.539775 0.334889 
0.647263 0.0938643 0.842394 
0.759594 0.938296 0.251999 
0.420887 0.503568 0.914315 
0.94804 0.511192 0.340584 
0.457007 0.409247 0.925991 
0.411876 0.746637 0.81527 
0.498449 0.384116 0.86549 
0.221165 0.293045 0.973784 
0.53836 0.453331 0.801517 
0.216351 0.323089 0.969131 
0.926602 0.638316 0.284417 
0.449211 0.468818 0.799243 
0.414163 0.517035 0.890588 
0.4684 0.407279 0.964447 
0.738898 0.424725 0.693656 
0.0322997 0.0370573 1.02967 
0.649036 0.759176 0.660438 
0.784875 0.424725 0.693656 
0.52176 0.478623 0.781716 
0.232752 0.280083 0.969275 
0.508792 0.563517 0.787149 
0.490405 0.391639 0.907327 
0.607345 0.0877312 0.852336 
0.627321 0.0742269 0.870662 
0.432821 0.477843 0.902145 
0.635479 0.21783 0.822445 
0.52176 0.496506 0.759765 
0.601545 0.231083 0.868952 
0.165494 0.299117 0.987472 
0.163444 0.270083 0.999575 
0.609725 0.460341 0.76133 
0.64688 0.0735639 0.979921 
0.435964 0.628568 0.769142 
0.547659 0.338576 0.80859 
0.485166 0.410058 0.836211 
0.54647 0.338576 0.80859 
0.461285 0.486794 0.794872 
0.721018 0.34884 0.718551 
0.78097 0.418451 0.696218 
0.631112 0.214271 0.823705 
0.73029 0.356777 0.701002 
0.541068 0.451101 0.794653 
0.602965 0.479261 0.772461 
0.760196 1.0079 0.221248 
0.508778 0.571005 0.787149 
0.726287 0.929039 0.646542 
0.16513 0.281503 0.987472 
0.491636 0.384839 0.90663 
0.778108 0.812474 0.0225289 
0.435964 0.611949 0.770832 
0.0283189 0.0421976 1.02967 
