-14.4362 -11.6273 
-20 7.07914e-06 
-17.0475 -3.87576 
-19.0696 -0.0171896 
-17.9406 -3.87576 
-16.7086 -4.81877 
-16.8322 -4.3313 
-14.9545 -10.3417 
-15.5126 -8.11363 
-16.6564 -5.05175 
-15.0268 -10.0941 
-18.6881 -0.948713 
-18.7552 -0.725865 
-15.8819 -7.75152 
-15.6309 -7.76119 
-14.8133 -10.8045 
-14.7799 -10.9461 
-14.6471 -11.3657 
-18.5535 -1.47406 
-18.4944 -1.73423 
-18.2418 -2.95462 
-18.3337 -2.50548 
-16.3704 -6.42888 
-16.597 -5.1852 
-16.5 -5.82521 
-15.1039 -9.72477 
-18.6194 -1.20427 
-15.4618 -8.2999 
-16.3074 -6.6964 
-18.6543 -1.07121 
-16.5877 -5.3222 
-18.1614 -3.31925 
-15.261 -9.03186 
-15.2202 -9.27131 
-16.2514 -6.91553 
-18.8249 -0.521597 
-14.474 -11.5783 
-15.1774 -9.45484 
-16.2048 -7.05369 
-18.8725 -0.398958 
-15.4009 -8.47333 
-15.3574 -8.56743 
-15.3509 -8.72669 
-18.5859 -1.33853 
-18.3839 -2.25796 
-16.0587 -7.53465 
-15.564 -7.88012 
-18.288 -2.73074 
-19.0436 -0.0564264 
-18.4208 -2.07875 
-16.2755 -6.80952 
-16.5321 -5.67553 
-16.18 -7.13917 
-15.2378 -9.18582 
-16.9642 -4.01516 
-18.2903 -2.71958 
-15.1593 -9.52728 
-16.5644 -5.51496 
-15.1256 -9.66246 
-16.4713 -5.96155 
-18.9808 -0.164594 
-15.0576 -9.93233 
-15.3022 -8.92465 
-14.5751 -11.459 
-18.0654 -3.67205 
-16.8465 -4.27766 
-18.0352 -3.75459 
-18.1924 -3.18227 
-16.9104 -4.13769 
-14.5596 -11.4965 
-16.8942 -4.16307 
-18.4868 -1.76909 
-14.7444 -11.1114 
-14.9095 -10.5073 
-15.6306 -7.76181 
-15.564 -7.88011 
-18.4043 -2.1578 
-15.9956 -7.65885 
-14.9095 -10.5074 
-14.8728 -10.6862 
-16.3875 -6.34954 
-18.906 -0.318968 
-18.929 -0.268963 
-14.8728 -10.6862 
-14.7396 -11.1222 
-16.1493 -7.26395 
-16.452 -6.03776 
-18.3553 -2.39858 
-16.9641 -4.02334 
-18.4535 -1.92108 
-16.4349 -6.1224 
-18.4523 -1.92654 
-15.0519 -9.9533 
-14.6884 -11.2351 
-16.4093 -6.23531 
-18.2233 -3.02617 
-14.6832 -11.2449 
-18.9639 -0.197089 
-15.9299 -7.71902 
-18.0962 -3.57316 
