-14.4357 -11.6273 
-20 6.48004e-07 
-17.047 -3.87673 
-19.0785 -0.00454595 
-20 6.48004e-07 
-17.941 -3.87576 
-15.6267 -7.75153 
-18.1456 -3.38598 
-15.4206 -8.46843 
-15.4961 -8.1846 
-16.2758 -6.83366 
-15.882 -7.75152 
-18.3608 -2.3717 
-16.4554 -6.02138 
-16.1886 -7.01386 
-16.5855 -5.40729 
-14.7374 -11.0711 
-15.24 -9.19064 
-18.7986 -0.595917 
-15.1955 -9.38761 
-16.1367 -7.28399 
-16.6951 -4.88122 
-18.6621 -1.04144 
-16.3319 -6.56917 
-18.6114 -1.23566 
-15.1275 -9.67459 
-18.0974 -3.56791 
-16.3862 -6.29704 
-15.5959 -7.85976 
-15.166 -9.51542 
-16.6301 -5.18932 
-15.3878 -8.58194 
-16.3964 -6.2579 
-14.9705 -10.3088 
-18.4987 -1.71485 
-18.4095 -2.01465 
-18.8935 -0.348425 
-16.8991 -4.17131 
-18.5497 -1.48989 
-16.7371 -4.68605 
-18.5842 -1.34471 
-18.2564 -2.88476 
-16.3184 -6.62205 
-18.2017 -3.14235 
-14.4755 -11.572 
-18.2903 -2.71958 
-16.2312 -6.97885 
-14.668 -11.2826 
-18.2005 -3.14366 
-15.0936 -9.81646 
-18.318 -2.58277 
-16.8326 -4.33429 
-18.7307 -0.804481 
-15.0719 -9.91622 
-15.0264 -10.0231 
-14.9279 -10.4243 
-18.5224 -1.60009 
-16.6474 -5.10069 
-14.9093 -10.5161 
-18.9502 -0.152199 
-14.8246 -10.8547 
-14.8622 -10.6153 
-18.8329 -0.500545 
-17.9797 -3.851 
-18.9196 -0.28922 
-16.9451 -4.06558 
-16.7802 -4.52641 
-16.4822 -5.91383 
-18.4621 -1.88327 
-18.9983 -0.132571 
-16.8602 -4.2766 
-16.7923 -4.48988 
-19.0475 -0.0503936 
-15.9443 -7.69626 
-16.98 -3.99037 
-16.7172 -4.77894 
-16.5545 -5.53264 
-16.4901 -5.78501 
-15.5435 -8.01772 
-18.0347 -3.75587 
-18.066 -3.67134 
-15.0033 -10.164 
-14.7484 -10.9435 
-16.5467 -5.60433 
-14.8242 -10.8563 
-15.3489 -8.7442 
-15.3078 -8.9046 
-15.3494 -8.74198 
-18.4531 -1.92484 
-18.3941 -2.20816 
-14.5543 -11.5073 
-15.2903 -8.97645 
-18.3941 -2.20805 
-18.2578 -2.87671 
-16.1092 -7.40603 
-14.5819 -11.4928 
-14.653 -11.3327 
-18.6917 -0.936276 
-18.7002 -0.90667 
-15.2716 -9.06252 
