0 inf
500 0.28812358861419956613
1000 0.06932123526479902487
1500 0.06240208919627008438
2000 0.00650547386194468436
2500 0.00626485335054454209
3000 0.00561863566720886744
3500 0.00561176076098908547
4000 0.00537478455136961887
4500 0.00537478455136961887
5000 0.00536642167143036499
5500 0.00536642167143036499
6000 0.00208699598765157979
6500 0.00208699598765157979
7000 0.00201056085741408352
7500 0.00028156207905186934
8000 0.00028156207905186934
8500 0.00006884195582455153
9000 0.00006884195582455153
9500 0.00006884195582455153
10000 0.00006884195582455153
10500 0.00006884195582455153
11000 0.00006884195582455153
11500 0.00006884195582455153
12000 0.00006884195582455153
12500 0.00006884195582455153
13000 0.00006884195582455153
13500 0.00006884195582455153
14000 0.00006884195582455153
14500 0.00006884195582455153
15000 0.00006884195582455153
15500 0.00006873806310178738
16000 0.00000524604753308790
16500 0.00000524604753308790
17000 0.00000524604753308790
17500 0.00000524604753308790
18000 0.00000524604753308790
18500 0.00000524604753308790
19000 0.00000524604753308790
19500 0.00000524604753308790
20000 0.00000524604753308790
20500 0.00000524604753308790
21000 0.00000524604753308790
21500 0.00000524604753308790
22000 0.00000524604753308790
22500 0.00000524604753308790
23000 0.00000523354718543078
23500 0.00000523354718543078
24000 0.00000523354718543078
24500 0.00000523354718543078
25000 0.00000523354718543078
25500 0.00000523354718543078
26000 0.00000523354718543078
26500 0.00000523354718543078
27000 0.00000523354718543078
27500 0.00000523354718543078
28000 0.00000523354718543078
28500 0.00000523354718543078
29000 0.00000523354718543078
29500 0.00000523354718543078
30000 0.00000523354718543078
30500 0.00000523354718543078
31000 0.00000519759238752092
31500 0.00000519759238752092
32000 0.00000519759238752092
32500 0.00000519759238752092
33000 0.00000519759238752092
33500 0.00000519759238752092
34000 0.00000519759238752092
34500 0.00000519759238752092
35000 0.00000519759238752092
35500 0.00000519759238752092
36000 0.00000519759238752092
36500 0.00000519759238752092
37000 0.00000519759238752092
37500 0.00000519759238752092
38000 0.00000519759238752092
38500 0.00000519759238752092
39000 0.00000519759238752092
39500 0.00000519759238752092
40000 0.00000519759238752092
40500 0.00000519759238752092
41000 0.00000519759238752092
41500 0.00000519759238752092
42000 0.00000519759238752092
42500 0.00000519759238752092
43000 0.00000519759238752092
43500 0.00000519759238752092
44000 0.00000519759238752092
44500 0.00000519759238752092
45000 0.00000519759238752092
45500 0.00000519759238752092
46000 0.00000519759238752092
46500 0.00000518857122532461
47000 0.00000518857122532461
47500 0.00000518857122532461
48000 0.00000518857122532461
48500 0.00000518857122532461
49000 0.00000518857122532461
49500 0.00000518857122532461
50000 0.00000518851039694108
50500 0.00000518851039694108
51000 0.00000518851039694108
51500 0.00000518851039694108
52000 0.00000518851039694108
52500 0.00000518851039694108
53000 0.00000518851039694108
53500 0.00000518851039694108
54000 0.00000518851039694108
54500 0.00000518851039694108
55000 0.00000518851039694108
55500 0.00000518851039694108
56000 0.00000518851039694108
56500 0.00000518851039694108
57000 0.00000518851039694108
57500 0.00000518582947331977
58000 0.00000518582947331977
58500 0.00000518582947331977
59000 0.00000518582947331977
59500 0.00000518582947331977
60000 0.00000518575077873343
60500 0.00000518575077873343
61000 0.00000518575077873343
61500 0.00000518575077873343
62000 0.00000518575077873343
62500 0.00000518562258540420
63000 0.00000518562258540420
63500 0.00000518562258540420
64000 0.00000518562258540420
64500 0.00000518562258540420
65000 0.00000518562258540420
65500 0.00000518562258540420
66000 0.00000518562258540420
66500 0.00000441360713651537
67000 0.00000441360713651537
67500 0.00000419843465546925
68000 0.00000399502962445737
68500 0.00000399502962445737
69000 0.00000399502962445737
69500 0.00000399502962445737
70000 0.00000399502962445737
70500 0.00000399502962445737
71000 0.00000399502962445737
71500 0.00000397227924353216
72000 0.00000397227924353216
72500 0.00000397227924353216
73000 0.00000397227924353216
73500 0.00000397227924353216
74000 0.00000397227924353216
74500 0.00000396087400516804
75000 0.00000396064896877104
75500 0.00000396025137489262
76000 0.00000396025137489262
76500 0.00000396025137489262
77000 0.00000396025137489262
77500 0.00000396025137489262
78000 0.00000396025137489262
78500 0.00000396025137489262
79000 0.00000396025137489262
79500 0.00000396025137489262
80000 0.00000396025137489262
80500 0.00000396025137489262
81000 0.00000396025137489262
81500 0.00000396025137489262
82000 0.00000396025137489262
82500 0.00000396025137489262
83000 0.00000396025137489262
83500 0.00000396025119341327
84000 0.00000396025119341327
84500 0.00000396025119341327
85000 0.00000396025119341327
85500 0.00000396025119341327
86000 0.00000396025119341327
86500 0.00000396025119341327
87000 0.00000396025119341327
87500 0.00000396025119341327
88000 0.00000395731002567129
88500 0.00000395125363520024
89000 0.00000395125363520024
89500 0.00000395125363520024
90000 0.00000395069893831281
90500 0.00000395069893831281
91000 0.00000395069893831281
91500 0.00000395069893831281
92000 0.00000395069893831281
92500 0.00000395069893831281
93000 0.00000395069893831281
93500 0.00000395069893831281
94000 0.00000395069893831281
94500 0.00000395069893831281
95000 0.00000395069893831281
95500 0.00000395069893831281
96000 0.00000394296723675587
96500 0.00000394296723675587
97000 0.00000394296723675587
97500 0.00000394296723675587
98000 0.00000394296723675587
98500 0.00000394284455197116
99000 0.00000394284455197116
99500 0.00000394284455197116
100000 0.00000394284455197116
100500 0.00000394284455197116
101000 0.00000394284455197116
101500 0.00000394284455197116
102000 0.00000394284455197116
102500 0.00000394284455197116
103000 0.00000394284085214664
103500 0.00000394284085214664
104000 0.00000394284085214664
104500 0.00000394281661381766
105000 0.00000394281661381766
105500 0.00000394281661381766
106000 0.00000394281661381766
106500 0.00000394281661381766
107000 0.00000394281661381766
107500 0.00000394281661381766
108000 0.00000394281289839485
108500 0.00000394281289839485
109000 0.00000394281289839485
109500 0.00000394281289839485
110000 0.00000394281289739942
110500 0.00000394281289739942
111000 0.00000394281289739942
111500 0.00000394281289739942
112000 0.00000394281289739942
112500 0.00000394281289739942
113000 0.00000394281289739942
113500 0.00000394281289739942
114000 0.00000394281289739942
114500 0.00000394281289739942
115000 0.00000394281289739942
115500 0.00000394281289739942
116000 0.00000394281289739942
116500 0.00000394281289739032
117000 0.00000394281289739032
117500 0.00000394281289739032
118000 0.00000394281289739032
118500 0.00000394281289739032
119000 0.00000394281289739032
119500 0.00000394281289739032
120000 0.00000394281289143691
120500 0.00000394281289143691
121000 0.00000394281289143691
121500 0.00000394281289143691
122000 0.00000394281289143691
122500 0.00000394281289143691
123000 0.00000394281289124888
123500 0.00000394281289124888
124000 0.00000394281289124888
124500 0.00000394281289124888
125000 0.00000394281289124888
125500 0.00000394281289124888
126000 0.00000394281289124888
126500 0.00000394281289124888
127000 0.00000394281289124888
127500 0.00000394281289124888
128000 0.00000394281289124888
128500 0.00000394281289124888
129000 0.00000394281289124888
129500 0.00000394281289124888
130000 0.00000394281289124888
130500 0.00000394281289124888
131000 0.00000394281289124888
131500 0.00000394281289124888
132000 0.00000394281289105624
132500 0.00000394281289105624
133000 0.00000394281289105624
133500 0.00000394281289077795
134000 0.00000394281289076357
134500 0.00000394281289076357
135000 0.00000394281289076357
135500 0.00000394281289076357
136000 0.00000394281289076357
136500 0.00000394281289076357
137000 0.00000394281289076357
137500 0.00000394281289076357
138000 0.00000394281289076357
138500 0.00000394281289076357
139000 0.00000394281289076236
139500 0.00000394281289076236
140000 0.00000394281289076236
140500 0.00000394281289076236
141000 0.00000394281289076236
141500 0.00000394281289076201
142000 0.00000394281289076201
142500 0.00000394281289076201
143000 0.00000394281289076201
143500 0.00000394281289076201
144000 0.00000394281289076201
144500 0.00000394281289076201
145000 0.00000394281289076201
145500 0.00000394281289076201
146000 0.00000394281289076014
146500 0.00000394281289076014
147000 0.00000394281289076014
147500 0.00000394281289076014
148000 0.00000394281289076014
148500 0.00000394281289076014
149000 0.00000394281289075849
149500 0.00000394281289075849
150000 0.00000394281289075849
150500 0.00000394281289075849
151000 0.00000394281289075849
151500 0.00000394281289075849
152000 0.00000394281289075731
152500 0.00000394281289075731
153000 0.00000394281289075731
153500 0.00000394281289075468
154000 0.00000394281289075386
154500 0.00000394281289075386
155000 0.00000394281289074994
155500 0.00000394281289074994
156000 0.00000394281289074852
156500 0.00000394281289074691
157000 0.00000394281289074225
157500 0.00000394281289073940
158000 0.00000394281289073940
158500 0.00000394281289073720
159000 0.00000394281289073703
159500 0.00000394281289073703
160000 0.00000394281289073570
160500 0.00000394281289073284
161000 0.00000394281289073284
161500 0.00000394281289072911
162000 0.00000394281289072699
162500 0.00000394281289072452
163000 0.00000394281289072083
163500 0.00000394281289071500
164000 0.00000394281289071023
164500 0.00000394281289070576
165000 0.00000394281289070111
165500 0.00000394281289069773
166000 0.00000394281289069027
166500 0.00000394281289068320
167000 0.00000394281289067935
167500 0.00000394281289067364
168000 0.00000394281289065515
168500 0.00000394281289064751
169000 0.00000394281289064161
169500 0.00000394281289063717
170000 0.00000394281289063358
170500 0.00000394281289062836
171000 0.00000394281289062431
171500 0.00000394281289061788
172000 0.00000394281289061216
172500 0.00000394281289059327
173000 0.00000394281289057866
173500 0.00000394281289056483
174000 0.00000394281289055187
174500 0.00000394281289053592
175000 0.00000394281289050841
175500 0.00000394281289048062
176000 0.00000394281289046399
176500 0.00000394281289044919
177000 0.00000394281289042137
177500 0.00000394281289039785
178000 0.00000394281289035348
178500 0.00000394281289031884
179000 0.00000394281289026439
179500 0.00000394281289018714
180000 0.00000394281289006026
180500 0.00000394281288990770
181000 0.00000394281288978005
181500 0.00000394281288958316
182000 0.00000394281288955854
182500 0.00000394281288950929
183000 0.00000394281288946189
183500 0.00000394281288942371
184000 0.00000394281288934750
184500 0.00000394281288909124
185000 0.00000394281288847955
185500 0.00000394281288792592
186000 0.00000394281288756377
186500 0.00000394281288698844
187000 0.00000394281288597557
187500 0.00000394281288552131
188000 0.00000394281288440738
188500 0.00000394281288324860
189000 0.00000394281288182027
189500 0.00000394281288048192
190000 0.00000394281287857493
190500 0.00000394281287722831
191000 0.00000394281287549613
191500 0.00000394281287310589
192000 0.00000394281287122231
192500 0.00000394281286860639
193000 0.00000394281286399368
193500 0.00000394281286083353
194000 0.00000394281285710084
194500 0.00000394281285144328
195000 0.00000394281284825157
195500 0.00000394281284510552
196000 0.00000394281284221642
196500 0.00000394281283633253
197000 0.00000394281282939692
197500 0.00000394281281828554
198000 0.00000394281279832526
198500 0.00000394281278028653
199000 0.00000394281275535770
199500 0.00000394281273469362
200000 0.00000394281271313281
200500 0.00000394281268070869
201000 0.00000394281266121313
201500 0.00000394281263250230
202000 0.00000394281260021500
202500 0.00000394281256185535
203000 0.00000394281252865554
203500 0.00000394281248081466
204000 0.00000394281244407468
204500 0.00000394281241436648
205000 0.00000394281239544775
205500 0.00000394281237531556
206000 0.00000394281236125548
206500 0.00000394281235152298
207000 0.00000394281233758679
207500 0.00000394281233365664
208000 0.00000394281232942707
208500 0.00000394281232779350
209000 0.00000394281232654353
209500 0.00000394281232578513
210000 0.00000394281232531830
210500 0.00000394281232507638
211000 0.00000394281232498716
211500 0.00000394281232492290
212000 0.00000394281232487361
212500 0.00000394281232483751
213000 0.00000394281232479849
213500 0.00000394281232477930
214000 0.00000394281232475888
214500 0.00000394281232473550
215000 0.00000394281232470908
215500 0.00000394281232470908
216000 0.00000394281232470908
216500 0.00000394281232470908
217000 0.00000394281232470908
217500 0.00000394281232470908
218000 0.00000394281232470908
218500 0.00000394281232470908
219000 0.00000394281232470908
219500 0.00000394281232470908
220000 0.00000394281232470908
220500 0.00000394281232470908
221000 0.00000394281232470908
221500 0.00000394281232470908
222000 0.00000394281232470908
222500 0.00000394281232470908
223000 0.00000394281232470908
223500 0.00000394281232470908
224000 0.00000394281232470908
224500 0.00000394281232470908
225000 0.00000394281232470908
225500 0.00000394281232470908
226000 0.00000394281232470908
226500 0.00000394281232470908
227000 0.00000394281232470908
227500 0.00000394281232470908
228000 0.00000394281232470908
228500 0.00000394281232470908
229000 0.00000394281232470908
229500 0.00000394281232470908
230000 0.00000394281232470908
230500 0.00000394281232470908
231000 0.00000394281232470908
231500 0.00000394281232470908
232000 0.00000394281232470908
232500 0.00000394281232470908
233000 0.00000394281232470908
233500 0.00000394281232470908
234000 0.00000394281232470908
234500 0.00000394281232470908
235000 0.00000394281232470908
235500 0.00000394281232470908
236000 0.00000394281232470908
236500 0.00000394281232470908
237000 0.00000394281232470908
237500 0.00000394281232470908
238000 0.00000394281232470908
238500 0.00000394281232470908
239000 0.00000394281232470908
239500 0.00000394281232470908
240000 0.00000394281232470908
240500 0.00000394281232470908
241000 0.00000394281232470908
241500 0.00000394281232470908
242000 0.00000394281232470908
242500 0.00000394281232470908
243000 0.00000394281232470908
243500 0.00000394281232470908
244000 0.00000394281232470908
244500 0.00000394281232470908
245000 0.00000394281232470908
245500 0.00000394281232470908
246000 0.00000394281232470908
246500 0.00000394281232470908
247000 0.00000394281232470908
247500 0.00000394281232470908
248000 0.00000394281232470908
248500 0.00000394281232470908
249000 0.00000394281232470908
249500 0.00000394281232470908
250000 0.00000394281232470908
250500 0.00000394281232470908
251000 0.00000394281232470908
251500 0.00000394281232470908
252000 0.00000394281232470908
252500 0.00000394281232470908
253000 0.00000394281232470908
253500 0.00000394281232470908
254000 0.00000394281232470908
254500 0.00000394281232470908
255000 0.00000394281232470908
255500 0.00000394281232470908
256000 0.00000394281232470908
256500 0.00000394281232470908
257000 0.00000394281232470908
257500 0.00000394281232470908
258000 0.00000000000000000000
258500 0.00000000000000000000
259000 0.00000000000000000000
259500 0.00000000000000000000
260000 0.00000000000000000000
260500 0.00000000000000000000
261000 0.00000000000000000000
261500 0.00000000000000000000
262000 0.00000000000000000000
262500 0.00000000000000000000
263000 0.00000000000000000000
263500 0.00000000000000000000
264000 0.00000000000000000000
264500 0.00000000000000000000
265000 0.00000000000000000000
265500 0.00000000000000000000
266000 0.00000000000000000000
266500 0.00000000000000000000
267000 0.00000000000000000000
267500 0.00000000000000000000
268000 0.00000000000000000000
268500 0.00000000000000000000
269000 0.00000000000000000000
269500 0.00000000000000000000
