0 inf
500 25142657.94750703871250152588
1000 121733.19437042834761086851
1500 3879.85077913770464874688
2000 46.67209292708609780220
2500 26.26786509798145274885
3000 24.11784059591639817199
3500 22.46260119179775216480
4000 19.85614238819620069876
4500 16.23300697798145364459
5000 13.03787063565956927391
5500 12.18185073379038207975
6000 10.20912989712230256600
6500 9.41860902448342507398
7000 7.25619341361930469958
7500 6.47571080236153751031
8000 5.23856384969623256609
8500 2.55096308816865935398
9000 2.14061297327844979321
9500 1.73503902448817348692
10000 1.01235916997457997546
10500 0.69875979951405375878
11000 0.66225350071734945256
11500 0.64087270338772317491
12000 0.63085909786992933057
12500 0.62153965633774987953
13000 0.59756837870706935867
13500 0.58455557060187379737
14000 0.56297411228298910313
14500 0.55240190980211956173
15000 0.54204691874281851760
15500 0.53947254970758473647
16000 0.53549872771584550168
16500 0.53255002817885943589
17000 0.52961600747626924601
17500 0.52811830980609109076
18000 0.43304405697313880230
18500 0.43112053427616608969
19000 0.40899930355213748312
19500 0.39149626982474933223
20000 0.38993355276738206339
20500 0.38928538704829518391
21000 0.38910036640200840186
21500 0.38905809365090693319
22000 0.38896918471730496103
22500 0.38867727016802233742
23000 0.38853283738955007864
23500 0.38845254810922746902
24000 0.38821828775003924816
24500 0.38801273859085444462
25000 0.35779167198523054161
25500 0.25514540857741596636
26000 0.25508316268094971546
26500 0.25490039871547776062
27000 0.25460195256701895206
27500 0.25436998662809046090
28000 0.25436505372162016014
28500 0.25424597420802202974
29000 0.25416257816297083139
29500 0.25378159597176697115
30000 0.25367866177982989484
30500 0.25351845508266912521
31000 0.25335542211006056856
31500 0.25334269990658175864
32000 0.25314102069176985799
32500 0.25214386226836010829
33000 0.25036056778791071498
33500 0.25017652990365452093
34000 0.25009275557504423437
34500 0.25000800471788997559
35000 0.24993603464630329003
35500 0.24987732227378203764
36000 0.24984180503045516630
36500 0.24972503632292897269
37000 0.24971168527802239945
37500 0.24948104262320378033
38000 0.24930952899695599245
38500 0.24808727923672035942
39000 0.24805270842948076715
39500 0.24713625099546679409
40000 0.24704671560493382532
40500 0.24675333787519873607
41000 0.24674058187313530066
41500 0.24668364483657218011
42000 0.24667763101545475690
42500 0.24666751297311709235
43000 0.24647545342452401029
43500 0.24558211760228809695
44000 0.24533080542085836107
44500 0.24526950661621865768
45000 0.24486789179951523598
45500 0.24426201032989339201
46000 0.24414389158103497190
46500 0.24398883894450948406
47000 0.24388984518331732754
47500 0.24387307428987317626
48000 0.24382596383885807301
48500 0.24378032778726871355
49000 0.24342481283959646610
49500 0.24324857129254864874
50000 0.24310222139878062686
50500 0.24269140997496121970
51000 0.24203984028823746777
51500 0.24174193260345405720
52000 0.24074869454230446442
52500 0.24053498116064639389
53000 0.24027722539747481401
53500 0.22890737822196366436
54000 0.22610652688377863573
54500 0.22220997200889763823
55000 0.22197261532624409930
55500 0.22009045889881120872
56000 0.22004545662319580090
56500 0.22001952113174197412
57000 0.21964173149042878763
57500 0.21935059364852832475
58000 0.21910035382032500006
58500 0.12076678406194739368
59000 0.08927315326538674822
59500 0.08666490281539825091
60000 0.08636910733217210978
60500 0.08557786680172733973
61000 0.08555487399495714795
61500 0.08524265612243496493
62000 0.08522328355827601953
62500 0.08509391988049692934
63000 0.08493034103929490708
63500 0.08488737984498530287
64000 0.08436177914744583117
64500 0.08423601999023833109
65000 0.08418340291361235683
65500 0.08413504753653254509
66000 0.08378648343250576225
66500 0.08357542887078023286
67000 0.08348981434088736941
67500 0.08327597668064121161
68000 0.08293068689545345096
68500 0.08289926322219717814
69000 0.08271390643280081278
69500 0.08260850644383324615
70000 0.08250566218255582507
70500 0.08241354607366888074
71000 0.08238006826173922825
71500 0.08235428748244157104
72000 0.08232490382193162481
72500 0.08231511239741598485
73000 0.08219897450359174573
73500 0.08210347072871379548
74000 0.08194828292621654520
74500 0.08178582947630637368
75000 0.08175730271039145791
75500 0.08172918497259880344
76000 0.08162264237743720174
76500 0.08156740954336606786
77000 0.08154711108071835413
77500 0.08150502621700876638
78000 0.08149480468782881182
78500 0.08147300630310691516
79000 0.08140182291304713658
79500 0.08130436970037366318
80000 0.08124113063580236382
80500 0.08120637091380861206
81000 0.08117884125160780562
81500 0.08117327887474061476
82000 0.08116867460098740883
82500 0.08115146030956864320
83000 0.08113679196675066541
83500 0.08113102118010835639
84000 0.08109591942594210345
84500 0.08105560458671882962
85000 0.08103278911798476869
85500 0.08102067173810280354
86000 0.08098533614521201407
86500 0.07989558898928469932
87000 0.07879362915656414057
87500 0.07835648735477383775
88000 0.07831121294698531465
88500 0.07819603763049398637
89000 0.07812611891228417316
89500 0.07797382825641906157
90000 0.07793679597600142173
90500 0.07789231509866025027
91000 0.07788485216070176187
91500 0.07767377476752744536
92000 0.07765084569385809210
92500 0.07763982538178491877
93000 0.07762421480666099882
93500 0.07761523304991671535
94000 0.07760423721475390169
94500 0.07755971576042515470
95000 0.07721275727628672259
95500 0.07699442826577036769
96000 0.07696785389823208867
96500 0.07695833013711496362
97000 0.07688825540982092976
97500 0.07685642980274094704
98000 0.07685048471638583623
98500 0.07684331945438366285
99000 0.07684165630343013642
99500 0.07684042053000435246
100000 0.07683236035994676916
100500 0.07680529918069432804
101000 0.07678754581653250699
101500 0.07677706194408542850
102000 0.07676871734304904771
102500 0.07676678341202418376
103000 0.07676257076767363519
103500 0.07676187022312161434
104000 0.07676145489396210553
104500 0.07675864512436483822
105000 0.07672520651845332607
105500 0.07672067469897324299
106000 0.07667866647721996443
106500 0.07667624118881140316
107000 0.07667364085903026483
107500 0.07667029019237471543
108000 0.07651535093700445600
108500 0.07650160814531746512
109000 0.07649240011418818874
109500 0.07647674607410127889
110000 0.07646361104137583409
110500 0.07637367646994115689
111000 0.07636206131763531579
111500 0.07572111040775751645
112000 0.07538434857038313341
112500 0.07538097873339741350
113000 0.07535726916432095024
113500 0.07524780722657681276
114000 0.07514336548267626370
114500 0.07513822978099868322
115000 0.07513715835352009764
115500 0.07513496487581676486
116000 0.07513428569671934398
116500 0.07513180987197670690
117000 0.07513001869152408085
117500 0.07512981748227304246
118000 0.07512938605597804798
118500 0.07512933328727779136
119000 0.07512931719120806429
119500 0.07512920308210656317
120000 0.07512917213871407596
120500 0.07512917033116436882
121000 0.07512916368864930305
121500 0.07512912989223585747
122000 0.07512906934107801971
122500 0.07512906742550984340
123000 0.07512906705515680350
123500 0.07512906704417503245
124000 0.07512906629536761360
124500 0.07512906313081910148
125000 0.07512906312405116804
125500 0.07512906312175723911
126000 0.07512906312053900526
126500 0.07512906312052594626
127000 0.07512906312049243140
127500 0.07512906312049123791
128000 0.07512906312047877566
128500 0.07512906311988772068
129000 0.07512906311988369612
129500 0.07512906311966943695
130000 0.07512906311966781325
130500 0.07512906311966688344
131000 0.07512906311966495443
131500 0.07512906311966219275
132000 0.07512906311966106865
132500 0.07512906311966051354
133000 0.07512906311965997230
133500 0.07512906311965907025
134000 0.07512906311965621142
134500 0.07512906311965578121
135000 0.07512906311965537876
135500 0.07512906311965480977
136000 0.07512906311965449058
136500 0.07512906311965385220
137000 0.07512906311965343586
137500 0.07512906311965286688
138000 0.07512906311965210360
138500 0.07512906311965157624
139000 0.07512906311965102113
139500 0.07512906311965053541
140000 0.07512906311964967498
140500 0.07512906311964907824
141000 0.07512906311964871742
141500 0.07512906311964774597
142000 0.07512906311964735739
142500 0.07512906311964681616
143000 0.07512906311964594186
143500 0.07512906311964513695
144000 0.07512906311964410999
144500 0.07512906311964294426
145000 0.07512906311964190342
145500 0.07512906311964108463
146000 0.07512906311964019646
146500 0.07512906311963965522
147000 0.07512906311963893358
147500 0.07512906311963819805
148000 0.07512906311963761519
148500 0.07512906311963668538
149000 0.07512906311963593597
149500 0.07512906311963542250
150000 0.07512906311963475636
150500 0.07512906311963399308
151000 0.07512906311963328532
151500 0.07512906311963236938
152000 0.07512906311963164774
152500 0.07512906311963117589
153000 0.07512906311963041261
153500 0.07512906311962973260
154000 0.07512906311962892769
154500 0.07512906311962819217
155000 0.07512906311962734562
155500 0.07512906311962655459
156000 0.07512906311962530559
156500 0.07512906311962441741
157000 0.07512906311962391781
157500 0.07512906311962276595
158000 0.07512906311962222472
158500 0.07512906311962150308
159000 0.07512906311962061490
159500 0.07512906311961956018
160000 0.07512906311961876915
160500 0.07512906311961724259
161000 0.07512906311961618788
161500 0.07512906311961504990
162000 0.07512906311961393968
162500 0.07512906311961274619
163000 0.07512906311961185801
163500 0.07512906311961080330
164000 0.07512906311960967920
164500 0.07512906311960881878
165000 0.07512906311960784733
165500 0.07512906311960662609
166000 0.07512906311960580730
166500 0.07512906311960466932
167000 0.07512906311960344807
167500 0.07512906311960218519
168000 0.07512906311960107497
168500 0.07512906311959996475
169000 0.07512906311959896555
169500 0.07512906311959816064
170000 0.07512906311959716144
170500 0.07512906311959607897
171000 0.07512906311959481609
171500 0.07512906311959337280
172000 0.07512906311959213768
172500 0.07512906311959091643
173000 0.07512906311958990335
173500 0.07512906311958819638
174000 0.07512906311958716943
174500 0.07512906311958617023
175000 0.07512906311958485184
175500 0.07512906311958361671
176000 0.07512906311958215955
176500 0.07512906311958099381
177000 0.07512906311957970318
177500 0.07512906311957842642
178000 0.07512906311957724681
178500 0.07512906311957597005
179000 0.07512906311957465166
179500 0.07512906311957349981
180000 0.07512906311957248673
180500 0.07512906311957107119
181000 0.07512906311956975280
181500 0.07512906311956830951
182000 0.07512906311956685235
182500 0.07512906311956525640
183000 0.07512906311956341066
183500 0.07512906311956196737
184000 0.07512906311956059346
184500 0.07512906311955876160
185000 0.07512906311955729055
185500 0.07512906311955581951
186000 0.07512906311955389049
186500 0.07512906311955283578
187000 0.07512906311955144800
187500 0.07512906311954953287
188000 0.07512906311954760386
188500 0.07512906311954549443
189000 0.07512906311954395400
189500 0.07512906311954180294
190000 0.07512906311953916616
190500 0.07512906311953744531
191000 0.07512906311953511385
191500 0.07512906311953346239
192000 0.07512906311953139460
192500 0.07512906311952896599
193000 0.07512906311952699534
193500 0.07512906311952406713
194000 0.07512906311952154137
194500 0.07512906311951826621
195000 0.07512906311951549065
195500 0.07512906311951364491
196000 0.07512906311951074445
196500 0.07512906311950885707
197000 0.07512906311950658111
197500 0.07512906311950399985
198000 0.07512906311950239002
198500 0.07512906311950103000
199000 0.07512906311949960059
199500 0.07512906311949855975
200000 0.07512906311949781035
200500 0.07512906311949732463
201000 0.07512906311949688054
201500 0.07512906311949651972
202000 0.07512906311949624216
202500 0.07512906311949606175
203000 0.07512906311949583971
203500 0.07512906311949579807
204000 0.07512906311949558991
204500 0.07512906311949558991
205000 0.07512906311949549276
205500 0.07512906311949540950
206000 0.07512906311949536786
206500 0.07512906311949532623
207000 0.07512906311949532623
207500 0.07512906311949532623
208000 0.07512906311949532623
208500 0.07512906311949532623
209000 0.07512906311949532623
209500 0.07512906311949532623
210000 0.07512906311949532623
210500 0.07512906311949532623
211000 0.07512906311949532623
211500 0.07512906311949532623
212000 0.07512906311949532623
212500 0.07512906311949532623
213000 0.07512906311949532623
213500 0.07512906311949532623
214000 0.07512906311949532623
214500 0.07512906311949532623
215000 0.07512906311949532623
215500 0.07512906311949532623
216000 0.07512906311949532623
216500 0.07512906311949532623
217000 0.07512906311949532623
217500 0.07512906311949532623
218000 0.07512906311949532623
218500 0.07512906311949532623
219000 0.07512906311949532623
219500 0.07512906311949532623
220000 0.07512906311949532623
220500 0.07512906311949532623
221000 0.07512906311949532623
221500 0.07512906311949532623
222000 0.07512906311949532623
222500 0.07512906311949532623
223000 0.07512906311949532623
223500 0.07512906311949532623
224000 0.07512906311949532623
224500 0.07512906311949532623
225000 0.07512906311949532623
225500 0.07512906311949532623
226000 0.07512906311949532623
226500 0.07512906311949532623
227000 0.07512906311949532623
227500 0.07512906311949532623
228000 0.07512906311949532623
228500 0.07512906311949532623
229000 0.07512906311949532623
229500 0.07512906311949532623
230000 0.07512906311949532623
230500 0.07512906311949532623
231000 0.07512906311949532623
231500 0.07512906311949532623
232000 0.07512906311949532623
232500 0.07512906311949532623
233000 0.07512906311949532623
233500 0.07512906311949532623
234000 0.07512906311949532623
234500 0.07512906311949532623
235000 0.07512906311949532623
235500 0.07512906311949532623
236000 0.07512906311949532623
236500 0.07512906311949532623
237000 0.07512906311949532623
237500 0.07512906311949532623
238000 0.07512906311949532623
238500 0.07512906311949532623
239000 0.07512906311949532623
239500 0.07512906311949532623
240000 0.07512906311949532623
240500 0.07512906311949532623
241000 0.07512906311949532623
241500 0.07512906311949532623
242000 0.07512906311949532623
242500 0.07512906311949532623
243000 0.07512906311949532623
243500 0.07512906311949532623
244000 0.07512906311949532623
244500 0.07512906311949532623
245000 0.07512906311949532623
245500 0.07512906311949532623
246000 0.07512906311949532623
246500 0.07512906311949532623
247000 0.07512906311949532623
247500 0.07512906311949532623
248000 0.07512906311949532623
248500 0.07512906311949532623
249000 0.07512906311949532623
249500 0.07512906311949532623
250000 0.07512906311949532623
250500 0.07512906311949532623
251000 0.07512906311949532623
251500 0.07512906311949532623
252000 0.07512906311949532623
252500 0.07512906311949532623
253000 0.07512906311949532623
253500 0.07512906311949532623
254000 0.07512906311949532623
254500 0.07512906311949532623
255000 0.07512906311949532623
255500 0.07512906311949532623
256000 0.07512906311949532623
256500 0.07512906311949532623
257000 0.07512906311949532623
257500 0.07512906311949532623
258000 0.07512906311949532623
258500 0.07512906311949532623
259000 0.07512906311949532623
259500 0.07512906311949532623
260000 0.07512906311949532623
260500 0.07512906311949532623
261000 0.07512906311949532623
261500 0.07512906311949532623
262000 0.07512906311949532623
262500 0.07512906311949532623
263000 0.07512906311949532623
263500 0.07512906311949532623
264000 0.07512906311949532623
264500 0.07512906311949532623
265000 0.07512906311949532623
265500 0.07512906311949532623
266000 0.07512906311949532623
266500 0.07512906311949532623
267000 0.07512906311949532623
267500 0.06764876719356600898
268000 0.05810774007087190357
268500 0.05443495904642114275
269000 0.04044719504502746615
269500 0.01695711753337130617
