0.919846 0.0489845 
0.591916 0.250864 
0.287907 0.482854 
0.023052 0.852866 
0.0837941 0.718233 
0.585568 0.262865 
0.148929 0.623135 
0.605639 0.231174 
0.58296 0.276536 
0.102315 0.684496 
0.13309 0.644459 
0.565804 0.277043 
0.0271194 0.839038 
0.165348 0.603453 
0.125286 0.654045 
0.140534 0.633886 
0.626934 0.229483 
0.0028827 0.950256 
0.0949101 0.696608 
0.0901827 0.707702 
0.631737 0.223722 
0.929553 0.0431216 
0.656998 0.223607 
0.0141935 0.886535 
0.419217 0.375167 
0.157943 0.613815 
0.266349 0.503118 
0.172463 0.594153 
0.257062 0.510438 
0.429329 0.365376 
0.232241 0.528094 
0.601974 0.242393 
0.110838 0.671423 
0.691844 0.174808 
0.276329 0.491375 
0.0184461 0.869539 
0.3633 0.421736 
0.498352 0.314091 
0.0318262 0.82659 
0.0487904 0.787004 
0.245201 0.519529 
0.436302 0.35728 
0.456883 0.352648 
0.946247 0.0380558 
0.326306 0.438549 
0.336208 0.430911 
0.370011 0.410557 
0.462937 0.342492 
0.00861672 0.916661 
0.477674 0.330994 
0.489966 0.327205 
0.406404 0.381018 
0.513641 0.311262 
0.52651 0.300705 
0.773408 0.128167 
0.786451 0.124836 
0.0600505 0.760131 
0.842401 0.123274 
0.821652 0.1244 
0.80263 0.124411 
0.703445 0.173907 
0.191332 0.569494 
0.301006 0.475509 
0.669226 0.219375 
0.554421 0.287135 
0.201813 0.562197 
0.037655 0.815132 
0.0566415 0.77366 
0.0105725 0.90221 
0.227731 0.539913 
0.847776 0.115017 
0.353739 0.428867 
0.320846 0.453186 
0.308039 0.462442 
0.875692 0.0856742 
0.0439758 0.80118 
0.391306 0.388283 
0.683846 0.190459 
0.76073 0.158945 
0.118832 0.66391 
0.00533529 0.933434 
0.760862 0.137628 
0.875972 0.0839693 
0.916505 0.069815 
0.180931 0.580907 
0.900243 0.07745 
0.000634701 0.993745 
0.0745713 0.73084 
8.67475e-07 1.01051 
0.967721 0.037577 
0.866016 0.107043 
0.675868 0.203547 
0.741988 0.167167 
0.721265 0.167316 
0.382488 0.402376 
0.21221 0.55002 
0.00139281 0.969451 
0.382774 0.398226 
0.0671766 0.744909 
0.537844 0.297262 
