0.387874 0.400096 
0.380403 0.411494 
0.0328238 0.8319 
0.0430085 0.801981 
0.0085679 0.913852 
0.00674517 0.932309 
0.297986 0.467851 
0.396885 0.394772 
0.11127 0.674829 
0.135755 0.637434 
0.368552 0.418602 
0.0669288 0.749067 
0.203718 0.555952 
0.00361281 0.949939 
0.19482 0.569996 
0.278798 0.482599 
0.184191 0.578796 
0.268429 0.491754 
0.28739 0.476452 
0.241178 0.520559 
0.22877 0.527294 
0.016916 0.877709 
0.0538499 0.776524 
0.0256834 0.847358 
0.307094 0.460204 
0.0764964 0.737525 
0.98972 0.019239 
0.443061 0.363286 
0.818363 0.117093 
1.00392 0.0167861 
0.252031 0.510855 
0.436235 0.369894 
0.669634 0.203705 
0.547985 0.277844 
0.663743 0.213225 
0.259559 0.501654 
0.526416 0.288355 
0.127517 0.650309 
0.539899 0.288212 
0.119682 0.663488 
0.0607912 0.763532 
0.458147 0.353381 
0.467455 0.348316 
0.105115 0.68531 
0.0486383 0.789847 
0.0369258 0.817367 
0.475239 0.335416 
0.488223 0.325619 
0.606571 0.2415 
0.491887 0.317797 
0.516134 0.304763 
0.511955 0.309953 
0.0023969 0.969663 
0.0126513 0.895109 
0.0219716 0.863109 
0.850623 0.0972346 
0.176327 0.592042 
0.000839452 0.991043 
0.863136 0.0922727 
0.214678 0.550074 
0.315702 0.449693 
0.422253 0.375682 
0.165503 0.60286 
0.700688 0.184964 
0.880957 0.0863473 
0.730319 0.171443 
0.34185 0.430954 
0.591873 0.273495 
0.710218 0.180233 
0.631835 0.229212 
0.618293 0.237748 
0.0894308 0.70904 
0.730319 0.172539 
0.221969 0.53885 
0.59293 0.256699 
4.18209e-07 1.0275 
0.000228843 1.00565 
0.097683 0.69832 
0.570232 0.274856 
0.35594 0.430818 
0.88979 0.0793776 
0.98932 0.0382028 
0.839798 0.111109 
0.807059 0.132789 
0.762156 0.148742 
4.06999e-07 1.03421 
0.0822976 0.723041 
0.144035 0.627304 
0.915256 0.078615 
0.328671 0.437969 
0.688257 0.195315 
0.953672 0.0397258 
0.936923 0.0477865 
0.153745 0.613912 
0.648929 0.225701 
1.00934 3.8825e-06 
0.936923 0.0477865 
0.749735 0.159166 
0.407024 0.385492 
0.12267 0.659305 
