0.828319 0.100968 
0.840341 0.0984685 
0.193492 0.569326 
0.0115087 0.900504 
0.167301 0.601178 
0.477104 0.331959 
0.493468 0.329683 
0.174855 0.590852 
0.595967 0.283237 
0.09292 0.699266 
0.107894 0.677137 
0.640388 0.21344 
0.133332 0.642068 
0.18679 0.582375 
0.630443 0.258754 
0.124398 0.653001 
0.639999 0.253432 
0.64036 0.233197 
0.149405 0.622 
0.0428671 0.796132 
0.0790445 0.725528 
0.270489 0.49083 
0.156599 0.609014 
0.065039 0.749689 
0.0229578 0.85465 
0.0374859 0.811194 
0.0713257 0.738061 
0.0489395 0.785588 
0.0537911 0.77431 
0.0189066 0.870739 
0.139506 0.630912 
0.817541 0.113313 
0.620319 0.266924 
0.00955919 0.918838 
0.00697041 0.932279 
0.410201 0.372213 
0.39255 0.38718 
0.0585643 0.761492 
0.406021 0.382604 
0.0328318 0.825447 
0.259244 0.499684 
0.100685 0.690279 
0.116741 0.665254 
0.252359 0.512523 
0.970438 0.0398938 
0.294276 0.471532 
0.968033 0.0534356 
0.807174 0.122638 
0.0159802 0.885032 
0.00339378 0.951234 
0.00339376 0.972598 
0.967931 0.0697598 
0.782945 0.150345 
0.443481 0.355749 
0.469334 0.343239 
0.202261 0.559235 
0.461315 0.35565 
0.30416 0.467841 
0.497104 0.311519 
0.239824 0.52273 
0.712151 0.183331 
0.883293 0.0963421 
0.0865682 0.713177 
0.507559 0.308918 
0.521919 0.296802 
0.53711 0.294081 
0.229814 0.535351 
0.222478 0.546868 
0.671326 0.19729 
0.68612 0.19673 
0.697936 0.190595 
0.554216 0.288582 
0.721923 0.176566 
0.979755 0.0236712 
0.312325 0.452949 
0.211823 0.550635 
0.0281371 0.840891 
0.989406 0.0101104 
0.652211 0.203366 
0.608015 0.275705 
0.905787 0.0963002 
0.863674 0.0966188 
0.28291 0.482384 
0.910258 0.0963002 
0.337885 0.430758 
0.326077 0.44317 
0.938744 0.0854945 
0.957882 0.0854945 
0.795954 0.136069 
9.09173e-07 1.01811 
0.381557 0.399672 
0.573226 0.287442 
0.739596 0.162643 
0.424302 0.363226 
0.347985 0.416114 
0.00038016 0.992436 
0.999566 0.0100323 
0.362882 0.40637 
0.747268 0.150551 
0.38094 0.399749 
