0.681512 0.205268 
0.688898 0.192393 
0.703188 0.185092 
0.71549 0.179106 
0.606254 0.251895 
0.622007 0.249373 
0.290014 0.475577 
0.272932 0.491735 
0.668584 0.213854 
0.66232 0.226993 
0.302905 0.469385 
0.285848 0.486006 
0.630271 0.235618 
0.647908 0.231276 
0.194275 0.567687 
0.134467 0.639611 
0.420675 0.369505 
0.151077 0.620851 
0.0455832 0.795506 
0.0637592 0.758309 
0.346284 0.421527 
0.0781669 0.732055 
1.00015 0.00839288 
0.187641 0.579413 
0.178377 0.592378 
0.354139 0.409589 
0.908874 0.0590187 
0.370219 0.406672 
0.169242 0.599632 
0.454732 0.345723 
0.0691338 0.74514 
0.831177 0.119132 
0.433649 0.358594 
0.820617 0.124653 
0.735155 0.173592 
0.450987 0.355648 
0.408337 0.377492 
0.144273 0.630302 
0.0399211 0.809185 
0.811173 0.133345 
0.906708 0.0677499 
0.868497 0.106656 
0.87557 0.106144 
0.0344566 0.821847 
0.258015 0.503137 
0.478673 0.329062 
0.999979 0.0329277 
0.757561 0.16335 
0.741872 0.169574 
0.78715 0.144193 
0.250637 0.511399 
0.238098 0.520458 
0.466569 0.338931 
0.796208 0.144193 
0.0522873 0.783208 
0.992667 0.0408253 
1.00931 7.91307e-05 
0.493295 0.328874 
0.0242343 0.850081 
0.159959 0.607613 
0.394963 0.385294 
0.0313498 0.836466 
0.226153 0.5316 
0.588621 0.259804 
0.532821 0.300965 
0.308581 0.460044 
0.0185867 0.867293 
0.0151065 0.885301 
0.524302 0.307724 
0.0923947 0.701829 
0.101845 0.689749 
0.579363 0.261889 
0.566493 0.277531 
0.0571969 0.770904 
0.50887 0.318348 
0.0039028 0.939442 
0.320929 0.445978 
0.333297 0.431388 
0.553792 0.287445 
0.546283 0.2904 
0.00214036 0.955383 
0.0109115 0.900838 
0.125104 0.652759 
0.933984 0.058844 
0.384005 0.396852 
0.0844669 0.715251 
0.767446 0.15925 
0.906592 0.083258 
1.12282e-06 1.00243 
0.206523 0.557315 
0.215049 0.542742 
0.107694 0.683308 
0.00677484 0.918845 
0.972113 0.0445354 
0.570946 0.277512 
0.000637675 0.97867 
1.03391 5.24499e-06 
0.882864 0.0867005 
0.850201 0.113579 
0.115133 0.666852 
