0.20043 0.558501 
0.658155 0.21552 
0.539764 0.284155 
0.209389 0.547897 
0.167613 0.597866 
0.192308 0.56891 
0.150776 0.618457 
0.241218 0.516556 
0.0141676 0.887937 
0.0834903 0.715552 
0.870642 0.0843102 
0.143364 0.629433 
0.176016 0.586232 
0.100715 0.690726 
0.134155 0.64107 
0.463117 0.344024 
0.158832 0.608317 
0.490953 0.318047 
0.476226 0.340244 
0.906025 0.0759981 
0.483149 0.329495 
0.439002 0.362498 
0.0514886 0.781655 
0.402627 0.392003 
0.392012 0.398986 
0.251765 0.50777 
0.0451879 0.795869 
0.587978 0.25991 
0.00798826 0.914111 
0.222188 0.537959 
0.0921823 0.702011 
0.516721 0.299657 
0.529778 0.296692 
0.0641863 0.752046 
0.186012 0.577875 
0.5965 0.257465 
0.617206 0.255692 
0.28661 0.474567 
0.303804 0.47422 
0.234135 0.529202 
0.126056 0.650904 
0.574583 0.271509 
0.033536 0.823102 
0.629273 0.248056 
0.648654 0.228816 
0.638584 0.23769 
0.377955 0.404444 
0.367049 0.412558 
0.553144 0.280174 
0.565962 0.277412 
0.361921 0.424177 
0.453083 0.352372 
0.341941 0.437102 
0.885148 0.0777291 
0.503785 0.308572 
0.0057029 0.934411 
0.264066 0.499829 
0.724116 0.173792 
0.668583 0.20697 
0.0121733 0.90224 
0.735508 0.160437 
0.0770158 0.729011 
0.0394788 0.81031 
0.0224701 0.858023 
0.964774 0.0380277 
0.96864 0.0380277 
0.675453 0.191032 
0.00469131 0.949754 
0.991207 0.00634159 
0.746353 0.152112 
0.0713505 0.741006 
0.347874 0.430668 
0.856173 0.104495 
0.409189 0.375138 
0.310942 0.459361 
0.0180065 0.87049 
0.275259 0.487336 
0.940336 0.0638853 
0.108745 0.677771 
0.804524 0.121172 
0.324462 0.459361 
0.338326 0.449467 
0.722187 0.181217 
0.420491 0.366565 
0.761665 0.148554 
0.984175 0.0203917 
0.0579816 0.766277 
0.920075 0.0758441 
0.682534 0.188498 
0.866269 0.0962026 
1.00909 0.00507979 
0.00149304 0.968883 
0.838969 0.111384 
0.11727 0.6634 
0.733556 0.169076 
0.949973 0.0563446 
0.000403105 0.991255 
9.24965e-07 1.00992 
0.80146 0.126966 
0.0274764 0.839997 
