0.707695 0.181815 
0.326242 0.444373 
0.317944 0.454294 
0.131621 0.643061 
0.722392 0.176383 
0.539662 0.292063 
0.530979 0.298624 
0.830867 0.0944244 
0.733323 0.172235 
0.0359561 0.812539 
0.0937043 0.700362 
0.0249862 0.854853 
0.0427195 0.799305 
0.273431 0.49402 
0.430211 0.368386 
0.847265 0.0937433 
0.823339 0.108696 
0.813624 0.11577 
0.678864 0.191495 
0.695302 0.191266 
0.813352 0.132838 
0.0807024 0.721745 
0.0740447 0.735076 
0.100174 0.687806 
0.0486469 0.785733 
0.231498 0.534274 
0.667605 0.202432 
0.0684587 0.748234 
0.0273448 0.839199 
0.00221187 0.960502 
0.107925 0.677244 
0.752977 0.169619 
0.116778 0.667207 
0.770534 0.169231 
0.791783 0.167942 
0.805873 0.167902 
0.21064 0.554205 
0.00146185 0.975442 
0.382043 0.403983 
0.407574 0.384676 
0.656676 0.225485 
0.441712 0.365794 
0.660973 0.208306 
0.509133 0.30019 
0.189657 0.573512 
0.811244 0.148446 
0.261764 0.499292 
0.16823 0.594519 
0.179668 0.584692 
0.424617 0.381691 
0.305431 0.462327 
0.053789 0.773015 
0.256578 0.514181 
0.0321864 0.826525 
0.463999 0.34094 
0.397277 0.398385 
0.244182 0.524908 
0.147948 0.6198 
0.0609765 0.760415 
0.0873654 0.711027 
0.000606805 0.991981 
0.00470624 0.943016 
0.924405 0.07728 
0.0142824 0.890766 
0.882294 0.0832999 
0.479011 0.3356 
0.200604 0.565785 
0.122745 0.65534 
0.010754 0.905674 
0.545804 0.278368 
0.565627 0.273172 
0.606359 0.271674 
0.870131 0.0935326 
0.588612 0.273132 
0.366962 0.412431 
0.29647 0.476377 
0.15791 0.607442 
0.650798 0.241722 
0.140372 0.630224 
0.623552 0.266943 
0.991641 0.0195651 
0.454702 0.355076 
0.0190542 0.871903 
0.99644 0.0159679 
0.338403 0.434744 
0.348261 0.420276 
1.00206 0.00157389 
0.347818 0.425389 
0.279638 0.482655 
1.01977 1.80834e-06 
0.501386 0.31211 
0.991568 0.0382555 
0.92957 0.0769542 
0.637106 0.257214 
0.491974 0.328147 
0.00751554 0.921353 
0.00581895 0.935356 
7.07845e-07 1.01358 
0.897306 0.0774708 
0.21586 0.543349 
