0.282414 0.482209 
0.909201 0.0651097 
0.0302766 0.833895 
0.449848 0.358303 
0.192966 0.57044 
0.0255022 0.844941 
0.374347 0.408693 
0.902809 0.0766411 
0.00799435 0.919602 
0.889865 0.080041 
0.364834 0.415381 
0.318725 0.454054 
0.292121 0.472106 
0.455046 0.343221 
0.565888 0.278778 
0.0333017 0.821817 
0.133988 0.642425 
0.0144277 0.885902 
0.0114835 0.902728 
0.181886 0.581598 
0.118825 0.659515 
0.173255 0.593405 
0.0821106 0.717002 
0.0541584 0.770481 
0.502864 0.312665 
0.00218616 0.956957 
0.068364 0.744312 
0.0911683 0.70514 
0.14433 0.630767 
0.0489319 0.782981 
0.152786 0.617773 
0.0983527 0.694782 
0.00434431 0.937409 
0.11395 0.671073 
0.329162 0.447714 
0.799595 0.138124 
0.202634 0.560355 
0.515903 0.308234 
0.5592 0.29026 
0.0615923 0.758091 
0.126329 0.651856 
0.53257 0.304496 
0.105172 0.682766 
0.0219661 0.856856 
0.402293 0.386281 
0.428164 0.372023 
0.548025 0.303692 
0.350568 0.422694 
0.934482 0.0486629 
0.918514 0.0569828 
0.0432224 0.796703 
0.671037 0.208841 
0.656298 0.212236 
0.00133742 0.973744 
0.464933 0.339305 
0.694196 0.196309 
0.278426 0.495027 
0.234785 0.522824 
0.266973 0.499957 
0.440363 0.368727 
0.412133 0.380741 
0.253481 0.508067 
0.478443 0.33425 
0.589026 0.24707 
0.577097 0.264487 
0.247519 0.516755 
0.163151 0.606421 
0.0754112 0.730109 
0.386082 0.396487 
0.305013 0.461889 
0.579045 0.262797 
0.0390415 0.810268 
0.00106594 0.996621 
0.495443 0.328105 
0.603035 0.242953 
0.717685 0.169027 
0.839034 0.126561 
0.729828 0.1601 
0.889138 0.097658 
0.84837 0.121452 
0.825646 0.138121 
0.648489 0.230588 
0.74657 0.153535 
0.991068 0.0126036 
0.757938 0.144198 
0.862313 0.112498 
0.786 0.138549 
0.22339 0.534853 
1.53428e-05 1.01571 
0.0177654 0.873486 
0.984959 0.0296941 
0.620015 0.23415 
0.943851 0.0441272 
0.212956 0.548042 
0.67843 0.197207 
1.00863 0.00686356 
1.51249e-06 1.04259 
0.653196 0.223043 
0.711054 0.179785 
0.33686 0.431852 
