0.425681 0.373693 
0.0331957 0.824453 
0.808151 0.118217 
0.804899 0.132305 
0.758358 0.177303 
0.41348 0.376593 
0.655254 0.224279 
0.670174 0.205658 
0.120974 0.661406 
0.126677 0.650909 
0.520051 0.295589 
0.563699 0.285058 
0.544007 0.287785 
0.250728 0.517675 
0.531237 0.294988 
0.0442875 0.795184 
0.736652 0.179991 
0.72562 0.180859 
0.332878 0.446158 
0.698403 0.181216 
0.890615 0.0821719 
0.434527 0.365882 
0.679908 0.197348 
0.691113 0.183151 
0.877328 0.0855585 
0.781258 0.168742 
0.65538 0.206893 
0.451461 0.357702 
0.801804 0.151883 
0.766709 0.171527 
0.795925 0.164478 
0.458043 0.346435 
0.0711823 0.738331 
0.85424 0.0951434 
0.868512 0.0925828 
0.469545 0.335298 
0.112171 0.670216 
0.47142 0.32409 
0.04947 0.782105 
0.320839 0.450179 
0.0385889 0.808988 
0.342118 0.433777 
0.161351 0.603121 
0.0794557 0.728251 
0.134889 0.641002 
0.1821 0.580398 
0.232735 0.53618 
0.572209 0.272517 
0.0934333 0.703513 
0.349446 0.420413 
1.00278 0.0122638 
0.271403 0.493816 
0.904343 0.0804204 
0.359964 0.417698 
0.368593 0.408403 
0.152489 0.614188 
0.105415 0.684644 
0.102007 0.698537 
0.400698 0.389053 
0.222438 0.543046 
0.993865 0.0198718 
0.386115 0.401837 
0.193967 0.573842 
0.169635 0.591178 
0.204747 0.561189 
0.00884293 0.906931 
0.0639431 0.752772 
0.594476 0.259153 
0.0222075 0.854865 
0.489245 0.316649 
0.00191537 0.9656 
0.822224 0.109828 
0.296761 0.470332 
0.0874855 0.716943 
0.509365 0.308291 
0.219513 0.556308 
0.0582194 0.762949 
0.0127573 0.88909 
0.640805 0.232113 
0.834344 0.0992068 
0.000351026 0.981792 
0.0176313 0.872077 
0.0275509 0.839099 
0.241839 0.523857 
0.922913 0.0801602 
0.993507 0.0468652 
0.00595598 0.92537 
0.614794 0.258885 
0.262194 0.507203 
0.284114 0.482893 
0.578507 0.266938 
0.932767 0.0801554 
0.00380879 0.945851 
0.0556646 0.780705 
1.01276 5.40539e-06 
5.38222e-07 1.00148 
0.993507 0.0579528 
0.389287 0.392126 
0.143515 0.628138 
0.308814 0.459902 
