0.427507 0.380621 
0.0838445 0.716849 
0.16602 0.606126 
0.721564 0.177918 
0.383018 0.411057 
0.420184 0.392271 
0.0779298 0.729859 
0.156891 0.617248 
0.660216 0.214693 
0.676506 0.187066 
0.576504 0.280531 
0.192052 0.573254 
0.391309 0.401375 
0.365912 0.414827 
0.590777 0.27693 
1.00139 0.00826514 
0.489945 0.325027 
0.841838 0.0946539 
0.0277731 0.838733 
0.285196 0.478466 
0.293907 0.468493 
0.0325617 0.825698 
0.444622 0.357655 
0.481061 0.33917 
0.0543665 0.772897 
0.708114 0.180812 
0.686522 0.180858 
0.43905 0.36875 
0.1839 0.580406 
0.0929803 0.705294 
0.0723806 0.740542 
0.0167158 0.881309 
0.502646 0.320452 
0.0229665 0.852614 
0.234724 0.530691 
0.996829 0.0220985 
0.00682884 0.926739 
0.996814 0.0425997 
0.17343 0.592177 
0.0493288 0.784387 
0.0119782 0.896475 
0.39917 0.394717 
0.0644646 0.75273 
0.460584 0.34948 
0.0412065 0.812946 
0.308569 0.460574 
0.115795 0.66405 
0.261531 0.500137 
0.144306 0.62567 
0.125762 0.652469 
0.25265 0.508145 
0.469725 0.344239 
0.625914 0.244268 
0.877098 0.0897791 
0.85152 0.0902771 
0.0454957 0.799876 
0.823244 0.105396 
0.02031 0.867841 
0.600498 0.266542 
0.31904 0.454015 
0.615951 0.251357 
0.612432 0.263457 
0.674492 0.205955 
0.226574 0.541901 
0.8948 0.0755864 
0.0600665 0.761585 
0.32969 0.442744 
0.0113532 0.913694 
0.642233 0.241842 
0.00657042 0.94956 
0.00315666 0.96678 
0.917026 0.075133 
0.212311 0.551982 
0.00250015 0.985867 
0.821516 0.129122 
0.510089 0.301043 
0.644274 0.223495 
0.518867 0.296963 
0.884873 0.0758377 
2.62504e-05 1.00385 
0.744648 0.177896 
0.134724 0.639734 
0.0999207 0.689031 
0.353626 0.420174 
0.55754 0.282371 
0.27774 0.494668 
0.111145 0.680961 
0.537075 0.289831 
0.546475 0.287751 
0.342104 0.436264 
0.241955 0.519981 
0.2039 0.562591 
1.01906 4.47857e-06 
0.750315 0.151751 
1.51542e-06 1.02095 
0.996547 0.054616 
0.761888 0.140193 
0.782491 0.137502 
1.01631 0.00815848 
0.143997 0.636581 
