0.442145 0.362759 
0.459143 0.34063 
0.451599 0.353297 
0.18385 0.582968 
0.0379023 0.811811 
0.210138 0.5565 
0.0984455 0.693491 
0.0436551 0.797653 
0.155058 0.615089 
0.471252 0.339475 
0.105683 0.68315 
0.16371 0.604113 
0.641008 0.215231 
0.633243 0.227427 
0.145736 0.627361 
0.579311 0.254015 
0.653016 0.206689 
0.627902 0.242321 
0.593741 0.250438 
0.666464 0.20203 
0.612584 0.249376 
0.413292 0.388355 
0.112283 0.672626 
0.302444 0.463464 
0.0538032 0.772117 
0.0270162 0.839331 
0.0148926 0.883473 
0.0018573 0.963073 
0.821435 0.114981 
0.220521 0.54647 
0.00818696 0.915634 
0.0191653 0.870741 
0.12927 0.648963 
0.191319 0.573179 
0.02343 0.853901 
0.255423 0.499068 
0.268639 0.48862 
0.278587 0.480705 
0.398323 0.396725 
0.427607 0.36744 
0.516838 0.303345 
0.173383 0.591645 
0.36798 0.424185 
0.419435 0.380199 
0.00629772 0.933747 
0.202367 0.565652 
0.72356 0.19172 
0.00449717 0.947534 
0.121816 0.660187 
0.0337654 0.826122 
0.851185 0.108195 
0.837511 0.111507 
0.810338 0.119476 
0.92679 0.0499924 
0.0814293 0.719726 
0.907902 0.0538226 
0.379977 0.420762 
0.793255 0.127345 
0.966062 0.0242092 
0.0766691 0.731368 
0.906965 0.0642397 
0.230126 0.538792 
0.688388 0.195065 
0.322454 0.439776 
0.238041 0.524946 
0.534825 0.294006 
0.689959 0.192309 
0.867464 0.10808 
0.0612881 0.760248 
0.931506 0.0482864 
0.392407 0.408629 
0.253489 0.513251 
0.0675284 0.745019 
0.000512981 0.990828 
0.000786654 0.979532 
0.962058 0.0422955 
0.0892589 0.705887 
0.508033 0.310362 
0.752036 0.149031 
0.550055 0.289167 
0.49335 0.31531 
0.311151 0.452289 
0.0113412 0.898557 
0.79251 0.13651 
0.725021 0.191112 
0.0529158 0.786549 
0.135805 0.636687 
0.295577 0.476294 
0.569694 0.264772 
0.476077 0.322419 
0.334687 0.437396 
0.746108 0.157584 
0.556412 0.28089 
0.978896 0.019216 
1.00279e-06 1.01047 
0.492008 0.317509 
0.900073 0.0809576 
0.756236 0.143509 
0.34418 0.425458 
0.237351 0.525151 
