0.740668 0.163085 
0.75194 0.157642 
0.183111 0.581146 
0.768961 0.153817 
0.0792615 0.726485 
0.172729 0.591768 
0.203853 0.561154 
0.561797 0.262935 
0.538014 0.29072 
0.54077 0.280205 
0.558983 0.274259 
0.233387 0.52911 
0.243811 0.517809 
0.780299 0.153202 
0.581144 0.262766 
0.852947 0.0899397 
0.0487946 0.784795 
0.0880733 0.714751 
0.415767 0.373882 
0.10307 0.689349 
0.429067 0.368725 
0.162389 0.603632 
0.153558 0.615948 
0.0432547 0.801192 
0.0362717 0.815541 
0.867972 0.0884267 
0.885492 0.0724714 
0.885438 0.0798257 
0.111903 0.676052 
0.349106 0.426669 
0.321682 0.440561 
0.478453 0.328975 
0.472221 0.337879 
0.33604 0.435045 
0.795293 0.139745 
0.145286 0.628932 
0.802299 0.139712 
0.0937774 0.700563 
0.060458 0.758853 
0.495553 0.321887 
0.212181 0.55035 
0.127855 0.651152 
0.0141582 0.887283 
0.0184603 0.875915 
0.304882 0.46287 
0.994374 0.020416 
0.989728 0.0290541 
0.255416 0.50678 
0.221713 0.540545 
0.36165 0.416489 
0.731257 0.174175 
0.725787 0.178086 
0.0550502 0.772791 
0.0672662 0.746152 
0.193314 0.570962 
0.26461 0.493301 
0.706958 0.185915 
0.518076 0.296469 
0.0112361 0.916252 
0.70046 0.186232 
0.586353 0.257168 
0.0119659 0.90183 
0.0733385 0.736561 
0.502821 0.310071 
0.119553 0.663232 
0.311936 0.45516 
0.841687 0.101618 
0.508641 0.305505 
0.986903 0.0417453 
0.0311723 0.830256 
0.0266429 0.845768 
0.629244 0.234326 
0.824916 0.106982 
0.371388 0.403174 
0.663523 0.195668 
0.676664 0.191392 
0.819976 0.125796 
0.62802 0.246755 
0.453121 0.345547 
0.986817 0.0612573 
0.614828 0.254099 
0.00774108 0.928849 
0.441384 0.357747 
0.13598 0.637934 
0.000615183 0.987629 
0.40078 0.383331 
1.0032 0.00101127 
0.387895 0.394882 
0.00126129 0.972052 
0.0241676 0.85959 
1.02668 4.07305e-06 
0.92781 0.0629651 
0.656229 0.211421 
4.40294e-07 1.00854 
0.648978 0.22942 
0.274883 0.48162 
0.927819 0.0629651 
0.903552 0.066883 
0.00466362 0.949578 
0.28916 0.470899 
