0 1 
0.998219 0.0035585 
0 1 
0.879935 0.225715 
0.866201 0.249695 
0.531165 0.717864 
0.497781 0.752214 
0.50753 0.742414 
0.0835378 0.993021 
0.987946 0.0239627 
0.979451 0.0406763 
0.0943331 0.991101 
0.390654 0.847389 
0.349299 0.87799 
0.959384 0.0795815 
0.951386 0.0948643 
0.339589 0.884679 
0.523478 0.725971 
0.655337 0.570534 
0.617744 0.618392 
0.625411 0.608861 
0.382773 0.853485 
0.208521 0.956519 
0.481569 0.768091 
0.488886 0.760991 
0.418418 0.824927 
0.649502 0.578148 
0.786365 0.38163 
0.590079 0.651807 
0.725179 0.474115 
0.534315 0.714507 
0.548609 0.699028 
0.673952 0.545789 
0.123234 0.984813 
0.130608 0.982942 
0.947087 0.103026 
0.803047 0.355115 
0.542275 0.705937 
0.596263 0.64447 
0.718918 0.483157 
0.311432 0.90301 
0.304929 0.907018 
0.408609 0.833038 
0.851382 0.275148 
0.763988 0.416323 
0.633359 0.598857 
0.84816 0.280624 
0.842601 0.290024 
0.835048 0.302696 
0.560483 0.685859 
0.756988 0.426968 
0.791428 0.373641 
0.40254 0.837962 
0.283742 0.919491 
0.0482905 0.997668 
0.427404 0.817326 
0.40254 0.837962 
0.184479 0.965968 
0.669772 0.551405 
0.664263 0.558755 
0.680335 0.537144 
0.0499894 0.997501 
0.579063 0.664686 
0.396579 0.842725 
0.990991 0.0179374 
0.739816 0.452672 
0.841802 0.291369 
0.370098 0.863027 
0.277905 0.922769 
0.00131974 0.999998 
0.214576 0.953957 
0.582825 0.660315 
0.779543 0.392312 
0.715606 0.487908 
0.710454 0.495255 
0.465583 0.783232 
0.460103 0.788306 
0.556739 0.690042 
0.470553 0.77858 
0.262624 0.931029 
0.268771 0.927762 
0.577271 0.666758 
0.375804 0.858771 
0.324315 0.89482 
0.730125 0.466918 
0.102234 0.989548 
0.0964289 0.990701 
0.256866 0.93402 
0.423698 0.82048 
0.811229 0.341908 
0.0230101 0.999471 
0.906742 0.177819 
0.537861 0.710706 
0.768754 0.409017 
0.927618 0.139525 
0.0727038 0.994714 
0.142471 0.979702 
0.223239 0.950164 
0.339589 0.884679 
0.807655 0.347694 
0.318746 0.898401 
0.466515 0.782364 
0.723568 0.476449 
0.452776 0.794994 
0.447806 0.79947 
0.81823 0.3305 
0.494699 0.755273 
0.217858 0.952538 
0.911156 0.169795 
0.276058 0.923792 
0.432358 0.813067 
0.522479 0.727015 
0.517667 0.732021 
0.628699 0.604737 
0.951386 0.0948643 
0.855686 0.267802 
0.165014 0.97277 
0.935901 0.124089 
0.490022 0.759879 
0.837511 0.298575 
0.297166 0.911692 
0.146345 0.978583 
0.752704 0.433437 
0.0320717 0.998971 
0.172292 0.970316 
0.177254 0.968581 
0.758344 0.424914 
0.0088653 0.999921 
0.0140364 0.999803 
0.0140364 0.999803 
0.0191936 0.999632 
0.0547011 0.997008 
0.798616 0.362213 
0.0250678 0.999372 
0.365534 0.866385 
0.370098 0.863027 
0.63722 0.593951 
0.0433402 0.998122 
0.17002 0.971093 
0.813672 0.337937 
0.826436 0.317004 
0.00625814 0.999961 
0.331509 0.890102 
0.328468 0.892109 
0.302069 0.908754 
0.923764 0.14666 
0.698691 0.511831 
0.69463 0.517489 
0.334857 0.887871 
0.605267 0.633651 
0.609401 0.628631 
0.90171 0.186919 
0.396579 0.842725 
0.202166 0.959129 
0.794455 0.368841 
0.819779 0.327962 
0.565771 0.679903 
0.884736 0.217242 
0.881017 0.22381 
0.551111 0.696277 
0.938264 0.11966 
0.941926 0.112775 
0.920394 0.152876 
0.661288 0.562698 
0.138301 0.980873 
0.644901 0.584103 
0.68101 0.536225 
0.392436 0.845994 
0.31748 0.899206 
0.977612 0.0442749 
0.512708 0.737131 
0.596303 0.644423 
0.324315 0.89482 
0.600155 0.639814 
0.375804 0.858771 
0.736146 0.458089 
0.941926 0.112775 
0.65983 0.564624 
0.808881 0.345712 
0.238189 0.943266 
0.204097 0.958344 
0.917946 0.157375 
0.914474 0.163737 
0.356587 0.872846 
0.823284 0.322203 
0.971916 0.0553794 
0.968518 0.0619723 
0.822037 0.324255 
0.14081 0.980173 
0.889883 0.208107 
0.349299 0.87799 
0.353206 0.875245 
0.647684 0.580505 
0.289996 0.915903 
0.241951 0.94146 
0.555133 0.691827 
0.379656 0.855861 
0.906488 0.17828 
0.617744 0.618392 
0.614152 0.622817 
0.445063 0.801919 
0.441331 0.805227 
0.437605 0.808502 
0.426408 0.818176 
0.245958 0.939505 
0.643787 0.585539 
0.96221 0.0741512 
0.965448 0.0679092 
0.741368 0.450374 
0.776164 0.397569 
0.781248 0.389652 
0.573766 0.670793 
0.747124 0.441805 
0.750448 0.436828 
0.831806 0.3081 
0.514342 0.735453 
0.241951 0.94146 
0.0687651 0.995271 
0.1174 0.986217 
0.272741 0.925613 
0.945418 0.106185 
0.965863 0.0671081 
0.903378 0.183909 
0.990178 0.0195473 
0.825554 0.318461 
0.158511 0.974874 
0.628699 0.604737 
0.625411 0.608861 
0.0357516 0.998722 
0.0395838 0.998433 
0.850053 0.27741 
0.294456 0.913295 
0.192641 0.962889 
0.471973 0.777242 
0.88866 0.210284 
0.0191936 0.999632 
0.516212 0.733525 
0.684194 0.531878 
0.866201 0.249695 
0.896513 0.196264 
0.899532 0.190843 
0.0395838 0.998433 
0.0433402 0.998122 
0.180878 0.967283 
0.235485 0.944547 
0.231977 0.946187 
0.80165 0.357357 
0.798616 0.362213 
0.267002 0.92871 
0.263528 0.930553 
0.154881 0.976012 
0.353206 0.875245 
0.441331 0.805227 
0.736146 0.458089 
0.815251 0.335366 
0.733096 0.462571 
0.928322 0.138218 
0.0357516 0.998722 
0.333281 0.888924 
0.284142 0.919263 
0.287525 0.917329 
0.214576 0.953957 
0.69463 0.517489 
0.217858 0.952538 
0.605267 0.633651 
0.602187 0.637371 
0.96221 0.0741512 
0.959384 0.0795815 
0.105388 0.988893 
0.158618 0.97484 
0.108902 0.98814 
0.730125 0.466918 
0.562676 0.683396 
0.933334 0.128887 
0.131866 0.982611 
0.673661 0.546181 
0.865896 0.250224 
0.187174 0.964966 
0.771211 0.405233 
0.663731 0.559461 
0.0744314 0.99446 
0.432358 0.813067 
0.435494 0.810345 
0.794455 0.368841 
0.161958 0.973769 
0.572236 0.672546 
0.0778972 0.993932 
0.382773 0.853485 
0.379656 0.855861 
0.47633 0.77311 
0.479343 0.77023 
0.893304 0.202008 
0.457839 0.790383 
0.930515 0.134142 
0.968518 0.0619723 
0.22627 0.948802 
0.187862 0.964708 
0.860934 0.258792 
0.314528 0.901072 
0.311432 0.90301 
0.763068 0.417727 
0.24849 0.938253 
0.858232 0.263437 
0.328799 0.891891 
0.613414 0.623723 
0.272741 0.925613 
0.542275 0.705937 
0.539419 0.709027 
0.177735 0.96841 
0.19959 0.960164 
0.196469 0.9614 
0.497781 0.752214 
0.494908 0.755066 
0.302069 0.908754 
0.114227 0.986952 
0.93406 0.127533 
0.105388 0.988893 
0.743226 0.447616 
0.102234 0.989548 
0.36011 0.870321 
0.357181 0.872422 
0.50936 0.740552 
0.670964 0.549808 
0.314528 0.901072 
0.164903 0.972807 
0.700781 0.508905 
0.254238 0.935363 
0.251269 0.936864 
0.863352 0.254623 
0.855686 0.267802 
0.584401 0.658476 
0.791891 0.372908 
0.634567 0.597325 
0.0687651 0.995271 
0.0656803 0.995686 
0.180878 0.967283 
0.691595 0.521696 
0.893304 0.202008 
0.829555 0.311839 
0.304929 0.907018 
0.917946 0.157375 
0.447806 0.79947 
0.445063 0.801919 
0.291487 0.915035 
0.641209 0.588851 
0.161958 0.973769 
0.701348 0.508111 
0.837363 0.298823 
0.256866 0.93402 
0.641406 0.588598 
0.423698 0.82048 
0.122476 0.985 
0.691595 0.521696 
0.36011 0.870321 
0.860934 0.258792 
0.863352 0.254623 
0.108902 0.98814 
0.569245 0.67596 
0.229156 0.947488 
0.689088 0.525157 
0.231977 0.946187 
0.938264 0.11966 
0.411842 0.830386 
0.771211 0.405233 
0.768754 0.409017 
0.6868 0.528305 
0.111808 0.987499 
0.0280428 0.999214 
0.118091 0.986055 
0.251269 0.936864 
0.0835378 0.993021 
0.0806347 0.993498 
0.733096 0.462571 
0.362854 0.868337 
0.457087 0.791072 
0.569099 0.676126 
0.365534 0.866385 
0.930515 0.134142 
0.0656803 0.995686 
0.0627876 0.996058 
0.223535 0.950032 
0.548918 0.698689 
0.774113 0.40075 
0.76124 0.420514 
0.229156 0.947488 
0.987946 0.0239627 
0.686584 0.528602 
0.684194 0.531878 
0.0600244 0.996397 
0.0572069 0.996727 
0.6388 0.591934 
0.408843 0.832848 
0.70355 0.505017 
0.254238 0.935363 
0.0778972 0.993932 
0.0600244 0.996397 
0.895533 0.19802 
0.0806347 0.993498 
0.831806 0.3081 
0.829555 0.311839 
0.566703 0.678848 
0.705688 0.502005 
0.587105 0.655308 
0.452776 0.794994 
0.0627876 0.996058 
0.899532 0.190843 
0.752704 0.433437 
0.750448 0.436828 
0.689088 0.525157 
0.971916 0.0553794 
0.974054 0.0512178 
0.362854 0.868337 
0.19959 0.960164 
0.47633 0.77311 
0.473938 0.775383 
0.921618 0.15062 
0.923764 0.14666 
0.589425 0.652578 
0.510346 0.739547 
0.248152 0.93842 
0.774113 0.40075 
0.587105 0.655308 
0.657563 0.567612 
0.150104 0.977469 
0.147519 0.978238 
0.745906 0.443624 
0.708003 0.498731 
0.287525 0.917329 
0.190387 0.963753 
0.414074 0.828543 
0.416441 0.826577 
0.703332 0.505325 
0.657563 0.567612 
0.88683 0.213532 
0.884736 0.217242 
0.945418 0.106185 
0.0088653 0.999921 
0.00625814 0.999961 
0.411387 0.83076 
0.154881 0.976012 
0.22597 0.948938 
0.705688 0.502005 
0.460103 0.788306 
0.194041 0.962348 
0.562676 0.683396 
0.0305738 0.999065 
0.0280428 0.999214 
0.858232 0.263437 
0.551111 0.696277 
0.15245 0.976759 
0.481569 0.768091 
0.479343 0.77023 
0.698691 0.511831 
0.776164 0.397569 
0.237829 0.943437 
0.235485 0.944547 
0.717676 0.484941 
0.715606 0.487908 
0.414074 0.828543 
0.111808 0.987499 
0.114227 0.986952 
0.245958 0.939505 
0.76124 0.420514 
0.611328 0.626278 
0.150104 0.977469 
0.15245 0.976759 
0.455221 0.792774 
0.784873 0.383975 
0.782894 0.387076 
0.196469 0.9614 
0.914474 0.163737 
0.912564 0.167226 
0.602187 0.637371 
0.600155 0.639814 
0.172292 0.970316 
0.17002 0.971093 
0.136351 0.981408 
0.190387 0.963753 
0.435494 0.810345 
0.437605 0.808502 
0.134056 0.982029 
0.0943331 0.991101 
0.979451 0.0406763 
0.206328 0.957429 
0.848287 0.280409 
0.974054 0.0512178 
0.975871 0.0476755 
0.206328 0.957429 
0.295045 0.912949 
0.297166 0.911692 
0.88683 0.213532 
0.609401 0.628631 
0.611328 0.626278 
0.743226 0.447616 
0.120296 0.985529 
0.555133 0.691827 
0.975871 0.0476755 
0.473938 0.775383 
0.708003 0.498731 
0.416441 0.826577 
