0 1 
0.997797 0.00440165 
0 1 
0.623629 0.611087 
0.967685 0.0635861 
0.611514 0.626051 
0.630113 0.602957 
0.640197 0.590148 
0.446419 0.80071 
0.85104 0.275731 
0.979013 0.0415332 
0.774617 0.399968 
0.801638 0.357376 
0.842923 0.28948 
0.330841 0.890544 
0.979013 0.0415332 
0.209738 0.95601 
0.793787 0.369903 
0.2188 0.952127 
0.43789 0.808252 
0.598556 0.64173 
0.181489 0.967062 
0.0406551 0.998347 
0.174748 0.969463 
0.25573 0.934602 
0.753931 0.431587 
0.781923 0.388596 
0.0318972 0.998983 
0.698241 0.512459 
0.0222988 0.999503 
0.664653 0.558236 
0.985697 0.0284012 
0.418176 0.825129 
0.425785 0.818707 
0.781923 0.388596 
0.788859 0.377702 
0.747098 0.441844 
0.288448 0.916798 
0.687262 0.527671 
0.68041 0.537042 
0.606729 0.63188 
0.454418 0.793504 
0.323497 0.89535 
0.765157 0.414534 
0.758562 0.424584 
0.988818 0.0222392 
0.995008 0.00995839 
0.824174 0.320737 
0.461237 0.78726 
0.690943 0.522598 
0.366917 0.865372 
0.373783 0.860286 
0.745638 0.444025 
0.723129 0.477085 
0.730789 0.465947 
0.736943 0.456916 
0.706441 0.500941 
0.712616 0.492178 
0.248855 0.938071 
0.916439 0.160139 
0.671865 0.548598 
0.015126 0.999771 
0.960555 0.0773332 
0.954965 0.088042 
0.0780808 0.993903 
0.892264 0.203866 
0.463653 0.785026 
0.740893 0.451078 
0.92195 0.150008 
0.878465 0.2283 
0.0850073 0.992774 
0.810386 0.343274 
0.804848 0.352219 
0.312698 0.90222 
0.661927 0.561852 
0.5097 0.740205 
0.515512 0.734247 
0.539983 0.708419 
0.656431 0.569099 
0.729325 0.468085 
0.814128 0.337195 
0.294814 0.913085 
0.0527649 0.997216 
0.625119 0.609226 
0.883471 0.219478 
0.888529 0.210516 
0.135624 0.981606 
0.335718 0.887293 
0.341419 0.883433 
0.22463 0.949541 
0.2188 0.952127 
0.284853 0.918859 
0.939762 0.116847 
0.83468 0.303309 
0.318845 0.898338 
0.854801 0.269316 
0.859736 0.260854 
0.840701 0.293223 
0.281483 0.920767 
0.791494 0.373537 
0.407778 0.833717 
0.127659 0.983703 
0.42949 0.815539 
0.835924 0.30123 
0.629015 0.60434 
0.940857 0.114787 
0.870536 0.242166 
0.161486 0.973922 
0.155886 0.9757 
0.402369 0.838099 
0.81948 0.328453 
0.279249 0.92202 
0.41438 0.828289 
0.409241 0.832522 
0.830091 0.310949 
0.564449 0.681398 
0.194294 0.96225 
0.122196 0.985068 
0.383016 0.853299 
0.388099 0.849379 
0.432894 0.812603 
0.165754 0.972526 
0.898096 0.193423 
0.188921 0.964309 
0.703757 0.504726 
0.241057 0.941892 
0.0318972 0.998983 
0.026534 0.999296 
0.520349 0.729237 
0.348881 0.878282 
0.34398 0.881678 
0.140804 0.980174 
0.52467 0.724721 
0.332628 0.889359 
0.55986 0.686557 
0.500684 0.749315 
0.501491 0.748506 
0.105401 0.988891 
0.874306 0.235588 
0.505282 0.74469 
0.672047 0.548353 
0.518013 0.731663 
0.100303 0.989939 
0.714834 0.489012 
0.719054 0.482961 
0.246114 0.939428 
0.183802 0.966217 
0.68041 0.537042 
0.676193 0.542763 
0.0881752 0.992225 
0.547107 0.700673 
0.43789 0.808252 
0.676193 0.542763 
0.276131 0.923752 
0.756558 0.42762 
0.902535 0.18543 
0.172826 0.970131 
0.11086 0.98771 
0.392087 0.846268 
0.935999 0.123906 
0.579008 0.664749 
0.81948 0.328453 
0.815657 0.334703 
0.874306 0.235588 
0.366917 0.865372 
0.548364 0.699297 
0.0683261 0.995332 
0.573668 0.670905 
0.569638 0.675512 
0.889347 0.209063 
0.852076 0.273967 
0.467433 0.781507 
0.471555 0.777636 
0.913512 0.165495 
0.543949 0.704119 
0.048215 0.997675 
0.551174 0.696207 
0.810386 0.343274 
0.396385 0.842879 
0.271579 0.926245 
0.830091 0.310949 
0.82641 0.317047 
0.950494 0.0965614 
0.0727592 0.994706 
0.47553 0.773871 
0.471555 0.777636 
0.881861 0.222321 
0.944403 0.108104 
0.359856 0.870504 
0.0944289 0.991083 
0.392087 0.846268 
0.388099 0.849379 
0.646081 0.582579 
0.589032 0.653041 
0.582588 0.660591 
0.698288 0.512394 
0.161565 0.973897 
0.496856 0.753134 
0.701902 0.507334 
0.587876 0.654401 
0.467433 0.781507 
0.023804 0.999433 
0.640898 0.58925 
0.225956 0.948944 
0.362656 0.868481 
0.41438 0.828289 
0.418176 0.825129 
0.94693 0.103323 
0.5097 0.740205 
0.506004 0.743959 
0.552349 0.694911 
0.207197 0.957069 
0.931973 0.131426 
0.928672 0.137568 
0.581549 0.661801 
0.425785 0.818707 
0.232525 0.945932 
0.228633 0.947727 
0.912464 0.167409 
0.297585 0.911443 
0.30139 0.909164 
0.494556 0.755414 
0.259569 0.932624 
0.909175 0.173401 
0.476657 0.772798 
0.356208 0.873116 
0.988731 0.0224113 
0.906039 0.179093 
0.802187 0.356496 
0.525035 0.724339 
0.894975 0.19902 
0.898096 0.193423 
0.77336 0.401915 
0.985697 0.0284012 
0.11252 0.987339 
0.0742891 0.994481 
0.0780808 0.993903 
0.0919515 0.991545 
0.166903 0.972143 
0.310446 0.903623 
0.606729 0.63188 
0.398983 0.840813 
0.451208 0.796412 
0.650572 0.576756 
0.96477 0.069219 
0.967685 0.0635861 
0.916153 0.160664 
0.00909904 0.999917 
0.0127718 0.999837 
0.490553 0.759358 
0.114623 0.986861 
0.555981 0.690885 
0.0963053 0.990725 
0.150462 0.977361 
0.544024 0.704038 
0.997797 0.00440165 
0.995008 0.00995839 
0.306893 0.905816 
0.487428 0.762414 
0.0615612 0.99621 
0.0650586 0.995767 
0.598556 0.64173 
0.23774 0.94348 
0.241057 0.941892 
0.52809 0.721121 
0.654697 0.571371 
0.122196 0.985068 
0.96317 0.0723036 
0.118831 0.985879 
0.153916 0.97631 
0.864859 0.252019 
0.867628 0.247222 
0.643801 0.58552 
0.147176 0.978339 
0.150462 0.977361 
0.169449 0.971287 
0.894975 0.19902 
0.854801 0.269316 
0.402369 0.838099 
0.335718 0.887293 
0.864859 0.252019 
0.862147 0.256702 
0.595525 0.64535 
0.721217 0.479846 
0.276131 0.923752 
0.962056 0.074448 
0.52809 0.721121 
0.318845 0.898338 
0.294814 0.913085 
0.373783 0.860286 
0.376752 0.858058 
0.804848 0.352219 
0.454104 0.793789 
0.0870478 0.992423 
0.662063 0.561673 
0.771418 0.404915 
0.768765 0.409 
0.788859 0.377702 
0.706441 0.500941 
0.935999 0.123906 
0.944403 0.108104 
0.926134 0.142275 
0.928672 0.137568 
0.585326 0.657393 
0.0658847 0.995659 
0.266371 0.929047 
0.269291 0.927482 
0.926134 0.142275 
0.909175 0.173401 
0.479128 0.770436 
0.10785 0.988368 
0.246114 0.939428 
0.00909904 0.999917 
0.00601785 0.999964 
0.664653 0.558236 
0.591657 0.649942 
0.30139 0.909164 
0.304195 0.907465 
0.567018 0.678491 
0.569638 0.675512 
0.202845 0.958854 
0.205716 0.957681 
0.00601785 0.999964 
0.00298688 0.999991 
0.134722 0.98185 
0.538278 0.710257 
0.53566 0.713069 
0.321608 0.896568 
0.297585 0.911443 
0.860013 0.260377 
0.533066 0.71584 
0.53566 0.713069 
0.00298688 0.999991 
0 1 
0.585326 0.657393 
0.266371 0.929047 
0.263614 0.930508 
0.492566 0.757379 
0.933454 0.128664 
0.248855 0.938071 
0.306664 0.905957 
0.923648 0.146874 
0.952677 0.092407 
0.398646 0.841082 
0.530972 0.718068 
0.64814 0.579914 
0.609185 0.628894 
0.118831 0.985879 
0.515512 0.734247 
0.116069 0.986528 
0.228633 0.947727 
0.232525 0.945932 
0.793787 0.369903 
0.34398 0.881678 
0.341419 0.883433 
0.186281 0.965299 
0.479128 0.770436 
0.348881 0.878282 
0.170151 0.971049 
0.130014 0.983096 
0.132703 0.98239 
0.18647 0.965229 
0.952677 0.092407 
0.950494 0.0965614 
0.902535 0.18543 
0.482988 0.766723 
0.485407 0.76438 
0.376752 0.858058 
0.729325 0.468085 
0.481875 0.767796 
0.188921 0.964309 
0.609185 0.628894 
0.611514 0.626051 
0.026534 0.999296 
0.23519 0.944686 
0.23774 0.94348 
0.351433 0.876495 
0.140804 0.980174 
0.353893 0.87476 
0.643801 0.58552 
0.304195 0.907465 
0.202845 0.958854 
0.714834 0.489012 
0.712616 0.492178 
0.200317 0.959873 
0.23519 0.944686 
0.73986 0.452607 
0.737664 0.455852 
0.862147 0.256702 
0.271579 0.926245 
0.564747 0.681061 
0.567018 0.678491 
0.263614 0.930508 
0.496856 0.753134 
0.200317 0.959873 
0.360276 0.870201 
0.197836 0.960861 
0.720338 0.481113 
0.143407 0.979434 
0.653473 0.572972 
0.041179 0.998304 
0.261164 0.931793 
0.840866 0.292945 
0.842923 0.28948 
0.351433 0.876495 
0.353893 0.87476 
0.356208 0.873116 
0.0437267 0.998088 
0.0919515 0.991545 
0.0544867 0.997031 
0.056987 0.996752 
0.287198 0.917517 
0.530972 0.718068 
0.94693 0.103323 
0.595525 0.64535 
0.105401 0.988891 
0.10785 0.988368 
0.209686 0.956032 
0.557712 0.688958 
0.55986 0.686557 
0.0681572 0.995355 
0.379236 0.85618 
0.867628 0.247222 
0.869619 0.243764 
0.269291 0.927482 
0.754549 0.430656 
0.12802 0.983611 
0.647531 0.580703 
0.758562 0.424584 
0.0437267 0.998088 
0.0461291 0.997872 
0.383016 0.853299 
0.380823 0.854974 
0.0999439 0.990011 
0.461237 0.78726 
0.533066 0.71584 
0.257329 0.933782 
0.362656 0.868481 
0.197495 0.960996 
0.771418 0.404915 
0.904159 0.182497 
0.906039 0.179093 
0.015126 0.999771 
0.0127718 0.999837 
0.593518 0.647737 
0.879867 0.225834 
0.056987 0.996752 
0.0592904 0.996485 
0.689215 0.524983 
0.687262 0.527671 
0.577488 0.666508 
0.575482 0.66882 
0.651289 0.575823 
0.0592904 0.996485 
0.0615612 0.99621 
0.723129 0.477085 
0.555981 0.690885 
0.765157 0.414534 
0.767048 0.411637 
0.490658 0.759255 
0.954965 0.088042 
0.312698 0.90222 
0.310599 0.903528 
0.396385 0.842879 
0.45077 0.796806 
0.519969 0.729633 
0.701902 0.507334 
0.0850073 0.992774 
0.487338 0.762502 
0.485407 0.76438 
0.593518 0.647737 
0.591657 0.649942 
0.92195 0.150008 
0.143407 0.979434 
0.153916 0.97631 
0.145438 0.978848 
0.048215 0.997675 
0.0461291 0.997872 
0.573668 0.670905 
0.575482 0.66882 
0.132703 0.98239 
0.768765 0.409 
0.767048 0.411637 
0.689215 0.524983 
0.130014 0.983096 
0.321608 0.896568 
0.323497 0.89535 
0.0979415 0.990407 
0.656431 0.569099 
0.155886 0.9757 
0.904159 0.182497 
0.96477 0.069219 
0.432894 0.812603 
0.431088 0.814163 
0.883471 0.219478 
0.195592 0.961744 
0.557712 0.688958 
0.448179 0.799135 
0.538278 0.710257 
0.960555 0.0773332 
