0 1 
0.997386 0.00522103 
0 1 
0.841125 0.292508 
0.827658 0.314982 
0.921634 0.15059 
0.567781 0.677625 
0.726579 0.472083 
0.614157 0.622811 
0.641839 0.588043 
0.933162 0.129208 
0.975868 0.0476817 
0.985644 0.0285067 
0.557467 0.68923 
0.171074 0.970734 
0.737592 0.455959 
0.25178 0.936607 
0.648981 0.578823 
0.0689669 0.995244 
0.0589973 0.996519 
0.55434 0.692707 
0.604336 0.634777 
0.632574 0.599851 
0.806965 0.348807 
0.789178 0.377198 
0.861432 0.257935 
0.684605 0.531317 
0.321728 0.896491 
0.435566 0.810282 
0.163084 0.973404 
0.676919 0.541781 
0.657984 0.567057 
0.240623 0.942101 
0.260125 0.932335 
0.413462 0.829049 
0.421358 0.822457 
0.909784 0.172293 
0.902896 0.184779 
0.726525 0.472161 
0.719388 0.482481 
0.546981 0.700812 
0.428002 0.816814 
0.591 0.650719 
0.59823 0.64212 
0.949428 0.0985858 
0.30127 0.909236 
0.308812 0.904635 
0.314329 0.901197 
0.248137 0.938428 
0.805805 0.350678 
0.879877 0.225817 
0.813871 0.337614 
0.869204 0.244485 
0.676919 0.541781 
0.670364 0.550612 
0.330071 0.891053 
0.617945 0.618144 
0.754796 0.430283 
0.77776 0.39509 
0.148213 0.978033 
0.78379 0.385673 
0.954619 0.0887022 
0.874777 0.234765 
0.323058 0.895634 
0.603749 0.635487 
0.542071 0.706159 
0.861432 0.257935 
0.855717 0.267748 
0.394257 0.844561 
0.459407 0.788945 
0.453254 0.79456 
0.855717 0.267748 
0.379348 0.856095 
0.628802 0.604608 
0.737592 0.455959 
0.119865 0.985632 
0.260742 0.932014 
0.783216 0.386573 
0.845527 0.285083 
0.800422 0.359324 
0.188858 0.964333 
0.182684 0.966627 
0.968201 0.0625864 
0.59823 0.64212 
0.0305516 0.999067 
0.0242505 0.999412 
0.885572 0.215762 
0.142147 0.979794 
0.914285 0.164083 
0.463266 0.785384 
0.990346 0.0192145 
0.571225 0.673702 
0.125686 0.984203 
0.101703 0.989657 
0.850116 0.277303 
0.266289 0.92909 
0.0901585 0.991871 
0.0421968 0.998219 
0.0958844 0.990806 
0.135821 0.981553 
0.130217 0.983044 
0.941029 0.114464 
0.353038 0.875364 
0.347765 0.87906 
0.942083 0.11248 
0.111382 0.987594 
0.0958844 0.990806 
0.963069 0.0724977 
0.546981 0.700812 
0.5292 0.719948 
0.293165 0.914055 
0.4651 0.783682 
0.909784 0.172293 
0.945604 0.105833 
0.955144 0.0876993 
0.959579 0.0792072 
0.575978 0.668249 
0.742204 0.449133 
0.813871 0.337614 
0.690465 0.523258 
0.695085 0.516856 
0.0828873 0.99313 
0.841125 0.292508 
0.632574 0.599851 
0.400772 0.839382 
0.405569 0.835514 
0.223283 0.950145 
0.513131 0.736696 
0.398985 0.840811 
0.823702 0.321514 
0.0539185 0.997093 
0.993356 0.0132443 
0.0589973 0.996519 
0.937193 0.12167 
0.537856 0.710711 
0.533455 0.715425 
0.881148 0.223578 
0.297778 0.911328 
0.508502 0.741426 
0.664005 0.559097 
0.337075 0.886381 
0.971233 0.056706 
0.338267 0.885575 
0.372106 0.861537 
0.0329136 0.998917 
0.817872 0.331085 
0.533455 0.715425 
0.826715 0.316542 
0.540811 0.707523 
0.874079 0.235986 
0.00758948 0.999942 
0.937449 0.12119 
0.505948 0.744017 
0.388333 0.849197 
0.580165 0.663409 
0.0865356 0.992512 
0.622031 0.613077 
0.137256 0.981161 
0.421358 0.822457 
0.0539185 0.997093 
0.97533 0.0487311 
0.0492676 0.997573 
0.129911 0.983123 
0.444366 0.802539 
0.28978 0.916028 
0.285476 0.918504 
0.759405 0.423303 
0.109933 0.987915 
0.709024 0.497285 
0.359949 0.870437 
0.664539 0.558388 
0.343641 0.881911 
0.347765 0.87906 
0.918295 0.156734 
0.375261 0.859179 
0.392652 0.845824 
0.468247 0.780745 
0.621761 0.613413 
0.270243 0.926969 
0.274391 0.924709 
0.625834 0.608331 
0.615279 0.621431 
0.36411 0.867424 
0.115491 0.986662 
0.125686 0.984203 
0.915363 0.162111 
0.014861 0.999779 
0.010521 0.999889 
0.459581 0.788785 
0.660331 0.563964 
0.425627 0.818842 
0.889014 0.209654 
0.218621 0.952205 
0.668388 0.553258 
0.687791 0.526943 
0.918975 0.155485 
0.00414117 0.999983 
0 1 
0.576039 0.668179 
0.239706 0.942541 
0.154995 0.975977 
0.516291 0.733443 
0.74814 0.440286 
0.436485 0.809481 
0.194503 0.962168 
0.285476 0.918504 
0.281709 0.92064 
0.203912 0.95842 
0.972131 0.0549619 
0.933162 0.129208 
0.151047 0.977185 
0.899706 0.19053 
0.643326 0.586132 
0.646742 0.581724 
0.367172 0.865185 
0.370813 0.862498 
0.201124 0.959549 
0.331028 0.890421 
0.490638 0.759275 
0.712432 0.492441 
0.764373 0.415733 
0.314329 0.901197 
0.310672 0.903483 
0.900558 0.188995 
0.227239 0.948363 
0.657984 0.567057 
0.525864 0.723468 
0.0785945 0.993823 
0.222272 0.950595 
0.820857 0.326193 
0.968201 0.0625864 
0.993356 0.0132443 
0.528534 0.720652 
0.487124 0.76271 
0.744016 0.446441 
0.747162 0.441749 
0.700166 0.509767 
0.0445488 0.998015 
0.696635 0.5147 
0.0875389 0.992337 
0.447669 0.799592 
0.47912 0.770444 
0.482378 0.767312 
0.119205 0.98579 
0.11564 0.986627 
0.333724 0.888628 
0.071943 0.994824 
0.292584 0.914394 
0.817872 0.331085 
0.450258 0.797268 
0.87087 0.241585 
0.514085 0.735716 
0.555649 0.691254 
0.443485 0.803321 
0.583268 0.659798 
0.580165 0.663409 
0.794777 0.36833 
0.703969 0.504428 
0.701362 0.508092 
0.791835 0.372997 
0.41097 0.831103 
0.407829 0.833675 
0.626766 0.607165 
0.174351 0.969602 
0.00571064 0.999967 
0.76957 0.407762 
0.77243 0.403352 
0.191378 0.963374 
0.180943 0.967259 
0.177653 0.968439 
0.794777 0.36833 
0.797612 0.363815 
0.0387947 0.998495 
0.706134 0.501375 
0.0458727 0.997896 
0.038112 0.998547 
0.174351 0.969602 
0.0752412 0.994339 
0.883913 0.218698 
0.799469 0.36085 
0.0492676 0.997573 
0.469056 0.779987 
0.537856 0.710711 
0.014861 0.999779 
0.0182276 0.999668 
0.963069 0.0724977 
0.0725498 0.994737 
0.453254 0.79456 
0.233609 0.945427 
0.236752 0.943948 
0.440273 0.806159 
0.504295 0.745687 
0.501357 0.748641 
0.341568 0.883331 
0.921634 0.15059 
0.218297 0.952346 
0.987082 0.0256698 
0.177653 0.968439 
0.471257 0.777917 
0.200132 0.959947 
0.197001 0.961191 
0.822444 0.323586 
0.686523 0.528686 
0.791835 0.372997 
0.38319 0.853166 
0.386154 0.850885 
0.140406 0.980286 
0.276591 0.923498 
0.76875 0.409023 
0.774591 0.400009 
0.753259 0.4326 
0.49442 0.755549 
0.520518 0.729061 
0.517684 0.732003 
0.508502 0.741426 
0.777157 0.396027 
0.204968 0.957988 
0.750566 0.436651 
0.69004 0.523844 
0.375261 0.859179 
0.236752 0.943948 
0.522075 0.727437 
0.587341 0.655031 
0.94654 0.104063 
0.106907 0.988571 
0.703137 0.505598 
0.498629 0.751369 
0.501357 0.748641 
0.154995 0.975977 
0.439217 0.807088 
0.761931 0.419461 
0.759405 0.423303 
0.893084 0.202401 
0.0689669 0.995244 
0.28978 0.916028 
0.162042 0.973742 
0.476204 0.773229 
0.21549 0.953564 
0.750566 0.436651 
0.471986 0.777229 
0.89732 0.194816 
0.525106 0.724263 
0.586439 0.65609 
0.149126 0.977761 
0.482704 0.766997 
0.763491 0.417082 
0.333724 0.888628 
0.157929 0.975058 
0.010521 0.999889 
0.357727 0.872031 
0.711722 0.493452 
0.76678 0.412048 
0.450045 0.797459 
0.36411 0.867424 
0.102236 0.989548 
0.933162 0.129208 
0.890631 0.206776 
0.717064 0.485819 
0.719388 0.482481 
0.413462 0.829049 
0.41097 0.831103 
0.660331 0.563964 
0.893771 0.201173 
0.0752412 0.994339 
0.0353945 0.998747 
0.366601 0.865604 
0.0901585 0.991871 
0.0790582 0.99375 
0.447669 0.799592 
0.209009 0.956315 
0.478856 0.770697 
0.425627 0.818842 
0.428002 0.816814 
0.19524 0.961881 
0.715056 0.488696 
0.496322 0.753665 
0.498629 0.751369 
0.77243 0.403352 
0.355366 0.873715 
0.484987 0.764788 
0.961022 0.0764375 
0.706134 0.501375 
0.355366 0.873715 
0.353038 0.875364 
0.211529 0.955256 
0.715056 0.488696 
0.405569 0.835514 
0.0353945 0.998747 
0.89732 0.194816 
0.84701 0.282573 
0.188858 0.964333 
0.229346 0.9474 
0.231683 0.946323 
0.106907 0.988571 
0.104518 0.989076 
0.775125 0.399181 
0.020324 0.999587 
0.0227631 0.999482 
0.570701 0.6743 
0.493467 0.75649 
0.491323 0.758601 
0.87087 0.241585 
0.484987 0.764788 
0.386154 0.850885 
0.388333 0.849197 
0.717064 0.485819 
0.157929 0.975058 
0.0305516 0.999067 
0.89531 0.198421 
0.381505 0.854454 
0.766868 0.411914 
0.191224 0.963434 
0.21311 0.954584 
0.160192 0.974338 
0.104518 0.989076 
0.902896 0.184779 
0.670364 0.550612 
0.69821 0.512503 
0.988525 0.0228183 
0.215391 0.953607 
0.685013 0.530758 
0.407829 0.833675 
0.797612 0.363815 
0.227239 0.948363 
0.229346 0.9474 
0.297778 0.911328 
0.279644 0.921799 
0.281709 0.92064 
0.890631 0.206776 
0.206929 0.957181 
0.209009 0.956315 
0.0812055 0.993406 
0.299839 0.910096 
0.744016 0.446441 
0.742204 0.449133 
0.248137 0.938428 
0.250173 0.937413 
0.266289 0.92909 
0.268312 0.928009 
0.473892 0.775427 
0.487124 0.76271 
0.020324 0.999587 
0.0182276 0.999668 
0.359949 0.870437 
0.35803 0.871814 
0.476204 0.773229 
0.474348 0.774994 
0.523272 0.726187 
0.557467 0.68923 
0.151047 0.977185 
0.589136 0.652918 
0.709983 0.495925 
0.270243 0.926969 
0.206929 0.957181 
0.883913 0.218698 
0.231683 0.946323 
0.31043 0.903633 
0.889014 0.209654 
0.398985 0.840811 
0.400772 0.839382 
0.668388 0.553258 
0.848524 0.280007 
0.948089 0.101128 
0.268312 0.928009 
0.160192 0.974338 
0.233609 0.945427 
0.343641 0.881911 
0.277868 0.922789 
0.279644 0.921799 
0.58479 0.658021 
0.496322 0.753665 
0.27483 0.924469 
0.761931 0.419461 
0.504295 0.745687 
0.69821 0.512503 
0.848524 0.280007 
0.381505 0.854454 
0.38319 0.853166 
0.197001 0.961191 
0.753259 0.4326 
0.695085 0.516856 
0.569111 0.676113 
0.589418 0.652587 
0.591 0.650719 
0.988257 0.0233488 
0.180943 0.967259 
0.182684 0.966627 
0.846498 0.283442 
0.985644 0.0285067 
0.959579 0.0792072 
0.961022 0.0764375 
0.142147 0.979794 
0.140406 0.980286 
0.869204 0.244485 
0.341886 0.883114 
0.520518 0.729061 
0.58479 0.658021 
0.583268 0.659798 
0.648238 0.579787 
0.646742 0.581724 
