0.0149761 2.7856 
0.0171112 2.771 
0.0122832 2.80559 
0.00872596 2.83574 
0.00696166 2.85302 
0.000813392 2.94809 
0.00168292 2.92645 
0 2.99747 
0.0387078 2.65684 
0.0406992 2.64819 
0.0255676 2.72063 
0.0253169 2.722 
0.023497 2.73208 
0.0224547 2.73803 
0.0861663 2.48926 
0.0776039 2.51517 
0.0734252 2.52833 
0.060179 2.57275 
0.0593256 2.57577 
0.110776 2.42124 
0.10864 2.42682 
0.0954345 2.46262 
0.131757 2.36903 
0.148034 2.33134 
0.123711 2.38852 
0.127618 2.37898 
0.18933 2.24414 
0.186179 2.25043 
0.163436 2.29755 
0.184528 2.25375 
0.155854 2.31398 
0.156976 2.31152 
0.222175 2.1814 
0.222238 2.18129 
0.207497 2.20882 
0.207218 2.20935 
0.256605 2.12045 
0.255632 2.12211 
0.232135 2.16338 
0.23749 2.15375 
0.288807 2.06705 
0.284275 2.07438 
0.282594 2.07711 
0.327181 2.00716 
0.326248 2.00857 
0.313604 2.02793 
0.293213 2.05997 
0.329418 2.00378 
0.35859 1.96071 
0.382045 1.92734 
0.376402 1.93528 
0.36243 1.95518 
0.40804 1.89154 
0.427406 1.8656 
0.405223 1.89536 
0.406156 1.89409 
0.464457 1.81756 
0.459139 1.82433 
0.43462 1.85608 
0.438214 1.85138 
0.496163 1.77795 
0.465678 1.81601 
0.530404 1.73657 
0.518807 1.75043 
0.567091 1.69369 
0.562019 1.69953 
0.535981 1.72996 
0.543097 1.72157 
0.578125 1.68107 
0.57723 1.68209 
0.61595 1.63869 
0.623854 1.63 
0.668839 1.58155 
0.666675 1.58384 
0.652375 1.59909 
0.644544 1.6076 
0.673492 1.57664 
0.703427 1.5454 
0.72476 1.52355 
0.725021 1.52328 
0.712008 1.53657 
0.712771 1.5358 
0.773274 1.47502 
0.758966 1.48917 
0.741403 1.50672 
0.79103 1.45764 
0.785419 1.46311 
0.84115 1.4096 
0.842527 1.4083 
0.822586 1.42722 
0.855167 1.39643 
0.910793 1.34518 
0.890625 1.36357 
0.89166 1.36262 
0.94394 1.31538 
0.917169 1.3394 
0.967966 1.29411 
0.969761 1.29253 
0.965196 1.29655 
1 1.26615 
