5.47582e-05 4.23064 
0.0151968 3.99187 
0.00913657 4.04893 
0.00851662 4.05573 
0.00291381 4.13466 
0.000346184 4.20755 
0.00156539 4.16436 
0 4.24589 
0.0471646 3.79839 
0.0361732 3.85399 
0.0268698 3.90812 
0.0293951 3.89261 
0.023336 3.93112 
0.020646 3.94981 
0.0857897 3.64235 
0.0834058 3.6508 
0.0717252 3.69404 
0.0579496 3.74986 
0.0581388 3.74905 
0.115488 3.54564 
0.0863239 3.64048 
0.0930661 3.61728 
0.143671 3.46486 
0.134653 3.48977 
0.129948 3.50309 
0.12989 3.50326 
0.188297 3.35175 
0.188381 3.35155 
0.173373 3.38791 
0.159032 3.42416 
0.156268 3.43134 
0.221581 3.27594 
0.223218 3.27236 
0.209931 3.30178 
0.202593 3.31843 
0.253388 3.20865 
0.252176 3.21114 
0.246492 3.22286 
0.23194 3.25352 
0.290111 3.13603 
0.291768 3.13287 
0.272282 3.17068 
0.26766 3.17984 
0.325208 3.07082 
0.302923 3.11179 
0.30141 3.11463 
0.34317 3.0388 
0.326807 3.06793 
0.367879 2.9961 
0.383827 2.9693 
0.361516 3.00695 
0.361026 3.00779 
0.414026 2.92003 
0.405833 2.93321 
0.400175 2.94239 
0.405021 2.93453 
0.462027 2.84528 
0.45915 2.84964 
0.444922 2.87146 
0.44565 2.87032 
0.494362 2.79709 
0.471046 2.83167 
0.51356 2.76923 
0.530702 2.74479 
0.551669 2.71542 
0.538343 2.73402 
0.544283 2.7257 
0.601021 2.64843 
0.590439 2.66256 
0.60613 2.64166 
0.620315 2.62299 
0.66077 2.57091 
0.663147 2.5679 
0.645385 2.59052 
0.639437 2.59817 
0.675626 2.55218 
0.729874 2.4855 
0.720752 2.49654 
0.708237 2.51179 
0.772559 2.43476 
0.759347 2.45031 
0.763495 2.44541 
0.793765 2.41007 
0.784862 2.42039 
0.838535 2.35901 
0.835346 2.3626 
0.831103 2.36739 
0.823545 2.37595 
0.85282 2.343 
0.864646 2.32985 
0.899429 2.29169 
0.901379 2.28958 
0.886683 2.30559 
0.884163 2.30835 
0.939837 2.24828 
0.968741 2.2178 
0.973224 2.21311 
0.956787 2.23035 
0.950882 2.23658 
0.996279 2.18917 
