1.02363 0.114295 
0.000658477 0.981443 
0.756241 0.256985 
0.930558 0.114947 
0.62492 0.257172 
0.824489 0.256852 
0.830733 0.179404 
0.488187 0.3383 
0.877289 0.118219 
0.288794 0.492749 
0.597883 0.257657 
0.485175 0.375275 
0.525671 0.333996 
0.788347 0.25693 
0.572997 0.304435 
0.310953 0.48603 
0.835585 0.153909 
0.584513 0.281437 
0.208281 0.573996 
0.448337 0.392835 
0.0815499 0.728584 
0.0655906 0.755268 
0.0424748 0.801758 
0.0410913 0.816564 
0.00602833 0.92444 
0.36905 0.455181 
0.540553 0.317479 
0.59248 0.281416 
0.256676 0.523302 
0.0878167 0.713641 
0.0529854 0.776967 
0.432724 0.412831 
0.218233 0.562148 
0.0530162 0.776737 
0.0167743 0.879384 
0.543714 0.305346 
0.0734619 0.740558 
0.807145 0.256853 
0.228666 0.544637 
0.394992 0.45001 
0.003854 0.942541 
0.353267 0.459199 
0.276374 0.505941 
0.830733 0.179404 
0.094524 0.705444 
0.10101 0.692095 
0.531692 0.330332 
0.0127767 0.89422 
0.24119 0.534357 
0.855141 0.122545 
0.347672 0.46713 
0.387075 0.452412 
0.847233 0.140781 
0.265423 0.519854 
0.114456 0.677399 
0.226774 0.557127 
0.33913 0.474716 
0.0248529 0.850419 
0.562873 0.304823 
0.415468 0.445854 
0.0285803 0.84128 
0.146934 0.646457 
0.84852 0.127913 
0.474232 0.390582 
0.170765 0.602837 
0.418352 0.444207 
0.326821 0.485265 
0.478912 0.375422 
0.00266521 0.960634 
0.131636 0.653126 
0.423146 0.425275 
0.8706 0.11822 
0.847056 0.153682 
0.420049 0.425567 
0.620632 0.257646 
0.00144603 0.97469 
0.020928 0.868917 
0.130068 0.655779 
0.0209394 0.860982 
0.183589 0.587892 
0.335872 0.482998 
0.238688 0.53659 
0.196644 0.583347 
0.447165 0.406907 
0.161736 0.612546 
0.151462 0.632662 
0.160971 0.614498 
0.474765 0.390561 
0.00384966 0.952961 
0.1009 0.695266 
0.0127767 0.904625 
0.153166 0.62522 
0.18015 0.592541 
0.1754 0.599481 
0.441643 0.407348 
0.123225 0.667922 
0.146987 0.64117 
0.00879271 0.910888 
0.272447 0.510124 
0.114671 0.677206 
