0.776816 0.149745 
1.97283e-06 1.06201 
0.706799 0.256254 
0.566959 0.299753 
0.739026 0.176497 
0.0920234 0.704226 
0.165713 0.604927 
0.544051 0.299863 
0.244958 0.533275 
0.147328 0.637999 
0.0197536 0.87527 
0.527969 0.308434 
0.153719 0.620563 
0.305309 0.50073 
0.00798364 0.917714 
0.282034 0.513925 
0.292632 0.509615 
0.71131 0.252087 
0.393334 0.403621 
0.404419 0.396693 
0.0675435 0.746327 
0.103602 0.68661 
0.268098 0.526706 
0.197877 0.574996 
0.0039208 0.952941 
0.389835 0.418359 
0.011997 0.899374 
0.347845 0.457666 
2.7435e-06 1.05835 
0.0751389 0.739577 
2.86251e-06 1.02645 
0.0275696 0.839161 
0.079418 0.723762 
0.117469 0.668702 
0.116125 0.67056 
0.12883 0.649753 
0.206385 0.567535 
0.213608 0.559576 
0.0157608 0.890308 
0.0402204 0.822773 
0.360692 0.430549 
0.0435383 0.80811 
0.128552 0.65 
5.56522e-05 1.00269 
0.450692 0.358189 
0.44187 0.364454 
0.178228 0.59073 
0.0312243 0.826855 
0.1023 0.691819 
0.375759 0.419622 
0.750094 0.161743 
0.484805 0.343475 
0.488888 0.326962 
0.269978 0.525165 
0.366298 0.420681 
0.0493759 0.786659 
0.0492981 0.801119 
0.346354 0.474963 
0.741619 0.165909 
0.461219 0.355108 
0.732884 0.247024 
0.47685 0.349951 
0.56234 0.299766 
0.340034 0.476786 
0.0221645 0.854397 
0.503455 0.322443 
0.432056 0.367941 
0.00132449 0.973051 
0.239881 0.549705 
0.321086 0.493843 
0.411039 0.38679 
0.350576 0.443412 
0.0554461 0.770159 
0.317205 0.495753 
0.22362 0.553966 
0.515067 0.308756 
0.149694 0.62902 
0.354009 0.439029 
0.000215685 0.990991 
1.82977e-05 1.02284 
0.421807 0.377216 
0.0554427 0.779949 
0.471515 0.355046 
0.229828 0.553466 
0.514031 0.317129 
0.241449 0.540826 
0.41808 0.386703 
0.0620442 0.761811 
0.334606 0.489926 
0.761641 0.159625 
0.0235967 0.853327 
0.00670457 0.935562 
0.765627 0.150908 
0.425327 0.371432 
0.484851 0.329771 
0.0790878 0.724342 
0.00547249 0.936253 
0.18831 0.583157 
0.335254 0.488385 
0.000779998 0.97934 
