0.792902 0.145497 
9.63271e-07 1.00428 
0.724479 0.179646 
0.474024 0.357695 
0.737589 0.164916 
0.239265 0.544232 
0.114958 0.672101 
0.256194 0.538319 
0.30064 0.494339 
0.0324364 0.821165 
0.772793 0.153393 
0.329502 0.453451 
0.26584 0.520141 
0.376804 0.422893 
0.0117498 0.895433 
0.169164 0.605222 
0.436304 0.365752 
0.343998 0.449171 
0.0871823 0.712296 
0.780211 0.147903 
0.381913 0.40072 
0.763432 0.164423 
0.365722 0.430815 
0.729263 0.171474 
0.27477 0.512902 
0.259167 0.529678 
0.0829805 0.728516 
0.0708912 0.737678 
0.378002 0.411258 
0.145974 0.637504 
0.401107 0.383132 
0.462259 0.357811 
0.041103 0.799246 
0.291168 0.505304 
0.036733 0.810497 
0.0565649 0.76503 
0.104191 0.686358 
0.0173049 0.869589 
0.390684 0.395337 
0.0230617 0.852831 
0.155779 0.635691 
0.0134947 0.88634 
0.121274 0.661102 
0.000490799 0.978295 
0.180898 0.594455 
0.178134 0.599255 
0.0477671 0.784028 
0.0213638 0.854905 
0.227423 0.560153 
0.356163 0.440347 
0.0274152 0.835705 
0.0636262 0.751227 
0.0933206 0.703933 
0.348168 0.443451 
0.159031 0.626287 
0.00786853 0.912621 
0.44913 0.363362 
0.413525 0.378574 
0.763844 0.164129 
0.41471 0.376552 
0.00551031 0.926899 
0.0168193 0.876007 
0.228852 0.551138 
0.0835802 0.723181 
0.0537351 0.771037 
0.0708903 0.743465 
0.000246238 0.9891 
0.428682 0.373828 
0.027593 0.835394 
0.365555 0.439847 
0.310566 0.475229 
0.283 0.509974 
0.450432 0.359289 
0.206153 0.573365 
0.325206 0.465296 
0.00350249 0.949482 
0.307545 0.487501 
0.162157 0.612306 
0.0485176 0.782357 
0.21717 0.563748 
0.128608 0.651282 
0.119832 0.666298 
0.19829 0.579538 
0.209322 0.571378 
0.189129 0.586842 
0.13599 0.643665 
0.136423 0.642061 
0.318198 0.474348 
0.188982 0.587084 
0.325217 0.462578 
0.00537951 0.937475 
0.429051 0.371966 
0.00732714 0.916301 
0.214506 0.564785 
0.040446 0.803159 
0.0641909 0.750951 
0.128637 0.651163 
0.307956 0.483371 
0.000127895 0.998408 
0.0989167 0.702967 
