1.52616 0.132276 
0.171646 1.29559 
0.763665 0.273696 
0.613036 0.517935 
0.207975 0.81756 
0.192724 1.13066 
1.26383 0.132783 
1.02077 0.134974 
0.423495 0.643879 
0.357058 0.79663 
0.861703 0.158623 
1.35929 0.13247 
0.178665 1.24334 
0.956846 0.134974 
0.471709 0.575423 
0.765945 0.266584 
0.87145 0.158334 
0.474733 0.569842 
1.35929 0.13247 
0.765945 0.266584 
0.179748 1.16326 
0.221126 0.809852 
0.302287 0.806605 
0.547836 0.539313 
0.423539 0.638711 
0.537738 0.542099 
0.60502 0.519373 
0.190574 1.13095 
0.179748 1.16326 
0.423539 0.638711 
0.307188 0.805278 
0.338528 0.800702 
0.537738 0.542099 
0.60502 0.519373 
0.348539 0.797073 
0.343035 0.800494 
0.208207 0.809852 
0.547836 0.539313 
0.538236 0.540017 
0.764117 0.272037 
0.355734 0.796758 
0.208207 0.809852 
0.612328 0.518473 
0.302287 0.806605 
0.60502 0.519373 
0.765945 0.266584 
0.423539 0.638711 
0.867107 0.158481 
0.338528 0.800702 
0.471709 0.571679 
0.867258 0.158387 
0.208207 0.809852 
0.471709 0.571679 
0.538236 0.540017 
0.190574 1.13095 
0.537738 0.542099 
0.471709 0.571679 
0.765619 0.266584 
0.302287 0.806161 
0.357058 0.79663 
0.612854 0.518222 
0.60502 0.51918 
0.613036 0.517935 
0.302287 0.806605 
0.537738 0.542099 
0.867258 0.158387 
0.208207 0.809852 
0.60502 0.519307 
0.60502 0.519373 
0.423539 0.638711 
0.208207 0.809852 
0.302287 0.806605 
0.765945 0.266584 
0.60502 0.519373 
0.302287 0.806605 
0.208207 0.809852 
0.765945 0.266584 
0.765945 0.266584 
0.208207 0.809852 
0.471709 0.571679 
0.208207 0.809852 
0.765945 0.266584 
0.423539 0.638711 
0.471709 0.571679 
0.765945 0.266584 
0.765945 0.266584 
0.471709 0.571679 
0.765945 0.266584 
0.208207 0.809852 
0.208207 0.809852 
0.208207 0.809852 
0.537738 0.542099 
0.765945 0.266584 
0.208207 0.809852 
0.471709 0.571679 
0.208207 0.809852 
0.208207 0.809852 
0.765945 0.266584 
0.208207 0.809852 
0.302287 0.806605 
