2.83046 0.182711 
0.0234313 1.78036 
1.43552 0.411957 
1.42086 0.662228 
0.755415 1.02031 
2.43475 0.202797 
1.02603 0.678011 
1.38683 0.676183 
2.24843 0.240656 
0.3354 1.12227 
2.67106 0.197416 
1.50452 0.302145 
1.83659 0.260011 
1.72484 0.26614 
0.116858 1.55269 
1.57126 0.293566 
0.757413 0.866572 
2.04848 0.259871 
0.587502 1.05474 
0.0975629 1.63698 
0.330903 1.25578 
2.11476 0.25986 
0.777958 0.808501 
0.0811543 1.74737 
0.152034 1.4588 
0.0825983 1.68403 
0.136627 1.49662 
0.283326 1.31578 
0.184058 1.34167 
0.54782 1.09143 
0.953799 0.761857 
0.431901 1.11224 
0.873818 0.794162 
0.160977 1.3876 
0.325504 1.26003 
0.478484 1.11136 
0.238522 1.32166 
0.891441 0.784592 
2.76164 0.191222 
0.762834 0.863958 
0.999738 0.753743 
1.01831 0.733492 
0.54985 1.05616 
0.166271 1.37876 
2.78661 0.188767 
1.01831 0.733492 
2.83798 0.182711 
0.0234313 2.17745 
1.07854 0.69967 
2.48817 0.208312 
1.9067 0.260011 
1.45844 0.689712 
1.57126 0.294639 
0.757413 0.92096 
2.67399 0.197416 
2.23179 0.259871 
0.0247321 1.92848 
0.620655 1.05474 
0.370381 1.13133 
1.49184 0.451968 
1.49807 0.415916 
0.456511 1.11224 
1.48115 0.638925 
2.27133 0.241108 
0.207981 1.38135 
0.34575 1.2854 
0.126217 1.58831 
0.784063 0.808501 
0.239827 1.32166 
0.0714491 1.84617 
0.160977 1.45795 
0.140161 1.4967 
0.589182 1.07358 
0.891441 0.786547 
1.72851 0.286049 
0.761906 0.88018 
1.79898 0.266464 
0.0247397 1.92455 
0.339833 1.30098 
0.0969742 1.71897 
0.116858 1.66782 
1.03519 0.755995 
0.964501 0.784592 
0.0723764 1.78512 
0.0848153 1.77161 
1.76924 0.28586 
1.02381 0.784139 
0.100458 1.67498 
1.46965 0.680988 
1.47161 0.63992 
2.26301 0.242932 
0.592079 1.05598 
1.03374 0.766834 
2.83883 0.182711 
0.0234313 2.31135 
1.99207 0.260011 
1.50237 0.61556 
0.611376 1.0643 
0.347786 1.46338 
1.06426 0.784592 
