1.51234e-08 1.00432 
1.54232 0.0407558 
0.000874058 1.00004 
0.443576 0.78845 
1.02613 0.383742 
0.698484 0.512954 
0.456593 0.774502 
0.698484 0.512954 
1.07216 0.180009 
0.456593 0.774502 
1.54232 0.0407558 
1.32678 0.0417531 
0.701712 0.413947 
0.913849 0.385626 
1.18432 0.0429942 
0.888801 0.391155 
0.802344 0.396138 
1.07658 0.143942 
1.11658 0.126987 
1.11824 0.0833089 
0.751852 0.413857 
1.1725 0.0741835 
1.11824 0.0833089 
1.07216 0.180009 
1.18407 0.0741623 
0.784376 0.400998 
1.32678 0.0417531 
1.27789 0.0425129 
1.02613 0.383742 
1.23145 0.0426356 
1.27789 0.0425129 
1.23145 0.0426356 
1.10845 0.128044 
1.10845 0.128044 
0.751852 0.413857 
1.07658 0.143942 
0.784376 0.400998 
0.802344 0.396138 
0.903609 0.389398 
0.913849 0.385626 
1.1725 0.0741835 
0.44757 0.775111 
0.456359 0.774949 
0.895329 0.389471 
0.903609 0.389398 
0.889084 0.389847 
0.895329 0.389471 
0.443893 0.785929 
0.443576 0.78845 
0.443973 0.781539 
0.443938 0.783848 
0.445793 0.7771 
0.701712 0.413947 
0.445551 0.778785 
0.443893 0.785929 
0.443929 0.784151 
5.18126e-08 1.002 
4.64352e-08 1.0036 
0.888801 0.391155 
0.889084 0.389847 
0.445489 0.77975 
0.444396 0.780552 
0.446672 0.777068 
0.444396 0.780552 
0.443973 0.781539 
0.445489 0.77975 
0.445551 0.778785 
0.446833 0.776349 
0.446833 0.776349 
0.447492 0.775697 
0.447245 0.77582 
9.64541e-07 1.00084 
3.90569e-07 1.00142 
5.36625e-08 1.00198 
3.90569e-07 1.00142 
1.18432 0.0429942 
2.05435e-08 1.00421 
3.44323e-08 1.00375 
0.447245 0.77582 
1.9032e-05 1.00047 
8.56944e-05 1.00005 
0.443929 0.784151 
0.443938 0.783848 
0.456359 0.774949 
1.07062e-05 1.0007 
2.80243e-05 1.00035 
0.000476907 1.00005 
0.000833224 1.00004 
0.00043211 1.00005 
3.10318e-05 1.00021 
0.44757 0.775111 
7.95643e-05 1.00015 
0.445793 0.7771 
0.447492 0.775697 
3.44323e-08 1.00375 
4.64352e-08 1.0036 
0.446672 0.777068 
1.5785e-08 1.00432 
2.05435e-08 1.00421 
9.68923e-06 1.00075 
