1.01403 0.0867221 
0.0903295 1.02851 
0.555169 0.457182 
0.267859 0.761407 
0.173403 0.867915 
0.174709 0.867626 
0.888373 0.270045 
0.911543 0.110856 
0.775639 0.28657 
0.5996 0.454546 
0.59934 0.454546 
0.775639 0.28701 
0.402906 0.608565 
0.42606 0.603156 
0.107286 1.00645 
0.402906 0.608148 
0.42606 0.603156 
0.778473 0.285531 
0.888213 0.270082 
0.997424 0.0896315 
0.91535 0.108392 
0.264961 0.763234 
0.264961 0.763234 
0.107286 1.00645 
0.596287 0.454869 
0.403321 0.604627 
0.426057 0.603156 
0.0938669 1.00671 
0.107286 1.00645 
0.0908026 1.01668 
1.00609 0.0867248 
0.998942 0.0873547 
1.00603 0.0867248 
0.0937296 1.0114 
0.0915861 1.01508 
0.0937792 1.00712 
0.267734 0.761674 
0.776189 0.286283 
0.911543 0.110677 
0.402915 0.607982 
0.59934 0.454546 
0.092332 1.01285 
0.092332 1.01285 
0.264961 0.763234 
0.998094 0.0875475 
0.913317 0.108392 
0.0908026 1.01668 
0.912968 0.108441 
0.174443 0.867897 
0.264961 0.763234 
0.912968 0.108439 
0.775639 0.28701 
0.998116 0.0875445 
0.998907 0.0873772 
1.00603 0.0867248 
0.267859 0.761407 
0.912968 0.108439 
0.0938669 1.00671 
0.59934 0.454546 
0.59934 0.454546 
0.107286 1.00645 
0.998907 0.0873772 
0.402915 0.607982 
0.912968 0.108439 
0.998116 0.0875445 
0.912968 0.108439 
1.00603 0.0867248 
0.42606 0.603156 
1.00603 0.0867248 
0.264961 0.763234 
1.00603 0.0867248 
0.59934 0.454546 
0.107286 1.00645 
0.912968 0.108439 
0.912968 0.108439 
0.42606 0.603156 
0.092332 1.01285 
0.42606 0.603156 
0.912968 0.108439 
0.42606 0.603156 
0.42606 0.603156 
0.107286 1.00645 
0.0938669 1.00671 
0.912968 0.108439 
0.912968 0.108439 
0.264961 0.763234 
0.912968 0.108439 
0.912968 0.108439 
0.264961 0.763234 
0.59934 0.454546 
0.912968 0.108439 
0.912968 0.108439 
0.59934 0.454546 
0.59934 0.454546 
0.264961 0.763234 
0.42606 0.603156 
0.59934 0.454546 
0.59934 0.454546 
0.107286 1.00645 
0.264961 0.763234 
