0.976713 0.103953 
0.976713 0.103953 
0.00156991 1.13879 
0.288941 0.769084 
0.438605 0.674862 
0.0129342 1.02376 
0.6897 0.388757 
0.160681 1.02338 
0.9168 0.126581 
0.810539 0.21013 
0.569092 0.464014 
0.567651 0.464519 
0.565899 0.58055 
0.74184 0.332125 
0.240797 0.966844 
0.56586 0.580668 
0.476002 0.580838 
0.810314 0.213849 
0.799259 0.289611 
0.734591 0.332765 
0.245689 0.866898 
0.439421 0.634203 
0.473512 0.586869 
0.266927 0.769802 
0.976413 0.103958 
0.569092 0.464014 
0.799244 0.29993 
0.0023446 1.07518 
0.244234 0.929853 
0.00172003 1.07623 
0.249521 0.831976 
0.920895 0.124224 
0.200885 1.0215 
0.699984 0.382301 
0.200755 1.02174 
0.200885 1.0215 
0.438843 0.67284 
0.439358 0.634266 
0.699984 0.382301 
0.799244 0.29993 
0.245689 0.845167 
0.920895 0.124224 
0.242399 0.966748 
0.242498 0.946618 
0.280351 0.769709 
0.249521 0.831976 
0.243049 0.945998 
0.246314 0.833388 
0.244234 0.929853 
0.245689 0.845167 
0.799259 0.289611 
0.270862 0.769709 
0.288919 0.769551 
0.692568 0.382374 
0.473514 0.585984 
0.690187 0.388563 
0.699984 0.382301 
0.476002 0.580838 
0.735025 0.332414 
0.69242 0.383039 
0.249277 0.832122 
0.917367 0.12489 
0.69242 0.383039 
0.269318 0.769783 
0.438605 0.674862 
0.918877 0.124611 
0.810314 0.212585 
0.918522 0.124611 
0.810411 0.211888 
0.269318 0.769783 
0.270862 0.769709 
0.244234 0.929853 
0.569018 0.464321 
0.00172003 1.07623 
0.243049 0.945998 
0.473512 0.586836 
0.810411 0.211888 
0.918877 0.124611 
0.735013 0.332612 
0.734761 0.332752 
0.569036 0.464278 
0.569092 0.464014 
0.200885 1.0215 
0.569018 0.464321 
0.242399 0.966748 
0.734591 0.332765 
0.565884 0.580558 
0.200885 1.0215 
0.439358 0.634266 
0.569027 0.46429 
0.473512 0.586836 
0.569036 0.464278 
0.565899 0.58055 
0.799244 0.29993 
0.734591 0.332765 
0.565899 0.58055 
0.976713 0.103953 
0.438605 0.674862 
0.473512 0.586836 
0.244234 0.929853 
