1.71891 0.0608176 
0.157728 1.27355 
1.71891 0.0608176 
1.00226 0.0990734 
1.40653 0.0633596 
0.286831 0.801539 
0.780252 0.285717 
1.47123 0.0632482 
0.415123 0.682146 
0.29443 0.789188 
0.157944 0.971685 
0.157728 1.15663 
0.857553 0.160114 
0.180981 0.971051 
0.631719 0.420584 
0.78245 0.285115 
0.98943 0.0992548 
0.157728 1.15663 
0.157728 1.27355 
0.631719 0.420584 
0.628494 0.422126 
0.561117 0.456115 
0.455153 0.560982 
0.458918 0.554598 
0.433185 0.621238 
0.180981 0.971051 
0.556601 0.470172 
0.508108 0.503496 
0.909454 0.159109 
0.909454 0.159109 
0.78245 0.285115 
1.40653 0.0633596 
0.507271 0.507545 
0.420603 0.627919 
0.415898 0.67202 
0.900137 0.159819 
0.507271 0.507545 
1.40653 0.0633596 
1.00078 0.0990734 
0.857553 0.160114 
0.175394 0.971124 
0.425781 0.622745 
0.157944 0.971685 
0.415898 0.67202 
0.289482 0.790696 
0.287165 0.800251 
0.55728 0.461599 
0.99228 0.099096 
0.909454 0.159109 
0.420603 0.626168 
1.00078 0.0990734 
0.458918 0.554598 
0.420603 0.626168 
0.294405 0.790281 
0.558217 0.457714 
0.558005 0.461238 
0.289482 0.790696 
0.50748 0.507429 
0.507764 0.5038 
0.628722 0.421406 
0.558231 0.456403 
0.458918 0.554598 
0.178602 0.971051 
0.177592 0.97111 
0.630869 0.420751 
0.560688 0.4563 
0.180981 0.971051 
0.781441 0.285707 
0.287165 0.800251 
1.00078 0.0990734 
0.55728 0.461599 
0.78245 0.285115 
0.781974 0.285503 
0.631028 0.420646 
0.781974 0.285503 
0.507764 0.5038 
0.507271 0.507545 
0.631028 0.420646 
0.558231 0.456403 
0.507271 0.507545 
1.00078 0.0990734 
1.00078 0.0990734 
0.507271 0.507545 
0.909454 0.159109 
0.180981 0.971051 
0.289482 0.790696 
1.00078 0.0990734 
0.180981 0.971051 
0.909454 0.159109 
0.180981 0.971051 
0.507271 0.507545 
0.507271 0.507545 
0.458918 0.554598 
0.507271 0.507545 
0.289482 0.790696 
1.40653 0.0633596 
1.40653 0.0633596 
1.40653 0.0633596 
0.180981 0.971051 
0.289482 0.790696 
