0.0887834 2.7257 
1.89805 0.3077 
1.53269 0.32581 
1.21708 0.327038 
0.19411 1.71533 
0.722936 0.702756 
0.582884 0.893922 
1.21708 0.327038 
0.960372 0.330347 
0.216644 1.41033 
0.0904839 2.66208 
0.093706 2.3518 
0.511986 1.21634 
0.541759 1.00283 
1.7304 0.310921 
1.89805 0.3077 
0.908764 0.413153 
0.355312 1.29107 
0.511986 1.21634 
0.377384 1.232 
0.187835 1.77324 
0.185372 1.95197 
0.220557 1.34959 
0.130372 2.34589 
0.248214 1.29266 
0.947385 0.394464 
0.806057 0.484717 
0.13965 2.11285 
0.134032 2.14337 
0.131612 2.25449 
0.182769 2.04036 
0.248214 1.29266 
0.806057 0.484717 
0.131612 2.25449 
0.185372 1.95197 
0.722936 0.702756 
0.724385 0.614888 
1.7304 0.310921 
1.66897 0.310972 
0.727909 0.518505 
0.789603 0.484718 
0.741313 0.497161 
0.176889 2.04437 
0.727695 0.580583 
0.955166 0.33059 
0.567346 0.934889 
1.62029 0.314327 
0.567346 0.934889 
0.908764 0.413153 
1.56878 0.315024 
0.541759 1.00283 
0.0904839 2.66208 
0.216644 1.41033 
0.0887834 2.7257 
1.66897 0.310972 
1.62029 0.314327 
0.193549 1.77049 
0.363944 1.24633 
0.569398 0.895606 
1.55976 0.32374 
0.176889 2.04437 
0.093706 2.3518 
0.741108 0.498629 
1.53505 0.325237 
0.136567 2.14306 
0.13965 2.11285 
0.541759 1.00283 
0.377384 1.232 
0.363944 1.24633 
0.789603 0.484718 
1.56878 0.315024 
0.727909 0.518505 
0.582884 0.893922 
0.725888 0.601411 
0.724385 0.614888 
0.726233 0.590599 
0.187835 1.77324 
0.726084 0.600991 
0.960372 0.330347 
0.093706 2.3518 
0.726233 0.590599 
0.955166 0.33059 
0.193549 1.77049 
1.66897 0.310972 
0.724385 0.614888 
0.741313 0.497161 
1.62029 0.314327 
0.725888 0.601411 
0.726084 0.600991 
0.726084 0.600991 
0.960372 0.330347 
0.789603 0.484718 
1.89805 0.3077 
0.960372 0.330347 
1.66897 0.310972 
0.511986 1.21634 
0.960372 0.330347 
0.541759 1.00283 
1.89805 0.3077 
0.789603 0.484718 
