0.0321215 1.02722 
0.0321215 1.02691 
1.13348 0.076102 
0.80973 0.21158 
0.979268 0.11318 
0.308356 0.711627 
0.150214 0.96217 
0.401286 0.632141 
0.781329 0.363729 
0.986715 0.0771961 
0.446424 0.608924 
0.780443 0.364426 
0.66583 0.368398 
0.214934 0.809055 
0.183281 0.873043 
0.665392 0.369262 
0.214495 0.811624 
0.534604 0.527166 
0.534799 0.526398 
0.572419 0.478093 
0.214934 0.809055 
0.154309 0.958088 
0.322868 0.710784 
0.446424 0.608924 
0.534604 0.526419 
0.322868 0.710784 
0.63454 0.433814 
0.0321215 1.02691 
0.172913 0.899333 
0.632937 0.441289 
0.579099 0.474374 
0.979362 0.0871775 
0.402821 0.609132 
0.579099 0.474374 
0.632937 0.441289 
0.63454 0.433814 
0.781329 0.363729 
0.401286 0.611838 
0.177047 0.885278 
0.172913 0.899333 
0.181942 0.878644 
0.172913 0.899333 
0.308356 0.711627 
0.322803 0.710784 
0.983603 0.0775117 
0.574171 0.477187 
0.177709 0.883636 
0.150755 0.959842 
0.402821 0.609132 
0.983603 0.0775117 
0.66583 0.368398 
0.984644 0.0771961 
0.214934 0.809055 
0.572454 0.478049 
0.150755 0.959842 
0.177709 0.883636 
0.780443 0.364426 
0.634317 0.433814 
0.322803 0.710784 
0.781329 0.363729 
0.534604 0.526419 
0.150755 0.959842 
0.214934 0.809055 
0.66583 0.368398 
0.534604 0.526419 
0.572419 0.478093 
0.572419 0.478093 
0.534604 0.526419 
0.781329 0.363729 
0.214934 0.809055 
0.534604 0.526419 
0.214934 0.809055 
0.66583 0.368398 
0.781329 0.363729 
0.214934 0.809055 
0.214934 0.809055 
0.534604 0.526419 
0.534604 0.526419 
0.308356 0.711627 
0.534604 0.526419 
0.534604 0.526419 
0.214934 0.809055 
0.66583 0.368398 
0.534604 0.526419 
0.781329 0.363729 
0.0321215 1.02691 
0.214934 0.809055 
0.214934 0.809055 
0.534604 0.526419 
0.534604 0.526419 
0.214934 0.809055 
0.214934 0.809055 
0.322803 0.710784 
0.579099 0.474374 
0.534604 0.526419 
0.66583 0.368398 
0.0321215 1.04689 
1.13348 0.0761344 
1.13348 0.0761344 
1.00399 0.119828 
