0.115186 0.980072 
0.9833 0.0692298 
0.115186 0.980072 
0.542282 0.553139 
0.211747 0.809242 
0.117643 0.954426 
0.729493 0.455224 
0.359908 0.670078 
0.208756 0.843531 
0.359908 0.670078 
0.784964 0.391482 
0.842774 0.261134 
0.208756 0.816741 
0.936447 0.145062 
0.847426 0.252806 
0.540437 0.553807 
0.484528 0.595707 
0.968835 0.0792028 
0.729493 0.455224 
0.847426 0.252806 
0.936447 0.145062 
0.406744 0.601854 
0.484483 0.596899 
0.784964 0.391482 
0.936447 0.145062 
0.401267 0.604249 
0.842774 0.261134 
0.367085 0.662847 
0.401267 0.604249 
0.746739 0.435089 
0.778275 0.398471 
0.367085 0.662847 
0.746739 0.435089 
0.936447 0.145062 
0.778275 0.398471 
0.730728 0.451211 
0.74464 0.438828 
0.115186 0.979682 
0.969612 0.0698428 
0.366362 0.668268 
0.98012 0.0697092 
0.40634 0.601854 
0.969258 0.0790529 
0.36069 0.668686 
0.211145 0.809762 
0.778275 0.398471 
0.778275 0.398471 
0.208756 0.816741 
0.844651 0.258813 
0.845194 0.253319 
0.367085 0.662847 
0.484483 0.596899 
0.844651 0.258813 
0.745877 0.437335 
0.98012 0.0697092 
0.845194 0.253319 
0.74464 0.438828 
0.211145 0.80966 
0.40634 0.601854 
0.847426 0.252806 
0.359933 0.669053 
0.746342 0.43667 
0.729493 0.455224 
0.484483 0.596899 
0.746298 0.436781 
0.211152 0.809562 
0.968835 0.0792028 
0.746342 0.43667 
0.98012 0.0697092 
0.40634 0.601854 
0.115186 0.980072 
0.98012 0.0697092 
0.211145 0.80966 
0.211145 0.80966 
0.211145 0.80966 
0.847426 0.252806 
0.847426 0.252806 
0.401267 0.604249 
0.847426 0.252806 
0.40634 0.601854 
0.115186 0.980072 
0.847426 0.252806 
0.729493 0.455224 
0.98012 0.0697092 
0.936447 0.145062 
0.98012 0.0697092 
0.211145 0.80966 
0.778275 0.398471 
0.401267 0.604249 
0.484483 0.596899 
0.115186 0.980072 
0.729493 0.455224 
0.40634 0.601854 
0.936447 0.145062 
0.40634 0.601854 
0.40634 0.601854 
0.367085 0.662847 
0.211145 0.80966 
0.401267 0.604249 
0.40634 0.601854 
