1.40035 0.183638 
0.713965 0.947151 
0.741172 0.640742 
0.948121 0.184989 
0.920048 0.325678 
0.920048 0.325678 
0.714654 0.692489 
0.714571 0.803029 
0.920048 0.325678 
0.920547 0.216795 
0.714571 0.803029 
0.714131 0.884329 
0.713973 0.887766 
0.939142 0.200973 
0.920547 0.216795 
0.94364 0.185843 
0.920547 0.216795 
0.715167 0.680382 
0.716031 0.662413 
0.731397 0.640931 
0.716769 0.651222 
0.741172 0.640742 
0.731365 0.641177 
0.724987 0.64138 
0.715684 0.667978 
0.715254 0.67636 
0.71937 0.642783 
0.94364 0.185843 
0.715385 0.672265 
0.719192 0.648046 
0.715273 0.674086 
0.717324 0.6484 
0.715167 0.680382 
0.71597 0.666144 
0.716031 0.662413 
0.714131 0.884329 
0.717255 0.650101 
0.719208 0.646124 
0.722103 0.642531 
0.723499 0.641726 
0.71597 0.666144 
0.723881 0.641555 
0.715385 0.672265 
0.719208 0.646124 
0.722337 0.64235 
0.724987 0.64138 
1.40035 0.183638 
0.716769 0.651222 
0.94364 0.185843 
0.716769 0.651222 
0.715167 0.680382 
0.920547 0.216795 
0.716769 0.651222 
0.71937 0.642783 
0.722103 0.642531 
0.731365 0.641177 
0.72225 0.642382 
0.719208 0.646124 
0.72225 0.642382 
0.715167 0.680382 
0.714571 0.803029 
0.722337 0.64235 
0.722283 0.642382 
0.722283 0.642382 
0.713965 0.947151 
0.716031 0.662413 
0.715167 0.680382 
0.920547 0.216795 
0.716031 0.662413 
0.920547 0.216795 
0.715167 0.680382 
0.920547 0.216795 
0.71597 0.666144 
0.714131 0.884329 
0.920547 0.216795 
0.716031 0.662413 
0.716031 0.662413 
0.94364 0.185843 
0.716769 0.651222 
0.920547 0.216795 
0.920547 0.216795 
0.715167 0.680382 
0.715385 0.672265 
1.483 0.183887 
0.71411 1.05287 
0.920547 0.21823 
0.723523 0.646547 
1.25537 0.185843 
1.10616 0.185982 
0.714572 0.880932 
0.714654 0.693341 
0.946797 0.186428 
0.714148 1.01342 
0.714289 0.933879 
0.94364 0.1866 
0.921113 0.216795 
0.715187 0.686093 
0.717279 0.661191 
0.714342 0.90292 
0.714289 0.933879 
