0.10774 1.53625 
1.05913 0.0952509 
0.10774 1.53625 
0.10774 1.10686 
0.112769 0.996005 
0.204977 0.81394 
0.313981 0.709533 
0.810797 0.324402 
0.517389 0.604447 
0.525439 0.53082 
0.810797 0.324402 
0.67961 0.457286 
0.937223 0.261688 
0.98515 0.108309 
0.937223 0.261688 
0.67961 0.457286 
0.301746 0.709533 
0.276251 0.80407 
0.58038 0.4754 
0.669115 0.45747 
0.58187 0.47486 
0.301746 0.709533 
0.517389 0.604447 
0.207164 0.812128 
0.273481 0.808619 
1.02161 0.0971477 
0.10774 1.02833 
0.98515 0.100418 
0.517389 0.604447 
0.937223 0.261688 
0.810797 0.324402 
0.937223 0.261688 
0.999011 0.0971477 
0.10774 1.01916 
0.669115 0.458362 
0.581336 0.47486 
0.669115 0.45747 
0.990397 0.0971477 
0.517389 0.604447 
0.986758 0.0998832 
0.274458 0.80856 
0.990397 0.0971477 
0.207164 0.812128 
0.985163 0.100069 
0.581336 0.47486 
0.58038 0.4754 
0.990397 0.0971477 
0.273481 0.808619 
0.581336 0.47486 
0.67961 0.457286 
0.669115 0.45747 
0.273481 0.808619 
0.273481 0.808619 
0.517389 0.604447 
0.810797 0.324402 
0.810797 0.324402 
0.517389 0.604447 
0.67961 0.457286 
0.273481 0.808619 
0.937223 0.261688 
0.67961 0.457286 
0.517389 0.604447 
0.517389 0.604447 
0.810797 0.324402 
0.937223 0.261688 
0.937223 0.261688 
0.273481 0.808619 
0.273481 0.808619 
0.810797 0.324402 
0.517389 0.604447 
0.273481 0.808619 
0.810797 0.324402 
0.517389 0.604447 
0.581336 0.47486 
0.810797 0.324402 
0.937223 0.261688 
0.937223 0.261688 
0.273481 0.808619 
0.517389 0.604447 
0.273481 0.808619 
0.937223 0.261688 
0.937223 0.261688 
0.937223 0.261688 
0.937223 0.261688 
0.937223 0.261688 
0.937223 0.261688 
0.273481 0.808619 
0.517389 0.604447 
0.937223 0.261688 
0.937223 0.261688 
0.517389 0.604447 
0.517389 0.604447 
0.581336 0.47486 
0.937223 0.261688 
0.273481 0.808619 
0.937223 0.261688 
0.810797 0.324402 
0.937223 0.261688 
0.937223 0.261688 
0.517389 0.604447 
