0.0879643 2.20466 
3.68068 0.160412 
3.16516 0.160424 
2.68523 0.162994 
0.090793 2.05378 
0.101558 1.85184 
2.02482 0.184207 
1.83091 0.354242 
1.94752 0.300437 
0.72401 0.744339 
0.685695 0.989282 
1.11279 0.61158 
2.26105 0.174058 
0.108904 1.71848 
1.39304 0.59675 
1.75375 0.483977 
0.192087 1.41428 
0.190281 1.52673 
0.991769 0.696908 
0.172508 1.64394 
1.65937 0.497092 
1.48345 0.515976 
0.783106 0.705111 
2.43584 0.16616 
0.617065 1.16743 
2.52056 0.165095 
0.245313 1.29117 
0.423732 1.16746 
0.677061 1.05795 
0.17477 1.58506 
1.42059 0.524399 
0.323251 1.24396 
0.665436 1.1444 
0.41941 1.1925 
0.330283 1.21254 
1.39323 0.581803 
1.10903 0.688231 
0.232008 1.33296 
0.685034 1.02201 
0.222782 1.36273 
1.07385 0.693148 
0.72983 0.705515 
1.72902 0.485585 
0.656711 1.14948 
0.72855 0.741435 
0.323335 1.22676 
0.223275 1.35985 
0.685695 0.989282 
1.10578 0.68979 
3.80651 0.160412 
0.0879643 2.42633 
0.101558 1.87127 
0.0887447 2.25586 
2.7236 0.162994 
3.22856 0.161489 
3.29978 0.160424 
0.685034 1.02456 
0.72401 0.835195 
2.02887 0.208087 
0.17477 1.69865 
0.192087 1.53475 
2.53126 0.165095 
1.39435 0.625817 
1.91491 0.451661 
0.108904 1.73538 
2.13433 0.184207 
1.18571 0.644112 
2.01012 0.364606 
0.683122 1.13425 
0.99053 0.72036 
1.45828 0.578464 
0.623471 1.16743 
0.447721 1.18641 
1.77427 0.483977 
1.9839 0.381986 
0.22265 1.47653 
0.724032 0.745251 
2.33659 0.174058 
1.62805 0.515976 
0.871531 0.729 
1.07394 0.693148 
0.330772 1.21684 
2.31528 0.174093 
0.0879723 2.34259 
0.313218 1.30152 
0.511279 1.17952 
1.48345 0.521876 
1.73622 0.488197 
0.230336 1.41428 
1.11873 0.663554 
0.251734 1.32711 
0.803417 0.74242 
0.230709 1.36156 
0.323251 1.24406 
1.56317 0.521249 
0.0879961 2.2996 
4.21014 0.160412 
0.0879643 2.61968 
0.311719 1.51997 
3.00912 0.37203 
