0.508247 0.88627 
0.806767 0.50366 
1.03688 0.0673967 
0.350809 0.948341 
0.843798 0.445077 
0.350809 0.948341 
0.24788 1.02596 
1.03688 0.0673967 
0.778551 0.553132 
0.840848 0.44543 
0.431554 0.912868 
0.84264 0.445101 
0.747624 0.565725 
0.836163 0.449781 
0.388392 0.939746 
0.54373 0.824444 
0.570368 0.789609 
0.747624 0.565725 
0.24788 1.02596 
0.579015 0.784322 
0.778916 0.552839 
0.534116 0.829714 
0.424034 0.918001 
0.838739 0.446368 
0.878335 0.384376 
0.248899 1.02196 
0.48446 0.892165 
0.351893 0.947058 
0.311958 1.00399 
0.0548533 1.05031 
0.757392 0.554643 
0.665055 0.66149 
0.817627 0.488353 
0.588438 0.780694 
0.0781707 1.04281 
0.747624 0.565725 
0.947403 0.272729 
0.248899 1.02196 
0.0469728 1.05508 
0.85738 0.440965 
0.430049 0.914024 
0.388263 0.940411 
0.755439 0.55583 
0.346068 0.949369 
0.918132 0.321353 
0.523411 0.835979 
0.312917 1.00103 
0.249634 1.018 
0.716465 0.598749 
0.778551 0.553132 
0.775224 0.553169 
0.947403 0.272729 
0.565158 0.800083 
0.4657 0.89276 
0.388973 0.937708 
0.510077 0.885164 
0.0669753 1.04654 
1.03976 0.0659518 
0.839375 0.446357 
0.345347 0.952447 
0.42762 0.916908 
0.911532 0.332022 
0.263193 1.01325 
0.248899 1.02196 
0.394535 0.935232 
0.75256 0.557875 
0.350809 0.948341 
0.985844 0.174795 
0.991176 0.174277 
0.378055 0.943546 
0.388973 0.937708 
0.25362 1.01473 
0.949391 0.258667 
0.782164 0.548815 
1.03812 0.0669037 
0.576656 0.787604 
0.565158 0.800083 
0.911532 0.332022 
0.570368 0.789609 
1.03976 0.0659518 
0.779131 0.551516 
0.0717181 1.04484 
0.8047 0.507492 
0.77984 0.54976 
0.328265 0.988441 
0.748107 0.560283 
0.984272 0.178704 
0.648817 0.7146 
0.878783 0.384071 
0.829352 0.486772 
0.918132 0.321353 
1.06718 0.0649433 
0.345371 0.950445 
0.0504807 1.05287 
0.251374 1.01732 
0.700727 0.642233 
0.947403 0.272729 
0.617786 0.750589 
0.923095 0.31811 
0.714267 0.598999 
0.0631829 1.04761 
0.446341 0.909332 
0.665295 0.659882 
1.07839 0.0643775 
0.48446 0.892165 
0.829352 0.486772 
0.391219 0.936581 
0.83447 0.458664 
0.0781707 1.04281 
0.588438 0.780694 
0.0938403 1.04124 
0.0463502 1.0563 
0.867998 0.385451 
0.25362 1.01473 
0.974342 0.223087 
0.748107 0.560283 
0.748107 0.560283 
0.839375 0.446357 
0.920594 0.320776 
0.0881915 1.0427 
0.335627 0.988019 
0.350809 0.948341 
0.535816 0.824877 
0.808119 0.491782 
1.03688 0.0673967 
0.8047 0.507492 
1.01602 0.0881334 
0.311958 1.00399 
0.663813 0.675712 
0.953274 0.245917 
0.615354 0.750688 
0.346596 0.948582 
0.719319 0.598591 
0.0717181 1.04484 
1.05521 0.0653088 
0.350809 0.948341 
0.829352 0.486772 
0.648817 0.7146 
0.653875 0.714167 
0.897156 0.381312 
0.458178 0.900334 
0.263771 1.0128 
0.0743191 1.04467 
1.03953 0.0661478 
0.350809 0.948341 
1.03953 0.0661478 
1.06266 0.0651405 
0.569038 0.795781 
0.312917 1.00103 
0.0781451 1.04467 
0.949877 0.258371 
0.999591 0.173942 
0.314208 0.998411 
1.03812 0.0669037 
0.6726 0.659823 
0.754894 0.557729 
0.953311 0.245531 
0.52681 0.835275 
0.416887 0.932824 
0.0681975 1.04531 
0.659579 0.704185 
0.748341 0.558123 
0.625194 0.728139 
0.248318 1.02486 
0.975313 0.215161 
0.618225 0.734712 
0.806094 0.504393 
0.902809 0.380956 
0.812882 0.489107 
0.304668 1.0065 
0.392289 0.936359 
0.692145 0.643685 
0.886452 0.381354 
0.664252 0.665382 
0.0717181 1.04484 
0.747624 0.565725 
0.922421 0.318382 
0.0477029 1.05355 
0.31519 0.997972 
1.01386 0.0915176 
0.67304 0.656416 
0.910235 0.333728 
0.647521 0.71485 
0.983453 0.186198 
0.987795 0.174748 
0.0438645 1.06244 
0.361343 0.945083 
0.7014 0.639011 
0.829352 0.486772 
0.664284 0.663255 
0.468742 0.892339 
0.249634 1.018 
0.912184 0.329745 
0.0717181 1.04484 
1.03688 0.0673967 
0.719319 0.598591 
0.653875 0.714167 
0.984272 0.178704 
0.350809 0.948341 
0.711413 0.60062 
0.420575 0.920421 
0.0429864 1.06456 
1.01386 0.0915176 
0.263193 1.01325 
0.625194 0.728139 
0.583258 0.782774 
0.0416321 1.06567 
0.83447 0.458664 
0.715721 0.598871 
0.913655 0.322473 
0.491152 0.888682 
1.01371 0.171172 
0.652579 0.714309 
0.653875 0.714167 
1.06266 0.0651405 
0.393501 0.935309 
0.948839 0.2689 
0.999993 0.171572 
0.263771 1.0128 
0.389735 0.937595 
0.25193 1.01538 
0.350809 0.948341 
1.03908 0.0662397 
0.710998 0.609195 
0.83447 0.458664 
0.70711 0.611101 
0.984272 0.178704 
0.335642 0.987049 
0.716465 0.598749 
0.430049 0.914024 
0.0629708 1.04946 
1.04071 0.0654683 
0.813797 0.488708 
0.430049 0.914024 
0.947403 0.272729 
0.747624 0.565725 
0.351501 0.948067 
0.394535 0.935232 
0.7014 0.639011 
0.350809 0.948341 
0.379576 0.942925 
0.35697 0.945698 
1.08042 0.0646317 
0.0416321 1.06627 
0.24788 1.03085 
0.0921361 1.0427 
1.0006 0.171643 
1.0149 0.112458 
0.930592 0.31811 
0.947666 0.272729 
0.61582 0.751531 
0.594999 0.780694 
0.523411 0.850453 
0.910235 0.338653 
0.512685 0.885395 
0.784105 0.549394 
1.01602 0.0898355 
0.868356 0.409674 
0.570368 0.791938 
0.423061 0.920421 
0.342906 0.988019 
0.982058 0.224645 
0.558698 0.824609 
0.308567 1.00964 
0.721405 0.599028 
0.2642 1.01354 
0.394887 0.935935 
0.858345 0.44161 
0.896319 0.381354 
0.747624 0.581955 
0.703224 0.642111 
0.647521 0.732246 
0.663813 0.67578 
0.345371 0.952447 
0.983482 0.188401 
0.70711 0.612127 
0.462666 0.911047 
0.659579 0.707472 
0.805373 0.515465 
0.974355 0.233856 
0.431892 0.913089 
0.95716 0.245896 
0.698328 0.645968 
0.836504 0.487505 
0.0921361 1.0427 
0.83819 0.461764 
0.472982 0.892552 
0.805373 0.515465 
0.68969 0.657561 
0.625549 0.734156 
1.0149 0.112458 
0.748107 0.560826 
0.358116 0.945953 
0.808387 0.492181 
0.874289 0.3955 
0.0781707 1.04504 
0.328265 0.988574 
0.807094 0.506479 
0.747624 0.581955 
0.883157 0.390814 
1.03688 0.0811327 
0.493351 0.892496 
0.0676587 1.04657 
0.871442 0.402215 
0.953311 0.248906 
1.04238 0.0658374 
0.318117 0.997972 
0.537003 0.836798 
0.58578 0.782774 
0.648345 0.714869 
0.816975 0.488708 
0.951135 0.261913 
0.372767 0.94561 
0.857886 0.44469 
0.648817 0.714745 
1.00002 0.173097 
0.0549527 1.05165 
0.618225 0.738338 
0.976586 0.231998 
0.580093 0.784948 
0.985844 0.17485 
0.984603 0.185414 
0.31433 1.00159 
0.537371 0.830005 
0.843715 0.445171 
0.330637 0.988441 
0.553554 0.825318 
0.896319 0.381354 
0.52484 0.836828 
1.03694 0.0675062 
0.886225 0.386487 
0.83109 0.488575 
0.309859 1.00929 
1.03688 0.0811327 
0.924873 0.320072 
0.757166 0.558454 
0.252255 1.02577 
0.912184 0.331183 
0.916183 0.322473 
0.712156 0.603499 
0.0481551 1.05793 
0.52484 0.836828 
0.502982 0.889229 
0.46744 0.893324 
0.748341 0.55897 
0.710998 0.610252 
0.381371 0.94331 
0.916183 0.322473 
0.840088 0.449682 
0.779984 0.550104 
0.375936 0.945588 
0.839923 0.457444 
0.666021 0.663669 
0.77683 0.553391 
0.659579 0.707472 
0.543707 0.828065 
0.806767 0.512366 
0.985844 0.17485 
0.891499 0.384545 
0.544668 0.825726 
0.680644 0.659364 
0.576656 0.789609 
0.762255 0.555516 
0.388957 0.939746 
0.0722376 1.04504 
0.912184 0.331183 
0.910235 0.338653 
0.466871 0.90216 
0.493924 0.889304 
0.773818 0.554724 
0.671118 0.660484 
1.03688 0.0811327 
0.57516 0.789983 
0.68674 0.658333 
0.352193 0.948146 
0.673363 0.65951 
0.758981 0.556643 
0.381371 0.94331 
0.255552 1.018 
0.924913 0.318218 
0.66477 0.671835 
0.0458413 1.06325 
0.812882 0.489125 
0.505479 0.888903 
0.713926 0.600672 
0.949877 0.264174 
0.050621 1.05287 
0.659579 0.707472 
0.264087 1.01458 
0.428545 0.918696 
0.683054 0.659061 
0.769496 0.555079 
0.954961 0.245917 
0.665055 0.665271 
0.429498 0.917344 
0.83109 0.488575 
0.836504 0.487505 
0.347348 0.949359 
0.716465 0.599295 
0.840431 0.446915 
0.258244 1.0148 
0.505479 0.888903 
0.430939 0.914441 
0.258244 1.0148 
0.708882 0.611391 
0.049361 1.05449 
0.466871 0.90216 
0.4657 0.906711 
0.0549527 1.05165 
0.949427 0.267539 
0.767398 0.555349 
0.0455767 1.06538 
0.345371 0.952447 
0.620804 0.735692 
0.664252 0.672124 
0.622352 0.735254 
0.783815 0.54944 
0.393379 0.937048 
0.254265 1.01853 
0.812882 0.489125 
0.893589 0.383311 
0.352193 0.948146 
0.388957 0.939746 
0.389735 0.937708 
0.625549 0.734156 
0.469022 0.892741 
0.983482 0.188401 
0.314687 0.998516 
0.465289 0.910317 
0.4657 0.906711 
0.838532 0.459018 
0.0433363 1.06598 
0.715681 0.59949 
0.493924 0.889304 
0.493351 0.892496 
0.348652 0.948956 
0.0693512 1.04582 
0.949353 0.269172 
0.618555 0.736978 
0.252313 1.02241 
0.31519 0.998411 
0.318117 0.997972 
0.465289 0.910317 
0.949353 0.269172 
0.54465 0.826581 
0.893886 0.382507 
1.04216 0.0667652 
0.252511 1.02091 
0.838421 0.459937 
1.0403 0.0669537 
0.84264 0.446132 
1.03806 0.0673967 
0.0504045 1.05443 
0.389735 0.937708 
0.253071 1.02004 
0.665055 0.665271 
0.0693512 1.04582 
0.0458413 1.06325 
0.767398 0.555349 
0.428545 0.918696 
0.431554 0.913403 
0.67304 0.659823 
0.469022 0.892741 
0.83819 0.461764 
0.843256 0.445451 
0.671881 0.660197 
0.393501 0.936658 
0.252313 1.02241 
0.618555 0.736978 
0.83819 0.461764 
1.03953 0.0672086 
0.893886 0.382507 
0.621887 0.735361 
0.84264 0.446132 
0.985844 0.17485 
1.06074 0.065666 
0.348652 0.948956 
0.2642 1.01354 
0.348275 0.949156 
0.253071 1.02004 
0.393501 0.936658 
1.03953 0.0672086 
0.431892 0.913089 
0.31519 0.998411 
0.648817 0.714745 
0.348275 0.949156 
0.621887 0.735361 
0.253071 1.02004 
0.671557 0.660308 
0.671557 0.660308 
1.03953 0.0672086 
1.03953 0.0672086 
1.03953 0.0672086 
0.389735 0.937708 
1.03953 0.0672086 
1.03953 0.0672086 
1.03953 0.0672086 
1.03953 0.0672086 
1.03953 0.0672086 
1.03953 0.0672086 
