0.560125 0.818933 
0.825304 0.501895 
0.858042 0.394405 
0.862376 0.392193 
0.253787 1.01442 
0.728432 0.578751 
0.764366 0.560358 
0.618355 0.763995 
0.760426 0.560758 
0.325337 0.965429 
0.323266 0.970025 
0.279293 0.99865 
0.467515 0.896335 
0.325337 0.965429 
0.964488 0.222581 
0.846103 0.483242 
0.23209 1.02429 
0.858042 0.394405 
1.03218 0.067075 
0.999391 0.12945 
0.696438 0.61578 
0.253787 1.01442 
0.239274 1.01657 
0.254913 1.00032 
0.524467 0.828848 
0.607371 0.764776 
0.266834 0.998675 
1.03594 0.0467662 
0.858042 0.394405 
0.637773 0.743569 
0.918054 0.304605 
0.697761 0.610671 
0.92495 0.303889 
0.239274 1.01657 
0.916844 0.31143 
0.929998 0.290661 
0.239274 1.01657 
0.0452359 1.03987 
0.623865 0.743905 
0.916844 0.31143 
0.467515 0.896335 
0.254913 1.00032 
1.03579 0.0482978 
0.870481 0.37034 
0.513839 0.839003 
0.240411 1.01542 
0.728432 0.578751 
0.0468408 1.03727 
0.697631 0.611846 
1.03317 0.0511322 
0.951481 0.254741 
0.726429 0.578887 
0.232147 1.0231 
0.697761 0.610671 
0.323865 0.965433 
1.00035 0.129159 
0.948654 0.255562 
0.965352 0.211852 
0.579824 0.78091 
0.683579 0.630708 
0.827628 0.485966 
0.700887 0.608844 
0.860684 0.394376 
1.0412 0.0443721 
0.775338 0.552549 
0.862376 0.392193 
1.00444 0.128717 
0.984474 0.170521 
0.679507 0.646654 
0.642956 0.6932 
0.687215 0.629853 
0.951561 0.243654 
0.983776 0.1709 
1.0335 0.0495107 
0.71361 0.591192 
0.720366 0.588239 
0.817339 0.504552 
0.36371 0.934555 
0.546671 0.819003 
0.688475 0.626439 
0.68946 0.62608 
0.266834 0.998675 
0.679965 0.64664 
0.405594 0.921299 
0.918036 0.310581 
0.683579 0.630708 
0.619673 0.760981 
0.239274 1.01657 
0.323865 0.965433 
0.429234 0.915752 
0.699231 0.608973 
0.993983 0.130034 
0.595084 0.773932 
1.03708 0.0453771 
0.322539 0.981395 
0.326403 0.959247 
0.775338 0.552549 
0.995151 0.129869 
0.546652 0.820787 
0.948654 0.255562 
0.675757 0.661116 
0.546102 0.822194 
0.395152 0.933771 
0.721739 0.581329 
0.683066 0.633378 
0.684685 0.630199 
0.410485 0.920099 
0.476727 0.895723 
0.623865 0.743905 
0.617778 0.764265 
1.03594 0.0467662 
0.0434087 1.04105 
0.980379 0.172471 
0.0462215 1.03746 
1.00035 0.129159 
0.951561 0.243654 
0.677593 0.646857 
0.858042 0.394405 
0.948654 0.255562 
0.322208 0.981944 
0.982995 0.171031 
0.913012 0.313802 
0.238844 1.01774 
0.566777 0.817883 
0.576641 0.789469 
0.775338 0.552549 
0.620852 0.749879 
0.846103 0.483242 
0.253787 1.01442 
0.698016 0.61044 
0.682498 0.643239 
0.639068 0.705856 
0.687215 0.629853 
0.836795 0.485088 
0.584566 0.779663 
0.776673 0.549314 
0.637922 0.711149 
0.976353 0.173932 
0.279293 0.99865 
0.620576 0.760847 
0.367231 0.933924 
0.92495 0.303889 
0.596246 0.772939 
0.25493 0.999364 
0.587991 0.779392 
0.70496 0.604835 
0.454989 0.909643 
0.775338 0.552549 
0.429234 0.915752 
0.699231 0.608973 
0.254913 1.00032 
0.623865 0.743905 
0.733767 0.578592 
0.767777 0.560404 
0.619121 0.763995 
0.760426 0.572727 
0.762843 0.564073 
1.03218 0.06808 
1.03218 0.06808 
1.03218 0.06808 
1.03218 0.06808 
1.03218 0.06808 
0.999391 0.129615 
0.697018 0.625543 
0.525617 0.829891 
0.525617 0.829891 
0.612931 0.772562 
0.918054 0.304738 
0.931846 0.302111 
0.948457 0.30107 
0.944384 0.301632 
0.0460519 1.04048 
0.916844 0.311668 
0.467515 0.898643 
0.467515 0.898643 
0.467515 0.898643 
1.03584 0.0490601 
0.872251 0.375088 
0.872251 0.375088 
0.872221 0.383282 
0.524539 0.844104 
0.245382 1.0156 
0.245382 1.0156 
0.731718 0.578873 
0.697631 0.613678 
0.697631 0.613678 
0.728147 0.578887 
0.726776 0.580985 
0.727148 0.579382 
0.235267 1.02396 
0.234396 1.02404 
0.234396 1.02404 
0.235267 1.02396 
0.697761 0.611019 
0.965352 0.211871 
0.581418 0.782468 
0.584566 0.782397 
0.58008 0.789445 
0.58008 0.789445 
0.584566 0.782397 
0.828516 0.486271 
1.05572 0.0451315 
1.04639 0.0451508 
0.862376 0.392286 
1.00501 0.128895 
1.00501 0.128895 
0.984474 0.170653 
0.643773 0.693214 
0.643448 0.700187 
0.64297 0.700201 
0.64297 0.700201 
1.03433 0.0497845 
1.03579 0.0497386 
0.718119 0.591192 
0.715815 0.593165 
0.718013 0.592212 
0.718119 0.591192 
0.822239 0.517618 
0.822208 0.539022 
0.820327 0.539046 
0.828132 0.505742 
0.36536 0.939014 
0.366697 0.938618 
0.555958 0.819078 
0.553733 0.820053 
0.69092 0.626347 
0.68946 0.626356 
0.68946 0.626356 
0.68946 0.626356 
0.68946 0.626356 
0.69092 0.626347 
0.68946 0.626356 
0.268272 0.998675 
0.268272 0.998675 
0.266834 0.99888 
0.266834 0.99888 
0.268272 0.998675 
0.681293 0.64664 
0.681293 0.64664 
0.681293 0.64664 
0.681293 0.64664 
0.409314 0.929314 
0.918036 0.310799 
0.683977 0.630708 
0.323865 0.965582 
0.324634 0.965433 
0.324634 0.965433 
0.323865 0.965582 
0.993983 0.141247 
0.994915 0.135506 
1.03741 0.0454082 
0.323297 0.981795 
0.323297 0.981795 
0.323297 0.981795 
0.323308 0.981544 
0.323266 0.981939 
0.323297 0.981795 
0.332532 0.964023 
0.331762 0.964275 
0.331498 0.964685 
0.334964 0.963521 
0.334136 0.963526 
0.995202 0.129869 
0.549764 0.821944 
0.549764 0.821944 
0.549764 0.821944 
0.550029 0.821435 
0.549764 0.821944 
0.546687 0.82205 
0.549764 0.821944 
0.549764 0.821944 
0.550029 0.821435 
0.550029 0.821435 
0.546512 0.825624 
0.396489 0.933771 
0.725999 0.581329 
0.722044 0.587979 
0.724033 0.58193 
0.683066 0.633645 
0.683066 0.633645 
0.684685 0.630432 
0.416275 0.920099 
0.410485 0.92434 
0.511975 0.896457 
0.507318 0.897026 
0.617985 0.764265 
0.617985 0.764265 
0.617985 0.764265 
1.03594 0.0470837 
0.0462215 1.03961 
0.052192 1.03847 
0.0606087 1.03818 
0.052192 1.03847 
0.0468408 1.03937 
1.00047 0.129159 
1.00035 0.129161 
0.954726 0.244286 
0.678537 0.652292 
0.679507 0.646864 
0.679507 0.646864 
0.67826 0.662961 
0.859706 0.394405 
0.858042 0.398549 
0.859706 0.394405 
0.859706 0.394405 
0.951481 0.255562 
0.951481 0.255562 
0.950137 0.269129 
0.951481 0.255562 
0.951481 0.255562 
0.950316 0.255686 
0.322527 0.984729 
0.322743 0.981944 
0.238844 1.01777 
0.241453 1.01776 
0.244658 1.01774 
0.566777 0.818636 
0.566777 0.818636 
0.579564 0.790146 
0.579564 0.790146 
0.622333 0.759962 
0.253787 1.01465 
0.698957 0.610577 
0.640471 0.706166 
0.639654 0.706304 
0.688475 0.630096 
0.687794 0.630199 
0.836795 0.485671 
0.847571 0.485162 
0.847814 0.485093 
0.5853 0.779834 
0.584656 0.781828 
0.810282 0.549384 
0.639315 0.715218 
0.637922 0.727906 
0.638679 0.720158 
0.638602 0.727686 
0.639328 0.712702 
0.979676 0.176346 
0.979709 0.176214 
0.979676 0.176346 
0.621919 0.760847 
0.621919 0.760847 
0.621034 0.760981 
0.367424 0.93416 
0.369025 0.934051 
0.36735 0.936533 
0.92495 0.304127 
0.92495 0.304127 
0.930009 0.303889 
0.596246 0.773923 
0.602202 0.773322 
0.600347 0.77359 
0.264391 0.999459 
0.264391 0.999459 
0.587991 0.779661 
0.587991 0.779661 
0.595651 0.779642 
0.797011 0.553539 
0.777068 0.554276 
0.699957 0.61044 
0.70496 0.610418 
0.699957 0.61044 
0.699957 0.61044 
0.257916 1.00032 
0.254913 1.00053 
0.623865 0.744038 
0.623865 0.744038 
0.73538 0.578592 
0.73538 0.578592 
0.73538 0.578592 
0.0460519 1.04287 
1.07102 0.0453742 
0.234396 1.02429 
0.0700606 1.03906 
0.872251 0.376336 
0.916976 0.313556 
1.03218 0.0685158 
0.847637 0.485671 
1.00648 0.128895 
0.858042 0.409382 
0.965352 0.21199 
0.678498 0.667499 
0.323266 0.987105 
0.467515 0.899344 
0.269321 0.998675 
0.428924 0.920123 
0.643773 0.693342 
0.767986 0.562332 
0.832952 0.5182 
0.334453 0.963526 
0.36536 0.944675 
0.566404 0.819557 
0.804077 0.554708 
0.476727 0.898732 
0.739964 0.578622 
0.524557 0.864123 
0.511975 0.897026 
0.993983 0.141519 
0.579564 0.790156 
0.396489 0.933799 
0.980871 0.188571 
0.956597 0.244396 
0.86265 0.392286 
0.820393 0.539554 
0.990698 0.173276 
0.511975 0.897026 
0.949389 0.301394 
0.950137 0.269133 
0.716019 0.597393 
0.833591 0.489294 
0.706717 0.610418 
0.369025 0.93416 
0.525617 0.840492 
0.787266 0.555211 
0.824737 0.53591 
1.035 0.0499464 
0.697761 0.612288 
0.524557 0.864123 
0.0514828 1.03938 
0.527132 0.83664 
1.03777 0.0470837 
0.68946 0.626439 
0.543382 0.834151 
0.0700606 1.03906 
0.8598 0.402575 
0.546687 0.826652 
0.947711 0.301632 
0.623865 0.744043 
0.621996 0.760847 
0.410485 0.933503 
0.551669 0.821435 
0.602202 0.77359 
0.834702 0.48929 
0.951481 0.255686 
0.584656 0.782097 
0.68467 0.637632 
0.5581 0.820053 
0.931846 0.302357 
0.92495 0.304136 
0.955891 0.244436 
0.612931 0.77284 
0.77905 0.562276 
0.632075 0.744038 
0.416364 0.92434 
0.779326 0.558077 
0.71824 0.591427 
0.640471 0.706181 
0.678537 0.652306 
0.412734 0.931734 
0.730688 0.578887 
0.324634 0.969977 
0.722086 0.588239 
0.245382 1.01691 
0.618366 0.764265 
0.950972 0.269005 
0.918054 0.304977 
0.995552 0.133311 
0.579942 0.790146 
0.255832 1.00932 
0.638492 0.734334 
0.683713 0.646431 
0.421296 0.921299 
0.325179 0.965433 
0.639004 0.721074 
0.366117 0.941712 
0.593346 0.779686 
0.725471 0.584562 
1.00047 0.129323 
0.951481 0.255686 
0.685042 0.630699 
0.331527 0.964685 
0.257738 1.00066 
0.7268 0.580985 
0.238844 1.01786 
0.264871 0.999775 
0.543755 0.832288 
0.367424 0.934555 
0.638739 0.725578 
0.984603 0.185444 
0.73909 0.57871 
0.918036 0.310827 
0.617985 0.77181 
0.324423 0.979123 
0.253984 1.01649 
0.324423 0.979123 
0.253984 1.01649 
0.638602 0.730875 
0.638354 0.743127 
0.64297 0.700324 
0.985661 0.180112 
0.931846 0.302357 
0.688675 0.63034 
0.681227 0.647104 
0.623865 0.744043 
0.995698 0.129869 
0.698957 0.610671 
0.823621 0.536045 
0.41796 0.921395 
0.678537 0.652306 
