0.62793 -0.274424 
0.185547 0.651074 
0.626953 -0.261268 
0.825684 -0.503946 
0.216797 0.438772 
0.0126953 0.884615 
0.625977 -0.246976 
0.830628 -0.588758 
0.413704 0.190899 
0.829659 -0.576029 
0.4375 -0.0648434 
0.439453 -0.0767067 
0.234239 0.310943 
0.825195 -0.493639 
0.0776367 0.671925 
0.0429726 0.755974 
0.644637 -0.438113 
0.444673 -0.101812 
0.640609 -0.410773 
0.642823 -0.424505 
0.443039 -0.0871719 
0.194932 0.602277 
0.647705 -0.449077 
0.232717 0.324832 
0.628906 -0.288575 
0.435547 -0.0510729 
0.195311 0.587114 
0.83197 -0.604704 
0.638672 -0.39745 
0.635334 -0.362469 
0.239144 0.304191 
0.832589 -0.623063 
0.828675 -0.559106 
0.415039 0.177969 
0.447261 -0.113909 
0.827637 -0.540962 
0.623051 -0.187123 
0.630371 -0.306719 
0.433594 -0.0355128 
0.82666 -0.52262 
0.63684 -0.38022 
0.25 0.250112 
0.0390443 0.765875 
0.431641 -0.018414 
0.844708 -0.745426 
0.841615 -0.729335 
0.221191 0.403047 
0.218065 0.419018 
0.199215 0.573005 
0.015625 0.868008 
0.429688 8.20177e-05 
0.0703094 0.679071 
0.633942 -0.347542 
0.427734 0.0193458 
0.0644531 0.690623 
0.412109 0.205379 
0.0351563 0.78222 
0.833802 -0.640141 
0.1875 0.639012 
0.631836 -0.323246 
0.230469 0.339843 
0.839722 -0.711368 
0.03125 0.797524 
0.623051 -0.187919 
0.0274468 0.815429 
0.425781 0.0394288 
0.20019 0.552001 
0.423882 0.0623878 
0.0195313 0.853404 
0.191406 0.615036 
0.42187 0.0832546 
0.222657 0.383815 
0.416016 0.156289 
0.0454106 0.744445 
0.0234375 0.832137 
0.246094 0.260068 
0.207031 0.504014 
0.419922 0.107495 
0.838013 -0.688228 
0.0585938 0.70231 
0.835938 -0.664103 
0.417969 0.130262 
0.242165 0.28837 
0.226315 0.35998 
0.203121 0.529649 
0.621098 -0.151268 
0.214844 0.444584 
0.625 -0.23235 
0.0546875 0.726444 
0.210617 0.490377 
0.0825896 0.670065 
0.183594 0.662281 
0.257813 0.242328 
0.410156 0.231201 
0.82373 -0.466033 
0.453121 -0.123895 
0.619144 -0.131046 
0.652465 -0.45808 
0 1.00018 
0.851544 -0.773205 
