0 1.00003 
0.851799 -0.773349 
0.823486 -0.460608 
0.453919 -0.124191 
0.652343 -0.458231 
0.61853 -0.12634 
0.257813 0.242192 
0.409668 0.237688 
0.182373 0.668928 
0.082779 0.669712 
0.198486 0.565077 
0.0439644 0.749678 
0.641419 -0.419105 
0.0547207 0.724856 
0.0078125 0.909743 
0.636718 -0.379637 
0.218746 0.413489 
0.0625 0.692686 
0.440674 -0.0786725 
0.0117188 0.887864 
0.00390625 0.937102 
0.436279 -0.0565194 
0.234436 0.313258 
0.211426 0.471603 
0.24353 0.268448 
0.25 0.250018 
0.19311 0.609302 
0.195534 0.587712 
0.229615 0.336976 
0.015625 0.867665 
0.620483 -0.159764 
0.413914 0.182707 
0.422607 0.0848505 
0.222168 0.386521 
0.428467 0.0169768 
0.188172 0.650612 
0.420166 0.106189 
0.0195389 0.849193 
0.425293 0.0447914 
0.189427 0.630863 
0.0234375 0.831312 
0.03125 0.797278 
0.828919 -0.564033 
0.0273407 0.814139 
0.203187 0.529102 
0.0356445 0.780668 
0.207826 0.493569 
0.0560303 0.708918 
0.0392836 0.764855 
0.00195313 0.955827 
0.418335 0.128619 
0.625 -0.232396 
0.412598 0.206418 
0.215622 0.453105 
0.215638 0.434005 
0.831361 -0.588459 
0.424072 0.0597541 
0.22751 0.353962 
0.837158 -0.673338 
0.433593 -0.0356297 
0.834732 -0.652685 
0.000991821 0.979251 
0.224427 0.371638 
0.626461 -0.253355 
0.827881 -0.545255 
0.623932 -0.211535 
0.634029 -0.343825 
0.629152 -0.287713 
0.41626 0.159384 
0.826782 -0.525124 
0.205873 0.508592 
0.635494 -0.366285 
0.447266 -0.0930179 
0.239808 0.284882 
0.644104 -0.432014 
0.627807 -0.270105 
0.237153 0.295496 
0.0705336 0.678767 
0.851627 -0.758773 
0.621979 -0.177125 
0.622955 -0.193494 
0.825203 -0.493277 
0.619019 -0.128487 
0.410889 0.22293 
0.841309 -0.727243 
0.831849 -0.603643 
0.832535 -0.622725 
0.824097 -0.47344 
0.843521 -0.744009 
0.825935 -0.507452 
0.416748 0.146256 
0.834244 -0.634906 
0.630859 -0.306433 
0.632426 -0.329747 
0.44751 -0.105427 
0.431885 -0.0209305 
0.839722 -0.711238 
0.838135 -0.690545 
0.429962 0.00100194 
0.650966 -0.444631 
