0.640371 -0.406958 
0.065918 0.687546 
0.642561 -0.418876 
0.440439 -0.0788332 
0.833982 -0.631355 
0.421875 0.101104 
0.195289 0.587551 
0.197616 0.576386 
0.43335 -0.0319355 
0.417969 0.130365 
0.0625 0.692724 
0.0153526 0.876726 
0.638784 -0.393898 
0.644012 -0.433404 
0.41968 0.114779 
0.845077 -0.752859 
0.202139 0.545822 
0.832264 -0.617885 
0.203115 0.529688 
0.627472 -0.266575 
0.221049 0.398068 
0.44518 -0.0821383 
0.0214844 0.847628 
0.629883 -0.30106 
0.628873 -0.282814 
0.626684 -0.24871 
0.416992 0.145282 
0.199211 0.559831 
0.838898 -0.703469 
0.435547 -0.045045 
0.445302 -0.107519 
0.840762 -0.720547 
0.625 -0.2321 
0.834705 -0.647702 
0.842763 -0.735819 
0.837402 -0.687515 
0.0175781 0.860355 
0.425781 0.0393612 
0.64706 -0.446798 
0.431641 -0.0172509 
0.636566 -0.378273 
0.242188 0.281987 
0.624023 -0.213576 
0.208984 0.521723 
0.240479 0.298534 
0.437469 -0.0634557 
0.234365 0.309503 
0.0234375 0.833454 
0.0390625 0.766297 
0.222656 0.383372 
0.631378 -0.317096 
0.427734 0.0212822 
0.0717773 0.678915 
0.828837 -0.555735 
0.83594 -0.668031 
0.621383 -0.170439 
0.634762 -0.359865 
0.429688 0.00279361 
0.826162 -0.512354 
0.231921 0.324698 
0.213877 0.452197 
0.620125 -0.1528 
0.0351563 0.781507 
0.831085 -0.599093 
0.414204 0.187758 
0.218482 0.413445 
0.829651 -0.575602 
0.245118 0.265375 
0.416016 0.16614 
0.216464 0.436529 
0.622559 -0.193845 
0.827596 -0.534616 
0.193314 0.60316 
0.25 0.250173 
0.632936 -0.339339 
0.422013 0.0846562 
0.03125 0.79771 
0.226845 0.365501 
0.228866 0.345394 
0.825958 -0.490722 
0.412109 0.205807 
0.0273129 0.815371 
0.0576172 0.706707 
0.424316 0.0560663 
0.209952 0.500367 
0.210928 0.47235 
0.190439 0.626516 
0.186523 0.647695 
0.0433187 0.754005 
0.0546875 0.728904 
0.0795898 0.670877 
0.182617 0.669319 
0.257814 0.242533 
0.410156 0.231168 
0.453115 -0.123864 
0.618652 -0.128458 
0.652313 -0.458085 
0.82373 -0.465738 
0.851912 -0.773289 
0 1.00023 
