0 1.00001 
0.851812 -0.773353 
0.823486 -0.461296 
0.652343 -0.458239 
0.453887 -0.124197 
0.618408 -0.12438 
0.257874 0.242187 
0.410156 0.23093 
0.182442 0.669498 
0.0820309 0.669732 
0.427734 0.01902 
0.826263 -0.491705 
0.431954 -0.0165677 
0.421879 0.0836469 
0.625 -0.232357 
0.837418 -0.687361 
0.623093 -0.200327 
0.828887 -0.558886 
0.835842 -0.661186 
0.000549376 0.976723 
0.826538 -0.517038 
0.423828 0.0608133 
0.840698 -0.707631 
0.186352 0.648844 
0.220953 0.405037 
0.419922 0.107785 
0.222656 0.383022 
0.830078 -0.580811 
0.413607 0.186679 
0.831966 -0.60168 
0.412109 0.205043 
0.211699 0.463871 
0.425781 0.0395605 
0.827393 -0.536023 
0.415527 0.162448 
0.632813 -0.33768 
0.833398 -0.623158 
0.015625 0.867657 
0.217413 0.425984 
0.230469 0.335506 
0.842163 -0.730809 
0.433593 -0.0357164 
0.189979 0.626458 
0.634725 -0.358115 
0.234375 0.315675 
0.00195313 0.955707 
0.208755 0.486708 
0.436349 -0.0564453 
0.443885 -0.0899336 
0.622101 -0.185693 
0.202148 0.537649 
0.214355 0.444922 
0.640625 -0.413275 
0.834442 -0.642788 
0.237305 0.296161 
0.628695 -0.265975 
0.195074 0.590772 
0.418522 0.126619 
0.0195289 0.849054 
0.622071 -0.161175 
0.631382 -0.316878 
0.447791 -0.113533 
0.636685 -0.377544 
0.00390625 0.937045 
0.192154 0.609173 
0.416817 0.14515 
0.638638 -0.394065 
0.0234375 0.831189 
0.00650787 0.919952 
0.628905 -0.284729 
0.19751 0.571867 
0.013916 0.889561 
0.0273271 0.81407 
0.204864 0.517288 
0.200195 0.555887 
0.0560036 0.708413 
0.439979 -0.0748291 
0.241219 0.278296 
0.625977 -0.247146 
0.03125 0.797273 
0.64453 -0.431825 
0.0625 0.69231 
0.629883 -0.301266 
0.844 -0.747638 
0.0351563 0.781302 
0.00982666 0.901821 
0.206939 0.503259 
0.0432796 0.752045 
0.0393733 0.76661 
0.0705622 0.67975 
0.0510254 0.724855 
0.245117 0.262744 
0.046875 0.737026 
0.226812 0.362494 
0.647153 -0.446015 
0.226812 0.35522 
0.846924 -0.762163 
0.620117 -0.149297 
0.410355 0.228825 
0.619057 -0.134756 
