0.845716 -0.752854 
0.828124 -0.544521 
0.222672 0.383092 
0.827393 -0.536391 
0.247315 0.258402 
0.64056 -0.412244 
0.0391008 0.766209 
0.621094 -0.168428 
0.648409 -0.452345 
0.214817 0.441859 
0.424438 0.0552675 
0.642549 -0.422406 
0.824707 -0.478991 
0.222656 0.383609 
0.843763 -0.740095 
0.227783 0.349075 
0.423462 0.0702877 
0.21347 0.456304 
0.43149 -0.0111095 
0.25 0.250177 
0.186005 0.6607 
0.201171 0.544534 
0.243408 0.270105 
0.433567 -0.0291895 
0.429688 -0.000148293 
0.216735 0.428511 
0.841799 -0.724478 
0.21094 0.470863 
0.825195 -0.493374 
0.83252 -0.614055 
0.447754 -0.114084 
0.434876 -0.0428247 
0.421846 0.0868748 
0.199218 0.559791 
0.242523 0.28701 
0.644897 -0.439039 
0.425781 0.0396108 
0.83644 -0.670592 
0.638672 -0.396764 
0.8396 -0.709583 
0.0781394 0.671425 
0.833499 -0.631759 
0.238281 0.301137 
0.198178 0.579775 
0.226823 0.358994 
0.234374 0.314239 
0.835205 -0.652571 
0.0429688 0.761386 
0.837646 -0.69008 
0.0547411 0.732576 
0.203124 0.5296 
0.632813 -0.337925 
0.437561 -0.0618468 
0.209899 0.488071 
0.826296 -0.514892 
0.0371094 0.782909 
0.634737 -0.352614 
0.427734 0.0198795 
0.231445 0.331859 
0.0198364 0.856719 
0.620117 -0.153557 
0.414063 0.179951 
0.62207 -0.183945 
0.445281 -0.0999726 
0.421364 0.10695 
0.630859 -0.31377 
0.636661 -0.377594 
0.629272 -0.293213 
0.194335 0.594048 
0.0271928 0.816214 
0.046875 0.737346 
0.187744 0.64165 
0.03125 0.797542 
0.440667 -0.0777616 
0.0703125 0.681588 
0.0559083 0.70994 
0.831056 -0.59696 
0.207275 0.510603 
0.0234375 0.83444 
0.218749 0.41097 
0.415588 0.162344 
0.0625 0.69357 
0.829363 -0.565441 
0.412109 0.205564 
0.628604 -0.265787 
0.191406 0.618578 
0.625644 -0.239613 
0.624023 -0.213073 
0.417969 0.130431 
0.015625 0.86785 
0.182617 0.668895 
0.0859518 0.670317 
0.257851 0.242436 
0.410156 0.231324 
0.453124 -0.123926 
0.652317 -0.458071 
0.618408 -0.124203 
0.823486 -0.461003 
0.851835 -0.773244 
0 1.00023 
