0.823853 -0.468496 
0.44873 -0.11764 
0.433594 -0.0348505 
0.839355 -0.708658 
0.0380859 0.775125 
0.628052 -0.274644 
0.222656 0.384028 
0.626018 -0.241285 
0.195306 0.594637 
0.648438 -0.450932 
0.841064 -0.721337 
0.224556 0.37099 
0.640503 -0.409741 
0.845982 -0.75049 
0.0351563 0.786011 
0.435456 -0.0477952 
0.246094 0.260953 
0.0625 0.692489 
0.619644 -0.144529 
0.626953 -0.257728 
0.82812 -0.549578 
0.643008 -0.423764 
0.838388 -0.693212 
0.201166 0.544363 
0.644714 -0.438644 
0.829103 -0.566313 
0.226628 0.356486 
0.843033 -0.736715 
0.624817 -0.227026 
0.203121 0.529579 
0.826233 -0.510711 
0.221988 0.400695 
0.0673828 0.68596 
0.43277 -0.0197214 
0.234371 0.328704 
0.628922 -0.288254 
0.827393 -0.53228 
0.25 0.250133 
0.638672 -0.396955 
0.197219 0.581691 
0.193306 0.608991 
0.229223 0.341333 
0.445266 -0.107353 
0.836556 -0.676535 
0.03125 0.797451 
0.199173 0.559337 
0.234371 0.30953 
0.242895 0.272461 
0.636598 -0.374863 
0.0401045 0.762542 
0.620606 -0.161641 
0.218458 0.416926 
0.623779 -0.205611 
0.20966 0.521388 
0.430176 0.000104623 
0.825439 -0.495279 
0.634766 -0.358685 
0.2129 0.45569 
0.210947 0.47176 
0.8302 -0.58413 
0.185669 0.651248 
0.428009 0.017486 
0.0585938 0.704884 
0.0274383 0.815269 
0.217767 0.438576 
0.831881 -0.609201 
0.622086 -0.186035 
0.0234375 0.831444 
0.419952 0.108379 
0.209755 0.496647 
0.421788 0.086619 
0.0195313 0.849958 
0.437409 -0.0635613 
0.833118 -0.628534 
0.0739746 0.674393 
0.417969 0.130338 
0.423965 0.0642275 
0.238281 0.29084 
0.835072 -0.655718 
0.425781 0.0401471 
0.630737 -0.311613 
0.63269 -0.335792 
0.015625 0.867816 
0.41214 0.206336 
0.190308 0.627869 
0.41626 0.155107 
0.414063 0.181327 
0.441406 -0.088522 
0.0537109 0.723725 
0.046875 0.746895 
0.183594 0.663047 
0.0859466 0.67043 
0.257813 0.242383 
0.410156 0.231262 
0.453121 -0.123908 
0.82373 -0.466163 
0.618652 -0.128278 
0.652435 -0.458154 
0.851595 -0.773193 
0 1.00018 
