0 1.00004 
0.851805 -0.773353 
0.824219 -0.476137 
0.652342 -0.458235 
0.618652 -0.128634 
0.453833 -0.124201 
0.409668 0.237817 
0.257813 0.242202 
0.0833923 0.669822 
0.182617 0.667563 
0.0546875 0.712227 
0.186523 0.644813 
0.218646 0.419333 
0.0704327 0.682429 
0.0493279 0.734886 
0.190918 0.617268 
0.0625 0.692298 
0.243653 0.267702 
0.214835 0.439998 
0.211645 0.464743 
0.411682 0.212411 
0.0117188 0.888818 
0.222168 0.38894 
0.428223 0.0190794 
0.416992 0.14322 
0.2388 0.287368 
0.015625 0.867678 
0.25 0.250032 
0.195557 0.600839 
0.82959 -0.575448 
0.418945 0.118943 
0.0195217 0.849426 
0.208715 0.487128 
0.632434 -0.318073 
0.0429688 0.751273 
0.413574 0.186651 
0.197266 0.575717 
0.0234375 0.831241 
0.831439 -0.604098 
0.415039 0.167288 
0.641113 -0.414709 
0.027319 0.814124 
0.449219 -0.11864 
0.433592 -0.0356564 
0.03125 0.797284 
0.235083 0.305577 
0.425293 0.0449664 
0.633301 -0.34315 
0.420898 0.0985788 
0.0351563 0.781319 
0.199463 0.557108 
0.843962 -0.745838 
0.644526 -0.437778 
0.207128 0.507716 
0.443894 -0.0948466 
0.0390625 0.765663 
0.0078125 0.909763 
0.42334 0.0795988 
0.636717 -0.379892 
0.23243 0.323218 
0.430664 -0.00201287 
0.630724 -0.296169 
0.226805 0.354612 
0.839355 -0.70713 
0.224152 0.372553 
0.639517 -0.397928 
0.6351 -0.361433 
0.847891 -0.764407 
0.624023 -0.215558 
0.229492 0.339022 
0.202139 0.538502 
0.825195 -0.495405 
0.203833 0.52406 
0.828263 -0.529067 
0.625 -0.232478 
0.826172 -0.514097 
0.431641 -0.0187471 
0.837402 -0.687714 
0.620605 -0.145577 
0.62669 -0.250801 
0.424316 0.0599165 
0.622559 -0.194176 
0.62085 -0.163441 
0.436523 -0.0585772 
0.628418 -0.281522 
0.00585961 0.922801 
0.00390625 0.937067 
0.832416 -0.620854 
0.627441 -0.266307 
0.62207 -0.180997 
0.833377 -0.635108 
0.438995 -0.0736393 
0.00111444 0.970913 
0.834369 -0.648836 
0.836322 -0.674059 
0.000381961 0.983833 
0.83533 -0.662002 
0.841203 -0.724013 
0.828263 -0.55082 
0.00195336 0.956111 
