0.851795 -0.773358 
0 1.00003 
0.652489 -0.458245 
0.823364 -0.458835 
0.454102 -0.124191 
0.618652 -0.128639 
0.257813 0.242185 
0.409454 0.240834 
0.0817809 0.669812 
0.182617 0.66757 
0.0546875 0.712223 
0.0625 0.692856 
0.186523 0.644812 
0.0703125 0.678412 
0.0392935 0.7647 
0.222656 0.382782 
0.64551 -0.439558 
0.190552 0.619478 
0.198731 0.562238 
0.436523 -0.057944 
0.84592 -0.754482 
0.25 0.25002 
0.243652 0.267612 
0.842896 -0.729409 
0.414185 0.189953 
0.00390625 0.937123 
0.241211 0.286348 
0.411621 0.213217 
0.0234375 0.831288 
0.230469 0.331649 
0.0192809 0.850412 
0.208008 0.492167 
0.203186 0.535742 
0.835184 -0.651398 
0.0078125 0.914525 
0.416992 0.142276 
0.220032 0.405088 
0.19434 0.600715 
0.046875 0.743535 
0.0273669 0.814008 
0.424805 0.0499535 
0.0351563 0.781235 
0.03125 0.797268 
0.427498 0.0312533 
0.015625 0.867736 
0.633309 -0.343484 
0.62793 -0.270019 
0.00195313 0.956327 
0.000488281 0.97794 
0.196594 0.581442 
0.428711 0.00940981 
0.0483398 0.732994 
0.833688 -0.628436 
0.840332 -0.712002 
0.213013 0.458289 
0.838013 -0.670715 
0.827271 -0.534534 
0.838868 -0.690659 
0.641604 -0.420394 
0.440918 -0.0769419 
0.217774 0.423294 
0.442384 -0.0915049 
0.825288 -0.494654 
0.631866 -0.319918 
0.430664 -0.00975808 
0.214989 0.440171 
0.422913 0.0716683 
0.828836 -0.557848 
0.210961 0.478771 
0.826294 -0.516329 
0.418766 0.122908 
0.625977 -0.247156 
0.624636 -0.21163 
0.622559 -0.193901 
0.0136719 0.887335 
0.226563 0.356871 
0.420166 0.105122 
0.235354 0.304025 
0.824311 -0.475215 
0.628937 -0.289131 
0.446289 -0.111234 
0.00976564 0.898388 
0.639679 -0.405685 
0.421635 0.0879958 
0.433739 -0.0366758 
0.830301 -0.572652 
0.625 -0.232463 
0.620605 -0.161927 
0.235352 0.314254 
0.204651 0.518149 
0.619629 -0.140963 
0.635742 -0.36038 
0.630157 -0.305031 
0.831781 -0.611005 
0.62207 -0.17386 
0.637726 -0.38914 
0.409943 0.234684 
0.415192 0.16617 
0.831521 -0.590649 
0.636735 -0.373695 
