0.00976563 0.898823 
0.204816 0.516801 
0.206999 0.507615 
0.847307 -0.753874 
0.633789 -0.347766 
0.640625 -0.413324 
0.832975 -0.628251 
0.411133 0.220158 
0.827148 -0.531835 
0.831994 -0.614249 
0.642578 -0.42243 
0.837552 -0.675737 
0.25 0.250191 
0.828126 -0.542534 
0.648438 -0.452654 
0.059082 0.701558 
0.634766 -0.357724 
0.0351563 0.786804 
0.226549 0.356893 
0.210355 0.477355 
0.226549 0.365921 
0.0410156 0.760736 
0.208195 0.493183 
0.625977 -0.246138 
0.0625002 0.692459 
0.0520039 0.726778 
0.185669 0.65095 
0.826172 -0.5137 
0.449219 -0.119066 
0.0370956 0.77372 
0.831022 -0.599069 
0.841309 -0.726747 
0.0458694 0.755031 
0.843751 -0.742487 
0.0548096 0.712623 
0.188186 0.634619 
0.246094 0.260615 
0.839746 -0.711936 
0.835905 -0.663836 
0.838256 -0.692815 
0.0503167 0.740952 
0.0683594 0.683217 
0.828838 -0.562241 
0.829985 -0.580009 
0.0742188 0.67581 
0.833952 -0.642807 
0.218167 0.429867 
0.825319 -0.497654 
0.644646 -0.438229 
0.429688 0.00160115 
0.0127106 0.884821 
0.19082 0.621621 
0.638757 -0.398011 
0.03125 0.798012 
0.431664 -0.0149663 
0.193359 0.60195 
0.435734 -0.0518878 
0.433594 -0.034913 
0.21204 0.464368 
0.412376 0.204686 
0.421875 0.0857255 
0.632324 -0.331335 
0.214929 0.441139 
0.444933 -0.104688 
0.438216 -0.0703713 
0.428009 0.0202834 
0.441406 -0.0878971 
0.636833 -0.37762 
0.627686 -0.264181 
0.628906 -0.288717 
0.015625 0.868026 
0.630371 -0.307924 
0.0194987 0.849439 
0.0234375 0.833951 
0.238188 0.298011 
0.423828 0.0677038 
0.0273438 0.814926 
0.219727 0.409388 
0.203349 0.530051 
0.24329 0.27643 
0.419964 0.106287 
0.196025 0.587466 
0.234511 0.309886 
0.414063 0.180427 
0.425781 0.0416804 
0.416016 0.156589 
0.222656 0.385718 
0.417969 0.131991 
0.230469 0.3376 
0.199219 0.558864 
0.183594 0.662979 
0.0819987 0.669967 
0.257832 0.242334 
0.410156 0.232879 
0.652458 -0.458121 
0.824219 -0.475992 
0.453841 -0.124149 
0.625 -0.232446 
0.851556 -0.773266 
0 1.00021 
