0 1.00004 
0.454103 -0.124196 
0.619141 -0.137098 
0.652594 -0.458234 
0.823486 -0.461399 
0.410156 0.230954 
0.257813 0.242192 
0.0825234 0.66973 
0.183594 0.662072 
0.0507813 0.730581 
0.838875 -0.680839 
0.840336 -0.717615 
0.843025 -0.740939 
0.442384 -0.0877315 
0.0703125 0.6784 
0.0566406 0.706727 
0.195343 0.588173 
0.448486 -0.117043 
0.0432237 0.750987 
0.416016 0.160522 
0.219735 0.403663 
0.0625 0.692323 
0.643556 -0.431172 
0.625 -0.232485 
0.244141 0.265912 
0.835117 -0.658978 
0.00488284 0.933514 
0.015625 0.867687 
0.192384 0.612247 
0.239747 0.28395 
0.0234375 0.831294 
0.0196533 0.849186 
0.417969 0.130077 
0.03125 0.797308 
0.851566 -0.761731 
0.216797 0.4292 
0.229736 0.336168 
0.0275926 0.812913 
0.634766 -0.358431 
0.640627 -0.413231 
0.829103 -0.567117 
0.427734 0.0188345 
0.211915 0.463539 
0.236328 0.302976 
0.414063 0.180614 
0.234375 0.319865 
0.422871 0.0778918 
0.0390657 0.785192 
0.436539 -0.0549919 
0.648688 -0.451931 
0.198486 0.564021 
0.429688 -0.000268408 
0.420914 0.0949417 
0.4386 -0.0722079 
0.42482 0.05642 
0.626958 -0.250509 
0.214845 0.444041 
0.1875 0.641759 
0.226817 0.354482 
0.200197 0.552464 
0.222656 0.38276 
0.208009 0.496157 
0.425781 0.0391597 
0.00219728 0.953025 
0.638921 -0.392146 
0.0393096 0.76745 
0.431702 -0.0183245 
0.826416 -0.518059 
0.8335 -0.636922 
0.636719 -0.378415 
0.627931 -0.271024 
0.630495 -0.307313 
0.628907 -0.288804 
0.0117493 0.887442 
0.419189 0.115478 
0.209962 0.481037 
0.831429 -0.601863 
0.632814 -0.337817 
0.190431 0.631814 
0.831059 -0.584759 
0.825562 -0.497562 
0.203126 0.529432 
0.0078125 0.909825 
0.620125 -0.153731 
0.224609 0.369785 
0.000976563 0.968895 
0.623169 -0.203061 
0.621094 -0.170152 
0.412109 0.205148 
0.631843 -0.324477 
0.827881 -0.543563 
0.62207 -0.185317 
0.206056 0.516895 
0.000244141 0.985774 
0.824707 -0.482239 
0.827393 -0.536425 
0.25 0.250029 
0.433844 -0.0361642 
0.832523 -0.621864 
0.851817 -0.773362 
