0 1.00002 
0.851802 -0.773357 
0.823364 -0.458895 
0.618408 -0.124393 
0.652335 -0.458238 
0.409424 0.240817 
0.453122 -0.124071 
0.257813 0.242175 
0.182251 0.669607 
0.083025 0.669843 
0.0468751 0.738908 
0.0559082 0.714076 
0.6405 -0.412293 
0.0078125 0.909731 
0.0401611 0.761662 
0.644523 -0.437448 
0.226041 0.362818 
0.243408 0.26846 
0.636649 -0.376987 
0.435669 -0.0424523 
0.221924 0.388029 
0.0625 0.692339 
0.187489 0.644177 
0.210934 0.470325 
0.191281 0.618165 
0.411564 0.215732 
0.00390637 0.937262 
0.441281 -0.0693001 
0.0156067 0.885519 
0.069458 0.679628 
0.214347 0.443675 
0.0234375 0.83125 
0.229645 0.338332 
0.0351563 0.78268 
0.238148 0.290908 
0.417727 0.133636 
0.019043 0.852991 
0.430298 -0.00555827 
0.416016 0.155508 
0.199212 0.559612 
0.419922 0.110424 
0.0273351 0.814258 
0.832031 -0.604 
0.840372 -0.704894 
0.834961 -0.654264 
0.421509 0.0902113 
0.432251 -0.0241692 
0.03125 0.797541 
0.218747 0.410843 
0.428165 0.0197761 
0.845912 -0.758621 
0.444325 -0.0994831 
0.841349 -0.724588 
0.232419 0.321053 
0.829874 -0.580128 
0.42755 0.0347936 
0.622807 -0.198151 
0.843813 -0.743465 
0.25 0.250016 
0.626944 -0.257989 
0.424438 0.0562598 
0.20801 0.492395 
0.41333 0.18986 
0.620361 -0.148975 
0.236938 0.308312 
0.218503 0.428282 
0.837158 -0.68482 
0.827145 -0.531138 
0.826169 -0.512173 
0.631184 -0.310824 
0.621826 -0.180811 
0.825472 -0.493267 
0.42334 0.0692193 
0.414703 0.179438 
0.015625 0.867815 
0.207033 0.505038 
0.633427 -0.344938 
0.194333 0.597415 
0.632267 -0.326106 
0.824351 -0.475657 
0.634888 -0.359989 
0.828107 -0.549579 
0.00195313 0.956454 
0.206057 0.527866 
0.441403 -0.0889839 
0.183258 0.664069 
0.451169 -0.114445 
0.198178 0.576843 
0.624329 -0.219243 
0.833025 -0.629911 
0.836916 -0.670226 
0.62085 -0.161387 
0.829103 -0.565143 
0.202878 0.535174 
0.000244141 0.984413 
0.62561 -0.240721 
0.000976563 0.969041 
0.629337 -0.291362 
0.628174 -0.278605 
0.833008 -0.622294 
