0.631836 -0.321503 
0.622559 -0.193556 
0.644644 -0.438189 
0.185551 0.651766 
0.449219 -0.115074 
0.0507813 0.735642 
0.642578 -0.425707 
0.441406 -0.0767805 
0.648438 -0.448251 
0.62207 -0.180469 
0.226562 0.35642 
0.226148 0.362434 
0.419922 0.109938 
0.619888 -0.143545 
0.445557 -0.106775 
0.427002 0.0366744 
0.411526 0.216152 
0.827148 -0.529541 
0.435547 -0.0492978 
0.443926 -0.0884725 
0.0410156 0.759574 
0.195313 0.598074 
0.839859 -0.713521 
0.0521813 0.720933 
0.630859 -0.30723 
0.628906 -0.288474 
0.62793 -0.274103 
0.437744 -0.0653104 
0.826172 -0.513893 
0.221191 0.40709 
0.414047 0.179982 
0.636832 -0.376008 
0.212893 0.456092 
0.429688 0.00036548 
0.41307 0.199136 
0.620605 -0.161368 
0.427734 0.0193326 
0.825195 -0.493513 
0.25 0.250138 
0.0682805 0.682548 
0.632925 -0.337067 
0.623721 -0.21175 
0.640625 -0.411282 
0.211185 0.471135 
0.638294 -0.391775 
0.433594 -0.0353666 
0.218751 0.417188 
0.431641 -0.0137505 
0.420914 0.099362 
0.0742188 0.674176 
0.425049 0.0517941 
0.0463997 0.743874 
0.844482 -0.749059 
0.835224 -0.654152 
0.841684 -0.728747 
0.833417 -0.635539 
0.195802 0.584743 
0.838922 -0.695614 
0.8311 -0.592648 
0.246094 0.260067 
0.634766 -0.358154 
0.83252 -0.613861 
0.625052 -0.231193 
0.626578 -0.254011 
0.828982 -0.546501 
0.836548 -0.674086 
0.208417 0.489828 
0.188234 0.637268 
0.241773 0.279932 
0.0566406 0.708931 
0.238281 0.293564 
0.829511 -0.573656 
0.0625 0.692484 
0.215469 0.438888 
0.205812 0.509286 
0.0274567 0.815555 
0.0234375 0.834081 
0.191406 0.614373 
0.222657 0.385127 
0.423096 0.0726807 
0.0195313 0.852829 
0.234376 0.315032 
0.230469 0.334634 
0.41553 0.163596 
0.0390623 0.76725 
0.417969 0.130207 
0.203248 0.531393 
0.199219 0.560093 
0.03125 0.797452 
0.0156249 0.874097 
0.183594 0.662431 
0.0834173 0.669993 
0.410156 0.231276 
0.257813 0.24238 
0.618652 -0.128056 
0.453982 -0.124119 
0.652457 -0.458131 
0.824219 -0.475962 
0 1.00022 
0.851562 -0.773183 
