0.200647 0.550648 
0.845612 -0.752293 
0.0120017 0.886519 
0.648682 -0.450369 
0.423828 0.0615558 
0.435547 -0.0504032 
0.631717 -0.318958 
0.437012 -0.0614867 
0.624023 -0.217248 
0.645264 -0.440381 
0.0432155 0.757331 
0.217742 0.422077 
0.837891 -0.692962 
0.440126 -0.0752003 
0.441406 -0.0882552 
0.839111 -0.705491 
0.0625 0.692554 
0.233271 0.325476 
0.0585938 0.702132 
0.207943 0.493679 
0.643066 -0.42752 
0.639047 -0.397266 
0.825562 -0.495352 
0.640588 -0.412866 
0.827393 -0.535896 
0.843224 -0.741597 
0.82483 -0.478895 
0.0671885 0.683638 
0.42334 0.0677064 
0.448205 -0.116582 
0.831883 -0.608807 
0.430176 0.00281103 
0.623047 -0.20184 
0.0546722 0.712905 
0.828119 -0.549585 
0.0390422 0.767047 
0.625 -0.232298 
0.411378 0.21602 
0.830861 -0.59091 
0.419922 0.106587 
0.195276 0.587509 
0.44481 -0.101463 
0.826622 -0.513566 
0.841095 -0.722474 
0.431152 -0.0131502 
0.193323 0.601021 
0.427734 0.0197311 
0.420898 0.0948434 
0.207047 0.506226 
0.0734864 0.676146 
0.433594 -0.0348202 
0.632813 -0.337706 
0.414101 0.197944 
0.232614 0.342527 
0.0468436 0.748747 
0.832814 -0.626746 
0.829766 -0.571512 
0.636976 -0.382373 
0.621964 -0.181461 
0.0351563 0.781873 
0.414589 0.17591 
0.198486 0.569578 
0.218719 0.411092 
0.23434 0.309485 
0.626834 -0.252727 
0.0195313 0.852287 
0.836914 -0.674355 
0.0154967 0.869087 
0.425781 0.0395954 
0.620605 -0.159736 
0.631104 -0.306995 
0.03125 0.798158 
0.0234375 0.836007 
0.416328 0.154652 
0.0507813 0.726158 
0.25 0.25018 
0.203119 0.52964 
0.634766 -0.359113 
0.190434 0.622611 
0.0276007 0.817556 
0.1875 0.642655 
0.417969 0.130895 
0.834736 -0.649892 
0.244141 0.266414 
0.226544 0.35827 
0.628664 -0.273988 
0.242173 0.294833 
0.222656 0.383237 
0.215101 0.438112 
0.210923 0.477048 
0.0828137 0.669941 
0.183594 0.663088 
0.410156 0.231397 
0.257794 0.242297 
0.652601 -0.458155 
0.453094 -0.123994 
0.823486 -0.46041 
0.619141 -0.136794 
0 1.00024 
0.851544 -0.773226 
