0 1.00004 
0.851866 -0.773347 
0.82373 -0.465102 
0.652533 -0.458242 
0.409424 0.240866 
0.618424 -0.124358 
0.453849 -0.124201 
0.257813 0.242199 
0.182617 0.667832 
0.0829833 0.669695 
0.0547485 0.716598 
0.0625 0.692311 
0.046875 0.73797 
0.0410767 0.76007 
0.21875 0.415771 
0.221924 0.388035 
0.243652 0.267922 
0.411743 0.217108 
0.0351563 0.781197 
0.445313 -0.106864 
0.844054 -0.747728 
0.41333 0.189947 
0.640625 -0.412511 
0.25 0.250028 
0.000488281 0.977974 
0.0234985 0.831001 
0.200195 0.556168 
0.825195 -0.492427 
0.0195313 0.850632 
0.00296021 0.951139 
0.00439453 0.933334 
0.629152 -0.290957 
0.632876 -0.331203 
0.186523 0.646206 
0.64472 -0.430638 
0.215033 0.440883 
0.229771 0.336881 
0.194908 0.594173 
0.837174 -0.684487 
0.027533 0.81322 
0.840792 -0.722665 
0.63782 -0.389766 
0.238982 0.287081 
0.626953 -0.260848 
0.197669 0.575315 
0.211127 0.473176 
0.207983 0.492829 
0.620133 -0.150753 
0.826172 -0.513482 
0.234465 0.319248 
0.191641 0.613452 
0.427124 0.0277547 
0.03125 0.797342 
0.83103 -0.597619 
0.441406 -0.0885028 
0.436523 -0.0580154 
0.415039 0.167171 
0.015625 0.867688 
0.83583 -0.6652 
0.839355 -0.707721 
0.428833 0.00814846 
0.226836 0.36996 
0.648627 -0.446684 
0.189079 0.630293 
0.430664 -0.00958769 
0.418961 0.119763 
0.834881 -0.643522 
0.236075 0.301611 
0.420914 0.10241 
0.207755 0.514737 
0.440178 -0.0706808 
0.213827 0.456344 
0.423829 0.068455 
0.422852 0.0865957 
0.226866 0.354204 
0.433784 -0.0372972 
0.827637 -0.535862 
0.0078125 0.909762 
0.621048 -0.168317 
0.0732422 0.677118 
0.62207 -0.185467 
0.829805 -0.576209 
0.0127563 0.882344 
0.636719 -0.370976 
0.41761 0.137577 
0.623047 -0.201857 
0.416512 0.150698 
0.628906 -0.287996 
0.624285 -0.216787 
0.203299 0.533324 
0.432617 -0.0271447 
0.832434 -0.618486 
0.625977 -0.245027 
0.851836 -0.756831 
0.625 -0.232452 
0.829077 -0.564 
0.828684 -0.547205 
0.0117188 0.897084 
0.633978 -0.345161 
0.425049 0.0483263 
