0.851806 -0.773367 
0 1.00001 
0.65234 -0.458251 
0.823364 -0.458912 
0.618439 -0.124726 
0.454102 -0.124204 
0.409424 0.240707 
0.257813 0.242168 
0.182373 0.668869 
0.0819988 0.669718 
0.243439 0.268625 
0.238279 0.289787 
0.0078125 0.909727 
0.234375 0.310203 
0.827148 -0.503038 
0.0117133 0.887922 
0.00442511 0.932887 
0.25 0.250005 
0.192444 0.607799 
0.198364 0.564893 
0.630188 -0.301976 
0.442383 -0.0946177 
0.195556 0.586016 
0.843872 -0.742134 
0.015625 0.867642 
0.20166 0.543081 
0.186279 0.649096 
0.189453 0.629447 
0.0547002 0.725733 
0.620049 -0.150681 
0.046875 0.736955 
0.827271 -0.534339 
0.418953 0.129583 
0.416332 0.151415 
0.626953 -0.259385 
0.019496 0.8492 
0.411194 0.217896 
0.632141 -0.326445 
0.824463 -0.480347 
0.230432 0.333379 
0.414795 0.174422 
0.0234375 0.831194 
0.431885 -0.0203589 
0.438477 -0.072218 
0.22467 0.36978 
0.412842 0.195553 
0.0273071 0.814113 
0.622551 -0.193988 
0.057373 0.704712 
0.628204 -0.279176 
0.420412 0.106297 
0.625 -0.2325 
0.425049 0.0472517 
0.621368 -0.172547 
0.227814 0.348346 
0.00129819 0.970844 
0.210937 0.474056 
0.646484 -0.443768 
0.215821 0.43672 
0.847774 -0.763935 
0.638916 -0.399627 
0.213506 0.455269 
0.84106 -0.722941 
0.838989 -0.705138 
0.0349121 0.783516 
0.633789 -0.346658 
0.218262 0.417006 
0.03125 0.797249 
0.423378 0.0691745 
0.837189 -0.683868 
0.0422363 0.753542 
0.0625 0.692414 
0.0393065 0.76698 
0.204102 0.522008 
0.434816 -0.0420264 
0.00195313 0.9557 
0.624107 -0.216616 
0.833253 -0.629051 
0.421875 0.086872 
0.83199 -0.608659 
0.208013 0.49213 
0.429817 -0.00112789 
0.828618 -0.553715 
0.835828 -0.665732 
0.834673 -0.646498 
0.82974 -0.571879 
0.830763 -0.59095 
0.447418 -0.109062 
0.0733643 0.675774 
0.636714 -0.379984 
0.635986 -0.365464 
0.0683594 0.682009 
0.428346 0.0309013 
0.222046 0.387506 
0.641602 -0.417355 
0.206055 0.507121 
0.436279 -0.0560615 
0.221924 0.402792 
0.643553 -0.428264 
0.428955 0.016614 
