0 1.00002 
0.851854 -0.77336 
0.652333 -0.458241 
0.82373 -0.466341 
0.618408 -0.124365 
0.453116 -0.124075 
0.409424 0.240738 
0.257813 0.242219 
0.182404 0.669049 
0.0830466 0.669733 
0.834961 -0.656268 
0.411865 0.218695 
0.837456 -0.686805 
0.000976563 0.969395 
0.424246 0.0586108 
0.421872 0.0874367 
0.42749 0.0381303 
0.429199 0.0113101 
0.221924 0.388173 
0.622192 -0.187873 
0.218749 0.411022 
0.420166 0.107565 
0.623566 -0.209328 
0.62085 -0.165108 
0.831093 -0.599902 
0.208496 0.4893 
0.0078125 0.909766 
0.0151367 0.870167 
0.415176 0.166093 
0.619812 -0.14475 
0.00439453 0.933259 
0.417955 0.130673 
0.205597 0.510829 
0.0495605 0.734253 
0.630045 -0.300842 
0.0116315 0.891161 
0.216084 0.431949 
0.631729 -0.322079 
0.829888 -0.579283 
0.233336 0.315896 
0.627201 -0.263922 
0.0195313 0.850604 
0.435211 -0.0434467 
0.190437 0.620493 
0.211487 0.468464 
0.839111 -0.706085 
0.22589 0.366815 
0.841218 -0.725291 
0.195925 0.583085 
0.635143 -0.3584 
0.824803 -0.485466 
0.829346 -0.560289 
0.193356 0.600523 
0.825723 -0.504338 
0.236847 0.296618 
0.199217 0.562822 
0.0234375 0.831928 
0.828112 -0.541417 
0.826783 -0.523203 
0.43047 -0.00765725 
0.628896 -0.281892 
0.636591 -0.37833 
0.644521 -0.437569 
0.213471 0.450926 
0.843765 -0.744215 
0.633289 -0.340399 
0.00292969 0.950227 
0.432485 -0.0256774 
0.203116 0.529477 
0.0273331 0.814174 
0.416612 0.148044 
0.437622 -0.0643396 
0.230343 0.335415 
0.1875 0.63901 
0.833291 -0.633546 
0.240753 0.27888 
0.03125 0.797262 
0.833008 -0.622287 
0.0351715 0.781282 
0.201163 0.546096 
0.625 -0.231024 
0.065918 0.686563 
0.625977 -0.242764 
0.441468 -0.0780605 
0.0429697 0.751012 
0.638667 -0.395197 
0.228027 0.350244 
0.0546875 0.712452 
0.039354 0.76455 
0.18631 0.654268 
0.846956 -0.761376 
0.244905 0.263612 
0.41333 0.189098 
0.445435 -0.106341 
0.445303 -0.0963054 
0.0582925 0.703942 
0.640619 -0.409881 
0.64391 -0.422862 
0.25 0.250013 
0.0737305 0.674362 
