1.19869 0.40178 
1.03691 0.992531 
1.18797 0.41096 
0.954009 1.51064 
1.1771 0.424221 
0.940221 1.53597 
0.96415 1.50351 
1.05616 0.963768 
1.04913 0.970091 
1.04271 0.970224 
1.04018 0.976335 
0.954009 1.51064 
0.96415 1.50351 
0.940221 1.53597 
1.17983 0.420339 
1.18262 0.414845 
0.954009 1.51064 
1.18169 0.415114 
1.16961 0.429844 
0.940465 1.52671 
1.0356 1.00541 
0.954009 1.51064 
1.17983 0.420339 
1.04271 0.970224 
1.0356 1.00541 
1.04943 0.964828 
0.944021 1.51719 
1.17983 0.420339 
1.17919 0.423859 
1.17226 0.427827 
1.03848 0.976782 
1.04686 0.970137 
0.954009 1.51064 
1.04943 0.964828 
1.16747 0.433782 
0.954009 1.51064 
1.18169 0.415114 
1.0356 1.00541 
0.96415 1.50351 
0.938164 1.54191 
1.2191 0.409214 
1.20815 0.410465 
1.20815 0.410465 
1.18797 0.414417 
1.17869 0.424221 
1.17869 0.424221 
1.17737 0.426836 
1.06119 0.964743 
1.18307 0.414845 
1.17125 0.430279 
0.940575 1.52671 
1.04448 0.97426 
1.0456 0.971058 
0.94621 1.52533 
0.94632 1.51719 
0.94621 1.52533 
1.18053 0.420339 
1.18037 0.424145 
1.17609 0.427827 
1.03848 0.978086 
1.0393 0.97736 
1.04686 0.970224 
1.04686 0.970224 
1.04686 0.970224 
1.04686 0.970224 
1.05616 0.966285 
1.05616 0.966285 
1.05328 0.969104 
1.16747 0.434513 
1.16903 0.434328 
0.956308 1.51064 
0.956308 1.51064 
0.956308 1.51064 
0.956308 1.51064 
0.956308 1.51064 
0.956308 1.51064 
0.956308 1.51064 
0.956308 1.51064 
0.954009 1.51128 
1.0356 1.00948 
0.975553 1.50386 
0.940221 1.54191 
0.940221 1.54191 
0.940221 1.54191 
0.940221 1.54191 
0.940221 1.54191 
0.938164 1.54867 
0.940221 1.54191 
0.940221 1.54191 
1.21395 0.410465 
1.20815 0.41096 
1.19242 0.414417 
1.19242 0.414417 
1.17919 0.426452 
1.09652 0.965784 
1.09652 0.965784 
1.18462 0.414845 
1.1839 0.418329 
1.17229 0.430279 
1.17229 0.430279 
0.944021 1.53225 
0.944021 1.53225 
1.04509 0.974476 
1.0463 0.974198 
0.94643 1.51906 
0.94632 1.52533 
1.18071 0.420339 
1.18071 0.420339 
1.17643 0.427827 
1.17643 0.427827 
1.17643 0.427827 
1.17643 0.427827 
1.17643 0.427827 
1.17643 0.427827 
1.17643 0.427827 
1.17643 0.427827 
1.17643 0.427827 
1.17643 0.427827 
1.17643 0.427827 
1.03996 0.988425 
1.04245 0.98145 
1.0416 0.98412 
1.04482 0.978126 
1.04271 0.980744 
1.04401 0.978576 
1.03978 1.00541 
1.04686 0.971237 
1.04895 0.970224 
1.04686 0.971237 
1.05917 0.968486 
1.06344 0.966285 
1.06344 0.966285 
1.05575 0.969647 
1.05575 0.969647 
1.05575 0.969647 
1.05575 0.969647 
1.16846 0.439927 
1.16903 0.435969 
0.956419 1.51064 
0.956419 1.51064 
0.956419 1.51064 
0.956419 1.51064 
0.956419 1.51064 
0.956419 1.51064 
0.956419 1.51064 
0.956419 1.51064 
0.956419 1.51064 
0.954009 1.51228 
1.0356 1.01256 
0.943164 1.63394 
1.21874 0.410465 
1.21874 0.410465 
1.21052 0.41096 
1.19665 0.414417 
1.17919 0.426697 
1.17986 0.426539 
1.17986 0.426539 
1.10173 0.965784 
1.18575 0.414845 
1.18575 0.414845 
1.17521 0.431817 
1.1725 0.434513 
1.1736 0.432962 
0.944262 1.53537 
1.04523 0.977143 
0.950209 1.52166 
0.94643 1.52533 
0.94632 1.52861 
1.18124 0.424221 
1.18173 0.420339 
1.18173 0.420339 
1.18173 0.420339 
1.18158 0.423859 
1.18173 0.420339 
1.17727 0.428768 
1.17643 0.429844 
1.17643 0.429844 
1.17764 0.428568 
1.17643 0.429844 
1.17919 0.427827 
1.17919 0.427827 
1.17919 0.427827 
1.17919 0.427827 
1.17643 0.429844 
1.17919 0.427827 
1.17919 0.427827 
1.17919 0.427827 
1.17643 0.429844 
1.04465 0.98412 
1.04482 0.981564 
1.04509 0.978576 
1.04465 0.98412 
1.03978 1.00731 
1.0416 1.00541 
1.03978 1.00731 
1.04974 0.970224 
1.04974 0.970224 
1.04974 0.970224 
1.04974 0.970224 
1.04974 0.970224 
1.04974 0.970224 
1.04943 0.970457 
1.04974 0.970224 
1.04974 0.970224 
1.04974 0.970224 
1.04974 0.970224 
1.04974 0.970224 
1.04974 0.970224 
1.04974 0.970224 
1.04974 0.970224 
1.04974 0.970224 
1.04974 0.970224 
1.04686 0.971852 
1.04686 0.971852 
1.04686 0.971852 
1.0606 0.969545 
1.06831 0.966481 
1.16961 0.438932 
1.16961 0.438932 
1.17096 0.435969 
1.17075 0.436051 
1.16961 0.438932 
1.16939 0.443817 
1.17096 0.435969 
1.16961 0.438932 
0.956419 1.51128 
0.96449 1.51087 
0.96449 1.51087 
0.966789 1.51064 
0.96449 1.51087 
0.96449 1.51087 
0.966789 1.51064 
0.954009 1.51719 
0.954009 1.51719 
0.954009 1.51719 
0.954009 1.51719 
0.954009 1.51719 
0.954009 1.51719 
0.954009 1.51719 
0.954009 1.51719 
0.954009 1.51719 
1.03691 1.01378 
0.943164 1.63998 
0.943164 1.63998 
0.943164 1.63998 
0.943164 1.63998 
0.943164 1.63998 
0.943164 1.63998 
0.943164 1.63998 
0.943164 1.63998 
1.22053 0.410465 
1.22053 0.410465 
1.22053 0.410465 
1.22053 0.410465 
1.22053 0.410465 
1.22053 0.410465 
1.22053 0.410465 
1.22053 0.410465 
1.22053 0.410465 
1.21111 0.41096 
1.21111 0.41096 
1.21111 0.41096 
1.17976 0.426697 
1.18585 0.414845 
1.18585 0.414845 
1.18585 0.414845 
1.18585 0.414845 
1.18585 0.414845 
1.18585 0.414845 
1.17255 0.434513 
1.17255 0.434513 
1.17255 0.434513 
1.17255 0.434513 
1.17255 0.434513 
1.17255 0.434513 
1.17255 0.434513 
1.17596 0.433118 
1.1736 0.433179 
0.94621 1.53537 
1.0463 0.977143 
0.950702 1.5223 
0.94643 1.52589 
0.948378 1.52533 
0.94632 1.53526 
0.94632 1.53526 
1.18169 0.424145 
1.18169 0.424145 
1.18169 0.424145 
1.18169 0.424145 
1.18169 0.424145 
1.18169 0.424145 
1.18169 0.424145 
1.18169 0.424145 
1.18169 0.424145 
1.18241 0.423213 
1.18248 0.420339 
1.17919 0.427827 
1.17919 0.427827 
1.17919 0.427827 
1.17919 0.427827 
1.17919 0.427827 
1.17919 0.427827 
1.17919 0.427827 
1.17919 0.427827 
1.17919 0.427827 
1.17919 0.427827 
1.17919 0.427827 
1.17919 0.427827 
1.17919 0.427827 
1.17919 0.427827 
1.17919 0.427827 
1.17919 0.427827 
1.17919 0.427827 
1.17919 0.427827 
1.17919 0.427827 
1.17919 0.427827 
1.17919 0.427827 
1.17919 0.427827 
1.17919 0.427827 
1.17919 0.427827 
1.17707 0.429844 
1.17707 0.429844 
1.17707 0.429844 
1.17707 0.429844 
1.17707 0.429844 
1.17707 0.429844 
1.17707 0.429844 
1.17707 0.429844 
1.17707 0.429844 
1.17707 0.429844 
1.17707 0.429844 
1.17695 0.431846 
1.17707 0.429844 
1.17707 0.429844 
1.17707 0.429844 
1.04482 0.982807 
1.04523 0.981553 
1.04523 0.981553 
1.04573 0.978779 
1.04465 0.98827 
1.04482 0.986992 
1.04465 0.98827 
1.04482 0.986992 
1.05288 0.970224 
1.05288 0.970224 
1.04974 0.971066 
1.04992 0.970457 
1.04686 0.972539 
1.06078 0.969778 
1.06967 0.966481 
1.16939 0.452655 
1.16939 0.452655 
1.17105 0.437104 
1.17009 0.439753 
1.17009 0.439753 
0.956801 1.51219 
0.958718 1.51175 
0.966704 1.51087 
0.964688 1.51128 
0.975553 1.51078 
0.980787 1.51064 
0.975553 1.51078 
0.954009 1.51759 
0.956113 1.51719 
0.954009 1.51759 
0.954009 1.51759 
0.954009 1.51759 
0.954009 1.51759 
1.04119 1.03569 
0.943164 3.41314 
0.943164 3.41314 
1.32421 0.410465 
1.21395 0.41096 
1.21395 0.41096 
1.21395 0.41096 
1.21395 0.41096 
1.17986 0.426697 
1.18668 0.414845 
1.18608 0.418329 
1.17315 0.434513 
1.17255 0.436348 
1.17596 0.433782 
0.94621 1.54191 
0.94643 1.53194 
0.94643 1.53194 
0.950014 1.52671 
0.950209 1.52602 
0.94632 1.53597 
0.94632 1.53597 
0.94632 1.53597 
1.18307 0.420339 
1.18307 0.420339 
1.18307 0.420339 
1.18307 0.420339 
1.18278 0.424145 
1.18278 0.424145 
1.18278 0.424145 
1.18265 0.42648 
1.18278 0.424145 
1.18278 0.424145 
1.18278 0.424145 
1.18278 0.424145 
1.18307 0.420339 
1.18307 0.420339 
1.17967 0.427827 
1.17937 0.428768 
1.17897 0.429844 
1.17897 0.429844 
1.1772 0.430279 
1.17897 0.429844 
1.04523 0.98566 
1.0463 0.985004 
1.04665 0.982271 
1.04477 0.991847 
1.05328 0.970432 
1.05328 0.970432 
1.05328 0.970432 
1.05328 0.970432 
1.05328 0.970432 
1.05328 0.970432 
1.05328 0.970432 
1.05328 0.970432 
1.05328 0.970432 
1.05328 0.970432 
1.05328 0.970432 
1.05328 0.970432 
1.05328 0.970432 
1.05328 0.970432 
1.05328 0.970432 
1.05328 0.970432 
1.05328 0.970432 
1.05328 0.970432 
1.05328 0.970432 
1.05328 0.970432 
1.05521 0.970224 
1.05328 0.970432 
1.05328 0.970432 
1.05328 0.970432 
1.05328 0.970432 
1.05328 0.970432 
1.05328 0.970432 
1.05033 0.970457 
1.04974 0.972539 
1.04686 0.973559 
1.06111 0.970148 
1.06111 0.970148 
1.06111 0.970148 
1.09652 0.968026 
1.09652 0.968026 
1.09652 0.968026 
1.0881 0.969778 
1.09584 0.968848 
1.16939 0.453165 
1.17167 0.437838 
0.96449 1.51251 
0.96449 1.51251 
0.966789 1.51087 
0.966789 1.51087 
0.966789 1.51087 
0.966789 1.51087 
0.966789 1.51087 
0.966789 1.51087 
0.966789 1.51087 
0.966789 1.51087 
0.966789 1.51087 
0.966789 1.51087 
0.966789 1.51087 
0.993174 1.51064 
0.992427 1.51065 
0.980787 1.51065 
0.956199 1.51719 
0.954009 1.5188 
0.954009 1.5188 
0.955957 1.51759 
1.04465 1.07125 
1.32731 0.410465 
0.94621 2.23645 
1.09584 0.969226 
1.16939 0.454096 
1.04465 1.21522 
1.02133 1.51065 
0.94643 1.53225 
1.04509 1.03128 
1.18686 0.414845 
0.9669 1.51087 
1.04523 0.991084 
1.0904 0.970091 
1.06154 0.970148 
0.956308 1.51719 
1.04686 0.97357 
1.17172 0.450108 
1.0463 0.98621 
0.9501 1.52671 
1.17203 0.439753 
0.9669 1.51087 
1.18318 0.420339 
0.955642 1.52109 
1.18169 0.426697 
1.17339 0.436051 
1.18307 0.423213 
