0.694333 1.24555 
1.20514 0.412812 
1.57035 0.389925 
1.19687 0.439677 
0.708916 1.2288 
0.693861 1.26522 
0.693861 1.26522 
1.19717 0.433496 
1.19685 0.464838 
1.20402 0.420954 
1.19685 0.464838 
0.708916 1.2288 
1.19883 0.427629 
1.19718 0.431734 
1.20402 0.420954 
0.68952 2.24695 
0.758252 1.21023 
1.21518 0.400563 
1.2149 0.404891 
0.693861 1.26522 
1.20402 0.420954 
1.20514 0.412812 
0.689848 1.26817 
1.21057 0.405263 
1.20402 0.420954 
0.694333 1.24988 
0.694333 1.24988 
1.19687 0.445132 
1.19685 0.467047 
0.746622 1.2288 
0.746622 1.2288 
0.746622 1.2288 
0.728329 1.24722 
0.746622 1.2288 
0.746622 1.2288 
0.730862 1.23562 
1.19977 0.429645 
1.19718 0.433287 
0.77311 1.21023 
1.23898 0.401214 
1.20533 0.413123 
0.692021 1.33931 
0.691658 1.41763 
1.21518 0.406553 
1.21518 0.406553 
1.21518 0.406553 
1.21518 0.406553 
1.21407 0.410499 
1.22686 0.40628 
1.21518 0.406553 
1.2149 0.407545 
1.20402 0.422665 
1.20456 0.422037 
0.694333 1.25022 
0.694333 1.25022 
0.694333 1.25022 
0.694333 1.25022 
0.694333 1.25022 
0.694333 1.25022 
1.19717 0.447108 
1.19685 0.472015 
1.19687 0.467988 
0.751412 1.24167 
0.751412 1.24167 
0.747451 1.24494 
1.20184 0.430651 
1.19718 0.441248 
1.19789 0.433496 
1.06298 1.21023 
0.976644 1.22865 
0.943801 1.23562 
1.28334 0.405411 
1.5701 0.402065 
1.28334 0.405411 
1.20789 0.418221 
1.20533 0.418235 
0.692919 1.41012 
0.691658 1.49903 
1.22404 0.408802 
1.2149 0.412796 
1.2149 0.412796 
1.25033 0.408101 
1.2149 0.412796 
1.21559 0.409083 
1.20404 0.430542 
1.20404 0.430542 
0.694333 1.26522 
0.694333 1.26522 
0.708043 1.25022 
0.708043 1.25022 
1.19717 0.44886 
1.19717 0.44886 
1.19717 0.44886 
1.19685 0.476087 
1.19687 0.471534 
0.750363 1.24722 
0.750363 1.24722 
0.773427 1.24689 
1.19718 0.44841 
1.19718 0.44841 
1.19718 0.44841 
1.19718 0.44841 
1.20272 0.43377 
1.19789 0.434041 
1.19789 0.434041 
0.949885 1.24167 
1.28514 0.405411 
1.20788 0.418686 
1.20533 0.419192 
0.691658 1.50783 
1.22529 0.40893 
1.21492 0.418221 
1.21518 0.413595 
1.21518 0.413595 
1.21803 0.409416 
1.21605 0.411409 
1.20458 0.430542 
0.694645 1.35722 
0.696992 1.28313 
0.698849 1.27446 
0.694333 1.36377 
0.696992 1.28313 
0.71881 1.25022 
0.708916 1.26522 
0.708425 1.26835 
1.19717 0.454266 
1.19685 0.479066 
1.19685 0.479066 
1.19685 0.479066 
1.19685 0.479066 
1.19687 0.4782 
0.750809 1.24722 
1.19718 0.449067 
1.19718 0.449067 
1.19789 0.434567 
1.19789 0.434567 
1.20402 0.434408 
1.28984 0.407573 
1.54789 0.405902 
1.28984 0.407573 
1.21098 0.418847 
1.21098 0.418847 
1.21098 0.418847 
1.21057 0.418919 
1.20534 0.42037 
1.20534 0.42037 
1.20533 0.420794 
1.20724 0.419775 
1.20534 0.42037 
0.693008 1.63381 
0.692021 2.02322 
0.692071 1.87397 
1.2529 0.409177 
1.21518 0.414363 
1.21518 0.414363 
1.21518 0.414363 
1.21518 0.414363 
1.22937 0.40982 
1.22937 0.40982 
1.22874 0.411409 
1.21667 0.412796 
1.22874 0.411409 
1.20514 0.432228 
1.20514 0.432228 
0.700619 1.27883 
0.694333 1.37598 
0.697912 1.33864 
0.698849 1.32243 
0.731053 1.25022 
0.731053 1.25022 
0.731053 1.25022 
0.731053 1.25022 
0.731053 1.25022 
0.72153 1.26038 
0.731053 1.25022 
0.731053 1.25022 
0.708916 1.26835 
0.708916 1.26835 
0.708916 1.26835 
1.19717 0.456018 
1.19685 0.488695 
1.19687 0.481065 
1.19718 0.455206 
1.19791 0.436368 
1.55011 0.405902 
1.43477 0.408087 
1.211 0.418847 
1.20533 0.420954 
1.20533 0.420954 
0.693008 1.66661 
0.693008 1.66661 
0.692071 2.27965 
1.36282 0.409729 
1.21605 0.416026 
1.27391 0.411274 
1.22297 0.412796 
1.21898 0.415155 
0.707635 1.31959 
0.708043 1.28369 
0.694333 1.38564 
0.694333 1.38564 
0.694333 1.38564 
0.694333 1.38564 
0.694333 1.38564 
0.694333 1.38564 
0.694333 1.38564 
0.699673 1.38093 
0.701033 1.33478 
0.72153 1.26817 
0.72297 1.26522 
0.73428 1.25482 
0.745052 1.25022 
0.731721 1.25735 
0.745052 1.25022 
0.745052 1.25022 
0.708916 1.27461 
1.19717 0.457758 
1.19685 0.490537 
1.19685 0.490537 
1.19685 0.490537 
1.19687 0.488223 
1.20044 0.436368 
1.19976 0.440932 
1.19883 0.445879 
1.19791 0.451149 
1.56751 0.406339 
1.21204 0.420794 
1.21204 0.420794 
1.21204 0.420794 
1.21204 0.420794 
1.21204 0.420794 
1.2149 0.418847 
1.20533 0.424114 
1.20533 0.424114 
1.20534 0.42124 
0.69414 1.69769 
1.37832 0.409729 
1.37832 0.409729 
1.37832 0.409729 
1.21658 0.418686 
1.24829 0.412796 
1.24829 0.412796 
1.22348 0.413864 
1.22706 0.413101 
1.21898 0.41532 
1.21898 0.41532 
1.21898 0.41532 
0.708565 1.28652 
0.708043 1.3207 
0.708043 1.3207 
0.694333 1.40087 
0.695471 1.38564 
0.695471 1.38564 
0.694333 1.40087 
0.695471 1.38564 
0.727776 1.26522 
0.736804 1.25679 
0.732729 1.26058 
0.735881 1.25947 
0.732729 1.26058 
0.746622 1.25022 
0.746622 1.25022 
0.71572 1.27628 
0.709026 1.28369 
0.709026 1.28369 
1.19718 0.459883 
1.19685 0.491126 
1.20107 0.440058 
1.20184 0.439391 
1.20184 0.439391 
1.20402 0.437672 
1.2047 0.437337 
1.20107 0.440058 
1.19977 0.441128 
1.19976 0.443412 
1.19884 0.446525 
1.57035 0.406339 
1.21204 0.420863 
1.2149 0.420843 
1.2149 0.420843 
1.21559 0.419921 
1.216 0.419623 
1.21518 0.420794 
1.21518 0.420794 
1.21518 0.420794 
1.21559 0.419921 
1.21605 0.418847 
1.21518 0.420794 
1.216 0.419623 
1.20533 0.427665 
1.20534 0.422464 
1.20534 0.422464 
1.21152 0.422018 
1.20534 0.422464 
1.20534 0.422464 
1.2077 0.422037 
1.48789 0.40982 
1.42185 0.412796 
1.2367 0.413101 
1.2286 0.414363 
1.2286 0.414363 
1.23523 0.413254 
1.21898 0.416026 
1.21898 0.416026 
1.22824 0.415977 
1.21898 0.416026 
0.708582 1.28652 
0.708565 1.29583 
0.708043 1.32429 
0.694333 1.61141 
0.695211 1.50744 
0.695471 1.39504 
0.696992 1.38578 
0.731053 1.26522 
0.736056 1.25947 
0.733953 1.26287 
0.75046 1.25022 
0.71881 1.27931 
0.71881 1.27931 
0.71572 1.28553 
1.19828 0.465095 
1.19828 0.465095 
1.19828 0.465095 
1.19718 0.471895 
1.19828 0.465095 
1.19685 0.491489 
1.20184 0.440162 
1.20458 0.440058 
1.20458 0.440058 
1.20044 0.44722 
1.19884 0.456775 
1.20042 0.450885 
1.19885 0.455559 
1.19977 0.45497 
1.58098 0.406339 
1.58098 0.406339 
1.21204 0.420954 
1.21204 0.420954 
1.21204 0.420954 
1.21204 0.420954 
1.21204 0.420954 
1.21204 0.420954 
1.21204 0.420954 
1.21204 0.420954 
1.21204 0.420954 
1.21605 0.419623 
1.20533 0.428112 
1.20533 0.428112 
1.20688 0.422665 
1.20688 0.422665 
1.20688 0.422665 
1.20688 0.422665 
1.20623 0.422835 
1.20623 0.422835 
1.20789 0.422464 
1.20789 0.422464 
1.20789 0.422464 
1.5145 0.412275 
1.23898 0.413101 
1.23898 0.413101 
1.23194 0.41532 
1.23194 0.41532 
1.23194 0.41532 
1.23194 0.41532 
1.23194 0.41532 
1.23886 0.413254 
1.23621 0.413864 
1.23621 0.413864 
1.219 0.418221 
1.219 0.418221 
1.22686 0.416026 
1.22403 0.416846 
1.21898 0.418686 
1.21898 0.418686 
0.711776 1.28652 
0.711776 1.28652 
0.711776 1.28652 
0.711776 1.28652 
0.711776 1.28652 
0.709167 1.31517 
0.708869 1.35371 
0.694333 1.62618 
0.69692 1.42498 
0.696413 1.44005 
0.698486 1.40412 
0.698849 1.39504 
0.708043 1.38815 
0.697912 1.40455 
0.708043 1.38815 
0.698486 1.40412 
0.731721 1.26882 
0.731721 1.26882 
0.731721 1.26882 
0.739088 1.26859 
0.739088 1.26859 
0.739088 1.26859 
0.739088 1.26859 
0.74178 1.26515 
0.750208 1.26287 
0.74178 1.26515 
0.750208 1.26287 
0.746622 1.26336 
0.759337 1.25032 
0.750809 1.25937 
0.71881 1.28615 
1.19718 0.475406 
1.19718 0.475406 
1.19718 0.475406 
1.19828 0.472636 
1.19828 0.472636 
1.19685 0.491608 
1.20272 0.44329 
1.20272 0.44329 
1.20317 0.441248 
1.20148 0.448843 
1.19976 0.456018 
1.19976 0.456018 
1.19885 0.463491 
1.19885 0.463491 
1.58383 0.406339 
1.58383 0.406339 
1.58383 0.406339 
1.58383 0.406339 
1.21204 0.422022 
1.2149 0.420954 
1.21858 0.419623 
1.21858 0.419623 
1.20533 0.429748 
1.20742 0.422665 
1.24554 0.413101 
1.22824 0.416453 
1.21898 0.418847 
1.21898 0.418847 
1.21898 0.418847 
1.21898 0.418847 
1.21898 0.418847 
1.21898 0.418847 
1.21898 0.418847 
1.21898 0.418847 
1.21898 0.418847 
1.21898 0.418847 
1.21898 0.418847 
0.694333 2.01733 
1.61715 0.406339 
0.951826 1.25401 
1.19685 0.491826 
0.696283 1.66479 
0.69692 1.43729 
0.817844 1.25746 
0.754108 1.2596 
0.70935 1.31685 
0.703367 1.40412 
0.694645 1.72298 
0.709085 1.36434 
0.708869 1.36878 
0.699977 1.41925 
0.731721 1.2794 
0.711933 1.28652 
0.742119 1.26515 
1.2286 0.418049 
1.19976 0.456579 
1.24554 0.415177 
0.69692 1.43729 
0.711776 1.30161 
1.20495 0.44585 
0.73428 1.27164 
0.753349 1.26231 
1.20533 0.430521 
1.19718 0.482011 
0.711933 1.28652 
0.711776 1.30161 
1.2212 0.418847 
1.19884 0.478728 
1.19915 0.468174 
1.20784 0.422974 
0.694544 1.73411 
0.694645 1.72298 
1.19885 0.469485 
1.21746 0.421263 
1.21492 0.422464 
1.19685 0.491826 
0.731721 1.2794 
1.2015 0.448843 
0.739088 1.2714 
1.22826 0.418221 
1.20958 0.422665 
1.20534 0.430067 
1.24648 0.413101 
1.20307 0.44722 
0.739088 1.2714 
0.754108 1.2596 
0.753349 1.26231 
1.2015 0.448843 
1.20534 0.430067 
1.24648 0.413101 
1.24554 0.415177 
1.20402 0.446037 
1.20402 0.446037 
1.20533 0.430521 
1.20533 0.430521 
