0.751613 0.844733 
0.734107 0.846599 
1.06498 0.51165 
0.729766 0.849484 
0.714786 0.869863 
0.734302 0.846465 
0.734107 0.846599 
0.72558 0.849664 
0.713263 1.39555 
0.739519 0.845638 
0.743078 0.845392 
0.719501 0.850131 
0.733554 0.849159 
1.0548 0.512711 
0.729766 0.849484 
0.731777 0.849286 
1.05438 0.513123 
1.05548 0.51172 
1.04536 0.519611 
0.734302 0.846465 
0.719245 0.852711 
0.715046 0.85491 
1.05328 0.515013 
0.752028 0.84521 
0.734107 0.846647 
0.714082 1.57588 
0.740233 0.846401 
0.741589 0.845653 
0.74109 0.84571 
0.749104 0.845638 
0.721698 0.850721 
0.72558 0.850558 
0.733595 0.849203 
0.729766 0.8497 
0.731883 0.849286 
1.0548 0.513885 
1.0548 0.513885 
1.06451 0.513343 
1.32523 0.511859 
1.06498 0.513123 
1.07721 0.512111 
1.07573 0.512817 
1.04819 0.523816 
1.04956 0.520466 
1.05245 0.520259 
1.04819 0.523816 
1.04616 0.524092 
0.719245 0.852827 
0.71777 0.857024 
0.718992 0.856123 
0.718759 0.856856 
1.05343 0.51614 
1.05382 0.515834 
0.734302 0.846804 
0.717094 2.0793 
0.716536 2.68809 
0.74094 0.846647 
0.741589 0.845803 
0.744445 0.845785 
0.723633 0.852084 
0.721924 0.852482 
0.722911 0.852314 
0.725161 0.851523 
0.727538 0.850783 
0.731725 0.850003 
0.729766 0.850265 
0.731927 0.849323 
1.05562 0.514725 
1.05562 0.514725 
1.05562 0.514725 
1.05548 0.514911 
1.05562 0.514725 
1.05494 0.515482 
1.05562 0.514725 
1.05562 0.514725 
1.05494 0.515482 
1.05494 0.515482 
1.06451 0.513579 
1.33117 0.512041 
1.07412 0.51351 
1.07799 0.51244 
1.07573 0.513123 
1.07573 0.513123 
1.05228 0.522563 
1.04722 0.5278 
1.04819 0.525944 
1.04722 0.5278 
0.71777 0.858669 
0.719245 0.858493 
0.719245 0.858493 
0.719245 0.858493 
0.719245 0.858493 
1.05344 0.517438 
1.05343 0.520466 
1.05343 0.520466 
1.05376 0.517329 
1.05453 0.515904 
1.05453 0.515904 
1.05453 0.515904 
1.05382 0.516901 
0.734302 0.848686 
0.734433 0.847421 
0.734302 0.848686 
0.750091 0.845995 
0.750091 0.845995 
0.74913 0.846308 
0.745562 0.847243 
0.721924 0.852827 
0.723633 0.852598 
0.724368 0.85238 
0.725763 0.851677 
0.731052 0.85147 
0.731278 0.850265 
0.731278 0.850265 
0.732043 0.849445 
1.05494 0.515598 
1.05494 0.515598 
1.06498 0.514911 
1.07001 0.514616 
1.06509 0.514655 
1.06462 0.515177 
1.07504 0.513885 
1.07443 0.514471 
1.48143 0.513281 
1.07886 0.513658 
1.07954 0.513579 
1.0526 0.523278 
1.05228 0.525587 
1.05228 0.525587 
1.0526 0.523278 
1.05228 0.525587 
1.05309 0.522908 
1.05002 0.527311 
1.04819 0.727328 
1.04819 0.727328 
0.71777 0.86206 
0.71777 0.86206 
0.71777 0.86206 
0.719834 0.859419 
1.05344 0.519422 
1.05343 0.522588 
1.05343 0.522588 
1.05343 0.522588 
1.05382 0.518642 
0.744265 0.847517 
0.736885 0.847579 
0.734302 0.848906 
0.814095 0.845995 
0.750091 0.846212 
0.722911 0.853317 
0.721924 0.858493 
0.722058 0.856029 
0.723633 0.853159 
0.725161 0.852526 
0.730994 0.851764 
0.729934 0.852003 
0.731927 0.850979 
0.733595 0.849752 
0.732043 0.850211 
1.05494 0.515904 
1.06896 0.514908 
1.07181 0.514725 
1.06509 0.515073 
1.07059 0.514834 
1.06462 0.515537 
1.07604 0.513885 
1.07959 0.513579 
1.05333 0.524341 
1.04819 0.732413 
0.71777 0.942659 
0.719834 0.872569 
0.719834 0.872569 
0.719834 0.872569 
0.720233 0.85971 
1.05344 0.519659 
1.05382 0.51888 
1.0548 0.518735 
1.05382 0.51888 
0.747264 0.847563 
0.740905 0.848387 
0.74346 0.847928 
0.74346 0.847928 
0.741182 0.848133 
0.739519 0.848844 
0.734302 0.8492 
0.737772 0.849159 
0.770745 0.846212 
0.722911 0.855734 
0.722352 0.857154 
0.722445 0.8566 
0.723633 0.853392 
0.725161 0.852667 
0.731927 0.851011 
0.733458 0.850321 
1.05494 0.516665 
1.05494 0.516665 
1.05494 0.516665 
1.05562 0.515904 
1.07157 0.515529 
1.07194 0.515129 
1.06891 0.515546 
1.07736 0.514279 
1.48327 0.513885 
1.48327 0.513885 
1.48327 0.513885 
1.05343 0.661108 
1.04819 0.733237 
0.71777 1.10754 
0.720043 0.960299 
0.720043 0.960299 
0.720233 0.86059 
1.05344 0.521967 
1.05344 0.521967 
1.05367 0.521324 
1.05453 0.518945 
1.05438 0.519041 
1.05382 0.519792 
0.74109 0.848545 
0.743428 0.848408 
0.750133 0.848249 
0.740325 0.849031 
0.740325 0.849031 
0.734302 0.849445 
0.734302 0.849445 
0.734302 0.849445 
0.734302 0.849445 
0.740085 0.84935 
0.739709 0.84942 
0.722911 0.856224 
0.724967 0.855191 
0.725161 0.852827 
0.72771 0.852667 
0.733114 0.851829 
0.731927 0.852003 
0.733114 0.851829 
0.733595 0.851011 
0.734026 0.850924 
1.05494 0.516792 
1.05562 0.516025 
1.05562 0.516025 
1.07352 0.515223 
1.06912 0.515766 
1.07805 0.514643 
1.07805 0.514643 
1.07805 0.514643 
2.67719 0.514237 
2.67719 0.514237 
0.718955 1.17006 
0.720233 0.873338 
0.722538 0.860921 
0.720765 0.862254 
0.720459 0.86338 
1.05347 0.522813 
1.05344 0.523585 
1.05453 0.519032 
1.05453 0.519032 
1.05382 0.521026 
0.742667 0.848598 
0.74109 0.848906 
0.74109 0.848906 
0.74109 0.848906 
0.74109 0.848906 
0.74109 0.848906 
0.742401 0.848745 
0.744936 0.848408 
0.737911 0.849445 
0.734302 0.849717 
0.734302 0.849717 
0.736723 0.849681 
0.734302 0.849717 
0.736723 0.849681 
0.740387 0.84935 
0.723129 0.858005 
0.722911 0.858493 
0.724967 0.855742 
0.725161 0.852897 
0.726472 0.852841 
0.731432 0.852827 
0.731432 0.852827 
0.731432 0.852827 
0.731432 0.852827 
0.731432 0.852827 
0.731927 0.852069 
0.731927 0.852069 
0.731927 0.852069 
0.734065 0.851918 
1.05494 0.516901 
1.05494 0.516901 
1.06462 0.51614 
1.06343 0.516322 
1.07352 0.515459 
1.07416 0.515405 
1.07126 0.515766 
1.07805 0.515359 
1.07834 0.515306 
1.07954 0.515278 
1.07954 0.515278 
1.09952 0.51499 
1.12894 0.514725 
1.08086 0.515101 
0.718955 1.93316 
0.720233 0.87452 
0.722538 0.861374 
0.720765 0.863285 
0.720993 0.862254 
0.720824 0.862531 
1.05344 0.523964 
1.05344 0.523964 
1.05453 0.519785 
1.05438 0.521035 
1.05382 0.521126 
0.741574 0.848981 
0.741574 0.848981 
0.74109 0.849197 
0.746021 0.848545 
0.734302 0.850003 
0.734302 0.850003 
0.734302 0.850003 
0.734302 0.850003 
0.734302 0.850003 
0.734302 0.850003 
0.734302 0.850003 
0.734302 0.850003 
0.740192 0.849895 
0.740905 0.849512 
0.740387 0.849881 
0.724564 0.85814 
0.724564 0.85814 
0.722911 0.858583 
0.722911 0.858583 
0.724967 0.858054 
0.724967 0.858054 
0.725161 0.853086 
0.728804 0.852841 
0.72771 0.852897 
0.72771 0.852897 
0.72771 0.852897 
0.733595 0.852069 
0.733595 0.852069 
0.731927 0.852296 
0.733595 0.852069 
0.733458 0.85218 
1.05494 0.517028 
1.05494 0.517028 
1.06509 0.51614 
1.06509 0.51614 
1.06498 0.51617 
1.06509 0.51614 
1.06509 0.51614 
1.06509 0.51614 
1.06451 0.516359 
1.07561 0.515529 
1.07432 0.51554 
1.07561 0.515529 
1.0718 0.515766 
1.07169 0.515985 
1.07895 0.515459 
1.63529 0.514725 
1.18346 0.515129 
1.08571 0.515177 
0.720233 0.945872 
0.720459 0.877362 
0.720993 0.863285 
0.720993 0.863285 
0.722538 0.863071 
0.722594 0.862531 
1.05351 0.525794 
1.05453 0.521026 
1.05453 0.521026 
1.05382 0.521281 
0.744323 0.84935 
0.744936 0.849296 
0.741399 0.849459 
0.744936 0.849296 
0.746021 0.848906 
0.746021 0.848906 
0.751808 0.848693 
0.758219 0.848545 
0.7358 0.85075 
0.735761 0.851601 
0.735617 0.85184 
0.736595 0.850017 
0.7358 0.85075 
0.740929 0.850003 
0.724564 0.858232 
0.722911 0.858906 
0.725763 0.853159 
0.725161 0.853759 
0.725161 0.853759 
0.728966 0.852841 
0.728966 0.852841 
0.728966 0.852841 
0.728966 0.852841 
0.72771 0.85309 
0.735498 0.852069 
0.735498 0.852069 
0.733595 0.852379 
0.733595 0.852379 
0.734302 0.852255 
1.05494 0.517091 
1.06462 0.516359 
1.06462 0.516359 
1.07443 0.515598 
1.07258 0.515961 
1.07427 0.515766 
1.07427 0.515766 
1.07169 0.516291 
1.07169 0.516291 
2.6757 0.515129 
1.09245 0.515482 
0.720233 1.60444 
0.720233 1.60444 
0.720233 1.60444 
0.720459 1.42146 
0.720993 0.878074 
0.722538 0.875362 
0.722784 0.862994 
1.05382 0.521406 
1.05453 0.521281 
0.744663 0.84935 
0.743287 0.849665 
0.743287 0.849665 
0.749304 0.849105 
0.757946 0.848924 
0.774356 0.848572 
0.774356 0.848572 
0.739126 0.850746 
0.739266 0.850422 
0.737599 0.851105 
0.737884 0.850979 
0.7358 0.85184 
0.737717 0.851097 
0.74109 0.850003 
0.74109 0.850003 
0.74094 0.85038 
0.741009 0.850245 
0.74094 0.85038 
0.725125 0.858878 
0.722911 0.859032 
0.724564 0.858961 
0.725161 0.854773 
0.726972 0.853953 
0.733114 0.852993 
0.731927 0.853046 
0.72771 0.853227 
0.733595 0.852484 
1.05606 0.517091 
1.05548 0.517545 
1.05494 0.518376 
1.05562 0.517212 
1.06462 0.516595 
1.06902 0.516359 
1.07604 0.515702 
1.07854 0.51565 
1.07978 0.515598 
1.07416 0.515985 
1.07443 0.515766 
2.6877 0.515129 
1.51613 0.515529 
1.51613 0.515529 
0.720233 2.03814 
0.720459 1.60722 
0.720993 1.05512 
0.722538 0.960299 
1.05382 0.521788 
1.05382 0.521788 
1.05382 0.521788 
1.0548 0.521407 
1.05453 0.521747 
0.720459 2.0358 
1.82707 0.515529 
0.788656 0.848585 
1.05382 0.521797 
1.07632 0.515702 
0.722538 0.992788 
0.722911 0.85959 
0.758384 0.849197 
1.06462 0.517329 
0.744972 0.849412 
1.05562 0.517438 
0.725161 0.855381 
0.72771 0.853311 
0.734155 0.853175 
1.07032 0.516665 
1.05494 0.518778 
0.737884 0.851292 
1.07038 0.516527 
1.07428 0.516025 
0.736612 0.852003 
0.740381 0.85093 
0.74109 0.85038 
0.743121 0.8501 
0.734488 0.852484 
0.726599 0.854909 
0.743822 0.849824 
0.720993 1.05589 
0.727538 0.85472 
1.07568 0.51578 
1.0749 0.51582 
0.727441 0.854802 
