0.675606 1.04113 
0.780733 0.967788 
1.30003 0.324639 
1.30349 0.295886 
1.30423 0.29488 
0.302105 1.30261 
0.719337 0.975829 
0.677448 0.994614 
1.3059 0.294869 
1.31305 0.292157 
1.30349 0.295886 
0.678222 0.97806 
1.30945 0.294195 
1.32705 0.287973 
1.33272 0.283041 
0.311562 1.29265 
1.3059 0.294869 
0.302105 1.30261 
1.30003 0.324639 
0.30644 1.29381 
0.365727 1.28997 
1.30088 0.298239 
0.301335 1.93142 
0.306438 1.29707 
1.3839 0.27486 
0.310843 1.29376 
1.31305 0.292157 
1.31667 0.292042 
1.31123 0.29292 
0.675606 1.04759 
0.675606 1.04759 
0.675606 1.04759 
0.675606 1.04759 
0.675606 1.04759 
0.814433 0.968755 
0.780733 0.977007 
0.677448 1.00108 
0.677448 1.00108 
1.30349 0.29597 
0.71852 0.981625 
0.688282 0.982158 
0.688282 0.982158 
0.688282 0.982158 
0.678222 0.983454 
0.678222 0.983454 
0.71852 0.981625 
0.688282 0.982158 
0.688282 0.982158 
0.719337 0.978809 
0.688282 0.982158 
1.33642 0.283041 
1.33642 0.283041 
1.33642 0.283041 
1.33337 0.291589 
0.316615 1.29325 
0.316615 1.29325 
0.312504 1.29357 
1.30864 0.295886 
1.30899 0.294964 
0.303484 1.30391 
0.310841 1.29435 
0.310841 1.29435 
1.30088 0.298307 
0.306759 1.29803 
0.306438 1.29813 
1.3839 0.28029 
1.31667 0.292066 
1.31305 0.29292 
1.31305 0.29292 
1.31265 0.293376 
0.675606 1.08997 
1.13669 0.977007 
0.677448 1.04346 
1.30669 0.296556 
1.30349 0.297936 
0.678222 0.989917 
0.780733 0.978809 
0.780733 0.978809 
0.780733 0.978809 
0.688282 0.982167 
0.688282 0.982167 
0.689062 0.982158 
1.33642 0.286213 
1.3835 0.283737 
0.312504 1.29423 
0.314399 1.29357 
1.31084 0.295473 
1.30903 0.295886 
1.31131 0.294964 
1.31101 0.295091 
0.304352 1.30391 
0.303975 1.32196 
0.304352 1.30391 
0.304352 1.30391 
0.303975 1.32196 
0.311043 1.29755 
0.312126 1.29435 
0.312126 1.29435 
0.311673 1.2973 
0.310843 1.29782 
1.30088 0.308371 
0.30644 1.2999 
0.306438 1.30261 
0.3084 1.29813 
1.40699 0.283066 
1.31856 0.292157 
1.31326 0.29292 
1.31265 0.293974 
0.675606 1.2129 
0.677448 1.05401 
1.30899 0.296556 
1.30686 0.297021 
1.30686 0.297021 
1.30378 0.298239 
0.687852 1.00108 
0.680926 1.04346 
0.680926 1.04346 
0.780733 0.981625 
0.780733 0.981625 
0.780733 0.981625 
0.780733 0.981625 
0.780733 0.981625 
0.780733 0.981625 
0.688282 0.98862 
0.688282 0.98862 
0.688282 0.98862 
0.688282 0.98862 
0.688282 0.98862 
0.700506 0.982158 
0.689062 0.984811 
1.33642 0.287308 
1.3839 0.284576 
1.30903 0.29597 
1.31163 0.294964 
1.31163 0.294964 
0.304748 1.30391 
0.304748 1.30391 
0.304748 1.30391 
0.311409 1.29755 
0.312127 1.29435 
1.30088 0.318819 
1.30349 0.309424 
1.30349 0.309424 
1.30138 0.316133 
1.30088 0.318819 
1.30349 0.309424 
0.30644 1.30029 
0.310017 1.29929 
0.308402 1.2999 
0.31038 1.29813 
1.31895 0.292157 
1.31667 0.29292 
1.31667 0.29292 
1.31265 0.294294 
1.3165 0.294195 
0.675606 1.26777 
0.677448 1.10052 
0.678222 1.07978 
1.30864 0.297264 
1.30864 0.297264 
1.30864 0.297264 
1.30864 0.297264 
1.30864 0.297264 
1.30864 0.297264 
1.30546 0.298726 
1.30704 0.298449 
0.687852 1.04759 
0.684232 1.0695 
0.687852 1.04759 
1.21654 0.981625 
1.21654 0.981625 
0.688282 1.02531 
0.688745 0.98862 
0.701279 0.982158 
0.701279 0.982158 
0.701279 0.982158 
0.701279 0.982158 
0.701279 0.982158 
1.36152 0.291489 
1.43509 0.288431 
1.40568 0.290659 
1.31091 0.29598 
1.30989 0.296714 
1.31242 0.294964 
0.304748 1.30749 
0.305556 1.30391 
0.311673 1.29755 
0.311673 1.29755 
0.312504 1.29435 
0.312504 1.29435 
1.30138 0.316748 
1.30088 0.328502 
1.30395 0.316133 
0.307484 1.30034 
0.30644 1.30047 
0.310019 1.2999 
0.310463 1.29915 
0.310841 1.29813 
1.33094 0.292157 
1.31696 0.29292 
1.31265 0.29447 
1.31305 0.294294 
1.31265 0.29447 
0.681704 1.08351 
0.681256 1.08997 
0.678222 1.10052 
0.678222 1.10052 
0.678222 1.10052 
1.30903 0.297572 
1.30864 0.298307 
1.30704 0.298817 
1.30704 0.298817 
1.28735 0.981625 
0.688282 1.02867 
0.688282 1.02867 
0.688282 1.02867 
0.689618 0.989707 
0.689618 0.989707 
0.6897 0.98862 
0.708689 0.982158 
0.701279 0.985111 
0.701279 0.985111 
0.707961 0.983244 
1.55068 0.291397 
1.31126 0.296564 
1.31143 0.29598 
0.304748 1.32104 
0.305565 1.31672 
0.312504 1.29483 
0.312504 1.29483 
0.312504 1.29483 
0.31422 1.29435 
1.30269 0.323223 
1.30152 0.325013 
1.30152 0.325013 
1.30088 0.341228 
1.30088 0.341228 
1.30088 0.341228 
1.30395 0.322365 
1.30395 0.322365 
1.30395 0.322365 
0.309255 1.30034 
0.30644 1.30151 
0.30644 1.30151 
0.30644 1.30151 
0.30644 1.30151 
0.311101 1.29813 
0.310843 1.29904 
1.35793 0.292285 
1.36787 0.292157 
1.33642 0.292342 
1.3171 0.29292 
1.31696 0.294294 
1.31667 0.294463 
1.31265 0.294493 
1.31628 0.29447 
1.31628 0.29447 
0.681704 1.08997 
0.679583 1.13045 
0.678222 1.25746 
1.31061 0.297702 
1.30864 0.298738 
1.30989 0.298726 
1.30798 0.300282 
1.30798 0.300282 
1.30704 0.307091 
0.688282 1.03513 
0.688282 1.03513 
0.688282 1.03513 
0.688282 1.03513 
0.688282 1.03513 
0.688282 1.03513 
0.688282 1.03513 
0.689618 0.994614 
0.689618 0.994614 
0.689618 0.994614 
0.689997 0.98862 
0.689997 0.98862 
0.708689 0.982921 
0.708689 0.982921 
0.717413 0.982158 
1.31131 0.296564 
1.31143 0.296062 
0.304748 1.32229 
0.304748 1.32229 
0.305565 1.31725 
0.305565 1.31725 
0.312504 1.29542 
0.312504 1.29542 
0.312754 1.29515 
0.312504 1.29542 
0.312504 1.29542 
0.312504 1.29542 
0.314399 1.29435 
0.314399 1.29435 
0.314399 1.29435 
1.30349 0.323223 
1.30088 0.349 
1.30088 0.349 
1.30088 0.349 
1.30395 0.322397 
1.30395 0.322397 
0.310194 1.30034 
0.308862 1.30151 
0.30644 1.30211 
0.311562 1.29813 
0.311562 1.29813 
0.311562 1.29813 
0.311562 1.29813 
1.36379 0.292285 
1.40329 0.292272 
1.48599 0.292203 
1.33642 0.292865 
1.31856 0.29292 
1.31317 0.294869 
1.31317 0.294869 
1.31265 0.295113 
1.31305 0.294908 
1.31628 0.294493 
1.31628 0.294493 
1.31061 0.298239 
1.31061 0.298239 
1.31061 0.298239 
1.3099 0.298726 
1.30989 0.298817 
1.30864 0.302701 
1.30864 0.302701 
1.30864 0.302701 
1.30704 0.320057 
0.688282 1.04155 
0.688282 1.04155 
0.689618 0.99757 
0.690401 0.989917 
0.690776 0.98862 
0.708689 0.983454 
0.708689 0.983454 
0.708689 0.983454 
0.708689 0.983454 
0.717897 0.982158 
1.31131 0.297664 
0.304748 1.32599 
0.304748 1.32599 
0.304748 1.32599 
0.306438 1.3182 
0.305899 1.32229 
0.305899 1.32229 
0.312505 1.29558 
0.314401 1.29435 
1.30349 0.323486 
1.30349 0.323486 
1.30349 0.323486 
1.3017 0.361716 
1.30088 0.364709 
0.311043 1.30034 
0.310195 1.30151 
0.310195 1.30151 
0.30644 1.30283 
0.312008 1.29813 
1.3835 0.292388 
1.40398 0.292272 
1.31865 0.29292 
1.31865 0.29292 
1.31299 0.296556 
1.31299 0.296556 
1.31299 0.296556 
1.31305 0.295556 
1.31628 0.294631 
1.31628 0.294631 
1.31856 0.294496 
1.31101 0.298239 
1.30991 0.298726 
1.30864 0.309073 
1.30864 0.309073 
1.30989 0.302993 
1.30879 0.304353 
1.30704 0.320149 
1.3079 0.320057 
1.3079 0.320057 
0.68862 1.04759 
0.688282 1.06662 
0.689618 1.00108 
0.689618 1.00108 
0.689618 1.00108 
0.689618 1.00108 
0.689618 1.00108 
0.689618 1.00108 
0.689618 1.00108 
0.689618 1.00108 
0.689618 1.00108 
0.689618 1.00108 
0.689618 1.00108 
0.689618 1.00108 
0.690401 0.989922 
0.700506 0.98862 
0.700506 0.98862 
0.700506 0.98862 
0.700506 0.98862 
0.700506 0.98862 
0.700506 0.98862 
0.700506 0.98862 
0.712545 0.98527 
0.71852 0.982158 
0.71852 0.982158 
1.31177 0.297664 
0.304748 1.34916 
0.304748 1.34916 
0.304748 1.34916 
0.306438 1.31926 
0.306051 1.32251 
0.314347 1.29755 
0.315977 1.29435 
0.315977 1.29435 
0.315977 1.29435 
0.315977 1.29435 
1.30349 0.32395 
1.30088 0.374992 
1.30248 0.366068 
1.30248 0.366068 
1.30088 0.374992 
0.311407 1.30034 
0.310382 1.30178 
0.310382 1.30178 
0.308402 1.30283 
0.30644 1.30298 
0.312504 1.29813 
0.312504 1.29813 
0.312504 1.29813 
0.312504 1.29813 
1.42185 0.292272 
1.31895 0.29292 
1.31865 0.293974 
1.31895 0.29292 
1.31895 0.29292 
1.3132 0.29597 
1.31628 0.295091 
1.31645 0.294964 
1.31648 0.294676 
1.31628 0.295091 
1.30991 0.298817 
1.30989 0.303132 
1.30903 0.312604 
1.30903 0.312604 
1.30736 0.322365 
1.30824 0.322021 
0.688282 1.06732 
0.689618 1.01713 
0.689618 1.01713 
0.689618 1.01713 
0.689618 1.01713 
0.689618 1.01713 
0.690401 0.994614 
0.690401 0.994614 
0.690401 0.994614 
0.701279 0.98862 
0.701279 0.98862 
0.701279 0.98862 
0.701279 0.98862 
0.716176 0.98527 
0.719337 0.982158 
1.31265 0.297936 
1.3118 0.298307 
0.304748 1.38036 
0.306438 1.32229 
0.306438 1.32229 
0.314401 1.29812 
0.314401 1.29812 
0.314401 1.29812 
0.316155 1.29435 
0.315979 1.29679 
0.316155 1.29435 
1.30349 0.324039 
1.30349 0.324039 
1.30349 0.324039 
1.30248 0.367995 
1.30088 0.416985 
0.31199 1.30034 
0.31199 1.30034 
0.310382 1.30261 
0.310195 1.30283 
0.30644 1.30391 
0.307821 1.30335 
0.308402 1.3032 
0.309179 1.30315 
0.312701 1.29813 
0.312504 1.29855 
0.312505 1.2983 
0.312505 1.2983 
1.4225 0.292272 
1.31895 0.293502 
1.31903 0.29292 
1.31903 0.29292 
1.3132 0.296127 
1.31657 0.294869 
1.31657 0.294869 
1.31628 0.295231 
1.31628 0.295231 
0.304748 1.40449 
1.44747 0.292272 
1.30088 0.542658 
0.735385 0.982158 
