Algorithm:sa
Number of runs:30
Number of iterations:100
Number of patterns:10
Name of file:p01_c.txt
295.03
304.37
306.50
308.17
308.17
308.17
308.17
309.00
309.00
309.00
309.00
309.00
309.00
309.00
309.00
309.00
309.00
309.00
309.00
309.00
309.00
309.00
309.00
309.00
309.00
309.00
309.00
309.00
309.00
309.00
309.00
309.00
309.00
309.00
309.00
309.00
309.00
309.00
309.00
309.00
309.00
309.00
309.00
309.00
309.00
309.00
309.00
309.00
309.00
309.00
309.00
309.00
309.00
309.00
309.00
309.00
309.00
309.00
309.00
309.00
309.00
309.00
309.00
309.00
309.00
309.00
309.00
309.00
309.00
309.00
309.00
309.00
309.00
309.00
309.00
309.00
309.00
309.00
309.00
309.00
309.00
309.00
309.00
309.00
309.00
309.00
309.00
309.00
309.00
309.00
309.00
309.00
309.00
309.00
309.00
309.00
309.00
309.00
309.00
309.00
final result:
1111010000
0.1832.sec
