0.891527 0.122683 
0.891527 0.122683 
0.891527 0.122683 
0.891528 0.122681 
0.891528 0.122681 
0.891527 0.122715 
0.891529 0.122681 
0.891685 0.12268 
0.891751 0.12268 
0.891527 0.122991 
0.891526 0.123 
0.556085 1.12027 
0.891757 0.122678 
0.891525 0.124156 
0.891634 0.12268 
0.556037 1.12093 
0.556037 1.12093 
0.892026 0.122678 
0.556037 1.12106 
0.556037 1.12942 
0.893961 0.122678 
0.556041 1.12037 
0.556037 1.15771 
0.561293 1.12023 
0.556037 1.15767 
0.556037 1.12155 
0.89403 0.122678 
0.89403 0.122678 
0.89403 0.122678 
0.89403 0.122678 
0.561291 1.12024 
0.89403 0.122678 
0.89403 0.122678 
0.89403 0.122678 
0.89403 0.122678 
0.89403 0.122678 
0.89403 0.122678 
0.89403 0.122678 
0.561293 1.12023 
0.89403 0.122678 
0.89403 0.122678 
0.89403 0.122678 
0.891525 0.124164 
0.89403 0.122678 
0.561293 1.12023 
0.561312 1.12023 
0.891525 0.124164 
0.89403 0.122678 
0.89403 0.122678 
0.89403 0.122678 
0.89403 0.122678 
0.556255 1.12024 
0.89403 0.122678 
0.89403 0.122678 
0.89403 0.122678 
0.89403 0.122678 
0.891525 0.124164 
0.89403 0.122678 
0.556036 1.19296 
0.89403 0.122678 
0.89403 0.122678 
0.89403 0.122678 
0.89403 0.122678 
0.891525 0.124164 
0.556036 1.3385 
0.89403 0.122678 
0.89403 0.122678 
0.556036 1.16595 
0.89403 0.122678 
0.89403 0.122678 
0.556036 1.3385 
0.556036 1.3385 
0.556036 1.3385 
0.891525 0.124164 
0.589511 1.12023 
0.891525 0.124164 
0.891526 0.123462 
0.901168 0.122678 
0.901168 0.122678 
0.901168 0.122678 
0.901168 0.122678 
0.556036 1.3385 
0.556036 1.3385 
0.556036 1.3385 
0.891525 0.124164 
0.590451 1.12023 
0.556036 1.3385 
0.901168 0.122678 
0.901168 0.122678 
0.901168 0.122678 
0.901168 0.122678 
0.556036 1.3385 
0.556036 1.48727 
0.556036 1.3385 
0.556036 1.3385 
0.556036 1.43169 
0.556251 1.12024 
0.590451 1.12023 
0.891525 0.199056 
0.556036 1.3385 
