0.0226806 1.01099 
0.0226867 1.01071 
0.0226798 1.01099 
0.0227478 1.01063 
0.876075 0.163225 
0.0256257 1.01063 
0.0256257 1.01063 
0.0227544 1.01063 
0.876086 0.163225 
0.022672 1.01106 
0.0226915 1.01063 
0.0296028 1.01063 
0.876071 0.163225 
0.030262 1.01063 
0.876067 0.163227 
0.876067 0.163757 
0.876068 0.163227 
0.876067 0.163757 
0.876067 0.16376 
0.876232 0.163225 
0.876067 0.163767 
0.0419909 1.01063 
0.022671 1.01156 
0.022671 1.01161 
0.022671 1.01648 
0.0343092 1.01063 
0.876067 0.163779 
0.876067 0.190738 
0.0347627 1.01063 
0.0326035 1.01063 
0.0226707 1.03459 
0.877701 0.163225 
0.877701 0.163225 
0.876067 0.191907 
0.877701 0.163225 
0.877701 0.163225 
0.877701 0.163225 
0.0226707 1.14245 
0.0226707 1.14245 
0.0226707 1.14245 
0.0226707 1.14245 
0.0226707 1.14245 
0.0226707 1.14245 
0.0226707 1.14245 
0.0226707 1.14245 
0.0226707 1.14245 
0.0226707 1.14245 
0.0226707 1.14245 
0.0226707 1.13911 
0.0226707 1.14245 
0.877701 0.163225 
0.877701 0.163225 
0.877701 0.163225 
0.877701 0.163225 
0.877701 0.163225 
0.877701 0.163225 
0.877701 0.163225 
0.0226707 1.14245 
0.0226707 1.14245 
0.0226707 1.14245 
0.0226707 1.14245 
0.0226707 1.14245 
0.877701 0.163225 
0.877701 0.163225 
0.877701 0.163225 
0.877701 0.163225 
0.877701 0.163225 
0.877701 0.163225 
0.0226707 1.14245 
0.0226707 1.14245 
0.0226707 1.14245 
0.0226707 1.14245 
0.0226707 1.14245 
0.876067 0.267344 
0.153996 1.01063 
0.0442408 1.01063 
0.877701 0.163225 
0.877701 0.163225 
0.0226707 1.14245 
0.0226707 1.14245 
0.0226707 1.14245 
0.153996 1.01063 
0.876067 0.271992 
0.0226707 1.03671 
0.0419976 1.01063 
0.877701 0.163225 
0.877701 0.163225 
0.0226707 1.14245 
0.0226707 1.14245 
0.0226707 1.14245 
0.0226707 1.14245 
0.876067 0.460117 
0.153996 1.01063 
