0.468808 0.542964 
0.470676 0.542963 
0.797312 0.209634 
0.464529 0.543525 
0.797591 0.209633 
0.471751 0.542962 
0.466809 0.542964 
0.477411 0.542961 
0.796872 0.209634 
0.477773 0.542961 
0.796178 0.212623 
0.455501 0.553738 
0.462545 0.546612 
0.47952 0.54296 
0.800165 0.209627 
0.455599 0.548229 
0.796684 0.209697 
0.4555 0.556072 
0.798261 0.209627 
0.456279 0.548154 
0.455538 0.551926 
0.4555 0.556484 
0.4555 0.556542 
0.788812 0.216189 
0.455564 0.548427 
0.788941 0.215082 
0.455541 0.550794 
0.788799 0.23748 
0.802983 0.209623 
0.801905 0.209626 
0.809497 0.209623 
0.788799 0.23748 
0.78881 0.217199 
0.796436 0.212546 
0.788806 0.226661 
0.788799 0.251971 
0.809554 0.209623 
0.788799 0.251971 
0.455499 0.622509 
0.480701 0.542952 
0.815843 0.209623 
0.480921 0.542952 
0.488798 0.542952 
0.4555 0.560592 
0.485912 0.542952 
0.819991 0.209623 
0.788798 0.25338 
0.455499 0.565772 
0.455498 0.632729 
0.4894 0.542952 
0.455499 0.59309 
0.463679 0.546609 
0.506847 0.542952 
0.455499 0.59309 
0.455498 0.632729 
0.505673 0.542952 
0.455498 0.665673 
0.455498 0.634976 
0.82271 0.209623 
0.455498 0.665673 
0.455498 0.656517 
0.455498 0.673306 
0.506636 0.542952 
0.455499 0.596678 
0.546635 0.54295 
0.455498 0.686648 
0.455499 0.631927 
0.822766 0.209623 
0.883513 0.209623 
0.891822 0.209616 
0.561392 0.54295 
0.891205 0.209617 
0.561392 0.54295 
0.455498 0.686648 
0.507293 0.542952 
0.788798 0.271998 
0.555424 0.54295 
0.629921 0.54295 
0.788798 0.271998 
0.895737 0.209616 
0.927533 0.209616 
0.92701 0.209616 
0.657035 0.542948 
0.927533 0.209616 
0.455498 0.717925 
0.63188 0.542948 
0.593997 0.54295 
0.823654 0.209623 
0.896749 0.209616 
0.637242 0.542948 
0.455498 0.717925 
1.07747 0.209616 
0.930017 0.209616 
0.788798 0.271998 
