0.377164 0.679381 
0.0256588 1.02246 
0.0320902 1.01365 
1.0479 0.0133039 
0.046434 1.01328 
9.6492e-05 1.07304 
9.95411e-05 1.0569 
1.00023 0.0436168 
0.00524568 1.04854 
1.00098 0.0310469 
1.00394 0.0278334 
1.01161 0.0237895 
1.16475e-06 1.08702 
1 0.0707113 
0.333477 0.743458 
1 0.0778668 
1.00013 0.0621773 
0.333466 0.784386 
0.333466 0.78351 
0.333498 0.731185 
1.02598 0.0143234 
0.333467 0.758074 
0.333468 0.753174 
1.0128 0.0161033 
0.333434 0.786096 
0.0395026 1.01347 
1.02759 0.0133298 
1.02497 0.0155923 
0.333434 0.852728 
8.25132e-07 1.09023 
8.25132e-07 1.09023 
8.25119e-07 1.10133 
8.25119e-07 1.10204 
8.25119e-07 1.10204 
0.027821 1.02019 
8.24916e-07 1.1035 
8.21948e-07 1.11105 
0.379426 0.679323 
0.379426 0.679323 
1 0.0789913 
1 0.111476 
1 0.111476 
1 0.109452 
0.0102914 1.02353 
1 0.164321 
0.335668 0.681461 
1 0.137594 
0.347327 0.681036 
0.333434 0.927894 
0.342175 0.681459 
1 0.167975 
1 0.168678 
0.379654 0.679323 
8.21846e-07 1.12516 
0.333434 0.857042 
8.21652e-07 1.20532 
1 0.169192 
0.0102065 1.04777 
1.04839 0.0132486 
1 0.169192 
1 0.169192 
1.04839 0.0132486 
1.04839 0.0132486 
8.21652e-07 1.20532 
0.379654 0.679323 
1 0.169192 
1 0.17951 
0.335206 0.683054 
8.21652e-07 1.20532 
8.21652e-07 1.20532 
8.21652e-07 1.20532 
8.21652e-07 1.20532 
1.04839 0.0132486 
1.04839 0.0132486 
1 0.190792 
1 0.17951 
1 0.180175 
0.0296803 1.01836 
0.0485133 1.01325 
