0.38255 0.682075 
0.366962 0.684295 
0.391965 0.678442 
0.0411103 1.01435 
0.0303217 1.01602 
1.05338 0.00810319 
0.051055 1.01377 
1.06694 0.00809349 
0.403322 0.675339 
0.412699 0.674762 
1.04118 0.00832702 
1.07851 0.00809193 
1.00107 0.0562812 
1 0.101948 
1.0938 0.00809189 
0.00423608 1.04311 
1 0.108566 
0.000347178 1.05303 
5.37849e-05 1.08096 
1.15959e-05 1.08464 
0.359606 0.704629 
1.00001 0.0713713 
0.00801948 1.0255 
1.00001 0.0748462 
0.422908 0.674751 
0.334667 0.717754 
0.478146 0.67475 
0.335475 0.710694 
0.482225 0.674749 
0.035129 1.01505 
0.012205 1.02359 
0.446812 0.67475 
0.33337 0.753382 
0.497672 0.674749 
0.447994 0.67475 
0.344235 0.708593 
1.10612 0.00809148 
1.02959 0.00860653 
0.523427 0.674749 
1.01999 0.0125459 
1.10723 0.00809147 
1.11774 0.00809146 
0.583473 0.674749 
1.00042 0.0628211 
1.0038 0.0138981 
0.513607 0.674749 
1.13528 0.00809146 
4.22634e-06 1.10418 
1.00285 0.0513628 
0.065956 1.00828 
0.361079 0.695701 
4.05979e-06 1.11452 
0.591949 0.674749 
1.00351 0.0170888 
0.334545 0.731246 
0.0576892 1.00961 
3.91331e-06 1.1192 
0.536981 0.674749 
0.333366 0.812767 
0.587527 0.674749 
0.0518059 1.01303 
0.0612615 1.00862 
0.33337 0.742758 
0.539164 0.674749 
0.333369 0.802954 
0.593667 0.674749 
0.063212 1.00834 
0.522999 0.674749 
0.999996 0.132395 
0.062713 1.00834 
0.333342 0.81359 
0.999996 0.123376 
0.613125 0.674749 
0.999996 0.269565 
0.999996 0.135638 
0.999996 0.269565 
0.613125 0.674749 
3.87009e-06 1.13027 
0.661121 0.674749 
0.0660321 1.00828 
4.18572e-06 1.11326 
0.675433 0.674749 
0.999996 0.28272 
0.33334 0.873504 
0.0660321 1.00828 
0.999996 0.142324 
3.82654e-06 1.13733 
0.999996 0.233842 
0.675433 0.674749 
0.33334 0.874588 
1.14598 0.00809146 
1.14598 0.00809146 
3.82654e-06 1.13733 
3.82654e-06 1.13733 
3.82654e-06 1.13733 
3.82654e-06 1.16491 
0.999996 0.28272 
0.675433 0.674749 
0.33334 0.841162 
0.999996 0.117495 
