0.424232 0.969458 
0.424232 0.969458 
0.424109 0.969458 
0.424232 0.969413 
0.424107 0.969467 
0.424047 0.969944 
0.424085 0.969553 
0.424238 0.969325 
0.424047 0.969965 
0.893772 0.106295 
0.893777 0.106295 
0.893777 0.106295 
0.424058 0.969815 
0.424041 0.970097 
0.893771 0.106318 
0.893777 0.106294 
0.89377 0.109146 
0.893771 0.106323 
0.89377 0.10915 
0.424939 0.96913 
0.424932 0.96917 
0.42643 0.968677 
0.89377 0.10651 
0.898517 0.106267 
0.898517 0.106267 
0.898517 0.106267 
0.898517 0.106267 
0.898517 0.106267 
0.898517 0.106267 
0.898517 0.106267 
0.42375 0.970427 
0.423629 0.970792 
0.898517 0.106267 
0.898517 0.106267 
0.898517 0.106267 
0.42643 0.968677 
0.42643 0.968677 
0.42643 0.968677 
0.898517 0.106267 
0.898517 0.106267 
0.423629 0.970792 
0.89377 0.12176 
0.898517 0.106267 
0.898517 0.106267 
0.898517 0.106267 
0.898517 0.106267 
0.898517 0.106267 
0.89377 0.12176 
0.42363 0.970502 
0.89377 0.115213 
0.898517 0.106267 
0.89377 0.106536 
0.898517 0.106267 
0.898517 0.106267 
0.898517 0.106267 
0.898517 0.106267 
0.898517 0.106267 
0.898517 0.106267 
0.898517 0.106267 
0.898517 0.106267 
0.898517 0.106267 
0.898517 0.106267 
0.898517 0.106267 
0.425199 0.968679 
0.89377 0.121852 
0.898517 0.106267 
0.898517 0.106267 
0.423628 1.25496 
0.423629 0.974588 
0.425029 0.969063 
0.423628 1.25496 
0.423628 1.25496 
0.423628 1.25496 
0.898517 0.106267 
0.898517 0.106267 
0.898517 0.106267 
0.898517 0.106267 
0.898517 0.106267 
0.898517 0.106267 
0.423628 1.25496 
0.423628 1.25496 
0.423628 1.25496 
0.894084 0.106267 
0.898517 0.106267 
0.423628 1.25496 
0.423628 1.25496 
0.423628 0.983502 
0.83975 0.968664 
0.509059 0.968667 
0.423624 1.2913 
0.465101 0.968677 
0.898517 0.106267 
0.423624 1.30152 
0.423624 1.29128 
0.691769 0.968665 
0.790703 0.968664 
0.423628 1.02983 
0.423628 1.25512 
0.423627 1.28126 
0.89377 0.186604 
