0.0646084 1 
0.479632 0.531751 
0.479634 0.531198 
0.0646082 1.00118 
0.0646082 1.00119 
0.479631 0.533841 
0.479633 0.531345 
0.0646082 1.05112 
0.0646082 1.05112 
0.0646082 1.05112 
0.0646082 1.05112 
0.064619 1 
0.0646083 1.00008 
0.0646082 1.05306 
0.0646082 1.06005 
0.0646082 1.00696 
0.0646082 1.06415 
0.0646319 1 
0.0646082 1.0853 
0.0646082 1.05289 
0.0646082 1.09861 
0.479684 0.53117 
0.0646082 1.09933 
0.479684 0.531177 
0.479684 0.531162 
0.0646082 1.12031 
0.0646409 1 
0.484755 0.531162 
0.0646409 1 
0.0646409 1 
0.0646409 1 
0.0646409 1 
0.0646409 1 
0.0646409 1 
0.0646409 1 
0.0646409 1 
0.0646409 1 
0.0646409 1 
0.47963 0.534267 
0.47963 0.534267 
0.0646409 1 
0.48476 0.531154 
0.0646082 1.16578 
0.0646409 1 
0.0646409 1 
0.0646409 1 
0.47963 0.534267 
0.0646082 1.19953 
0.47963 0.534267 
0.0646082 1.2616 
0.0646082 1.2616 
0.0646082 1.2616 
0.47963 0.534267 
0.47963 0.534267 
0.54017 0.526545 
0.0646082 1.2616 
0.0646082 1.2616 
0.0646082 1.2616 
0.0646082 1.2616 
0.54017 0.526545 
0.47963 0.534267 
0.0646409 1 
0.0646082 1.09083 
0.0646082 1.2616 
0.0646082 1.2616 
0.0646082 1.2616 
0.54017 0.526545 
0.54017 0.526545 
0.47963 0.534267 
0.0646409 1 
0.47963 0.534267 
0.47963 0.534267 
0.54017 0.526545 
0.54017 0.526545 
0.54017 0.526545 
0.0646409 1 
0.47963 0.534267 
0.47963 0.534267 
0.47963 0.982455 
0.0646409 1 
0.0646082 1.30288 
0.54017 0.526545 
0.0955489 1 
0.47963 0.982455 
0.54017 0.526545 
0.0646082 1.12132 
