0.333601 0.716378 
0.344234 0.697802 
0.369317 0.682637 
0.375537 0.68256 
0.357672 0.68316 
1 0.0275631 
0.33412 0.705256 
0.347959 0.686462 
0.333489 0.728585 
4.21275e-08 1.06042 
2.9144e-05 1.04747 
0.333484 0.746842 
0.333484 0.745251 
0.333466 0.803085 
0.0431221 1.00033 
0.33347 0.755371 
0.376771 0.666744 
0.333466 0.803085 
0.333467 0.796568 
0.37573 0.666806 
0.333465 0.812601 
0.333464 0.832568 
0.333523 0.720254 
0.33347 0.782811 
0.394851 0.666741 
0.396619 0.666741 
0.419532 0.66674 
0.393868 0.666742 
0.333464 0.833828 
7.902e-06 1.04747 
0.41586 0.66674 
0.420951 0.66674 
0.0491166 1.00002 
1 0.0393219 
0.000224435 1.03003 
0.00228951 1.02093 
1 0.0545611 
0.333464 0.834607 
1 0.0597228 
0.333461 0.926551 
0.0570552 1.00002 
0.341872 0.698355 
1.01986 0.000537475 
0.0019893 1.02635 
1.02245 3.31455e-06 
1.02245 3.31455e-06 
0.333461 0.926551 
1.04291 3.28233e-06 
0.333461 0.863816 
0.333461 0.837924 
0.00607675 1.01142 
0.429144 0.666691 
0.00273065 1.01653 
0.333461 0.926551 
0.0286787 1.00314 
0.00714767 1.00985 
1.06058 2.89749e-06 
1.00408 0.000904082 
0.0124636 1.00826 
0.429144 0.666691 
1.0022 0.00650293 
1.09009 1.57532e-06 
1.09009 1.57532e-06 
0.068179 1 
1.09009 1.57532e-06 
1 0.0639068 
0.430889 0.66669 
1 0.0639068 
0.430889 0.66669 
0.430889 0.66669 
0.0727839 1 
1 0.028609 
1.10148 1.5702e-06 
3.13325e-08 1.06393 
3.13325e-08 1.06393 
3.13325e-08 1.06393 
3.13325e-08 1.06924 
1 0.0639068 
0.430889 0.66669 
0.430889 0.66669 
0.0727839 1 
