0.290241 0.753936 
0.250169 0.7736 
0.250169 0.7736 
0.250169 0.7736 
0.250169 0.7736 
0.290241 0.753936 
0.290241 0.753936 
0.290241 0.753936 
0.290241 0.753936 
0.290241 0.753936 
0.290241 0.753936 
0.290241 0.753936 
0.290241 0.753936 
0.290241 0.753936 
0.290241 0.753936 
0.290241 0.753936 
0.290241 0.753936 
0.290241 0.753936 
0.290241 0.753936 
0.290241 0.753936 
0.290241 0.753936 
0.290241 0.753936 
0.290241 0.753936 
0.290241 0.753936 
0.290241 0.753936 
0.250169 0.776079 
0.290241 0.753936 
0.290241 0.753936 
0.290241 0.753936 
0.290241 0.753936 
0.290241 0.753936 
0.290241 0.753936 
0.290241 0.753936 
0.250169 0.7736 
0.290241 0.753936 
0.250169 0.7736 
0.290241 0.753936 
0.290241 0.753936 
0.290241 0.753936 
0.290241 0.753936 
0.290241 0.753936 
0.290241 0.753936 
0.290241 0.753936 
0.290241 0.753936 
0.290241 0.753936 
0.250169 0.7736 
0.250169 0.7736 
0.250169 0.7736 
0.250169 0.7736 
0.290241 0.753936 
0.250169 0.7736 
0.290241 0.753936 
0.290241 0.753936 
0.290241 0.753936 
0.290241 0.753936 
0.290241 0.753936 
0.290241 0.753936 
0.290241 0.753936 
0.290241 0.753936 
0.290241 0.753936 
0.250169 0.7736 
0.290241 0.753936 
0.290241 0.753936 
0.290241 0.753936 
0.290241 0.753936 
0.290241 0.753936 
0.290241 0.753936 
0.250169 0.7736 
0.250169 0.7736 
0.290241 0.753936 
0.250169 0.7736 
0.290241 0.753936 
0.250169 0.7736 
0.250169 0.776079 
0.250169 0.7736 
0.290241 0.753936 
0.290241 0.753936 
0.290241 0.753936 
0.290241 0.753936 
0.290241 0.753936 
0.290241 0.753936 
0.290241 0.753936 
0.250169 0.776641 
0.290241 0.753936 
0.290241 0.753936 
0.290241 0.753936 
0.290241 0.753936 
0.290241 0.753936 
0.290241 0.753936 
0.290241 0.753936 
0.290241 0.753936 
0.290241 0.753936 
0.250169 0.776641 
0.250169 0.776641 
0.250169 0.776641 
0.290241 0.753936 
0.290241 0.753936 
0.290241 0.753936 
0.290241 0.753936 
0.290241 0.753936 
