0.486562 0.562996 
0.485323 0.56333 
0.81646 0.23376 
0.488231 0.558707 
0.815076 0.248362 
0.815222 0.23414 
0.81521 0.236765 
0.487682 0.55883 
0.483903 0.563428 
0.821616 0.225373 
0.489396 0.558706 
0.814539 0.271659 
0.81476 0.24894 
0.473726 0.646319 
0.814755 0.254762 
0.82303 0.22537 
0.481416 0.563647 
0.48147 0.563647 
0.481482 0.563453 
0.473728 0.640809 
0.82512 0.225365 
0.82569 0.225365 
0.473715 0.649215 
0.473724 0.648371 
0.481286 0.577355 
0.818134 0.23206 
0.807009 0.32076 
0.807009 0.32076 
0.807009 0.323491 
0.807009 0.330329 
0.47368 0.657328 
0.807009 0.333046 
0.807009 0.333095 
0.47373 0.636196 
0.821576 0.228296 
0.481242 0.578406 
0.814249 0.271662 
0.807009 0.338993 
0.500022 0.558695 
0.473726 0.643411 
0.807009 0.340916 
0.500022 0.558695 
0.500147 0.558695 
0.807009 0.341295 
0.490414 0.558695 
0.807009 0.339847 
0.500938 0.558695 
0.501194 0.558695 
0.826315 0.225363 
0.826315 0.225363 
0.501615 0.558695 
0.473678 0.65812 
0.807077 0.30718 
0.473678 0.675024 
0.473678 0.677177 
0.473678 0.677177 
0.473678 0.679112 
0.473678 0.677901 
0.826472 0.225363 
0.807076 0.309972 
0.473678 0.657668 
0.47907 0.63617 
0.807009 0.408051 
0.807058 0.31493 
0.807009 0.409315 
0.807009 0.34465 
0.807009 0.438554 
0.506165 0.558695 
0.506168 0.558695 
0.544431 0.558695 
0.544431 0.558695 
0.506172 0.558695 
0.807059 0.314351 
0.807009 0.439683 
0.876289 0.225363 
0.876289 0.225363 
0.807009 0.527165 
0.87636 0.225363 
0.87636 0.225363 
0.47907 0.63617 
0.473678 1.08029 
0.880465 0.225363 
0.883359 0.225363 
0.807009 0.527165 
0.543128 0.558695 
0.603883 0.558695 
0.473678 0.700545 
0.807009 0.345933 
0.838011 0.225363 
