0.448952 0.577439 
0.448952 0.577439 
0.448952 0.577439 
0.448952 0.577439 
0.448952 0.577439 
0.448952 0.577439 
0.448952 0.577439 
0.448952 0.577439 
0.448952 0.577439 
0.448952 0.577439 
0.448952 0.577439 
0.448952 0.577439 
0.448952 0.577439 
0.448952 0.577439 
0.448952 0.577439 
0.448952 0.577439 
0.448952 0.577439 
0.448952 0.577439 
0.448952 0.577439 
0.448952 0.577439 
0.448952 0.577439 
0.448952 0.577439 
0.448952 0.577439 
0.448952 0.577439 
0.448952 0.577439 
0.448952 0.577439 
0.448952 0.577439 
0.448952 0.577439 
0.448952 0.577439 
0.448952 0.577439 
0.448952 0.577439 
0.448952 0.577439 
0.448952 0.577439 
0.448952 0.577439 
0.448952 0.577439 
0.448952 0.577439 
0.448952 0.577439 
0.448952 0.704622 
