Algorithm:mopso
Number of runs:1
Number of iterations:3000
Number of population:100
0.618517 -0.126065 
0.618577 -0.126776 
0 1 
0.618448 -0.124986 
0.62024 -0.155697 
0.823841 -0.466195 
0.83403 -0.643055 
0.83091 -0.597282 
0.824507 -0.481831 
0.630265 -0.306539 
0.824448 -0.480567 
0.826033 -0.511419 
0.409612 0.238189 
0.219305 0.406755 
0.00077688 0.972261 
0.629247 -0.293435 
0.182804 0.666464 
0.182494 0.668188 
0.218754 0.410733 
0.64409 -0.435569 
0.825358 -0.498616 
0.409417 0.240992 
0.413265 0.189869 
0.410938 0.22059 
0.000336107 0.981931 
0.0295178 0.805325 
0.618766 -0.129807 
0.0067807 0.916721 
0.000109001 0.990079 
0.627455 -0.268594 
0.827909 -0.546218 
0.183262 0.664555 
0.625374 -0.237562 
0.182792 0.666574 
0.0441153 0.746616 
0.826449 -0.519278 
0.848948 -0.769757 
0.188966 0.629758 
0.833772 -0.640661 
0.835478 -0.663843 
0.630101 -0.303806 
0.642917 -0.428683 
0.0176465 0.858683 
0.824328 -0.478116 
0.0118309 0.887137 
0.625603 -0.241275 
0.41015 0.231304 
0.2563 0.24263 
0.64366 -0.431197 
0.184014 0.659797 
0.842443 -0.736455 
0.63114 -0.317931 
0.436135 -0.0557782 
0.626892 -0.26044 
0.848821 -0.769426 
0.831959 -0.61384 
0.0499033 0.727121 
0.639679 -0.405765 
0.645735 -0.442937 
0.0459911 0.740732 
0.206816 0.501537 
0.439585 -0.0792054 
0.0188677 0.852512 
0.21721 0.422144 
0.219107 0.408275 
0.625655 -0.242392 
0.428972 0.00663914 
0.42317 0.0680472 
0.624099 -0.218532 
0.0748132 0.673869 
0.0415025 0.756324 
0.627369 -0.267211 
0.417205 0.13975 
0.833473 -0.636206 
0.192675 0.605074 
0.625144 -0.232429 
0.214045 0.446525 
0.230724 0.330623 
0.429406 0.00377777 
0.422298 0.0787439 
0.0390085 0.766478 
0.0315035 0.796381 
0.00656497 0.917807 
0.409531 0.239292 
0.431339 -0.0160018 
0.632391 -0.332473 
0.00260647 0.948777 
0.830225 -0.58615 
0.0254007 0.822551 
0.434451 -0.0425395 
0.836756 -0.679888 
0.182849 0.666291 
0.198881 0.561075 
0.411108 0.218576 
0.635431 -0.366532 
0.0328761 0.790522 
0.185298 0.653002 
0.421476 0.087554 
0.0788934 0.671054 
0.839237 -0.70756 
0.826402 -0.518307 
0.191353 0.614437 
0.631441 -0.321543 
0.222809 0.38352 
0.0173689 0.860546 
0.414514 0.174295 
0.842822 -0.739002 
0.834043 -0.644347 
0.197849 0.569167 
0.242488 0.273369 
0.843277 -0.741701 
0.644002 -0.433751 
0.193042 0.603382 
0.829921 -0.580827 
0.0121476 0.887086 
0.631673 -0.32351 
0.0794857 0.670666 
0.426865 0.0280727 
0.201486 0.541866 
0.0403647 0.761348 
0.230794 0.330125 
0.0736852 0.674492 
0.237025 0.29641 
0.419327 0.114095 
0.216095 0.430633 
0.218163 0.416337 
0.451189 -0.121233 
0.0545857 0.712377 
0.211068 0.468744 
0.0126132 0.883422 
0.019872 0.849258 
0.453397 -0.123868 
0.0454271 0.74206 
0.0693822 0.680424 
0.218614 0.412805 
0.223336 0.378548 
0.43855 -0.0718409 
0.0188912 0.852074 
0.210811 0.470844 
0.424286 0.0565435 
0.414123 0.178774 
0.010116 0.897103 
0.00509593 0.928443 
0.645637 -0.442598 
0.254169 0.244176 
0.250916 0.248312 
0.452887 -0.12381 
0.0750651 0.673818 
0.825118 -0.493854 
0.191677 0.611966 
0.0496527 0.728621 
0.0411436 0.758226 
0.425819 0.0390062 
0.430711 -0.0100245 
0.430615 -0.00922103 
0.0287479 0.808162 
0.220275 0.400636 
0.196206 0.580561 
0.241481 0.276025 
0.190898 0.617337 
0.619323 -0.140068 
0.621144 -0.170747 
0.253911 0.244256 
0.187788 0.636998 
0.0390433 0.766008 
0.221017 0.397066 
0.0614368 0.696022 
0.642635 -0.42714 
0.0144946 0.873304 
0.208804 0.486356 
0.00543051 0.925507 
0.236117 0.300982 
0.245389 0.262064 
0.198525 0.564047 
0.647658 -0.450549 
0.846186 -0.759869 
0.427381 0.0224765 
0.224704 0.36864 
0.0642335 0.689015 
0.239387 0.284954 
0.231676 0.324596 
0.227911 0.347814 
0.415177 0.165324 
0.43179 -0.019808 
0.252735 0.246577 
0.204511 0.51917 
0.627889 -0.274444 
0.184563 0.656611 
0.417487 0.136216 
0.203132 0.529833 
0.831883 -0.612694 
0.844462 -0.750436 
0.41848 0.123834 
0.0634077 0.690699 
0.201199 0.544654 
0.842334 -0.735696 
0.645861 -0.443882 
0.620531 -0.160695 
0.18862 0.632559 
0.445533 -0.108133 
