-19.9954 0.00857259 
-14.4497 -11.6256 
-19.0873 0.00801348 
-17.9436 -3.8754 
-17.0476 -3.87562 
-19.9954 0.00857259 
-15.8823 -7.75148 
-15.643 -7.75333 
-16.2726 -6.84174 
-16.3125 -6.67965 
-19.0104 -0.0809439 
-18.1463 -3.38235 
-14.6181 -11.4092 
-18.3578 -2.3588 
-16.6941 -4.87978 
-15.5551 -7.96616 
-16.3555 -6.48111 
-16.5307 -5.68098 
-16.6557 -5.06731 
-18.1056 -3.53954 
-15.2151 -9.28064 
-15.0165 -10.1395 
-18.3178 -2.55615 
-15.3043 -8.93434 
-16.9397 -4.07221 
-18.0158 -3.77317 
-18.9222 -0.175095 
-16.2193 -7.05003 
-14.7683 -11.0546 
-15.1795 -9.43646 
-18.1897 -3.19272 
-16.6191 -5.19717 
-14.9731 -10.3101 
-16.5682 -5.49696 
-15.3442 -8.73466 
-14.6724 -11.2376 
-18.3904 -2.19199 
-17.0031 -3.9359 
-18.0644 -3.67495 
-16.4978 -5.84162 
-18.7262 -0.816091 
-16.8569 -4.28242 
-15.9619 -7.69866 
-16.7291 -4.72038 
-14.5539 -11.5086 
-18.6874 -0.932349 
-18.2379 -2.94677 
-16.592 -5.37542 
-18.5237 -1.56334 
-15.6097 -7.83296 
-18.5617 -1.43276 
-15.1454 -9.57664 
-18.4994 -1.70791 
-18.5914 -1.30965 
-16.0942 -7.44209 
-14.712 -11.1826 
-16.8985 -4.1759 
-15.4553 -8.30781 
-18.271 -2.794 
-18.6497 -1.06573 
-16.4147 -6.23316 
-16.4364 -6.07061 
-16.3888 -6.34644 
-15.5137 -8.12662 
-14.9346 -10.4091 
-14.8045 -10.9288 
-18.7663 -0.677268 
-18.4676 -1.83245 
-18.6251 -1.17888 
-16.8145 -4.41736 
-16.1374 -7.32616 
-16.4698 -5.97444 
-15.2485 -9.11695 
-16.0175 -7.61902 
-18.828 -0.495426 
-18.2139 -3.08236 
-18.4222 -2.0708 
-18.8517 -0.359641 
-15.3582 -8.61539 
-16.7595 -4.60548 
-16.0502 -7.5298 
-18.296 -2.6903 
-14.5098 -11.5936 
-18.4444 -1.95933 
-18.9047 -0.310608 
-14.8571 -10.7404 
-15.0495 -10.0068 
-15.0929 -9.77523 
-15.0678 -9.91658 
-16.1657 -7.22879 
-15.4271 -8.44836 
-15.4006 -8.50853 
-18.7927 -0.588309 
-15.1197 -9.70018 
-14.8953 -10.6204 
-15.4916 -8.20276 
-16.7846 -4.49531 
-15.2739 -9.04699 
-14.8331 -10.8212 
-14.9114 -10.5504 
