-19.9996 0.00101995 
-14.5827 -11.4469 
-17.0478 -3.87588 
-19.0824 0.00100607 
-17.941 -3.87576 
-19.9996 0.00101995 
-15.6448 -7.74867 
-15.8816 -7.74863 
-18.089 -3.59826 
-16.0217 -7.5959 
-15.1444 -9.60237 
-18.2523 -2.90467 
-18.7829 -0.641572 
-15.2436 -9.16856 
-18.2818 -2.76141 
-15.2787 -8.98743 
-19.0352 -0.0698286 
-18.4237 -2.06523 
-16.3079 -6.6948 
-18.7406 -0.772328 
-15.9402 -7.71021 
-15.5948 -7.86248 
-16.3452 -6.54183 
-18.0351 -3.7549 
-18.1371 -3.42038 
-14.6616 -11.2299 
-16.4258 -6.14362 
-18.9619 -0.20116 
-16.982 -3.97768 
-18.5166 -1.63434 
-18.8361 -0.492106 
-15.1855 -9.41104 
-18.2116 -3.09712 
-16.2114 -7.07988 
-15.0103 -10.1721 
-16.6111 -5.27017 
-16.8272 -4.36094 
-16.6416 -5.13549 
-14.8535 -10.7479 
-18.4595 -1.89538 
-18.6982 -0.913771 
-16.7866 -4.51332 
-16.6602 -4.956 
-18.872 -0.40013 
-18.6336 -1.14923 
-18.3934 -2.21186 
-18.3197 -2.57437 
-18.9259 -0.275703 
-15.4871 -8.22823 
-18.3667 -2.34265 
-16.4642 -5.99877 
-16.5766 -5.41785 
-15.5484 -7.99098 
-16.0686 -7.49659 
-14.6272 -11.3834 
-18.4842 -1.78078 
-16.701 -4.85418 
-14.8989 -10.607 
-16.1793 -7.1872 
-18.5984 -1.28768 
-18.6662 -1.02747 
-15.5187 -8.08638 
-16.2461 -6.9066 
-15.2109 -9.3176 
-14.7962 -10.9555 
-18.5503 -1.48762 
-15.3175 -8.85932 
-15.3445 -8.76717 
-14.9201 -10.5109 
-16.1425 -7.30983 
-16.9355 -4.07257 
-16.3784 -6.39797 
-16.3999 -6.29991 
-16.4808 -5.87223 
-16.8656 -4.26247 
-16.7312 -4.7244 
-16.5146 -5.75097 
-14.7564 -11.0846 
-14.7282 -11.1596 
-15.1129 -9.74219 
-15.3793 -8.63178 
-16.1114 -7.40145 
-16.2677 -6.83247 
-15.0433 -10.0259 
-16.901 -4.16402 
-15.4542 -8.33856 
-18.1632 -3.31269 
-18.3381 -2.48345 
-14.8263 -10.8693 
-16.7567 -4.62367 
-14.9592 -10.3764 
-17.9923 -3.83776 
-18.1896 -3.19697 
-15.4292 -8.44086 
-14.9764 -10.3059 
-16.5419 -5.51079 
-15.0906 -9.83243 
-18.5727 -1.39277 
-16.5195 -5.60595 
-15.3974 -8.53521 
