-19.9995 0.00125202 
-14.4356 -11.6273 
-19.0826 0.00125147 
-17.0478 -3.87591 
-17.941 -3.87576 
-19.9995 0.00125202 
-15.8818 -7.75152 
-15.6435 -7.75154 
-16.0166 -7.61195 
-16.819 -4.31225 
-16.7856 -4.46977 
-16.7425 -4.66962 
-18.2879 -2.73124 
-16.511 -5.77766 
-14.7128 -11.1694 
-14.9945 -10.22 
-15.0417 -10.0375 
-15.5556 -7.96908 
-18.2455 -2.93711 
-14.9242 -10.5066 
-14.5118 -11.5878 
-16.3865 -6.36045 
-16.8957 -4.18202 
-18.0154 -3.79811 
-15.2071 -9.33889 
-16.7088 -4.81991 
-16.4777 -5.93381 
-18.0652 -3.67374 
-19.0162 -0.101304 
-16.981 -3.97877 
-15.0737 -9.90784 
-16.0812 -7.47259 
-15.1564 -9.51896 
-14.5849 -11.4737 
-18.6117 -1.23475 
-14.9581 -10.3472 
-15.419 -8.46556 
-15.9451 -7.71034 
-16.6732 -4.98247 
-16.5488 -5.59253 
-16.3452 -6.52494 
-18.4703 -1.84515 
-18.569 -1.40822 
-18.8073 -0.571062 
-18.6965 -0.919631 
-15.4515 -8.35648 
-18.4357 -2.00779 
-15.1126 -9.74038 
-18.1071 -3.53483 
-16.4443 -6.09379 
-15.611 -7.82612 
-14.6633 -11.3311 
-15.2669 -9.07768 
-14.7671 -11.0592 
-16.4097 -6.19497 
-15.4896 -8.20468 
-15.2349 -9.22199 
-18.8477 -0.461564 
-16.9338 -4.0877 
-15.2946 -8.95614 
-18.3186 -2.57993 
-14.876 -10.6438 
-15.3267 -8.8224 
-15.5048 -8.08112 
-15.38 -8.62873 
-16.5701 -5.48125 
-18.2199 -3.05829 
-18.1907 -3.19211 
-16.1186 -7.3817 
-18.9621 -0.200727 
-18.7382 -0.780028 
-16.6469 -5.11055 
-16.3217 -6.64494 
-18.7642 -0.698221 
-16.601 -5.32987 
-18.8893 -0.358591 
-18.1371 -3.42043 
-18.3643 -2.3545 
-16.1567 -7.26267 
-18.1639 -3.30972 
-14.8569 -10.7439 
-14.8221 -10.8714 
-16.1804 -7.16994 
-18.4979 -1.71849 
-16.2175 -7.05422 
-18.3906 -2.2253 
-18.3419 -2.46469 
-18.6641 -1.03517 
-16.6212 -5.23532 
-16.238 -6.9644 
-15.1362 -9.63308 
-16.2905 -6.77051 
-18.4107 -2.12754 
-18.5447 -1.51156 
-18.9251 -0.277395 
-18.6414 -1.11977 
-14.6349 -11.4027 
-15.3578 -8.71054 
-18.5205 -1.61746 
-16.2705 -6.85056 
