-14.4435 -11.6267 
-19.994 0.0109889 
-17.047 -3.87683 
-19.0888 0.00992557 
-17.9383 -3.87553 
-19.994 0.0109889 
-15.8823 -7.75152 
-15.643 -7.75253 
-14.7489 -11.0536 
-15.3637 -8.66375 
-15.5003 -8.17262 
-16.1515 -7.27998 
-16.8876 -4.19089 
-15.41 -8.4691 
-15.1361 -9.63942 
-14.6962 -11.2543 
-15.1719 -9.41489 
-15.4508 -8.35549 
-15.9853 -7.66329 
-14.8357 -10.7582 
-18.8684 -0.390885 
-18.9273 -0.242406 
-14.7956 -10.9395 
-16.194 -7.08989 
-18.2505 -2.90528 
-18.7215 -0.822917 
-18.6751 -0.992667 
-18.1997 -3.03606 
-18.2831 -2.75491 
-15.0656 -9.90478 
-18.1531 -3.3548 
-18.1172 -3.49654 
-16.9335 -4.05662 
-15.3299 -8.80722 
-16.9871 -3.9706 
-15.0306 -10.0448 
-18.1854 -3.20713 
-18.9814 -0.150276 
-16.5299 -5.60952 
-15.1062 -9.76797 
-16.1095 -7.40635 
-16.3806 -6.38187 
-18.0788 -3.62916 
-18.4138 -2.11242 
-16.7751 -4.54977 
-15.2711 -9.05024 
-14.876 -10.6247 
-14.9493 -10.415 
-16.2646 -6.86083 
-19.0392 -0.0616379 
-18.4967 -1.71155 
-15.226 -9.18674 
-16.8372 -4.34703 
-18.8272 -0.512849 
-16.2269 -6.97863 
-14.6515 -11.3393 
-16.3193 -6.62245 
-18.5234 -1.5854 
-18.4417 -1.95903 
-16.4151 -6.20551 
-18.3052 -2.58274 
-18.5822 -1.34311 
-18.6158 -1.21641 
-16.5054 -5.72847 
-16.357 -6.4886 
-16.5704 -5.45133 
-15.5394 -8.04688 
-15.3001 -8.94804 
-18.554 -1.45809 
-16.6682 -4.99086 
-18.385 -2.23977 
-14.9147 -10.5315 
-14.597 -11.4213 
-18.4608 -1.83772 
-14.5079 -11.5517 
-18.7515 -0.703213 
-18.355 -2.35284 
-18.0027 -3.82131 
-16.2988 -6.74037 
-15.601 -7.85919 
-18.0389 -3.73241 
-18.7925 -0.611606 
-16.4853 -5.88554 
-18.6435 -1.10185 
-16.6409 -5.129 
-16.6955 -4.87881 
-16.6189 -5.23292 
-16.4618 -5.98571 
-15.2092 -9.30309 
-14.9976 -10.1795 
-14.9796 -10.2783 
-16.067 -7.50928 
-18.3299 -2.4806 
-16.8093 -4.40656 
-16.0337 -7.58325 
-16.5907 -5.36791 
-16.7427 -4.66449 
-16.4338 -6.12049 
-14.5358 -11.4595 
-15.5646 -7.93967 
