0.298361 0.6525 
0.96432 0.237446 
0.755173 0.391232 
0.303453 0.597878 
0.523593 0.470627 
0.644363 0.465755 
0.758848 0.237793 
0.540261 0.465762 
0.869541 0.237496 
0.848051 0.237519 
0.767029 0.237528 
0.952504 0.237492 
0.298362 0.65064 
0.298365 0.617627 
0.535034 0.465813 
0.525747 0.466069 
0.759397 0.237531 
0.298374 0.616272 
0.298377 0.611324 
0.301223 0.600678 
0.299818 0.603095 
0.298989 0.606521 
0.302016 0.598781 
0.958718 0.237466 
0.298615 0.608474 
0.952507 0.237483 
0.958803 0.237462 
0.298555 0.611106 
0.524173 0.468344 
0.524104 0.470527 
0.300508 0.602617 
0.524201 0.46772 
0.525654 0.467221 
0.29837 0.616344 
0.298753 0.607328 
0.300366 0.60262 
0.525732 0.466474 
0.525732 0.466859 
0.29892 0.607021 
0.758892 0.237682 
0.29881 0.607072 
0.298446 0.611316 
0.29879 0.6073 
0.298365 1.10328 
1.05672 0.237489 
0.298365 0.643842 
0.348309 0.598082 
0.523654 0.471639 
0.672487 0.465762 
0.914079 0.237516 
0.758508 0.395605 
0.758939 0.389118 
0.540269 0.465795 
0.759227 0.238202 
0.815675 0.237537 
0.970559 0.237499 
0.995049 0.237495 
0.347271 0.598194 
0.302865 0.598958 
0.798443 0.237541 
0.992887 0.237498 
0.298366 0.620423 
0.788541 0.237581 
0.777947 0.237656 
0.536626 0.465926 
0.526887 0.466071 
0.770664 0.237715 
0.764282 0.237797 
0.773525 0.237657 
0.761957 0.237949 
0.298381 0.615564 
0.298378 0.617026 
0.525875 0.466521 
0.299908 0.605883 
0.524549 0.468113 
0.2984 0.611729 
0.52391 0.470664 
0.759484 0.238011 
0.524544 0.469146 
0.298719 0.611034 
0.299956 0.603604 
0.298817 0.608434 
0.301249 0.602248 
0.299139 0.607067 
0.302174 0.599859 
0.300472 0.603017 
0.302729 0.599066 
0.301397 0.601325 
0.298849 0.6072 
0.298846 0.608342 
0.301979 0.600689 
0.300121 0.603186 
0.301663 0.601065 
0.298553 0.611346 
0.301908 0.600761 
0.298498 0.611726 
0.917438 0.237517 
0.298366 0.861428 
0.762172 0.238207 
0.533431 0.466122 
