4.70854e-18 1.0951 
1.09119 0.0280302 
0.944049 0.128374 
0.855897 0.147027 
5.69981e-18 1.02739 
0.145097 0.639772 
0.0084336 0.924337 
0.118331 0.682522 
0.1018 0.697559 
0.252169 0.537107 
0.162601 0.625326 
0.0519747 0.787221 
0.470539 0.344306 
0.783773 0.163003 
0.164786 0.6084 
0.766257 0.210284 
0.950481 0.0509265 
0.132837 0.650473 
0.00392507 0.947921 
0.0415594 0.819862 
0.483234 0.331175 
0.791184 0.147847 
0.184627 0.597853 
0.227253 0.559004 
0.459198 0.356743 
0.392821 0.427563 
0.0206808 0.869474 
0.957925 0.0327046 
0.2383 0.547635 
0.12381 0.666894 
0.375593 0.439384 
0.0144379 0.905865 
0.737582 0.210284 
0.555697 0.307567 
0.642027 0.213685 
0.0315716 0.85487 
0.0338151 0.837267 
0.286535 0.495564 
0.213608 0.570734 
0.571169 0.280012 
0.76974 0.175929 
1.01751 0.0280307 
0.411683 0.406961 
0.0442087 0.799876 
0.627531 0.223019 
0.567138 0.299171 
0.0157848 0.885988 
0.697831 0.210284 
0.332344 0.453735 
0.626415 0.241186 
0.0975371 0.713722 
0.0707221 0.746003 
0.417796 0.391153 
0.44887 0.369925 
0.626414 0.276367 
0.0841491 0.721782 
0.344226 0.444314 
0.395039 0.411754 
0.719736 0.210284 
0.818107 0.147039 
0.207193 0.583884 
0.769183 0.192251 
0.661927 0.211536 
0.268847 0.526083 
0.279757 0.508302 
0.0815201 0.737767 
0.855541 0.14703 
0.0639686 0.770087 
1.04686 0.0280306 
0.600489 0.27895 
0.944064 0.0675538 
0.677062 0.210307 
0.197069 0.592704 
0.358719 0.439967 
1.07147 0.0280303 
0.626414 0.263494 
0.505089 0.328916 
0.0019783 0.965796 
0.433819 0.387568 
0.944049 0.120977 
0.323014 0.465293 
0.541947 0.319949 
0.53764 0.328124 
0.944049 0.0945076 
0.448817 0.387549 
0.0658378 0.763892 
0.000488969 0.990691 
0.592639 0.280012 
0.279332 0.526045 
0.307327 0.490612 
0.816028 0.147103 
0.974639 0.0281815 
1.00249 0.0280473 
0.000977685 0.979257 
0.322828 0.478134 
1.05502 0.0280303 
0.990434 0.0280645 
0.944063 0.0813041 
2.13024e-05 1.00815 
0.322002 0.488758 
