1.73472e-18 1.0942 
1.04849 0.100691 
2.72599e-18 1.02625 
0.09337 0.707073 
0.365621 0.417166 
0.25505 0.532606 
0.106869 0.689485 
0.599367 0.274783 
0.0634098 0.763614 
0.0314827 0.849374 
0.431241 0.393565 
0.17994 0.610106 
0.514334 0.392036 
0.161593 0.621624 
0.617036 0.258083 
0.470122 0.393565 
0.820556 0.148953 
0.635842 0.233171 
0.0211475 0.868538 
0.0767151 0.749888 
0.237 0.540193 
0.824965 0.12696 
0.643807 0.21938 
1.01533 0.100691 
0.996902 0.100691 
0.208249 0.578927 
0.218705 0.56446 
0.152137 0.634366 
0.514448 0.320428 
0.906309 0.100693 
0.660567 0.211944 
0.14153 0.645811 
0.627585 0.251883 
0.583462 0.277645 
0.760735 0.209686 
0.357891 0.435697 
0.114523 0.675676 
0.228315 0.554636 
0.820538 0.181742 
0.411014 0.393569 
0.845112 0.107382 
0.514335 0.340234 
0.0531582 0.778702 
0.700095 0.209709 
0.326448 0.478637 
0.678804 0.209714 
0.93568 0.100692 
0.0318268 0.827607 
0.836585 0.119354 
0.18977 0.597564 
0.047848 0.789104 
0.38851 0.393976 
0.545281 0.294672 
0.57429 0.293587 
0.738693 0.209686 
0.0836113 0.720362 
0.313509 0.485983 
0.0430872 0.807228 
0.464601 0.393565 
0.72115 0.209687 
0.336047 0.467342 
0.0148921 0.881346 
0.345059 0.440042 
0.194089 0.585087 
0.0791287 0.731079 
0.338026 0.453035 
0.278106 0.527148 
0.00358831 0.956804 
0.014114 0.898091 
0.00657934 0.941629 
0.29292 0.513588 
0.132187 0.65826 
0.124131 0.663659 
0.0117043 0.913212 
0.514334 0.360664 
0.860579 0.101324 
0.00783301 0.926106 
0.820542 0.170974 
0.517513 0.300096 
0.816702 0.209685 
0.307264 0.497462 
0.525992 0.298829 
0.817946 0.209685 
1.04383 0.100691 
0.784005 0.209685 
0.890482 0.100693 
0.0429575 0.821367 
0.293395 0.498776 
0.873507 0.100693 
0.560467 0.293673 
0.000156607 1.00104 
0.947418 0.100691 
0.286302 0.526716 
0.37371 0.398091 
0.968881 0.100691 
0.00196402 0.972645 
0.00012284 1.01421 
0.514334 0.373849 
0.783565 0.209686 
0.000986024 0.986563 
