0.51917 0.323563 
0.920933 0.0628398 
0.747798 0.168287 
0.310809 0.491802 
0.320887 0.491073 
0.555608 0.299529 
0.0943823 0.727587 
0.516963 0.326132 
0.369844 0.443917 
0.756395 0.163924 
0.34294 0.470178 
0.48168 0.350628 
0.425807 0.402702 
0.787622 0.155617 
0.740127 0.169738 
0.267653 0.544396 
0.413494 0.403589 
0.265263 0.577943 
0.300859 0.507507 
0.7754 0.155892 
0.265732 0.552632 
0.145193 0.674145 
0.76346 0.159088 
0.303768 0.49722 
0.347251 0.465727 
0.657124 0.297219 
0.360259 0.449544 
0.740098 0.221621 
0.398227 0.428308 
0.259804 0.600854 
0.267698 0.531253 
0.481498 0.364106 
0.329384 0.486495 
0.288621 0.50801 
0.402665 0.420438 
0.481455 0.375072 
0.642707 0.297219 
0.740098 0.210353 
0.540115 0.299755 
0.740107 0.196358 
0.562309 0.297271 
0.26573 0.566191 
0.407738 0.410976 
0.0803113 0.770431 
0.375958 0.440516 
0.269036 0.521072 
0.482853 0.342819 
0.22734 0.605283 
0.740125 0.184969 
0.534195 0.307318 
0.357154 0.457725 
0.505532 0.333852 
0.801156 0.154204 
0.265263 0.588909 
0.3336 0.476771 
0.494084 0.334374 
0.436536 0.400002 
0.740098 0.267865 
0.219098 0.630331 
0.525606 0.314525 
0.481439 0.389226 
0.277719 0.513405 
0.386366 0.431404 
0.0232199 0.868294 
0.0747452 0.772845 
0.25463 0.604621 
0.473955 0.397657 
0.626326 0.297219 
0.740098 0.234659 
0.218941 0.630342 
0.186174 0.634717 
0.0491375 0.838333 
0.224445 0.606451 
0.456407 0.39978 
0.740098 0.252848 
0.0435711 0.846943 
0.604616 0.297219 
0.186078 0.634798 
0.584139 0.29722 
0.0848865 0.730437 
0.717398 0.297219 
0.716231 0.297219 
0.0275242 0.855003 
0.15128 0.664487 
0.080876 0.751962 
0.913044 0.11354 
0.740098 0.281246 
0.672147 0.297219 
0.819217 0.154204 
0.914171 0.0690055 
0.15498 0.643794 
0.0510876 0.821418 
0.0560898 0.781391 
0.91304 0.11354 
0.134439 0.674198 
0.0992858 0.720904 
0.0193224 0.878747 
0.863904 0.154204 
1.66807 0.050003 
1.06103e-14 1.41715 
