1.31841 0.0486342 
5.69981e-18 1.0456 
0.921416 0.0938495 
0.882976 0.144304 
1.13211 0.0486342 
1.05306 0.0486342 
1.11039 0.0486342 
1.20635 0.0486342 
0.967126 0.0518922 
0.83805 0.144304 
0.127089 0.658211 
0.349006 0.473414 
0.360359 0.451142 
0.116461 0.678088 
1.00195 0.0486351 
1.25671 0.0486342 
0.632586 0.281746 
0.0930584 0.705775 
0.110391 0.694245 
0.632622 0.258757 
0.143775 0.648493 
0.61743 0.292903 
0.932834 0.0520859 
0.00830997 0.939289 
0.638024 0.240734 
0.0488706 0.794513 
0.590748 0.292917 
0.0577921 0.780443 
0.0887805 0.723449 
0.730642 0.170419 
0.682423 0.218483 
0.198302 0.583805 
0.0614325 0.76289 
0.0795639 0.736575 
0.0725207 0.751254 
0.444615 0.360749 
0.461892 0.353316 
0.563566 0.293383 
0.011055 0.91901 
0.157601 0.637589 
0.00113515 0.990063 
0.552181 0.303573 
0.169704 0.611637 
1.02499 0.0486344 
0.365416 0.436144 
0.543865 0.317685 
0.373716 0.422624 
1.2106 0.0486342 
0.279753 0.50535 
0.268864 0.517178 
0.379799 0.408715 
0.000384632 1.0214 
0.24632 0.536993 
0.260979 0.528634 
0.773803 0.14582 
0.479988 0.347663 
0.00489877 0.972992 
0.672172 0.230896 
0.0260563 0.863538 
0.00783351 0.95866 
0.381755 0.391306 
0.743612 0.15866 
0.0280066 0.847114 
0.761601 0.158103 
0.651594 0.231513 
0.0362347 0.835557 
0.165055 0.625165 
0.0202192 0.877523 
0.239614 0.549458 
1.25671 0.0486342 
0.814758 0.144304 
0.305224 0.491832 
0.921451 0.073604 
0.724827 0.18505 
0.882976 0.144304 
0.706069 0.215945 
0.0486535 0.814967 
0.223797 0.554959 
0.291833 0.4966 
0.436251 0.373899 
0.792866 0.145008 
0.209308 0.573031 
0.32355 0.48593 
0.724454 0.19985 
0.000505132 1.00896 
0.0167856 0.906163 
0.33148 0.479305 
0.50294 0.347663 
0.0168971 0.89163 
0.395648 0.384951 
0.519416 0.345897 
0.523999 0.320741 
0.930676 0.0665147 
0.723361 0.215939 
0.0370643 0.818786 
0.223248 0.570246 
0.410954 0.382725 
0.520135 0.330144 
0.183282 0.599913 
0.423907 0.37761 
