1.56497 0.00956658 
3.62698e-10 1.59346 
1.50289 0.00956659 
1.2822 0.00956758 
1.40414 0.00956667 
1.16335 0.00956759 
4.94841e-09 1.23732 
0.633154 0.303271 
5.54187e-09 1.14343 
1.35639 0.00956753 
0.885285 0.15617 
0.00290871 1.03596 
0.116842 0.704534 
0.689408 0.295064 
5.07128e-10 1.40225 
0.817923 0.187981 
0.760392 0.187982 
0.999214 0.0744031 
6.57428e-08 1.08433 
0.0151904 0.936217 
4.00438e-10 1.51515 
0.85729 0.18798 
0.0233534 0.890504 
4.56256e-10 1.44922 
1.31561 0.00956753 
0.207671 0.592507 
1.03622 0.0116018 
0.0380473 0.858375 
0.0649746 0.79689 
1.23228e-09 1.3671 
0.18534 0.605596 
0.0971542 0.746022 
1.86898e-09 1.27899 
1.00027 0.0411923 
0.592961 0.303271 
1.011 0.0197484 
4.01873e-10 1.47812 
1.07368 0.0111528 
0.31187 0.531369 
0.50967 0.355809 
0.0523377 0.816385 
3.66394e-10 1.55502 
0.500161 0.383908 
0.942479 0.101158 
0.105111 0.729782 
0.888749 0.132345 
0.904292 0.114968 
0.130674 0.669806 
0.346722 0.531334 
0.704341 0.203134 
0.0066178 0.981917 
2.74287e-08 1.14184 
0.689409 0.24571 
0.694273 0.223878 
1.09931 0.00971757 
0.0443421 0.840114 
0.264657 0.567972 
0.243027 0.590589 
0.282577 0.531433 
0.277967 0.552065 
0.171009 0.624887 
0.00738012 0.98134 
0.412646 0.431475 
0.0187021 0.914988 
1.8689e-09 1.32692 
0.919123 0.102791 
0.406573 0.45584 
0.00024456 1.0624 
0.524646 0.34444 
0.721295 0.191631 
0.431184 0.42655 
0.689408 0.277425 
0.388076 0.503649 
0.980304 0.10099 
0.156269 0.630704 
0.569958 0.305552 
0.368482 0.528834 
0.441389 0.411206 
0.382482 0.522401 
0.0787146 0.770378 
0.390319 0.481793 
0.256536 0.586663 
0.485889 0.394238 
0.530517 0.326145 
0.739283 0.188948 
0.459697 0.41037 
0.482774 0.409991 
0.402267 0.473351 
2.80949e-09 1.25968 
0.54992 0.306376 
0.0776555 0.771283 
1.23251e-09 1.33181 
0.841307 0.18798 
0.544777 0.321302 
1.1291 0.00959917 
0.978519 0.100994 
3.65729e-10 1.57817 
1.13777 0.00957457 
0.154647 0.655587 
0.130692 0.658717 
