1.55203 0.0333045 
2.72599e-18 1.08788 
1.41031 0.0333045 
1.36602 0.0333045 
1.25364 0.0333045 
0.862251 0.134475 
0.7988 0.195152 
0.85699 0.195152 
0.651015 0.236902 
0.651015 0.280634 
1.12049 0.0333045 
0.517798 0.33414 
0.941327 0.0907735 
0.757313 0.195152 
0.948391 0.0479968 
0.941585 0.0726702 
0.0955179 0.698439 
0.15461 0.625481 
1.05057 0.0333046 
0.597884 0.291801 
0.0351668 0.825213 
0.969155 0.0422815 
0.1101 0.682169 
0.016419 0.883372 
0.0415644 0.808237 
0.0724968 0.745256 
0.167042 0.609245 
0.0119176 0.901869 
0.918492 0.108223 
0.0518525 0.790597 
0.49479 0.350017 
0.143368 0.640647 
0.651015 0.272211 
0.130825 0.653802 
0.566559 0.291894 
0.204569 0.579534 
0.238999 0.548872 
0.119522 0.667924 
0.520746 0.316027 
1.16723 0.0333045 
0.0825927 0.730089 
0.0881507 0.714749 
0.996012 0.0333054 
0.00247565 0.974444 
0.00946511 0.923396 
0.0281204 0.86617 
0.855929 0.195152 
0.0665502 0.764972 
1.19893 0.0333045 
0.00424405 0.951755 
0.00148852 0.989982 
0.651298 0.215725 
0.874784 0.110191 
0.352434 0.451891 
0.221736 0.570241 
1.23908 0.0333045 
1.01517 0.0333048 
0.322948 0.483774 
0.723805 0.195152 
4.66269e-15 1.07616 
8.7237e-06 1.0332 
0.300259 0.502617 
0.0579832 0.774815 
0.290566 0.515953 
0.200167 0.598285 
0.256252 0.533818 
0.390841 0.413812 
0.397383 0.399717 
0.320158 0.500126 
0.542937 0.297768 
0.181435 0.598846 
0.526975 0.298878 
0.238946 0.564702 
0.344523 0.468652 
0.282302 0.525633 
0.862559 0.120445 
0.364242 0.443855 
0.702854 0.195152 
0.00830684 0.939376 
0.420404 0.384035 
0.368016 0.429769 
0.902167 0.10877 
0.373287 0.418214 
0.408564 0.391355 
0.430181 0.374221 
0.0282868 0.84638 
1.38748 0.0333045 
0.328398 0.468654 
0.44177 0.367798 
1.08502 0.0333045 
5.53237e-13 1.05099 
0.665753 0.208162 
0.26206 0.529626 
0.000355205 1.01182 
1.09034 0.0333045 
1.18136 0.0333045 
0.597884 0.291823 
0.676936 0.195783 
0.461748 0.366928 
0.475791 0.350168 
