1.73472e-18 1.00521 
1.06678 0.108982 
1.06651 0.108982 
0.946691 0.108982 
0.660328 0.253817 
0.734522 0.253817 
0.5197 0.39804 
0.466293 0.4016 
0.799121 0.236296 
0.751659 0.253817 
0.807323 0.154791 
0.819188 0.138998 
0.559863 0.262511 
0.533248 0.303423 
0.799122 0.171044 
0.825848 0.121637 
0.799121 0.213756 
0.799121 0.19251 
0.552259 0.278967 
0.626023 0.253817 
0.552227 0.296654 
0.0167085 0.876973 
0.227278 0.549934 
0.147522 0.633799 
0.173771 0.605078 
0.191782 0.596187 
0.0964731 0.701272 
0.130114 0.656443 
0.0233507 0.862676 
0.0722004 0.741117 
0.400412 0.411161 
0.838978 0.111049 
0.273672 0.501792 
0.0544271 0.782478 
0.0896786 0.714813 
0.045695 0.796922 
0.138811 0.645845 
0.0264599 0.847393 
0.123324 0.670765 
0.857219 0.110303 
0.242991 0.536976 
0.104706 0.68902 
0.897208 0.108983 
0.20903 0.563162 
0.00588738 0.929377 
0.156741 0.621248 
0.254218 0.536304 
0.880516 0.109019 
0.304618 0.479027 
0.312224 0.46747 
0.922948 0.108982 
0.118236 0.68353 
0.0315813 0.832459 
0.520223 0.314711 
0.0429019 0.810067 
0.5197 0.38535 
0.51978 0.365405 
0.519946 0.352864 
0.576632 0.253846 
0.39084 0.422349 
0.292771 0.485907 
0.282336 0.492241 
0.0356457 0.82125 
0.0657613 0.755259 
0.323282 0.459929 
0.164316 0.612594 
0.412462 0.402786 
0.00391129 0.943141 
0.259622 0.515955 
0.331402 0.452776 
0.224841 0.561478 
0.344323 0.447917 
0.1991 0.575434 
0.360315 0.43582 
0.370575 0.430906 
0.26027 0.51133 
0.00293803 0.957165 
0.380273 0.426231 
0.357018 0.446259 
0.0579489 0.769654 
0.438582 0.401647 
0.453017 0.401602 
0.425285 0.401648 
0.000122075 0.994161 
0.0808078 0.730168 
0.0813178 0.725961 
0.52009 0.333405 
0.799121 0.235699 
0.612157 0.253817 
0.0135914 0.894721 
0.0652501 0.766528 
0.000489026 0.982718 
0.599408 0.253818 
0.0138024 0.894721 
0.00882205 0.911779 
0.938434 0.108982 
0.191871 0.581417 
0.587786 0.253818 
0.00146925 0.967033 
0.520193 0.326147 
