1.56011 0.118679 
1.16474e-17 1.01486 
0.556216 0.323005 
0.707811 0.265725 
1.33399 0.118679 
1.19231 0.118679 
1.46701 0.118679 
0.970342 0.118679 
1.07446 0.118679 
0.776582 0.149202 
0.809002 0.137709 
0.912828 0.118679 
0.367806 0.448106 
0.379494 0.437287 
0.149574 0.627137 
1.37534 0.118679 
0.20228 0.571874 
0.13759 0.642668 
0.110904 0.675782 
0.102141 0.693881 
0.0315405 0.834678 
0.0280289 0.852595 
0.0678985 0.752836 
0.34745 0.461866 
1.13008 0.118679 
0.0756162 0.737546 
0.218458 0.55963 
1.13789 0.118679 
1.4249 0.118679 
0.707813 0.210234 
0.0216941 0.867119 
0.0625439 0.767539 
0.403123 0.398519 
1.02953 0.118679 
0.23177 0.552906 
0.0969235 0.705997 
0.0541609 0.77998 
1.01411 0.118679 
0.0371517 0.819649 
0.308201 0.492653 
0.0473408 0.792813 
0.172927 0.605886 
0.418697 0.376883 
0.128814 0.654541 
0.764202 0.162186 
0.0110737 0.909059 
0.00782897 0.92382 
0.261568 0.5273 
0.041682 0.806623 
0.189071 0.582935 
0.707811 0.250964 
0.181946 0.592598 
0.810837 0.119867 
0.0158399 0.88083 
0.11967 0.665456 
0.272465 0.516496 
0.000987684 0.982461 
0.44489 0.360835 
1.19231 0.118679 
0.430057 0.367783 
0.01385 0.894263 
0.407855 0.388547 
0.387611 0.416565 
0.292411 0.501418 
0.457211 0.339983 
0.317732 0.482085 
0.457151 0.351954 
0.467884 0.328825 
0.0958673 0.724381 
0.390054 0.41328 
0.244888 0.540163 
0.287702 0.510846 
0.000101854 1.00117 
0.331915 0.477853 
0.3339 0.465827 
0.707811 0.233314 
0.0820107 0.72476 
0.484361 0.328155 
1.35378 0.118679 
0.548644 0.323005 
0.508704 0.323005 
0.00600397 0.939116 
0.731322 0.162294 
0.707812 0.22614 
0.256395 0.540163 
0.00391036 0.952166 
0.831958 0.118839 
0.707817 0.190616 
0.709684 0.172494 
0.847274 0.118766 
0.00221535 0.966181 
0.713007 0.168847 
0.866958 0.118758 
0.162791 0.616187 
0.74163 0.162201 
0.895361 0.118679 
0.505894 0.32587 
0.881024 0.118694 
1.43745 0.118679 
1.45163 0.118679 
