0.83628 0.106147 
3.59374e-11 1.1051 
0.563062 0.3018 
0.800791 0.224055 
0.24733 0.551757 
0.205883 0.583426 
0.529563 0.372007 
0.536711 0.319454 
0.133943 0.664236 
0.0194468 0.879444 
0.0167906 0.934153 
0.819094 0.169716 
0.801181 0.203657 
0.000729312 1.04547 
0.0874 0.769536 
0.00869878 0.963325 
0.0525126 0.811846 
0.107473 0.730478 
0.00258129 0.992059 
0.0369427 0.825658 
0.0693765 0.792871 
0.000942878 1.01576 
0.0954799 0.738179 
0.313977 0.490781 
0.469685 0.389101 
0.0320615 0.8363 
0.337858 0.480939 
0.0607635 0.805618 
0.012827 0.953546 
0.127652 0.721538 
0.0242817 0.864722 
0.448117 0.395718 
0.154217 0.639955 
0.000673854 1.06801 
0.507096 0.374715 
0.365604 0.463942 
0.198481 0.607874 
0.305525 0.498536 
0.0786362 0.782227 
0.290201 0.513662 
0.170298 0.621855 
0.154217 0.639955 
0.283754 0.51978 
0.126819 0.726064 
0.271398 0.52431 
0.20115 0.597217 
0.130353 0.692484 
0.132108 0.676613 
0.41708 0.42288 
0.349106 0.467792 
0.551839 0.313116 
0.181934 0.608121 
0.2689 0.53493 
0.525608 0.372195 
0.404782 0.429386 
0.439641 0.409417 
0.484666 0.38453 
0.40074 0.432832 
0.176907 0.612269 
0.495883 0.38355 
0.00137813 1.00167 
0.345721 0.471734 
0.255157 0.543437 
0.262316 0.543354 
0.000628464 1.08039 
0.376533 0.445054 
0.536726 0.316612 
0.0167187 0.934161 
0.443884 0.395718 
0.82014 0.169712 
0.0837694 0.776588 
0.387321 0.436522 
0.000292488 1.09202 
0.475891 0.387707 
0.499623 0.376093 
0.552291 0.30389 
0.437796 0.417828 
0.0955618 0.736822 
0.163754 0.630996 
0.385299 0.437339 
0.0202569 0.879434 
0.80081 0.222442 
0.0242817 0.864722 
0.205501 0.583564 
0.825619 0.153856 
0.800909 0.203738 
0.42879 0.418601 
0.371596 0.445409 
0.338907 0.480929 
0.424465 0.421077 
0.130465 0.692484 
0.313579 0.494155 
0.247751 0.550927 
0.163861 0.629919 
0.0323041 0.833799 
0.560925 0.301808 
0.368886 0.455035 
0.305645 0.49853 
0.290201 0.513662 
0.000139522 1.10244 
