0.000112442 0.998879 
0.961438 0.020018 
0.340613 0.431725 
0.269655 0.4818 
0.146535 0.619064 
0.185646 0.569515 
0.669066 0.197603 
0.0147985 0.917519 
0.0667484 0.801559 
0.402549 0.36627 
0.0716634 0.738954 
0.0109801 0.973968 
0.873754 0.065465 
0.509369 0.293357 
0.844488 0.0814243 
0.542427 0.264686 
0.840481 0.0865098 
0.121917 0.659458 
0.629097 0.20735 
0.367512 0.394787 
0.519116 0.280272 
0.481788 0.306268 
0.13518 0.633915 
0.0886019 0.705661 
0.207104 0.566573 
0.88375 0.0642272 
0.753767 0.133436 
0.36697 0.394787 
0.77978 0.118405 
0.0157371 0.884335 
0.62881 0.207382 
0.603134 0.223869 
0.935175 0.0335492 
0.101918 0.681283 
0.904031 0.0508229 
0.0350878 0.822927 
0.721213 0.153181 
0.960529 0.0201038 
0.68803 0.170912 
0.563358 0.250611 
0.429436 0.345559 
0.115982 0.66572 
0.227199 0.528519 
0.448476 0.331145 
0.0268451 0.847316 
0.0233109 0.858555 
0.212439 0.540154 
0.55104 0.260109 
0.793603 0.110308 
0.232886 0.519904 
0.445241 0.334537 
0.0161992 0.87544 
0.700952 0.163042 
0.3418 0.423905 
0.0445066 0.801602 
0.351987 0.407805 
0.466594 0.319756 
0.105528 0.680296 
0.411687 0.36084 
0.573078 0.244507 
0.256323 0.497574 
0.813722 0.102616 
0.242777 0.510379 
0.477918 0.309352 
0.80241 0.104696 
0.813722 0.102616 
0.214869 0.538727 
0.247253 0.505574 
0.921039 0.040468 
0.351899 0.410795 
0.143548 0.633645 
0.68803 0.170912 
0.580978 0.238987 
0.0814015 0.717949 
0.751418 0.134579 
0.593133 0.230209 
0.737313 0.141889 
0.192085 0.566598 
0.727453 0.149233 
0.00128973 0.986572 
0.516147 0.28608 
0.422388 0.356865 
0.0399285 0.806298 
0.00855856 0.984252 
0.780923 0.117083 
0.466654 0.319471 
0.0774462 0.729009 
0.0354772 0.815042 
0.260678 0.489706 
0.934172 0.0359291 
0.58797 0.233771 
0.700052 0.16425 
0.0851336 0.71149 
0.915523 0.0435005 
0.909944 0.0486463 
0.426661 0.353287 
0.735517 0.143323 
0.265416 0.48535 
0.602989 0.224019 
0.0739912 0.73209 
