1.01901 0.000153626 
0.00057343 1.0435 
0.954062 0.0734306 
0.782706 0.126804 
0.202223 0.590115 
0.298357 0.520194 
0.510554 0.297384 
0.62337 0.269685 
0.697824 0.183145 
0.759839 0.138025 
0.109049 0.725739 
0.441453 0.344662 
0.142587 0.674347 
0.48433 0.312278 
0.370485 0.415672 
0.408681 0.400608 
0.0698971 0.783354 
0.0653583 0.806201 
0.0233013 0.881494 
0.1453 0.645135 
0.968699 0.0299003 
0.0464626 0.85479 
0.00246959 0.978176 
0.0378193 0.863387 
0.0272568 0.868415 
0.623725 0.250061 
0.333554 0.429825 
0.143699 0.669842 
0.0476811 0.839484 
0.428443 0.348775 
0.0172142 0.895211 
0.980048 0.0247815 
0.00385968 0.964011 
0.678206 0.183934 
0.145644 0.636578 
0.493117 0.307168 
0.0714671 0.768473 
0.961118 0.0394007 
0.956904 0.0594445 
0.00792369 0.926104 
0.0957323 0.730631 
0.0124138 0.91677 
0.626442 0.240146 
0.344808 0.424312 
0.426597 0.361089 
0.000620181 1.02627 
0.627757 0.225136 
0.41214 0.38209 
0.300281 0.4756 
0.62337 0.269685 
0.66304 0.189433 
0.0015725 0.995203 
0.502851 0.301493 
0.308733 0.450567 
0.30376 0.460557 
0.765733 0.128877 
0.00734644 0.940751 
0.00489141 0.950045 
0.0134182 0.902635 
0.0556462 0.821932 
1.00626 0.00174109 
0.152631 0.622688 
0.656078 0.198725 
0.988059 0.0186971 
0.299254 0.496441 
0.0508093 0.827315 
0.0638751 0.81432 
0.353335 0.421076 
0.29855 0.499613 
0.170949 0.602424 
0.959682 0.0500038 
0.990959 0.00999475 
0.999064 0.00593199 
0.313729 0.443155 
0.179013 0.597912 
0.629338 0.214948 
0.363599 0.41889 
0.188061 0.596594 
0.0747338 0.758682 
0.326188 0.437591 
0.64055 0.204819 
0.000660419 1.01514 
0.160611 0.613113 
0.410638 0.394758 
0.648596 0.200781 
0.419922 0.36872 
0.638236 0.212694 
0.417452 0.373598 
0.161802 0.604746 
0.0756201 0.749776 
0.67063 0.185582 
0.194224 0.590528 
0.00108516 1.00447 
0.0889286 0.734243 
0.298357 0.520194 
0.775768 0.127101 
0.0830193 0.746078 
0.301415 0.470574 
0.321494 0.440144 
0.0874789 0.743034 
