0.000135788 1.15799 
1.008 0.000648862 
0.838456 0.0875138 
0.982241 0.0808512 
0.231002 0.534169 
0.315907 0.469622 
0.165667 0.722263 
0.176019 0.600722 
0.562231 0.260326 
0.646403 0.247693 
0.490313 0.3356 
0.000142617 1.08595 
0.000136474 1.10634 
0.781963 0.144736 
0.000148409 1.02853 
0.82218 0.13811 
0.672684 0.184282 
0.742652 0.147356 
0.715316 0.164268 
0.712761 0.183018 
0.188947 0.593371 
0.466303 0.363717 
0.121569 0.723735 
0.151748 0.722806 
0.525166 0.291878 
0.434881 0.363925 
0.201544 0.57076 
0.0212238 0.876742 
0.0155899 0.90217 
0.55185 0.285438 
0.0343993 0.852579 
0.494408 0.311318 
0.0940202 0.727032 
0.00065261 1.00382 
0.00770433 0.928851 
0.0301373 0.86934 
0.0373391 0.834717 
0.826765 0.109511 
0.0650432 0.776039 
0.00111256 0.981499 
0.0788725 0.734105 
0.0474581 0.828419 
0.466303 0.363717 
0.0131805 0.916679 
0.830139 0.0967069 
0.767479 0.145226 
0.386804 0.403569 
0.1071 0.725467 
0.368817 0.403754 
0.823579 0.128211 
0.211504 0.553107 
0.984393 0.0421297 
0.0688221 0.758762 
0.65594 0.211582 
0.0608141 0.788361 
0.98302 0.0553732 
0.515884 0.295294 
0.00617272 0.948002 
0.0545403 0.796149 
0.751965 0.145423 
0.66155 0.198473 
0.415549 0.371339 
0.647475 0.228667 
0.426244 0.367508 
0.203698 0.56059 
0.329099 0.43528 
0.407628 0.376195 
0.00243636 0.968202 
0.986828 0.0267881 
0.500156 0.295313 
0.398787 0.38074 
0.219476 0.544866 
0.36247 0.409972 
0.664993 0.191737 
0.64851 0.215678 
0.326211 0.44424 
0.33846 0.42944 
0.317473 0.448634 
0.982778 0.0724459 
0.0778313 0.745974 
0.997977 0.00530686 
0.000211385 1.02111 
0.55369 0.263449 
0.988832 0.0190433 
0.00529439 0.95778 
0.0486157 0.810579 
0.996313 0.0125245 
0.553123 0.275123 
0.223812 0.539812 
0.353939 0.413649 
0.388922 0.391734 
0.350803 0.420278 
0.342118 0.423647 
0.0736243 0.75358 
0.316808 0.459857 
0.494766 0.299151 
0.394345 0.388538 
0.176422 0.598607 
0.714466 0.173756 
0.0492035 0.806155 
