1.27893 0.0110924 
0.000233232 1.45328 
0.000255901 1.08953 
1.07093 0.0111676 
1.27713 0.0111564 
0.309036 0.530457 
1.02665 0.0117104 
0.529163 0.310401 
0.891325 0.068576 
0.317798 0.470797 
0.855185 0.0945668 
0.939713 0.0487404 
0.375715 0.408183 
0.829697 0.105059 
0.981634 0.0427228 
0.137899 0.699059 
0.556009 0.289743 
0.996985 0.0254702 
0.491985 0.310965 
0.632038 0.243754 
0.240246 0.532841 
0.354013 0.438365 
0.796499 0.112004 
0.10155 0.699085 
0.901521 0.0536343 
0.410209 0.370389 
0.0449314 0.832058 
0.45727 0.350782 
0.650021 0.229428 
0.000958451 1.01356 
0.331031 0.441704 
0.27344 0.532826 
0.0405807 0.861846 
0.685779 0.19016 
0.922232 0.0491881 
0.158884 0.620755 
0.422461 0.355323 
0.0536864 0.776617 
0.0486468 0.801052 
0.00185088 0.995544 
0.0177884 0.912962 
0.000319802 1.05706 
0.201038 0.586611 
0.694504 0.175136 
0.15165 0.633052 
0.739011 0.16862 
0.000587657 1.04446 
0.317802 0.454045 
0.583153 0.248885 
0.435053 0.351132 
0.143179 0.678342 
0.1741 0.610541 
0.28261 0.530494 
0.0255813 0.897541 
0.0127957 0.928959 
0.460378 0.329003 
0.784765 0.1267 
0.766511 0.132735 
0.669828 0.212388 
0.383978 0.39921 
0.681731 0.208728 
0.01054 0.946716 
0.655624 0.219919 
0.842759 0.0945938 
0.208381 0.568453 
0.00457284 0.971645 
0.187234 0.589983 
0.559225 0.25932 
0.143947 0.64872 
0.745041 0.153091 
0.222209 0.537694 
0.568869 0.250052 
0.481102 0.321302 
0.0357841 0.891047 
0.0802777 0.722563 
0.719587 0.168711 
0.396853 0.380403 
0.179157 0.600422 
0.0464581 0.814675 
0.0652375 0.755078 
0.707007 0.168881 
0.0361447 0.872175 
0.0596357 0.766741 
0.982991 0.0283573 
0.556678 0.274559 
0.210222 0.557829 
0.215576 0.542752 
0.607191 0.244025 
0.392905 0.387003 
0.0785934 0.738845 
0.603475 0.245068 
0.00629103 0.961824 
0.0904188 0.715498 
0.0740696 0.747956 
0.472246 0.326032 
0.14333 0.661601 
0.746457 0.139283 
0.348735 0.438769 
0.75664 0.13637 
0.100386 0.71374 
