0.000965688 1.03387 
1.12515 0.00178614 
0.916947 0.0962756 
0.780762 0.12791 
0.751181 0.14605 
0.686968 0.184693 
1.02591 0.00204003 
0.17533 0.643846 
0.223735 0.550266 
0.277303 0.507161 
0.147653 0.69851 
0.314398 0.50547 
0.451892 0.350287 
0.0847637 0.725157 
0.316893 0.46839 
0.481449 0.329055 
0.0728776 0.759047 
0.638774 0.217315 
0.104485 0.709216 
0.978332 0.0258622 
0.657528 0.199053 
0.493805 0.317247 
0.136645 0.700219 
0.397252 0.405366 
0.409612 0.379662 
0.362974 0.416976 
0.516083 0.299116 
0.388957 0.409951 
0.0262451 0.878083 
0.994463 0.00731129 
0.967305 0.0353123 
0.0181763 0.898739 
0.632087 0.229444 
0.585768 0.272455 
0.0648902 0.783971 
0.562907 0.276959 
0.0614107 0.815788 
0.277303 0.507161 
0.00973514 0.918998 
0.0628635 0.801142 
0.0998555 0.71952 
0.0685923 0.768606 
0.0553668 0.830671 
0.318468 0.446446 
0.18103 0.60268 
0.62569 0.244562 
0.431521 0.351299 
0.534607 0.280693 
0.00409293 0.959024 
0.961798 0.0503371 
0.175672 0.623812 
0.551789 0.27814 
0.664746 0.190628 
0.590268 0.263301 
0.933662 0.0613923 
0.00186647 0.994433 
0.530477 0.289047 
0.01666 0.908898 
0.618331 0.247949 
0.350128 0.420435 
0.418562 0.36279 
0.943051 0.0546615 
0.184174 0.590201 
0.0379296 0.862324 
0.921279 0.0802283 
0.031871 0.869415 
0.00211332 0.981883 
0.674847 0.185555 
0.210963 0.55684 
0.177757 0.615976 
0.0062143 0.941676 
0.00714275 0.935795 
1.01483 0.0047502 
0.604505 0.252934 
0.0468101 0.85645 
0.203176 0.561748 
0.417748 0.376727 
0.00107479 1.01841 
0.00129953 1.00926 
0.00264884 0.968797 
0.341191 0.424129 
0.198418 0.570489 
0.927624 0.0691389 
0.601067 0.257544 
0.42216 0.353864 
0.519277 0.294705 
0.48619 0.322086 
0.754718 0.135455 
0.327745 0.433813 
0.770407 0.131006 
0.190757 0.5849 
0.0512129 0.838614 
0.333179 0.429273 
0.0491514 0.847224 
0.951846 0.0513272 
0.193994 0.576949 
1.00294 0.00656272 
0.321826 0.441237 
0.761137 0.132201 
0.223148 0.5539 
