1.00014 0.000158557 
0.0189567 0.869391 
0.300987 0.453107 
0.135234 0.63893 
0.348962 0.415675 
0.782788 0.116317 
0.83734 0.0910758 
0.168689 0.591962 
0.12851 0.643067 
0.111198 0.692375 
0.0349442 0.815268 
0.955281 0.0234545 
0.662691 0.186135 
0.999377 0.00149489 
0.622441 0.212117 
0.276851 0.474821 
0.778401 0.1202 
0.215985 0.537986 
0.745367 0.13704 
0.418171 0.35444 
0.193379 0.56099 
0.260638 0.503032 
0.0844813 0.709817 
0.595417 0.229738 
0.444407 0.338333 
0.0530608 0.773921 
0.719301 0.153403 
0.932225 0.0350551 
0.621296 0.212291 
0.84711 0.0803477 
0.869711 0.0727279 
0.742269 0.139082 
0.882729 0.0616355 
0.904025 0.054207 
0.283368 0.468875 
0.482521 0.307629 
0.04769 0.801112 
0.473267 0.331894 
0.111198 0.692375 
0.479171 0.330652 
0.95362 0.0258357 
0.450613 0.338234 
0.487576 0.302479 
0.50197 0.293257 
0.684234 0.179441 
0.297083 0.456693 
0.524457 0.277446 
0.713501 0.156692 
0.069893 0.752051 
0.0349442 0.81427 
0.252306 0.510822 
0.371136 0.392971 
0.071828 0.738863 
0.192424 0.565889 
0.514316 0.285693 
0.178737 0.577815 
0.664998 0.185251 
0.699156 0.164473 
0.569311 0.245659 
0.356413 0.404587 
0.926515 0.0447075 
0.366375 0.399949 
0.542268 0.263933 
0.0608025 0.757432 
0.0464962 0.801272 
0.551074 0.259044 
0.180296 0.576217 
0.59115 0.231967 
0.0581471 0.766141 
0.380511 0.385156 
0.685687 0.172175 
0.168689 0.591962 
0.240777 0.518433 
0.875453 0.0659081 
0.396864 0.371024 
0.392418 0.380436 
0.0745017 0.729092 
0.224437 0.536924 
0.696868 0.167512 
0.915874 0.0452962 
0.908849 0.0486763 
0.839132 0.0861285 
0.40336 0.368004 
0.560218 0.255449 
0.508415 0.289505 
0.579297 0.239452 
0.563621 0.251229 
0.349257 0.409729 
0.533754 0.273286 
0.225396 0.526206 
0.53638 0.270554 
0.410812 0.359381 
0.228861 0.523781 
0.235423 0.518766 
0.38617 0.383165 
0.408454 0.362285 
0.259049 0.506582 
0.0772551 0.723066 
0.579228 0.239814 
0.0800201 0.718913 
