0.000247936 1.07469 
1.05318 0.00427656 
0.832246 0.092165 
0.947544 0.0582433 
0.0575099 0.839087 
0.783891 0.154448 
0.00937919 0.976842 
0.307222 0.452836 
0.341146 0.436146 
0.112578 0.715793 
0.13095 0.687821 
0.0717245 0.790718 
0.271815 0.504125 
0.430951 0.385289 
0.74634 0.168188 
0.0102569 0.934222 
1.02685 0.00842075 
0.224771 0.539454 
0.582414 0.265398 
0.369851 0.424752 
0.294272 0.484531 
0.998166 0.0125388 
0.39884 0.423941 
0.609655 0.261468 
0.00025719 1.04322 
0.44725 0.368432 
0.244151 0.528411 
0.470916 0.327054 
0.680935 0.189679 
0.545561 0.294037 
0.956964 0.0279634 
0.547667 0.267697 
0.142805 0.666195 
0.0253171 0.880734 
0.696255 0.180386 
0.615892 0.251178 
0.82727 0.10548 
0.0929871 0.717857 
0.622854 0.231009 
0.530456 0.295711 
0.0867421 0.752832 
0.0908721 0.736465 
0.970682 0.0182775 
0.350881 0.427432 
0.00614726 1.00351 
0.159554 0.654037 
0.810444 0.113418 
0.954884 0.0473362 
0.210792 0.547451 
0.720954 0.17142 
0.666262 0.195771 
0.488085 0.316168 
0.184982 0.588678 
0.0271066 0.863718 
0.561734 0.265555 
0.0163392 0.897321 
0.0424931 0.843553 
0.26062 0.509 
0.506597 0.296345 
0.248502 0.516732 
0.464464 0.338091 
0.203905 0.557835 
0.0304307 0.848049 
0.30103 0.467646 
0.16276 0.625498 
0.000257542 1.02666 
0.784711 0.133462 
0.707082 0.171749 
0.456574 0.348582 
0.985553 0.0162715 
0.133635 0.672293 
0.805588 0.123565 
0.0141375 0.906874 
0.404394 0.411217 
0.0724836 0.766532 
0.162092 0.645665 
0.194657 0.576043 
0.0116635 0.925231 
0.793509 0.129087 
1.04254 0.00429313 
0.174563 0.594377 
0.44852 0.355591 
0.168112 0.616304 
0.000508257 1.00819 
0.742626 0.168849 
0.173026 0.606694 
0.0731539 0.759864 
0.656813 0.204176 
0.499724 0.300769 
0.195112 0.567363 
0.627256 0.220132 
0.492026 0.309533 
0.410847 0.388434 
0.0720602 0.790643 
0.63653 0.206658 
0.2981 0.479285 
0.406024 0.398641 
0.648144 0.205362 
0.630364 0.211197 
0.409049 0.392353 
