0.00864618 1.22948 
0.999104 0.0211327 
0.60668 0.232645 
0.744718 0.220597 
0.453472 0.37668 
0.372092 0.411132 
0.358836 0.41297 
0.313215 0.459983 
0.205095 0.584776 
0.175748 0.615875 
0.00980657 1.14634 
0.0101792 1.08684 
0.0766687 0.776289 
0.0118378 0.954674 
0.010779 1.02394 
0.0695138 0.819028 
0.838954 0.10852 
0.0117428 1.00221 
0.15776 0.658403 
0.802687 0.108592 
0.00933609 1.18767 
0.545033 0.292025 
0.104922 0.735509 
0.0410257 0.872737 
0.896834 0.0717544 
0.0851058 0.748595 
0.155874 0.68923 
0.0254185 0.885007 
0.524575 0.304036 
0.918741 0.0602533 
0.00992815 1.11249 
0.0232526 0.905955 
0.105399 0.715806 
0.209649 0.562504 
0.118904 0.702364 
0.165471 0.638252 
0.141283 0.694268 
0.00911576 1.20365 
0.75535 0.170157 
0.0168748 0.926567 
0.881757 0.0720591 
0.958327 0.0250327 
0.45558 0.354699 
0.218934 0.553146 
0.576228 0.261295 
0.871602 0.0817395 
0.0571309 0.840922 
0.0849778 0.767282 
0.585315 0.250072 
0.747958 0.187457 
0.0591574 0.822474 
0.25027 0.538667 
0.254611 0.526441 
0.94838 0.0347709 
0.127102 0.697131 
0.983395 0.0215629 
0.170319 0.628927 
0.566442 0.266006 
0.259794 0.514164 
0.0126288 0.933821 
0.512721 0.305273 
0.970964 0.0219234 
0.276754 0.486372 
0.547726 0.274229 
0.0554999 0.864414 
0.929851 0.0593996 
0.229865 0.547217 
0.941533 0.0543968 
0.858556 0.0823449 
0.24026 0.545524 
0.281714 0.47451 
0.842638 0.089847 
0.499117 0.307105 
0.264457 0.503736 
0.270859 0.495235 
0.76054 0.160717 
0.765091 0.150469 
0.553786 0.268767 
0.78707 0.133762 
0.474373 0.318819 
0.59013 0.24027 
0.466227 0.324776 
0.77131 0.142414 
0.458865 0.343263 
0.794071 0.125616 
0.946018 0.0455766 
0.777914 0.136668 
0.288111 0.46707 
0.59824 0.23605 
0.491104 0.311856 
0.798397 0.119555 
0.463046 0.334549 
0.483271 0.315356 
0.848005 0.0864665 
0.747742 0.19877 
0.0101477 1.09418 
0.745497 0.210784 
0.0564747 0.85765 
0.295926 0.463974 
0.30318 0.460173 
