0.92337 0.0602662 
0.068761 0.886623 
0.286311 0.521805 
0.401114 0.486755 
0.597809 0.248446 
0.733502 0.248071 
0.404221 0.457973 
0.405341 0.379438 
0.0690545 0.840402 
0.733943 0.23562 
0.734264 0.176773 
0.223558 0.55812 
0.879668 0.0766648 
0.543563 0.285051 
0.0698052 0.772469 
0.508546 0.291797 
0.843225 0.0863183 
0.215674 0.586449 
0.827617 0.126808 
0.115752 0.695151 
0.0691985 0.809293 
0.806441 0.128117 
0.270294 0.52775 
0.155283 0.620758 
0.225248 0.538754 
0.129515 0.680679 
0.245099 0.528064 
0.734956 0.157027 
0.468539 0.340725 
0.0691985 0.809293 
0.456364 0.348509 
0.148656 0.639693 
0.0934893 0.720533 
0.498203 0.305575 
0.0698828 0.758774 
0.435532 0.355486 
0.83184 0.113044 
0.451285 0.355442 
0.496623 0.318614 
0.206282 0.586555 
0.101891 0.713068 
0.781207 0.12961 
0.0718343 0.746249 
0.792107 0.129153 
0.493664 0.328081 
0.833192 0.104723 
0.07795 0.740537 
0.48472 0.332977 
0.836034 0.0914018 
0.189508 0.587614 
0.740964 0.151076 
0.756617 0.14236 
0.747079 0.144524 
0.771845 0.135605 
0.504837 0.296989 
0.426469 0.359083 
0.475355 0.335091 
0.142376 0.650083 
0.137583 0.658134 
0.232827 0.532398 
0.0836504 0.725781 
0.765299 0.138013 
0.276818 0.522725 
0.109427 0.709805 
0.564291 0.25974 
0.413492 0.367597 
0.555376 0.262197 
0.585176 0.251737 
0.418633 0.362756 
0.554233 0.271279 
0.891464 0.0616829 
0.110141 0.699645 
0.734264 0.176773 
0.0808068 0.730091 
0.171063 0.596304 
0.407253 0.373047 
0.569387 0.254404 
0.178367 0.591959 
0.91043 0.0607873 
0.904168 0.0610307 
0.885082 0.0725745 
0.57687 0.252279 
0.169038 0.602805 
0.402573 0.464685 
0.888381 0.0666073 
0.143132 0.640374 
0.23757 0.528842 
0.134568 0.664753 
0.401652 0.472629 
0.165145 0.607831 
0.595299 0.24887 
0.162106 0.617849 
0.132895 0.669679 
0.184831 0.590241 
0.401235 0.47946 
0.130741 0.67631 
0.549036 0.279019 
0.163342 0.613051 
0.733591 0.247541 
0.550989 0.278942 
