0.000831965 1.05878 
1.04445 0.000483947 
0.18743 0.607612 
0.975528 0.0332296 
0.643826 0.235268 
0.523849 0.302917 
0.312405 0.526847 
0.839265 0.104784 
0.838747 0.104784 
0.312405 0.526847 
0.718005 0.185233 
0.0637991 0.788503 
0.0580762 0.827213 
0.733938 0.157887 
0.312742 0.491023 
0.389611 0.414429 
0.00900904 0.927139 
0.138391 0.659837 
0.00697703 0.960653 
0.364227 0.422154 
0.000947876 1.03706 
0.147123 0.649716 
0.127755 0.67731 
0.321939 0.448226 
0.0485927 0.833462 
0.694949 0.185697 
0.814677 0.117003 
0.821219 0.104941 
0.0477738 0.855523 
0.328151 0.435623 
0.0866296 0.726523 
1.02254 0.000767741 
0.432815 0.356842 
0.150444 0.629505 
0.318839 0.465062 
0.787503 0.121818 
0.00145251 1.01619 
0.474615 0.325567 
0.488948 0.314415 
0.795896 0.117021 
0.774727 0.129622 
0.315676 0.47613 
0.66893 0.19066 
0.0698776 0.773372 
0.118886 0.68146 
0.0966564 0.713212 
0.681358 0.186675 
0.458346 0.332022 
0.646416 0.210034 
0.162648 0.613107 
0.172862 0.610618 
0.111086 0.691922 
0.0733194 0.750755 
0.0293336 0.890296 
0.441208 0.349729 
0.0118684 0.917046 
0.0143312 0.903146 
0.391503 0.397481 
0.496656 0.304202 
0.157882 0.626145 
0.419186 0.361918 
0.0250489 0.901268 
0.105994 0.698986 
0.645301 0.224509 
0.0307827 0.877382 
1.00953 0.00373276 
0.981896 0.0270514 
0.00222202 0.992828 
0.660405 0.197308 
0.652145 0.200593 
0.985138 0.0155842 
0.452213 0.34688 
0.340808 0.431406 
0.0720489 0.765066 
0.0405215 0.873879 
0.0420403 0.862879 
0.480601 0.321134 
0.742126 0.144956 
0.0033264 0.978249 
0.0749191 0.737931 
0.9919 0.0103691 
1.00148 0.00715421 
0.768861 0.135178 
0.00188064 1.00398 
0.409855 0.384485 
0.753339 0.141217 
0.0970189 0.705558 
0.355351 0.423565 
0.0827223 0.734896 
0.345337 0.426628 
1.04147 0.000518949 
0.411289 0.372583 
0.75826 0.137362 
0.40511 0.390378 
0.506921 0.303863 
0.0067665 0.971802 
0.734323 0.147568 
0.454136 0.336091 
0.397087 0.393175 
0.413727 0.366191 
