0.985402 0.00759843 
0.00389332 0.985158 
0.0392916 0.803168 
0.149267 0.617797 
0.114908 0.661721 
0.218307 0.53312 
0.0198895 0.860509 
0.247814 0.502798 
0.0900735 0.701328 
0.902234 0.0521459 
0.0563102 0.769491 
0.0851765 0.741829 
0.414117 0.357083 
0.37859 0.385526 
0.114634 0.662029 
0.941997 0.0299354 
0.320923 0.43391 
0.324993 0.432619 
0.684647 0.174576 
0.485741 0.321394 
0.743995 0.145944 
0.304906 0.474424 
0.353834 0.405521 
0.254304 0.49746 
0.660388 0.193837 
0.00775486 0.970037 
0.785853 0.113754 
0.452105 0.328058 
0.190293 0.565694 
0.634445 0.212615 
0.971045 0.0148495 
0.586406 0.234851 
0.00863395 0.935971 
0.275934 0.47527 
0.0128236 0.896121 
0.378 0.385578 
0.55384 0.258514 
0.707626 0.15921 
0.942034 0.0298039 
0.353851 0.405334 
0.0128616 0.895298 
0.216218 0.54922 
0.019686 0.860518 
0.609444 0.220008 
0.694613 0.167017 
0.0854477 0.729195 
0.810954 0.102881 
0.576763 0.249751 
0.533769 0.270006 
0.00829177 0.936917 
0.837995 0.085033 
0.638683 0.201582 
0.0874125 0.705805 
0.609923 0.219592 
0.857072 0.0752797 
0.490651 0.308134 
0.561557 0.253459 
0.162264 0.603049 
0.519868 0.279545 
0.276756 0.474537 
0.650155 0.194146 
0.846818 0.0803407 
0.760386 0.129518 
0.0508919 0.777122 
0.304859 0.47452 
0.155135 0.611208 
0.896641 0.0542736 
0.707626 0.15921 
0.770493 0.123594 
0.776082 0.119653 
0.755809 0.137492 
0.495377 0.299013 
0.436973 0.340314 
0.170666 0.587718 
0.584564 0.241131 
0.824187 0.0925269 
0.166819 0.592226 
0.532309 0.272067 
0.822463 0.0937049 
0.0458052 0.787298 
0.884036 0.0612605 
0.0454472 0.794262 
0.507175 0.288699 
0.500406 0.292899 
0.513518 0.283728 
0.883137 0.063257 
0.870224 0.069185 
0.178425 0.578938 
0.425453 0.349296 
0.811099 0.102247 
0.427086 0.348 
0.187191 0.568334 
0.972767 0.014099 
0.745373 0.139546 
0.448279 0.332247 
0.180164 0.576009 
0.441096 0.337072 
0.869008 0.0703663 
0.984471 0.00791853 
0.414609 0.356464 
