0.00163165 1.04947 
1.00431 0.000124649 
0.234301 0.517173 
0.192071 0.603845 
0.574137 0.244846 
0.813426 0.107513 
0.525557 0.278231 
0.00225645 0.967728 
0.859044 0.0771837 
0.00198208 1.03978 
0.0934121 0.695758 
0.483851 0.305499 
0.0131232 0.914841 
0.524719 0.280499 
0.862119 0.0725049 
0.0251098 0.85631 
0.117315 0.657763 
0.900929 0.0522007 
0.065726 0.756874 
0.0455154 0.787572 
0.902699 0.0503218 
0.155952 0.609444 
0.939997 0.0325595 
0.0320189 0.821999 
0.134703 0.638707 
0.782597 0.115949 
0.631748 0.206151 
0.462245 0.320682 
0.605637 0.222497 
0.758379 0.130377 
0.329244 0.428031 
0.0160891 0.873917 
0.364392 0.397746 
0.453642 0.329081 
0.674183 0.180797 
0.965478 0.0254129 
0.315346 0.450667 
0.695238 0.174233 
0.292363 0.472926 
0.443103 0.344315 
0.265264 0.49008 
0.480509 0.308759 
0.700594 0.167124 
0.713091 0.155799 
0.995288 0.00564606 
0.00344173 0.95399 
0.592409 0.233695 
0.118302 0.65691 
0.133471 0.638719 
0.346864 0.411637 
0.939997 0.0325595 
0.422644 0.353028 
0.176337 0.604342 
0.346864 0.411637 
0.646343 0.197363 
0.654973 0.191402 
0.399131 0.36866 
0.386813 0.379362 
0.665692 0.186501 
0.582088 0.237128 
0.375347 0.39015 
0.431454 0.346787 
0.242705 0.509923 
0.255291 0.498466 
0.738955 0.142053 
0.0352269 0.813685 
0.795503 0.108664 
0.0756159 0.731096 
0.0879853 0.703632 
0.298798 0.461653 
0.727946 0.146949 
0.00499749 0.934351 
0.0830443 0.71365 
0.317852 0.440181 
0.0412962 0.802481 
0.0164341 0.873892 
0.158468 0.604582 
0.747525 0.137948 
0.966322 0.0178474 
0.979888 0.011043 
0.0787627 0.721718 
0.604244 0.224189 
0.411572 0.359074 
0.251111 0.504762 
0.068366 0.739912 
0.720784 0.151279 
0.275503 0.478249 
0.323933 0.432223 
0.637381 0.205264 
0.391187 0.375991 
0.407672 0.362267 
0.274964 0.478994 
0.00499749 0.934351 
0.976952 0.0118545 
0.791001 0.113228 
0.0658863 0.745436 
0.0430308 0.794474 
0.371481 0.39346 
0.755396 0.133655 
0.298798 0.461653 
