0.999593 0.00102459 
0.0054311 0.935544 
0.962348 0.0193089 
0.266257 0.485712 
0.220237 0.531884 
0.906559 0.0499187 
0.110284 0.676796 
0.139762 0.626689 
0.0681674 0.741502 
0.380309 0.383696 
0.0449834 0.789099 
0.75143 0.136377 
0.0180492 0.866561 
0.666435 0.184825 
0.434874 0.342072 
0.714209 0.155595 
0.468917 0.318865 
0.771828 0.122589 
0.699765 0.165538 
0.628878 0.207277 
0.804703 0.103701 
0.0131946 0.909441 
0.577749 0.240211 
0.600374 0.227431 
0.417824 0.355211 
0.0852764 0.717331 
0.482568 0.30653 
0.154817 0.608189 
0.185798 0.581921 
0.417824 0.355211 
0.170154 0.590062 
0.300096 0.45354 
0.0728967 0.7349 
0.0882903 0.704898 
0.333828 0.423535 
0.0996722 0.691741 
0.0309399 0.82896 
0.281311 0.471425 
0.295982 0.457452 
0.0234133 0.848732 
0.882836 0.0606532 
0.600347 0.227588 
0.827293 0.0916788 
0.318398 0.43684 
0.196704 0.561051 
0.986993 0.00741437 
0.0434466 0.809188 
0.846988 0.0828723 
0.535742 0.273676 
0.823466 0.0946966 
0.0054718 0.929601 
0.510322 0.296823 
0.51453 0.283612 
0.354101 0.406434 
0.521964 0.277649 
0.64245 0.198705 
0.867257 0.0751753 
0.868901 0.0695023 
0.433494 0.344659 
0.549448 0.25908 
0.149603 0.614771 
0.318398 0.436837 
0.542189 0.264591 
0.012708 0.910712 
0.206943 0.546434 
0.848549 0.0795407 
0.80526 0.102913 
0.364713 0.401433 
0.758901 0.129349 
0.368782 0.393602 
0.345143 0.412925 
0.652578 0.192726 
0.276909 0.47644 
0.470848 0.318622 
0.103315 0.680797 
0.892799 0.0575005 
0.569794 0.247019 
0.197756 0.55988 
0.21007 0.544399 
0.0228675 0.855931 
0.175833 0.585405 
0.976515 0.0126034 
0.218224 0.533153 
0.0448119 0.789161 
0.495574 0.2978 
0.633378 0.204256 
0.339182 0.418052 
0.141964 0.624274 
0.0371343 0.814197 
0.658616 0.18857 
0.376703 0.386611 
0.0331863 0.820637 
0.560943 0.25404 
0.90034 0.0521883 
0.972609 0.0163118 
0.267736 0.483908 
0.702307 0.162991 
0.768163 0.125496 
0.711833 0.157864 
0.562411 0.250686 
