1.03909 0.00151851 
0.0183945 0.935797 
0.158841 0.646719 
0.125806 0.712373 
0.0498237 0.831672 
0.0357079 0.89077 
0.808931 0.138127 
0.752095 0.15236 
0.705644 0.19379 
0.663428 0.21586 
0.733261 0.169877 
0.298309 0.478612 
0.3467 0.452356 
0.321836 0.467451 
0.270826 0.493004 
0.419857 0.373417 
0.403247 0.396479 
0.190815 0.615759 
0.71325 0.188542 
0.956037 0.0342078 
1.0204 0.0341518 
0.0627828 0.781032 
0.36859 0.437283 
0.532575 0.293926 
0.16171 0.627263 
0.456573 0.366752 
0.373876 0.418446 
0.429526 0.369787 
0.264379 0.51629 
0.553633 0.286683 
0.989919 0.0341812 
0.252125 0.52788 
0.0863319 0.760721 
0.508721 0.309307 
0.519909 0.299188 
0.376552 0.402604 
0.0498849 0.799881 
0.193981 0.588794 
0.854412 0.103186 
0.86502 0.0919466 
1.02426 0.00521229 
0.0184556 0.921519 
0.358276 0.448115 
0.104366 0.721818 
0.741858 0.154233 
0.934129 0.0450895 
0.876503 0.0879701 
0.926728 0.0545547 
0.30615 0.4677 
0.900495 0.0617659 
0.237046 0.529531 
0.608117 0.242731 
0.496436 0.315448 
0.483694 0.349289 
0.491798 0.339083 
0.909506 0.0558402 
0.941338 0.0342447 
0.217035 0.554196 
0.0885732 0.74638 
0.0510858 0.795823 
0.390692 0.396795 
0.892032 0.0831262 
0.632499 0.222692 
0.190985 0.604064 
0.208984 0.563793 
0.810205 0.119182 
0.642441 0.216221 
0.26793 0.502837 
0.898395 0.0775953 
0.228305 0.53799 
0.114558 0.716831 
0.839379 0.104029 
0.464759 0.359518 
0.591071 0.24304 
0.494106 0.327432 
0.553756 0.274132 
0.565149 0.269553 
0.472034 0.352472 
0.611702 0.23019 
0.0187495 0.900964 
0.622234 0.228116 
0.224424 0.54705 
0.206453 0.581404 
0.567249 0.258889 
0.0197772 0.895742 
0.580398 0.257729 
0.103021 0.741029 
0.585489 0.250224 
0.0790559 0.775903 
0.825895 0.105848 
0.160735 0.630847 
0.0779624 0.776401 
1.00725 0.0341662 
0.207241 0.575064 
0.657468 0.21614 
0.810788 0.110078 
0.0989747 0.741583 
0.818559 0.107442 
1.02465 0.00286129 
0.998631 0.0341812 
