0 1049.083
1 947.526
2 817.975
3 728.541
4 660.351
5 617.629
6 573.030
7 539.990
8 499.200
9 485.820
10 462.540
11 442.284
12 431.090
13 415.121
14 399.210
15 377.756
16 368.649
17 361.162
18 341.490
19 333.267
20 322.326
21 306.509
22 295.107
23 285.467
24 277.991
25 269.431
26 262.599
27 250.687
28 246.569
29 240.694
30 230.928
31 223.483
32 218.587
33 212.888
34 209.743
35 205.936
36 203.607
37 197.819
38 196.682
39 194.877
40 191.585
41 189.328
42 186.263
43 183.940
44 180.814
45 175.958
46 175.294
47 173.515
48 171.917
49 169.379
50 168.355
51 165.839
52 165.358
53 164.826
54 162.147
55 160.730
56 158.775
57 157.727
58 155.413
59 151.983
60 151.880
61 150.434
62 147.555
63 145.131
64 142.656
65 140.594
66 138.093
67 135.785
68 135.473
69 135.195
70 134.487
71 133.844
72 133.286
73 132.283
74 130.588
75 128.684
76 128.382
77 127.044
78 126.602
79 126.090
80 124.225
81 121.681
82 121.217
83 120.861
84 119.371
85 118.752
86 118.392
87 118.264
88 117.595
89 117.046
90 115.528
91 115.213
92 114.410
93 113.493
94 112.633
95 112.384
96 112.306
97 111.564
98 111.324
99 110.778
100 109.536
101 109.124
102 108.809
103 108.547
104 108.346
105 107.740
106 107.618
107 107.479
108 106.023
109 105.396
110 105.362
111 104.867
112 103.835
113 103.554
114 103.213
115 102.586
116 102.489
117 102.410
118 102.306
119 101.412
120 101.030
121 100.534
122 100.028
123 99.590
124 99.295
125 99.212
126 98.989
127 98.888
128 98.801
129 98.281
130 97.586
131 97.509
132 97.221
133 96.677
134 95.877
135 95.807
136 95.687
137 95.199
138 94.864
139 94.738
140 94.670
141 94.598
142 94.339
143 94.236
144 94.097
145 94.046
146 93.431
147 93.431
148 93.329
149 93.152
150 93.060
151 93.041
152 92.988
153 92.420
154 92.333
155 91.790
156 91.728
157 91.672
158 91.664
159 91.396
160 91.059
161 91.032
162 91.031
163 91.028
164 90.872
165 90.818
166 90.740
167 90.684
168 90.666
169 90.624
170 90.270
171 90.178
172 90.169
173 89.995
174 89.980
175 89.953
176 88.939
177 88.923
178 88.895
179 88.857
180 88.693
181 88.633
182 88.127
183 88.076
184 87.712
185 87.305
186 87.296
187 87.224
188 87.200
189 87.192
190 87.176
191 87.062
192 87.032
193 87.032
194 87.021
195 87.011
196 86.950
197 86.856
198 86.824
199 86.725
200 86.609
201 86.545
202 86.482
203 86.449
204 86.449
205 86.386
206 86.306
207 86.304
208 86.233
209 86.140
210 86.056
211 86.056
212 86.037
213 86.037
214 85.967
215 85.938
216 85.842
217 85.840
218 85.804
219 85.804
220 85.763
221 85.744
222 85.740
223 85.731
224 85.633
225 85.624
226 85.624
227 85.621
228 85.621
229 85.580
230 85.580
231 85.467
232 85.467
233 85.361
234 85.360
235 85.236
236 85.189
237 85.181
238 85.110
239 85.077
240 84.971
241 84.931
242 84.931
243 84.912
244 84.858
245 84.845
246 84.813
247 84.785
248 84.734
249 84.715
250 84.671
251 84.649
252 84.649
253 84.616
254 84.616
255 84.612
256 84.462
257 84.462
258 84.462
259 84.462
260 84.429
261 84.417
262 84.416
263 84.387
264 84.387
265 84.381
266 84.353
267 84.270
268 84.270
269 84.270
270 84.227
271 84.220
272 84.201
273 84.193
274 84.183
275 84.183
276 84.158
277 84.157
278 84.127
279 84.119
280 84.114
281 84.055
282 84.051
283 84.051
284 84.051
285 84.049
286 84.002
287 84.002
288 84.002
289 83.868
290 83.862
291 83.832
292 83.794
293 83.789
294 83.768
295 83.757
296 83.755
297 83.751
298 83.729
299 83.558
300 83.504
301 83.504
302 83.495
303 83.488
304 83.488
305 83.391
306 83.376
307 83.375
308 83.372
309 83.368
310 83.356
311 83.339
312 83.332
313 83.332
314 83.331
315 83.318
316 83.304
317 83.146
318 83.146
319 83.146
320 83.136
321 83.123
322 83.090
323 83.088
324 83.078
325 83.056
326 83.047
327 82.987
328 82.965
329 82.943
330 82.905
331 82.804
332 82.787
333 82.787
334 82.786
335 82.786
336 82.749
337 82.748
338 82.748
339 82.748
340 82.748
341 82.739
342 82.738
343 82.738
344 82.717
345 82.716
346 82.716
347 82.712
348 82.712
349 82.702
350 82.702
351 82.677
352 82.641
353 82.616
354 82.554
355 82.512
356 82.510
357 82.500
358 82.490
359 82.472
360 82.472
361 82.455
362 82.445
363 82.445
364 82.444
365 82.440
366 82.404
367 82.403
368 82.370
369 82.370
370 82.338
371 82.337
372 82.333
373 82.332
374 82.332
375 82.246
376 82.245
377 82.243
378 82.243
379 82.199
380 82.128
381 82.117
382 82.113
383 82.095
384 82.088
385 81.999
386 81.999
387 81.999
388 81.994
389 81.994
390 81.976
391 81.967
392 81.962
393 81.960
394 81.960
395 81.959
396 81.959
397 81.919
398 81.919
399 81.919
400 81.919
401 81.913
402 81.860
403 81.841
404 81.769
405 81.767
406 81.766
407 81.759
408 81.759
409 81.753
410 81.692
411 81.675
412 81.671
413 81.671
414 81.661
415 81.630
416 81.630
417 81.630
418 81.630
419 81.615
420 81.607
421 81.575
422 81.565
423 81.565
424 81.512
425 81.414
426 81.414
427 81.414
428 81.414
429 81.411
430 81.411
431 81.411
432 81.373
433 81.360
434 81.355
435 81.355
436 81.355
437 81.308
438 81.302
439 81.286
440 81.277
441 81.276
442 81.268
443 81.244
444 81.239
445 81.209
446 81.169
447 81.168
448 81.166
449 81.166
450 81.164
451 81.164
452 81.159
453 81.159
454 81.159
455 81.130
456 81.100
457 81.077
458 81.077
459 81.073
460 81.073
461 81.071
462 81.067
463 81.067
464 81.067
465 81.060
466 81.060
467 81.056
468 81.055
469 81.014
470 81.012
471 80.991
472 80.991
473 80.991
474 80.985
475 80.980
476 80.980
477 80.980
478 80.977
479 80.977
480 80.977
481 80.977
482 80.973
483 80.973
484 80.972
485 80.971
486 80.971
487 80.957
488 80.945
489 80.945
490 80.907
491 80.907
492 80.902
493 80.902
494 80.902
495 80.898
496 80.896
497 80.892
498 80.892
499 80.892
500 80.881
501 80.881
502 80.865
503 80.860
504 80.860
505 80.856
506 80.845
507 80.831
508 80.829
509 80.829
510 80.829
511 80.814
512 80.809
513 80.790
514 80.777
515 80.777
516 80.777
517 80.742
518 80.730
519 80.720
520 80.720
521 80.696
522 80.695
523 80.695
524 80.695
525 80.695
526 80.695
527 80.695
528 80.695
529 80.693
530 80.685
531 80.685
532 80.685
533 80.685
534 80.669
535 80.665
536 80.651
537 80.647
538 80.647
539 80.634
540 80.633
541 80.633
542 80.633
543 80.630
544 80.630
545 80.619
546 80.605
547 80.603
548 80.597
549 80.597
550 80.597
551 80.597
552 80.587
553 80.587
554 80.586
555 80.586
556 80.569
557 80.568
558 80.568
559 80.554
560 80.548
561 80.548
562 80.548
563 80.548
564 80.539
565 80.532
566 80.529
567 80.529
568 80.529
569 80.529
570 80.529
571 80.529
572 80.509
573 80.509
574 80.501
575 80.501
576 80.491
577 80.488
578 80.482
579 80.477
580 80.477
581 80.462
582 80.460
583 80.411
584 80.403
585 80.403
586 80.403
587 80.402
588 80.402
589 80.402
590 80.402
591 80.402
592 80.382
593 80.361
594 80.361
595 80.361
596 80.360
597 80.360
598 80.326
599 80.320
600 80.320
601 80.320
602 80.320
603 80.320
604 80.320
605 80.319
606 80.317
607 80.317
608 80.315
609 80.315
610 80.315
611 80.315
612 80.315
613 80.315
614 80.312
615 80.312
616 80.310
617 80.310
618 80.296
619 80.284
620 80.281
621 80.281
622 80.281
623 80.271
624 80.271
625 80.271
626 80.269
627 80.269
628 80.268
629 80.268
630 80.266
631 80.259
632 80.255
633 80.246
634 80.246
635 80.246
636 80.243
637 80.243
638 80.242
639 80.240
640 80.240
641 80.239
642 80.229
643 80.229
644 80.223
645 80.223
646 80.223
647 80.210
648 80.210
649 80.210
650 80.157
651 80.157
652 80.157
653 80.157
654 80.157
655 80.157
656 80.157
657 80.137
658 80.137
659 80.137
660 80.136
661 80.126
662 80.126
663 80.113
664 80.113
665 80.112
666 80.096
667 80.096
668 80.096
669 80.096
670 80.096
671 80.096
672 80.090
673 80.090
674 80.083
675 80.083
676 80.081
677 80.081
678 80.081
679 80.079
680 80.068
681 80.068
682 80.063
683 80.060
684 80.051
685 80.051
686 80.050
687 80.048
688 80.035
689 80.035
690 80.033
691 80.029
692 80.029
693 80.027
694 80.025
695 80.025
696 80.025
697 80.016
698 80.015
699 80.014
700 80.011
701 79.995
702 79.995
703 79.993
704 79.992
705 79.984
706 79.981
707 79.981
708 79.979
709 79.979
710 79.979
711 79.979
712 79.977
713 79.925
714 79.925
715 79.925
716 79.925
717 79.922
718 79.918
719 79.918
720 79.918
721 79.913
722 79.913
723 79.905
724 79.905
725 79.905
726 79.902
727 79.902
728 79.902
729 79.902
730 79.895
731 79.895
732 79.892
733 79.892
734 79.892
735 79.892
736 79.865
737 79.864
738 79.864
739 79.862
740 79.862
741 79.858
742 79.858
743 79.858
744 79.854
745 79.854
746 79.854
747 79.854
748 79.816
749 79.816
750 79.814
751 79.813
752 79.802
753 79.802
754 79.800
755 79.799
756 79.799
757 79.787
758 79.787
759 79.776
760 79.776
761 79.776
762 79.776
763 79.776
764 79.773
765 79.773
766 79.773
767 79.773
768 79.773
769 79.773
770 79.773
771 79.773
772 79.773
773 79.773
774 79.773
775 79.773
776 79.773
777 79.757
778 79.757
779 79.757
780 79.753
781 79.753
782 79.753
783 79.746
784 79.736
785 79.736
786 79.726
787 79.726
788 79.726
789 79.726
790 79.725
791 79.725
792 79.724
793 79.724
794 79.722
795 79.722
796 79.722
797 79.721
798 79.721
799 79.721
800 79.721
801 79.721
802 79.721
803 79.721
804 79.721
805 79.721
806 79.721
807 79.720
808 79.720
809 79.720
810 79.720
811 79.719
812 79.719
813 79.719
814 79.719
815 79.719
816 79.719
817 79.719
818 79.711
819 79.711
820 79.711
821 79.711
822 79.711
823 79.711
824 79.704
825 79.704
826 79.704
827 79.704
828 79.700
829 79.700
830 79.700
831 79.700
832 79.699
833 79.699
834 79.699
835 79.699
836 79.699
837 79.699
838 79.699
839 79.699
840 79.699
841 79.699
842 79.699
843 79.698
844 79.698
845 79.690
846 79.690
847 79.690
848 79.690
849 79.690
850 79.686
851 79.684
852 79.681
853 79.679
854 79.679
855 79.679
856 79.679
857 79.679
858 79.679
859 79.652
860 79.652
861 79.652
862 79.652
863 79.652
864 79.652
865 79.652
866 79.652
867 79.652
868 79.652
869 79.652
870 79.652
871 79.652
872 79.652
873 79.652
874 79.647
875 79.647
876 79.647
877 79.647
878 79.647
879 79.632
880 79.632
881 79.632
882 79.632
883 79.632
884 79.631
885 79.628
886 79.628
887 79.628
888 79.628
889 79.628
890 79.628
891 79.628
892 79.628
893 79.628
894 79.628
895 79.628
896 79.627
897 79.627
898 79.627
899 79.627
900 79.627
901 79.626
902 79.624
903 79.624
904 79.624
905 79.624
906 79.567
907 79.567
908 79.567
909 79.566
910 79.566
911 79.566
912 79.566
913 79.566
914 79.556
915 79.556
916 79.556
917 79.556
918 79.556
919 79.556
920 79.556
921 79.556
922 79.556
923 79.556
924 79.556
925 79.556
926 79.556
927 79.555
928 79.555
929 79.555
930 79.554
931 79.554
932 79.554
933 79.554
934 79.554
935 79.554
936 79.552
937 79.549
938 79.549
939 79.549
940 79.549
941 79.549
942 79.549
943 79.549
944 79.549
945 79.549
946 79.546
947 79.546
948 79.540
949 79.540
950 79.537
951 79.537
952 79.537
953 79.537
954 79.537
955 79.496
956 79.496
957 79.496
958 79.479
959 79.479
960 79.479
961 79.479
962 79.479
963 79.476
964 79.474
965 79.474
966 79.466
967 79.461
968 79.461
969 79.461
970 79.461
971 79.461
972 79.457
973 79.455
974 79.453
975 79.453
976 79.453
977 79.453
978 79.453
979 79.441
980 79.441
981 79.419
982 79.419
983 79.419
984 79.419
985 79.419
986 79.419
987 79.419
988 79.419
989 79.419
990 79.419
991 79.419
992 79.419
993 79.419
994 79.419
995 79.419
996 79.419
997 79.419
998 79.419
999 79.419
1000 79.419
1001 79.419
1002 79.401
1003 79.396
1004 79.396
1005 79.396
1006 79.395
1007 79.390
1008 79.390
1009 79.390
1010 79.389
1011 79.389
1012 79.389
1013 79.389
1014 79.389
1015 79.389
1016 79.389
1017 79.389
1018 79.389
1019 79.389
1020 79.389
1021 79.389
1022 79.389
1023 79.389
