0 944825213.568
1 901211360.124
2 824829274.141
3 773567402.640
4 750189065.103
5 713232343.360
6 704512248.197
7 673292736.840
8 646368030.097
9 627907892.991
10 603018946.353
11 582057061.972
12 574215694.955
13 543745125.033
14 526069318.428
15 512452716.963
16 492875093.412
17 467241247.438
18 460908580.909
19 440878389.237
20 428137252.167
21 402410715.361
22 394133790.626
23 379592371.770
24 372528837.164
25 367832651.167
26 349391917.844
27 344525280.157
28 335864407.037
29 321936731.369
30 318081651.487
31 300951803.391
32 289345345.381
33 283158581.627
34 269398673.156
35 261486608.451
36 258276917.395
37 255176879.628
38 248111513.704
39 241325081.294
40 238822192.086
41 235721269.046
42 229370722.684
43 224299706.218
44 219518182.315
45 215648558.381
46 209013416.541
47 203652439.199
48 194103462.615
49 183262363.045
50 181539869.442
51 174958985.739
52 173882959.370
53 170624679.938
54 162237541.473
55 145478192.814
56 143469524.939
57 138565032.915
58 131059883.022
59 129985069.153
60 127856478.970
61 121582984.395
62 115882506.043
63 113475367.645
64 111395854.708
65 110693683.652
66 109107085.357
67 107287704.890
68 104849969.922
69 102427021.936
70 101631637.909
71 101341079.930
72 99412486.031
73 98385355.081
74 97222854.423
75 96608853.880
76 95550329.153
77 93493230.193
78 90318945.805
79 89062830.379
80 88175364.307
81 87456930.101
82 85544467.184
83 84406138.502
84 83264925.034
85 81252039.187
86 80376671.334
87 79000476.508
88 78040149.776
89 76575493.194
90 76139393.167
91 71328458.233
92 70305119.082
93 69050028.961
94 67620805.701
95 67601755.497
96 66204826.970
97 63079836.918
98 62743324.950
99 62498687.724
100 60592150.514
101 58770067.479
102 58231767.037
103 57614805.340
104 57296992.874
105 56744062.749
106 56273916.343
107 55083541.358
108 54438328.521
109 53567999.790
110 53481787.841
111 52706259.938
112 52399498.844
113 51046385.074
114 50791992.405
115 50591457.515
116 49380762.251
117 49254957.882
118 49021198.519
119 48769824.344
120 48328384.676
121 47266910.559
122 46539833.549
123 44707025.315
124 44340241.707
125 44152267.509
126 44144205.312
127 42461500.856
128 42339566.625
129 42117286.600
130 41881964.207
131 41855167.354
132 39907523.236
133 39063689.698
134 38390945.460
135 38297882.915
136 38211470.696
137 37435068.603
138 37318601.207
139 37000694.953
140 36870538.401
141 36710940.159
142 36586699.417
143 36513280.650
144 36132138.442
145 35716229.311
146 35599502.404
147 34833020.792
148 34595985.293
149 34143393.795
150 34023927.597
151 33920817.850
152 33293367.160
153 32420852.970
154 32350089.899
155 32276832.931
156 32100248.418
157 31244317.228
158 30981741.172
159 30911365.925
160 30579080.368
161 29820439.019
162 29772056.887
163 29596392.403
164 28363711.212
165 28015611.508
166 28003243.303
167 27967066.625
168 27547465.684
169 27533742.471
170 26758443.380
171 26591805.224
172 26583384.482
173 26345492.810
174 26230750.608
175 25810560.468
176 25672663.200
177 25665318.399
178 25658829.122
179 25642909.887
180 25555998.949
181 24889906.246
182 24862251.024
183 24799932.108
184 24730567.703
185 24517028.201
186 24274046.319
187 24251754.308
188 24226769.074
189 24130745.428
190 23924887.365
191 23452203.903
192 23446050.652
193 23412478.255
194 23342682.976
195 23172367.489
196 22974466.971
197 22662670.253
198 22328720.524
199 22278854.550
200 22245913.305
201 22111211.094
202 22102173.972
203 22043572.949
204 21613816.507
205 21552578.470
206 21476654.861
207 21454551.192
208 21452240.574
209 21252581.073
210 21242556.767
211 21163405.798
212 21158669.627
213 21127091.204
214 21126860.788
215 21105990.284
216 21043733.604
217 20997404.653
218 20486980.965
219 20452187.796
220 20393790.273
221 20342968.170
222 20298432.160
223 20215572.657
224 20215180.765
225 20214574.677
226 20202169.860
227 20201953.942
228 20189661.688
229 20184700.089
230 20162365.083
231 20149347.243
232 20146858.097
233 20133247.517
234 20122632.494
235 20108838.237
236 20107266.355
237 19994713.081
238 19993905.087
239 19968198.453
240 19957079.065
241 19896824.413
242 19856236.493
243 19759357.588
244 19575768.138
245 19568299.356
246 19562388.969
247 19556494.996
248 19493368.853
249 19477649.028
250 19452340.250
251 19437528.020
252 19435419.889
253 19432548.769
254 19419019.989
255 19377170.371
256 19275008.199
257 19231885.885
258 19198067.635
259 19184822.836
260 19184333.069
261 19116658.761
262 19009539.624
263 18887582.985
264 18886697.894
265 18885698.977
266 18823569.684
267 18764685.702
268 18760050.576
269 18700751.208
270 18700600.557
271 18700457.461
272 18693281.958
273 18682494.371
274 18652286.304
275 18651883.297
276 18648724.283
277 18645543.469
278 18594135.106
279 18577588.962
280 18526049.843
281 18524886.245
282 18509958.908
283 18481857.094
284 18452193.072
285 18450851.280
286 18424266.495
287 18385528.437
288 18379366.562
289 18355097.052
290 18351751.406
291 18349688.733
292 18324848.025
293 18279614.433
294 18278968.271
295 18278448.384
296 18278108.334
297 18277901.047
298 18258153.749
299 18255884.999
300 18185693.258
301 18151740.841
302 18147162.450
303 18080701.825
304 18077882.906
305 18077176.978
306 18076374.138
307 18074801.918
308 18067408.833
309 18067369.709
310 18043551.863
311 18037728.776
312 18035124.809
313 18034938.314
314 18030628.665
315 18029853.646
316 18025707.400
317 18013921.535
318 17952103.934
319 17943019.595
320 17936854.653
321 17936848.122
322 17935625.515
323 17889832.822
324 17880311.035
325 17875156.884
326 17874526.914
327 17874508.248
328 17874161.600
329 17873803.218
330 17872177.132
331 17857081.121
332 17840134.956
333 17839464.901
334 17839367.014
335 17839335.935
336 17823939.105
337 17823686.665
338 17823682.688
339 17823524.786
340 17821709.564
341 17821195.509
342 17820943.840
343 17820147.394
344 17819695.277
345 17813365.440
346 17813166.756
347 17806149.746
348 17804739.323
349 17802586.661
350 17802319.787
351 17800653.478
352 17797540.727
353 17796609.612
354 17794371.187
355 17777721.769
356 17777691.877
357 17774086.344
358 17773068.442
359 17590353.091
360 17590165.629
361 17590164.233
362 17590117.206
363 17589607.264
364 17584236.140
365 17583870.517
366 17583536.955
367 17569426.109
368 17567060.352
369 17564154.820
370 17564035.198
371 17561620.893
372 17558141.273
373 17554168.210
374 17554030.313
375 17553885.978
376 17541326.064
377 17541171.884
378 17536512.973
379 17536510.967
380 17533364.684
381 17530215.930
382 17530086.896
383 17529026.831
384 17528361.294
385 17528345.188
386 17528267.691
387 17522173.069
388 17510969.048
389 17481633.074
390 17480857.412
391 17477858.499
392 17476535.704
393 17476261.593
394 17475083.784
395 17475060.457
396 17465924.674
397 17465304.515
398 17464854.204
399 17464715.622
400 17461550.888
401 17460506.042
402 17458836.275
403 17454383.507
404 17454122.446
405 17445582.177
406 17445436.633
407 17443191.114
408 17443102.693
409 17442819.929
410 17442817.532
411 17442383.587
412 17442379.156
413 17442123.451
414 17441300.312
415 17440650.321
416 17437288.578
417 17437251.744
418 17434460.404
419 17434148.932
420 17433548.487
421 17429383.835
422 17429383.169
423 17427591.730
424 17427371.367
425 17427361.131
426 17426639.065
427 17417941.290
428 17416957.096
429 17416957.096
430 17416791.138
431 17416505.207
432 17416433.634
433 17415400.045
434 17414129.914
435 17414123.234
436 17413925.946
437 17413903.299
438 17389470.958
439 17388603.623
440 17388367.700
441 17388367.651
442 17387255.647
443 17386544.223
444 17386257.034
445 17342793.640
446 17342655.313
447 17342471.293
448 17342470.948
449 17341104.805
450 17340452.961
451 17340053.602
452 17338263.401
453 17338128.411
454 17305944.589
455 17305493.878
456 17282451.346
457 17278407.325
458 17278010.394
459 17276835.122
460 17276832.955
461 17275416.066
462 17275368.927
463 17275166.905
464 17274913.778
465 17274911.997
466 17274911.058
467 17274293.494
468 17273802.585
469 17273799.571
470 17273784.075
471 17273230.001
472 17273222.242
473 17273220.036
474 17273219.236
475 17272280.829
476 17272280.605
477 17272268.746
478 17271603.705
479 17271602.602
480 17271580.092
481 17271545.468
482 17271273.314
483 17271206.925
484 17271194.729
485 17271070.226
486 17270456.783
487 17270455.928
488 17269942.563
489 17269942.301
490 17269939.981
491 17269939.981
492 17269933.222
493 17269928.731
494 17269926.505
495 17269725.924
496 17269723.343
497 17268617.848
498 17268606.863
499 17268604.215
500 17268602.327
501 17268602.050
502 17268602.050
503 17268589.932
504 17268574.588
505 17268574.538
506 17268209.483
507 17268185.713
508 17268162.481
509 17268161.929
510 17267904.121
511 17267827.221
512 17267776.561
513 17267698.594
514 17267668.327
515 17267667.243
516 17267666.146
517 17267651.395
518 17267202.113
519 17267200.851
520 17267181.032
521 17267123.557
522 17267117.057
523 17267116.858
524 17267111.944
525 17267102.809
526 17267098.802
527 17267097.766
528 17267082.758
529 17265723.423
530 17265706.210
531 17244592.085
532 17244486.464
533 17244395.974
534 17244395.314
535 17243125.467
536 17243124.913
537 17241809.708
538 17241809.634
539 17241802.390
540 17241507.131
541 17241481.071
542 17241479.991
543 17241465.038
544 17241455.852
545 17241452.907
546 17241115.479
547 17241115.479
548 17241109.236
549 17241109.033
550 17240772.652
551 17240767.625
552 17240766.324
553 17240759.563
554 17240744.101
555 17240581.063
556 17238722.352
557 17238716.184
558 17238273.181
559 17238267.736
560 17238187.607
561 17237379.922
562 17237379.922
563 17237379.785
564 17237086.310
565 17237085.268
566 17237085.268
567 17237085.218
568 17237062.856
569 17237052.033
570 17236837.704
571 17236834.565
572 17236834.340
573 17236834.340
574 17236827.945
575 17236818.421
576 17236818.080
577 17236818.002
578 17236817.153
579 17234265.022
580 17234264.388
581 17234205.786
582 17234205.382
583 17234203.217
584 17234199.273
585 17234197.474
586 17234197.467
587 17234099.201
588 17234074.691
589 17234071.472
590 17231666.495
591 17231666.495
592 17231665.702
593 17231665.507
594 17231665.507
595 17231655.588
596 17231364.140
597 17231350.519
598 17231350.519
599 17231349.333
600 17231348.812
601 17231348.525
602 17231348.485
603 17231348.122
604 17231346.689
605 17231110.230
606 17231107.720
607 17230952.903
608 17230939.886
609 17230939.882
610 17230939.882
611 17230851.044
612 17230847.398
613 17230847.398
614 17230847.398
615 17230844.353
616 17230844.206
617 17230612.225
618 17230612.109
619 17230610.858
620 17230604.718
621 17214690.734
622 17214678.664
623 17214345.642
624 17214345.642
625 17214344.141
626 17214343.912
627 17214337.368
628 17214334.050
629 17212974.799
630 17212973.801
631 17212963.876
632 17212963.876
633 17212925.378
634 17212917.295
635 17212905.641
636 17212512.044
637 17212510.997
638 17212509.637
639 17212506.995
640 17212506.995
641 17212506.037
642 17212489.363
643 17210890.377
644 17210890.377
645 17210889.513
646 17210888.954
647 17210887.408
648 17210887.408
649 17210887.277
650 17210886.785
651 17210807.087
652 17210805.775
653 17210804.953
654 17210804.764
655 17210804.629
656 17210804.609
657 17210195.704
658 17210195.662
659 17210168.259
660 17210166.915
661 17210166.915
662 17210166.915
663 17209945.374
664 17209945.374
665 17205479.010
666 17205479.010
667 17205479.010
668 17205479.008
669 17205469.789
670 17205469.105
671 17205467.857
672 17205465.362
673 17205465.362
674 17205461.776
675 17205461.769
676 17205461.769
677 17205461.769
678 17205461.769
679 17205461.694
680 17205445.737
681 17205414.428
682 17205414.428
683 17205370.059
684 17205370.059
685 17205369.972
686 17205360.973
687 17205360.120
688 17205360.120
689 17191222.830
690 17191222.390
691 17191222.390
692 17191222.390
693 17187250.787
694 17187250.751
695 17187250.099
696 17186803.781
697 17186803.559
698 17186799.999
699 17186799.999
700 17186371.875
701 17186371.875
702 17186371.875
703 17186371.875
704 17186008.823
705 17186008.604
706 17185529.187
707 17185529.187
708 17185520.557
709 17182785.981
710 17182785.981
711 17182785.954
712 17182622.491
713 17182607.199
714 17182606.853
715 17182603.896
716 17182603.624
717 17182603.624
718 17182603.624
719 17182593.505
720 17182593.505
721 17182593.505
722 17182591.818
723 17182586.615
724 17182586.614
725 17182544.804
726 17182544.419
727 17182544.412
728 17182544.412
729 17182541.273
730 17182541.273
731 17182541.256
732 17182523.051
733 17182523.051
734 17182516.888
735 17182516.379
736 17182516.379
737 17182513.722
738 17182513.668
739 17182503.889
740 17182503.889
741 17182499.998
742 17182499.998
743 17182499.998
744 17182499.998
745 17182351.116
746 17182351.116
747 17182350.952
748 17182350.924
749 17182350.924
750 17182348.883
751 17182348.824
752 17182348.824
753 17182348.824
754 17182344.775
755 17182344.717
756 17182344.366
757 17182343.288
758 17182343.288
759 17182343.288
760 17182343.288
761 17182343.268
762 17182336.223
763 17182336.220
764 17182336.220
765 17182336.183
766 17182336.046
767 17182336.046
768 17182211.424
769 17182211.070
770 17182211.070
771 17182206.510
772 17182206.477
773 17182206.476
774 17182205.721
775 17182203.114
776 17182203.089
777 17182203.089
778 17182203.089
779 17182202.438
780 17181908.486
781 17181908.486
782 17181908.156
783 17181908.156
784 17181908.153
785 17181908.153
786 17181908.153
787 17181908.153
788 17181908.148
789 17181908.141
790 17181908.092
791 17181908.092
792 17181907.712
793 17181907.712
794 17181902.699
795 17181902.699
796 17181899.482
797 17181899.482
798 17181899.482
799 17181899.310
800 17181898.517
801 17181898.517
802 17181898.236
803 17181898.236
804 17181892.524
805 17181888.838
806 17181888.838
807 17181888.834
808 17181888.834
809 17181888.719
810 17181888.719
811 17181888.682
812 17181888.433
813 17181888.433
814 17181887.782
815 17181887.782
816 17181887.781
817 17181847.229
818 17181847.229
819 17181847.229
820 17181847.208
821 17181847.208
822 17181847.202
823 17181846.793
824 17181846.793
825 17181846.793
826 17181846.793
827 17181846.793
828 17181846.793
829 17181846.702
830 17181846.551
831 17181840.884
832 17181840.884
833 17181835.223
834 17181835.223
835 17181835.222
836 17181835.222
837 17181835.222
838 17181812.554
839 17181812.554
840 17181804.769
841 17181804.238
842 17181804.015
843 17181804.015
844 17181804.012
845 17181791.098
846 17181789.403
847 17181783.537
848 17181783.537
849 17181783.537
850 17181783.537
851 17181754.302
852 17181754.302
853 17181754.302
854 17181754.302
855 17181754.276
856 17181743.073
857 17181743.068
858 17180990.128
859 17180990.128
860 17180938.537
861 17180938.537
862 17180937.224
863 17180912.000
864 17180911.999
865 17180542.472
866 17180422.656
867 17180422.581
868 17180422.356
869 17180422.356
870 17180422.356
871 17180422.356
872 17180422.355
873 17180422.343
874 17180419.151
875 17180419.151
876 17180419.151
877 17180419.151
878 17180419.131
879 17180418.628
880 17179540.002
881 17179539.891
882 17179484.466
883 17179484.184
884 17179422.737
885 17179422.737
886 17179422.737
887 17179422.737
888 17179422.737
889 17179367.098
890 17179367.098
891 17179367.098
892 17179367.081
893 17179366.993
894 17179366.905
895 17179362.560
896 17178052.340
897 17178052.199
898 17178027.675
899 17178027.113
900 17178009.246
901 17177761.431
902 17177761.431
903 17177761.376
904 17177761.376
905 17177753.681
906 17177753.681
907 17177750.989
908 17177750.989
909 17177750.989
910 17177750.989
911 17173937.117
912 17173937.117
913 17173937.117
914 17173937.117
915 17173937.117
916 17173937.117
917 17173937.117
918 17173937.117
919 17173937.117
920 17173937.117
921 17173937.108
922 17173937.108
923 17173937.108
924 17173937.108
925 17173767.403
926 17173767.403
927 17173750.494
928 17173750.494
929 17173750.494
930 17173750.494
931 17173750.494
932 17173750.494
933 17173686.487
934 17173686.358
935 17173686.211
936 17173677.945
937 17173675.432
938 17173675.240
939 17173675.111
940 17173675.111
941 17173675.111
942 17173675.111
943 17173675.111
944 17173670.214
945 17173670.190
946 17173670.190
947 17173669.086
948 17173669.086
949 17173668.517
950 17173668.512
951 17173668.512
952 17173668.507
953 17173668.507
954 17173668.507
955 17173668.477
956 17173668.450
957 17173668.450
958 17173668.450
959 17173668.394
960 17173668.389
961 17173668.389
962 17173668.369
963 17173668.201
964 17173256.780
965 17173256.780
966 17173256.780
967 17173251.926
968 17173251.926
969 17173251.926
970 17173251.926
971 17173251.926
972 17173251.926
973 17173251.926
974 17173250.810
975 17173250.790
976 17173250.781
977 17173250.781
978 17173250.039
979 17173249.083
980 17173249.083
981 17173249.036
982 17173249.036
983 17173249.036
984 17173249.036
985 17173249.036
986 17173249.036
987 17173249.036
988 17173249.036
989 17173249.036
990 17173249.036
991 17173249.036
992 17173249.036
993 17173249.036
994 17173249.036
995 17173248.975
996 17173248.975
997 17173248.975
998 17173248.942
999 17173248.942
1000 17173248.836
1001 17173248.836
1002 17173247.060
1003 17173247.060
1004 17173247.058
1005 17173247.058
1006 17173247.058
1007 17173245.573
1008 17173245.573
1009 17173245.573
1010 17173245.573
1011 17173245.427
1012 17173245.419
1013 17173245.419
1014 17173245.419
1015 17173245.395
1016 17173245.395
1017 17173245.395
1018 17173245.395
1019 17173245.395
1020 17165479.575
1021 17165479.476
1022 17165479.476
1023 17165479.476
