0 899118016.199
1 819354697.823
2 773840257.633
3 714770274.321
4 658423286.890
5 617205343.643
6 576350759.211
7 546793588.120
8 516843953.901
9 485660731.852
10 460176314.711
11 437165769.255
12 414619794.881
13 394054596.374
14 375883749.201
15 359338267.390
16 339728361.630
17 325944401.257
18 312671695.131
19 301496175.254
20 290591692.645
21 281310804.774
22 272428396.659
23 265983285.889
24 259109284.434
25 252448471.531
26 247363937.687
27 240617580.057
28 234624974.642
29 229200081.476
30 223696704.440
31 219188436.582
32 214740554.948
33 210014432.863
34 205719926.880
35 201980732.927
36 196946448.515
37 194735104.884
38 192506233.593
39 190523226.729
40 187640160.136
41 184403296.691
42 182055273.774
43 179061022.590
44 177216880.341
45 176126885.432
46 173618098.560
47 172944362.911
48 172088497.001
49 170883170.811
50 169908825.435
51 168887763.120
52 168216487.541
53 167798724.099
54 167013010.539
55 166395763.394
56 166121290.364
57 165326441.372
58 165002890.868
59 164818780.155
60 164670124.868
61 164241195.303
62 164180309.011
63 163925931.176
64 163536820.836
65 163290796.450
66 163004090.059
67 162902073.350
68 162802572.563
69 162625819.528
70 162525962.310
71 162416239.572
72 162251226.446
73 162144181.081
74 162021212.080
75 161933995.684
76 161804079.712
77 161767681.702
78 161714670.821
79 161591048.625
80 161570592.449
81 161517776.299
82 161501071.786
83 161486759.347
84 161479110.833
85 161423440.219
86 161341048.574
87 161320094.161
88 161206530.598
89 161202870.997
90 161190166.776
91 161150822.828
92 161120072.154
93 161095155.454
94 161093383.309
95 161047442.539
96 161047442.539
97 160976190.254
98 160944735.236
99 160890246.505
100 160816513.583
101 160701533.338
102 160635631.037
103 160632493.735
104 160616179.598
105 160616179.598
106 160551496.641
107 160544003.599
108 160544003.599
109 160507120.739
110 160440799.392
111 160408457.356
112 160396556.206
113 160396556.206
114 160396556.206
115 160395355.263
116 160394433.056
117 160362780.387
118 160331018.898
119 160328440.416
120 160328440.416
121 160312104.276
122 160305850.612
123 160305850.612
124 160305850.612
125 160300826.549
126 160275928.007
127 160249499.332
128 160197341.167
129 160177126.728
130 160177126.728
131 160161806.946
132 160139709.120
133 160139709.120
134 160114108.762
135 160114108.762
136 160107970.576
137 160107970.576
138 160107970.576
139 160095362.687
140 160074689.925
141 160074689.925
142 160074689.925
143 160057617.239
144 160044837.489
145 160044143.249
146 160021180.995
147 160021180.995
148 160004172.879
149 160004172.879
150 159997739.452
151 159995048.990
152 159995048.990
153 159995048.990
154 159995048.990
155 159995048.990
156 159984566.884
157 159980417.402
158 159980417.402
159 159980417.402
160 159980417.402
161 159980417.402
162 159980417.402
163 159978552.138
164 159978519.290
165 159953093.508
166 159903322.918
167 159901379.524
168 159901379.524
169 159899129.531
170 159899129.531
171 159899129.531
172 159899129.531
173 159895812.436
174 159894060.712
175 159894060.712
176 159875503.262
177 159875503.262
178 159833648.500
179 159833648.500
180 159833648.500
181 159833648.500
182 159833648.500
183 159830032.885
184 159795940.904
185 159781990.058
186 159763428.592
187 159757634.592
188 159757634.592
189 159757634.592
190 159742217.359
191 159715124.078
192 159714177.791
193 159714177.791
194 159709662.001
195 159707598.015
196 159707153.579
197 159707153.579
198 159707153.579
199 159707153.579
200 159703560.261
201 159693367.102
202 159693080.793
203 159693080.793
204 159693080.793
205 159690393.320
206 159690393.320
207 159690393.320
208 159690393.320
209 159690393.320
210 159690393.320
211 159690393.320
212 159690393.320
213 159675129.389
214 159672892.220
215 159672892.220
216 159672892.220
217 159671837.747
218 159661228.177
219 159661228.177
220 159661228.177
221 159661228.177
222 159661228.177
223 159659041.071
224 159659041.071
225 159652937.833
226 159652937.833
227 159652937.833
228 159640227.627
229 159640227.627
230 159625255.273
231 159625255.273
232 159625255.273
233 159625255.273
234 159625255.273
235 159625255.273
236 159625255.273
237 159625055.569
238 159625055.569
239 159623641.356
240 159623641.356
241 159623641.356
242 159620840.838
243 159610972.338
244 159606321.665
245 159606321.665
246 159606321.665
247 159606321.665
248 159604333.315
249 159604333.315
250 159604333.315
251 159604333.315
252 159604333.315
253 159602233.847
254 159601914.628
255 159601914.628
256 159596856.855
257 159596856.855
258 159596856.855
259 159596856.855
260 159596631.693
261 159596631.693
262 159596631.693
263 159593432.009
264 159593432.009
265 159590679.056
266 159584676.180
267 159584676.180
268 159584676.180
269 159584676.180
270 159579097.398
271 159579097.398
272 159579097.398
273 159579097.398
274 159576081.487
275 159576081.487
276 159576081.487
277 159576081.487
278 159571784.622
279 159571784.622
280 159562539.300
281 159562539.300
282 159562539.300
283 159561781.888
284 159560362.123
285 159554258.037
286 159554258.037
287 159554258.037
288 159554258.037
289 159554258.037
290 159554258.037
291 159552631.770
292 159544937.349
293 159544937.349
294 159544937.349
295 159544937.349
296 159544937.349
297 159544937.349
298 159544937.349
299 159544937.349
300 159544937.349
301 159544937.349
302 159544937.349
303 159544937.349
304 159543969.352
305 159530893.717
306 159530893.717
307 159530893.717
308 159530893.717
309 159530893.717
310 159530893.717
311 159530113.698
312 159530113.698
313 159530113.698
314 159530113.698
315 159530113.698
316 159526264.868
317 159524528.663
318 159517545.544
319 159517439.395
320 159517439.395
321 159517439.395
322 159516160.950
323 159516160.950
324 159516160.950
325 159516160.950
326 159516160.950
327 159516160.950
328 159516160.950
329 159512533.805
330 159507041.153
331 159507041.153
332 159507041.153
333 159501956.054
334 159501956.054
335 159500540.929
336 159499724.547
337 159499724.547
338 159499724.547
339 159495269.295
340 159495269.295
341 159495269.295
342 159495269.295
343 159495269.295
344 159495269.295
345 159495269.295
346 159495269.295
347 159495269.295
348 159495269.295
349 159495269.295
350 159495269.295
351 159493216.941
352 159493216.941
353 159492943.115
354 159492943.115
355 159492943.115
356 159492943.115
357 159492943.115
358 159492943.115
359 159492296.712
360 159491524.603
361 159491524.603
362 159491524.603
363 159491524.603
364 159489947.044
365 159487922.159
366 159487922.159
367 159487922.159
368 159487922.159
369 159487922.159
370 159487922.159
371 159484780.611
372 159484780.611
373 159484780.611
374 159484780.611
375 159484780.611
376 159482906.180
377 159482906.180
378 159482906.180
379 159482906.180
380 159482906.180
381 159482906.180
382 159482780.099
383 159482780.099
384 159482780.099
385 159482780.099
386 159481127.524
387 159481127.524
388 159481127.524
389 159481127.524
390 159481127.524
391 159481127.524
392 159479580.747
393 159479580.747
394 159479580.747
395 159479580.747
396 159479580.747
397 159479096.093
398 159479096.093
399 159478474.190
400 159478090.664
401 159475834.498
402 159475715.003
403 159475715.003
404 159475715.003
405 159475715.003
406 159475715.003
407 159475715.003
408 159475715.003
409 159475715.003
410 159475715.003
411 159475715.003
412 159475715.003
413 159475715.003
414 159475715.003
415 159475715.003
416 159475715.003
417 159475628.302
418 159475628.302
419 159475628.302
420 159475628.302
421 159475628.302
422 159475628.302
423 159474077.428
424 159473972.045
425 159473972.045
426 159473972.045
427 159473972.045
428 159473519.732
429 159473519.732
430 159473519.732
431 159473519.732
432 159473519.732
433 159473519.732
434 159472277.767
435 159472175.702
436 159472175.702
437 159472175.702
438 159471826.274
439 159471826.274
440 159465871.582
441 159465871.582
442 159465871.582
443 159465871.582
444 159464038.160
445 159462238.140
446 159462238.140
447 159462116.679
448 159462116.679
449 159462116.679
450 159462116.679
451 159460637.810
452 159460637.810
453 159460637.810
454 159456301.951
455 159456301.951
456 159456301.951
457 159456301.951
458 159456301.951
459 159456301.951
460 159453955.610
461 159453955.610
462 159453955.610
463 159453955.610
464 159453955.610
465 159453955.610
466 159453165.384
467 159453129.529
468 159452918.928
469 159452918.928
470 159452918.928
471 159452918.928
472 159452918.928
473 159452918.928
474 159452918.928
475 159452918.928
476 159452918.928
477 159452918.928
478 159452918.928
479 159452918.928
480 159451810.469
481 159451810.469
482 159451810.469
483 159451810.469
484 159451810.469
485 159451308.510
486 159451308.510
487 159451308.510
488 159451308.510
489 159451308.510
490 159451088.024
491 159450890.281
492 159450890.281
493 159450890.281
494 159450890.281
495 159450439.768
496 159450439.768
497 159450439.768
498 159450071.806
499 159450071.806
500 159450071.806
501 159450071.806
502 159450071.806
503 159450071.806
504 159450071.806
505 159449521.292
506 159449058.968
507 159449058.968
508 159449058.968
509 159449058.968
510 159449058.968
511 159446914.225
512 159446914.225
513 159446914.225
514 159446806.162
515 159446806.162
516 159445678.034
517 159445678.034
518 159445678.034
519 159445678.034
520 159445678.034
521 159445678.034
522 159445218.896
523 159445218.896
524 159445218.896
525 159445218.896
526 159445218.896
527 159445218.896
528 159445213.190
529 159445213.190
530 159445213.190
531 159445213.190
532 159445213.190
533 159445213.190
534 159444371.381
535 159444371.381
536 159444120.658
537 159443985.237
538 159443397.004
539 159443256.108
540 159443256.108
541 159443256.108
542 159443256.108
543 159443256.108
544 159443119.687
545 159442650.634
546 159442173.614
547 159442173.614
548 159442173.614
549 159442173.614
550 159441722.481
551 159441722.481
552 159441722.481
553 159441508.474
554 159441238.365
555 159441238.365
556 159440947.959
557 159440947.959
558 159440705.481
559 159440354.773
560 159440174.841
561 159439601.625
562 159439601.625
563 159439601.625
564 159439601.625
565 159439094.046
566 159438375.041
567 159437948.749
568 159437948.749
569 159437948.749
570 159437948.749
571 159437948.749
572 159437948.749
573 159437309.788
574 159437309.788
575 159437112.250
576 159437112.250
577 159437112.250
578 159437112.250
579 159436888.005
580 159436888.005
581 159436609.419
582 159435548.258
583 159435548.258
584 159435548.258
585 159433476.716
586 159433476.716
587 159433476.716
588 159433476.716
589 159433347.171
590 159433347.171
591 159433347.171
592 159433112.117
593 159433112.117
594 159433112.117
595 159433112.117
596 159433112.117
597 159433112.117
598 159433065.721
599 159433065.721
600 159433065.721
601 159433065.721
602 159433065.721
603 159432563.236
604 159432563.236
605 159432563.236
606 159432563.236
607 159432351.019
608 159432351.019
609 159432351.019
610 159430378.734
611 159430161.864
612 159430161.864
613 159430161.864
614 159429935.383
615 159429935.383
616 159429540.397
617 159429540.397
618 159429285.756
619 159429285.756
620 159429285.756
621 159429285.756
622 159428795.396
623 159428691.808
624 159428691.808
625 159428500.064
626 159428452.159
627 159427949.535
628 159427809.503
629 159427713.454
630 159427434.953
631 159427434.953
632 159427434.953
633 159427434.953
634 159427434.953
635 159427434.953
636 159427434.953
637 159427390.840
638 159427390.840
639 159427390.840
640 159427390.840
641 159427390.840
642 159427390.840
643 159427357.837
644 159427357.837
645 159427357.837
646 159427357.837
647 159427357.837
648 159427352.918
649 159427352.918
650 159427287.110
651 159426986.345
652 159426986.345
653 159426986.345
654 159426986.345
655 159426532.525
656 159426092.415
657 159426092.415
658 159426041.583
659 159425789.274
660 159425789.274
661 159425789.274
662 159425789.274
663 159425789.274
664 159425753.448
665 159425753.448
666 159425753.448
667 159425753.448
668 159425726.474
669 159425726.474
670 159425527.988
671 159425438.604
672 159425438.604
673 159425438.604
674 159425085.855
675 159425085.855
676 159425068.819
677 159424754.019
678 159424724.407
679 159424724.407
680 159424476.948
681 159424385.420
682 159424385.420
683 159424273.758
684 159424202.549
685 159424161.464
686 159424134.121
687 159424134.121
688 159424017.076
689 159423979.068
690 159423960.478
691 159423774.100
692 159423773.298
693 159423622.213
694 159423622.213
695 159423498.456
696 159423498.456
697 159423402.197
698 159423402.197
699 159423367.675
700 159423367.675
701 159423367.675
702 159423367.675
703 159423367.675
704 159423120.768
705 159423120.768
706 159423110.696
707 159423110.696
708 159423110.696
709 159423053.250
710 159423045.571
711 159422866.878
712 159422866.878
713 159422866.878
714 159422738.842
715 159422738.842
716 159422738.842
717 159422738.842
718 159422649.287
719 159422649.287
720 159422564.536
721 159422564.536
722 159422564.536
723 159422459.004
724 159422459.004
725 159422440.616
726 159422439.955
727 159422439.955
728 159422439.955
729 159422416.236
730 159422365.833
731 159422365.833
732 159422365.833
733 159422269.338
734 159422269.338
735 159422269.338
736 159422161.938
737 159422161.938
738 159422158.977
739 159422142.548
740 159422124.989
741 159421944.378
742 159421944.378
743 159421917.698
744 159421917.698
745 159421917.698
746 159421902.880
747 159421902.880
748 159421881.292
749 159421881.292
750 159421881.292
751 159421868.736
752 159421818.939
753 159421818.939
754 159421818.939
755 159421763.016
756 159421763.016
757 159421734.335
758 159421734.335
759 159421734.335
760 159421716.941
761 159421696.194
762 159421634.496
763 159421579.361
764 159421579.361
765 159421579.361
766 159421525.175
767 159421525.175
768 159421498.986
769 159421476.210
770 159421467.265
771 159421467.265
772 159421467.265
773 159421462.381
774 159421462.381
775 159421462.381
776 159421461.251
777 159421461.251
778 159421461.251
779 159421443.762
780 159421427.672
781 159421377.346
782 159421377.346
783 159421376.476
784 159421364.045
785 159421258.803
786 159421258.803
787 159421249.592
788 159421231.534
789 159421187.835
790 159421159.990
791 159421159.990
792 159421159.990
793 159421159.990
794 159421155.731
795 159421154.569
796 159421120.874
797 159421098.240
798 159421098.240
799 159421052.285
800 159421052.285
801 159421049.528
802 159421023.214
803 159421023.214
804 159421021.259
805 159420969.631
806 159420960.203
807 159420942.228
808 159420921.751
809 159420898.771
810 159420889.071
811 159420852.796
812 159420852.796
813 159420845.084
814 159420844.227
815 159420840.496
816 159420832.726
817 159420822.373
818 159420817.289
819 159420817.289
820 159420817.289
821 159420801.418
822 159420787.880
823 159420786.152
824 159420786.152
825 159420783.694
826 159420736.947
827 159420723.150
828 159420723.150
829 159420719.732
830 159420709.354
831 159420698.756
832 159420698.756
833 159420690.947
834 159420679.947
835 159420679.947
836 159420676.412
837 159420676.412
838 159420675.944
839 159420670.252
840 159420670.252
841 159420670.252
842 159420667.548
843 159420663.461
844 159420646.093
845 159420641.781
846 159420638.581
847 159420633.785
848 159420633.785
849 159420632.366
850 159420630.078
851 159420630.078
852 159420629.968
853 159420629.968
854 159420629.968
855 159420618.859
856 159420599.960
857 159420594.510
858 159420594.379
859 159420594.379
860 159420593.643
861 159420593.643
862 159420593.264
863 159420593.264
864 159420593.264
865 159420593.264
866 159420592.077
867 159420588.315
868 159420588.315
869 159420583.557
870 159420583.557
871 159420574.746
872 159420565.931
873 159420543.844
874 159420542.876
875 159420542.876
876 159420542.876
877 159420534.608
878 159420533.352
879 159420532.071
880 159420532.071
881 159420527.325
882 159420524.293
883 159420517.387
884 159420517.163
885 159420515.101
886 159420490.732
887 159420478.036
888 159420473.065
889 159420473.065
890 159420468.440
891 159420465.888
892 159420461.262
893 159420461.262
894 159420440.165
895 159420439.781
896 159420434.086
897 159420431.555
898 159420431.415
899 159420431.264
900 159420430.110
901 159420425.471
902 159420425.471
903 159420423.176
904 159420416.251
905 159420416.196
906 159420416.196
907 159420416.185
908 159420414.019
909 159420414.019
910 159420414.012
911 159420413.629
912 159420409.449
913 159420408.998
914 159420408.259
915 159420408.259
916 159420404.706
917 159420403.513
918 159420401.217
919 159420399.138
920 159420399.138
921 159420393.343
922 159420392.195
923 159420388.491
924 159420387.003
925 159420386.542
926 159420386.493
927 159420383.807
928 159420383.807
929 159420382.441
930 159420381.677
931 159420380.188
932 159420379.713
933 159420379.186
934 159420378.413
935 159420377.921
936 159420368.052
937 159420366.127
938 159420362.765
939 159420361.431
940 159420360.367
941 159420359.468
942 159420358.776
943 159420358.480
944 159420358.362
945 159420358.251
946 159420358.251
947 159420357.544
948 159420356.417
949 159420352.775
950 159420347.657
951 159420345.108
952 159420324.096
953 159420319.865
954 159420318.392
955 159420317.326
956 159420314.179
957 159420308.498
958 159420307.728
959 159420307.436
960 159420306.965
961 159420306.534
962 159420305.386
963 159420304.698
964 159420304.570
965 159420304.528
966 159420304.437
967 159420304.150
968 159420303.964
969 159420303.903
970 159420303.712
971 159420303.588
972 159420303.527
973 159420303.494
974 159420303.434
975 159420303.362
976 159420303.322
977 159420303.153
978 159420302.976
979 159420302.973
980 159420302.127
981 159420298.523
982 159420289.684
983 159420289.106
984 159420288.874
985 159420287.929
986 159420287.749
987 159420287.692
988 159420287.685
989 159420287.679
990 159420287.625
991 159420287.567
992 159420287.523
993 159420287.181
994 159420287.163
995 159420287.146
996 159420287.136
997 159420287.116
998 159420287.098
999 159420287.081
1000 159420287.047
1001 159420287.030
1002 159420286.991
1003 159420286.966
1004 159420286.958
1005 159420286.952
1006 159420286.873
1007 159420286.835
1008 159420286.677
1009 159420286.541
1010 159420286.330
1011 159420286.123
1012 159420285.995
1013 159420285.867
1014 159420285.760
1015 159420285.636
1016 159420285.567
1017 159420285.510
1018 159420285.473
1019 159420285.459
1020 159420285.451
1021 159420285.447
1022 159420285.447
1023 159420285.447
