0 980675229.776
1 910371898.679
2 882403848.101
3 822546594.854
4 752206014.918
5 727717869.446
6 690046793.980
7 680146698.166
8 661952853.034
9 627967659.796
10 601112662.655
11 580843217.055
12 560224217.370
13 531873906.321
14 521951949.917
15 505943479.164
16 485933608.495
17 476386936.404
18 467855672.640
19 461397835.928
20 445938198.506
21 434721465.975
22 421180060.174
23 413308196.919
24 402626194.360
25 386179847.298
26 374382991.685
27 365795985.305
28 347996537.435
29 341095203.448
30 322521877.797
31 321325423.186
32 311417388.221
33 298970708.739
34 294558755.699
35 291558276.813
36 280483851.814
37 272352091.942
38 266862679.012
39 257319478.594
40 250965619.940
41 245271938.174
42 231102533.038
43 225304605.636
44 223785452.751
45 222175466.364
46 199904543.837
47 194403055.884
48 192575440.374
49 187204544.224
50 184906952.794
51 175491018.171
52 174745218.560
53 171207881.789
54 166751304.036
55 158921186.285
56 154301800.584
57 150279521.921
58 143523934.691
59 137845518.868
60 134868764.550
61 131250741.203
62 126727935.379
63 124255485.668
64 123097582.712
65 118405153.433
66 116711283.661
67 114713169.550
68 113838654.930
69 112531843.499
70 109509804.530
71 104795056.243
72 99709621.872
73 99027828.060
74 96256100.925
75 94209269.933
76 93336045.095
77 92458276.716
78 91745196.198
79 87719142.663
80 86908905.256
81 86798176.753
82 85289704.003
83 84284070.990
84 80924956.261
85 79977342.827
86 79465740.758
87 78231204.618
88 77848270.169
89 77354427.486
90 76993020.656
91 76490410.317
92 74723000.800
93 74198696.597
94 72264992.738
95 69589630.956
96 68839133.846
97 68709952.202
98 68155452.583
99 67491967.169
100 67423736.620
101 66832877.470
102 66177205.081
103 64183903.011
104 63560967.156
105 63268101.037
106 60667026.295
107 60195075.738
108 59392075.098
109 58976176.198
110 58822667.458
111 57880449.347
112 56551457.044
113 55906836.061
114 55554915.536
115 54562911.323
116 53965646.305
117 53895097.005
118 53836393.298
119 53198500.440
120 52729296.460
121 51965995.602
122 51524636.804
123 51423842.757
124 48633548.026
125 48434048.304
126 48433000.892
127 46545816.772
128 45972401.539
129 45725155.598
130 44370135.625
131 44066146.165
132 42602406.843
133 41258818.453
134 41116964.682
135 41064984.188
136 41002313.591
137 40642630.614
138 40419341.587
139 39940289.705
140 39772627.867
141 39415724.629
142 38856820.972
143 38821525.920
144 38338089.098
145 38282407.587
146 37592338.436
147 37529056.587
148 37130482.557
149 37011720.672
150 36717386.072
151 36435259.728
152 35658017.337
153 35352187.982
154 35309751.607
155 34662559.382
156 34574621.065
157 34314443.337
158 34118980.404
159 34100585.931
160 33670544.570
161 33227549.114
162 33161360.382
163 32936398.866
164 32823100.248
165 32815991.838
166 30312398.710
167 30271044.618
168 29677789.910
169 29518847.940
170 29295916.515
171 29014393.220
172 28042154.207
173 27915461.389
174 27729266.689
175 27346858.643
176 27294297.869
177 27232026.799
178 26793457.605
179 26763586.406
180 26702322.513
181 26691804.183
182 26663716.494
183 26653383.113
184 26639185.379
185 26483415.124
186 26307516.164
187 26053650.825
188 25791936.646
189 25763790.567
190 25716944.978
191 25684572.403
192 25649071.584
193 25491737.291
194 25490186.532
195 24927181.602
196 24846638.915
197 24163085.628
198 23809357.921
199 23643881.424
200 23388735.614
201 23261604.392
202 23231731.201
203 23176320.077
204 23077784.281
205 22982927.568
206 22971955.777
207 22970863.927
208 22935412.901
209 22877037.640
210 22590433.933
211 22558001.842
212 22533402.946
213 22522887.868
214 22497708.647
215 22458958.996
216 22338631.673
217 22303933.049
218 22249935.547
219 22246987.698
220 22117674.650
221 21957947.159
222 21957205.905
223 21893982.441
224 21623911.392
225 21623498.180
226 21495445.669
227 21481462.994
228 21459981.660
229 21448411.774
230 21334882.071
231 21315419.290
232 21296129.417
233 21272422.172
234 21211755.285
235 21200453.811
236 21196579.858
237 21175185.223
238 21081074.758
239 20751856.095
240 20725873.879
241 20707116.211
242 20571529.575
243 20486772.816
244 20326966.551
245 20269460.261
246 20212611.551
247 20204866.407
248 20177555.854
249 20166668.534
250 20072940.402
251 20064218.129
252 20050164.000
253 20011434.691
254 20010058.755
255 20004142.749
256 19982854.740
257 19832970.991
258 19806878.030
259 19803234.200
260 19803086.000
261 19789429.989
262 19787059.478
263 19782379.683
264 19751853.523
265 19715467.969
266 19715459.226
267 19707941.010
268 19703650.650
269 19695316.626
270 19689231.951
271 19688426.303
272 19688363.427
273 19687381.036
274 19679849.774
275 19667089.093
276 19657738.179
277 19648728.869
278 19637445.932
279 19637010.351
280 19635566.005
281 19629923.675
282 19627425.218
283 19590518.532
284 19571135.337
285 19555870.466
286 19533795.537
287 19531912.489
288 19525976.147
289 19518379.719
290 19033847.829
291 19011231.715
292 19011143.537
293 19010425.825
294 18994056.637
295 18949554.975
296 18946105.302
297 18942958.726
298 18938397.585
299 18936883.273
300 18935315.970
301 18935216.617
302 18932793.779
303 18932687.588
304 18925831.546
305 18925496.977
306 18925467.723
307 18914333.368
308 18911671.514
309 18911224.538
310 18911223.231
311 18884661.984
312 18883966.077
313 18883966.077
314 18844290.676
315 18843474.164
316 18842845.100
317 18837675.979
318 18794230.178
319 18768584.523
320 18710522.803
321 18709432.858
322 18707403.993
323 18703426.437
324 18700199.790
325 18698810.247
326 18670766.238
327 18670760.108
328 18670679.656
329 18668482.486
330 18668433.690
331 18609888.250
332 18474067.729
333 18473088.867
334 18472846.049
335 18468815.172
336 18468385.644
337 18468137.109
338 18467848.676
339 18420166.791
340 18419372.820
341 18415087.966
342 18415073.343
343 18414894.704
344 18405335.072
345 18382618.503
346 18381539.302
347 18381532.691
348 18361725.048
349 18360953.472
350 18360058.766
351 18358793.846
352 18358097.562
353 18284421.790
354 18281484.131
355 18275239.403
356 18273236.430
357 18270027.483
358 18267516.894
359 18264648.936
360 18264175.294
361 18261810.147
362 18261407.134
363 18261198.546
364 18255021.092
365 18254824.784
366 18251874.677
367 18249078.486
368 18208578.674
369 18208565.344
370 18204329.242
371 18204311.194
372 18200638.598
373 18200596.486
374 18198992.573
375 18198942.347
376 18189491.064
377 18116782.081
378 18115271.350
379 18114360.519
380 18114187.166
381 18114184.834
382 18108038.601
383 18094218.407
384 18094194.493
385 18094064.106
386 18094061.016
387 18093595.996
388 18093406.553
389 18090725.594
390 18089573.808
391 18073653.383
392 18056383.018
393 18053419.261
394 18053373.240
395 18052602.204
396 18042092.057
397 18042069.962
398 18041404.613
399 18041216.381
400 18038346.026
401 18038343.527
402 18038342.972
403 18038324.909
404 18037867.364
405 17972710.710
406 17972689.594
407 17972672.305
408 17972595.945
409 17972010.858
410 17972010.823
411 17971917.069
412 17971071.849
413 17971019.541
414 17970642.493
415 17970060.475
416 17970060.265
417 17969576.956
418 17924279.345
419 17924233.410
420 17922478.904
421 17922467.812
422 17921999.968
423 17921648.284
424 17918793.104
425 17917301.124
426 17910592.672
427 17809387.249
428 17809383.769
429 17809372.317
430 17809370.433
431 17809320.872
432 17809255.184
433 17808421.156
434 17808024.464
435 17800551.149
436 17800422.173
437 17800418.359
438 17800379.375
439 17784289.276
440 17784233.653
441 17784188.262
442 17784060.428
443 17783621.220
444 17782410.742
445 17782393.701
446 17782389.747
447 17779789.795
448 17779148.008
449 17779092.686
450 17779089.901
451 17779037.487
452 17778702.246
453 17776453.498
454 17775410.925
455 17775402.425
456 17775380.644
457 17774487.784
458 17774472.922
459 17774472.922
460 17774259.493
461 17774025.357
462 17774024.772
463 17773999.817
464 17772252.334
465 17770847.866
466 17768921.786
467 17742297.824
468 17742287.399
469 17742240.973
470 17741650.779
471 17741642.960
472 17741639.258
473 17741593.383
474 17741543.989
475 17741538.164
476 17741538.164
477 17741538.164
478 17741499.081
479 17741421.522
480 17732065.335
481 17728485.171
482 17728485.171
483 17728485.171
484 17725283.147
485 17725281.353
486 17725275.509
487 17725274.835
488 17724854.707
489 17724854.539
490 17724854.539
491 17724854.539
492 17724854.539
493 17724853.534
494 17724853.534
495 17724089.474
496 17723643.544
497 17723642.558
498 17720812.383
499 17720802.833
500 17720724.964
501 17720723.684
502 17720672.978
503 17720663.734
504 17720645.084
505 17720611.608
506 17720597.486
507 17720565.668
508 17720537.908
509 17720298.725
510 17720105.738
511 17720082.714
512 17719975.524
513 17719967.438
514 17719962.480
515 17719946.803
516 17719785.009
517 17719461.961
518 17719447.793
519 17719393.833
520 17719389.535
521 17718231.841
522 17717264.632
523 17717154.075
524 17716951.421
525 17716868.399
526 17716865.819
527 17716143.059
528 17716125.553
529 17715790.630
530 17715790.188
531 17715780.034
532 17715775.084
533 17715768.871
534 17715768.483
535 17715502.409
536 17715154.697
537 17715144.017
538 17715141.241
539 17715123.819
540 17715121.701
541 17715109.673
542 17714730.569
543 17704146.173
544 17681645.742
545 17681645.742
546 17677654.494
547 17677646.468
548 17677646.077
549 17677087.362
550 17676756.080
551 17676739.905
552 17675608.851
553 17675608.851
554 17675599.997
555 17675560.400
556 17675469.995
557 17675261.016
558 17675191.474
559 17674604.959
560 17674569.259
561 17674564.796
562 17674564.770
563 17674564.685
564 17674499.503
565 17664936.074
566 17664867.663
567 17664866.609
568 17664866.013
569 17664861.126
570 17664860.994
571 17664853.736
572 17664853.132
573 17664849.906
574 17664849.906
575 17664849.906
576 17664849.896
577 17664848.427
578 17664563.725
579 17664519.659
580 17664497.246
581 17664497.246
582 17664488.811
583 17664485.354
584 17659620.568
585 17659620.551
586 17659611.325
587 17659600.529
588 17659590.549
589 17659581.126
590 17659580.778
591 17659577.786
592 17659577.192
593 17659575.084
594 17659574.544
595 17659574.544
596 17659574.544
597 17659574.544
598 17659573.657
599 17659570.169
600 17658940.345
601 17658937.066
602 17658926.552
603 17658921.341
604 17658918.800
605 17658918.800
606 17658918.412
607 17658916.529
608 17658912.084
609 17658605.219
610 17658603.294
611 17658603.294
612 17658603.294
613 17658593.473
614 17658587.294
615 17657951.361
616 17656986.332
617 17656982.492
618 17656981.150
619 17656981.150
620 17656694.160
621 17656680.039
622 17656669.860
623 17656465.450
624 17656465.443
625 17656465.443
626 17656465.403
627 17656168.723
628 17656168.723
629 17656153.282
630 17649367.354
631 17648766.896
632 17648664.501
633 17648662.613
634 17648662.613
635 17648562.796
636 17648562.796
637 17648484.680
638 17648447.009
639 17648433.322
640 17648432.045
641 17647246.905
642 17647246.905
643 17647246.905
644 17647212.562
645 17647211.463
646 17647211.463
647 17647211.456
648 17647206.103
649 17647206.103
650 17647206.103
651 17647206.103
652 17647205.803
653 17647176.784
654 17647174.278
655 17647174.278
656 17647153.124
657 17647153.000
658 17647142.906
659 17647142.906
660 17647142.202
661 17647141.213
662 17647141.213
663 17647125.769
664 17647078.295
665 17647078.109
666 17647060.286
667 17647059.943
668 17647055.814
669 17647054.691
670 17646708.770
671 17646708.601
672 17646707.684
673 17646707.684
674 17646617.645
675 17646610.305
676 17646564.367
677 17646564.367
678 17646564.367
679 17646562.439
680 17646558.148
681 17646557.233
682 17646556.839
683 17646550.209
684 17646548.739
685 17646548.739
686 17646548.739
687 17646546.549
688 17646546.549
689 17645759.919
690 17645759.919
691 17645727.546
692 17645725.444
693 17645725.444
694 17645716.315
695 17645715.473
696 17636613.178
697 17636613.178
698 17636613.178
699 17636613.174
700 17636613.159
701 17636596.769
702 17636565.287
703 17636564.219
704 17636564.219
705 17636563.694
706 17636563.694
707 17636563.694
708 17636563.655
709 17595797.842
710 17595000.860
711 17595000.619
712 17595000.420
713 17594997.874
714 17594997.874
715 17594997.874
716 17592564.000
717 17592563.274
718 17592563.266
719 17592563.084
720 17592563.084
721 17592534.213
722 17592534.213
723 17592533.805
724 17592529.908
725 17592529.908
726 17592529.526
727 17592529.277
728 17592529.277
729 17592529.277
730 17592529.277
731 17592528.515
732 17592528.222
733 17592527.953
734 17592408.168
735 17592408.168
736 17532870.893
737 17531270.603
738 17531270.603
739 17531270.603
740 17504613.819
741 17504613.819
742 17504613.617
743 17493411.082
744 17493411.082
745 17493409.698
746 17493116.057
747 17493114.673
748 17472091.157
749 17472084.208
750 17472084.202
751 17472084.197
752 17463244.754
753 17463244.754
754 17463244.178
755 17463242.751
756 17461272.832
757 17448437.259
758 17448435.928
759 17448435.488
760 17393263.040
761 17393162.270
762 17393162.183
763 17378538.748
764 17378537.603
765 17378537.454
766 17378537.260
767 17377751.969
768 17377750.826
769 17377750.826
770 17377750.826
771 17377750.826
772 17377750.826
773 17377750.826
774 17377750.826
775 17377750.826
776 17377750.826
777 17377750.826
778 17377750.826
779 17377750.826
780 17377750.826
781 17377750.826
782 17377750.826
783 17377750.826
784 17377750.826
785 17377750.826
786 17377750.826
787 17377750.826
788 17377750.826
789 17377750.826
790 17377750.826
791 17377750.826
792 17377750.826
793 17377750.826
794 17377750.826
795 17377750.826
796 17377750.826
797 17377750.826
798 17377750.826
799 17377750.826
800 17377750.826
801 17377750.826
802 17377750.826
803 17377750.826
804 17377750.826
805 17377750.826
806 17377750.826
807 17377750.826
808 17377750.826
809 17377750.826
810 17377750.826
811 17377750.826
812 17377750.826
813 17377750.826
814 17377750.826
815 17377750.826
816 17377750.826
817 17377750.826
818 17377750.826
819 17377750.826
820 17377750.826
821 17377750.826
822 17377750.826
823 17377750.826
824 17377750.826
825 17377750.826
826 17377750.826
827 17377750.826
828 17377750.826
829 17377750.826
830 17377750.826
831 17377750.826
832 17377750.826
833 17377750.826
834 17377750.826
835 17377750.826
836 17377750.826
837 17377750.826
838 17377750.826
839 17377750.826
840 17377750.826
841 17377750.826
842 17377750.826
843 17377750.826
844 17377750.826
845 17377750.826
846 17377750.826
847 17377750.826
848 17377750.826
849 17377750.826
850 17377750.826
851 17377750.826
852 17377750.826
853 17377750.826
854 17377750.826
855 17377750.826
856 17377750.826
857 17377750.826
858 17377750.826
859 17377750.826
860 17377750.826
861 17377750.826
862 17377750.826
863 17377750.826
864 17377750.826
865 17377750.826
866 17377750.826
867 17377750.826
868 17377750.826
869 17377750.826
870 17377750.826
871 17377750.826
872 17377750.826
873 17377750.826
874 17377750.826
875 17377750.826
876 17377750.826
877 17377750.826
878 17377750.826
879 17377750.826
880 17377750.826
881 17377750.826
882 17377750.826
883 17377750.826
884 17377750.826
885 17377750.826
886 17377750.826
887 17377750.826
888 17377750.826
889 17377750.826
890 17377750.826
891 17377750.826
892 17377750.826
893 17377750.826
894 17377750.826
895 17377750.826
896 17377750.826
897 17377750.826
898 17377750.826
899 17377750.826
900 17377750.826
901 17377750.826
902 17377750.826
903 17377750.826
904 17377750.826
905 17377750.826
906 17377750.826
907 17377750.826
908 17377750.826
909 17377750.826
910 17377750.826
911 17377750.826
912 17377750.826
913 17377750.826
914 17377750.826
915 17377750.826
916 17377750.826
917 17377750.826
918 17377750.826
919 17377750.826
920 17377750.826
921 17377750.826
922 17377750.826
923 17377750.826
924 17377750.826
925 17377750.826
926 17377750.826
927 17377750.826
928 17377750.826
929 17377750.826
930 17377750.826
931 17377750.826
932 17377750.826
933 17377750.826
934 17377750.826
935 17377750.826
936 17377750.826
937 17377750.826
938 17377750.826
939 17377750.826
940 17377750.826
941 17377750.826
942 17377750.826
943 17377750.826
944 17377750.826
945 17377750.826
946 17377750.826
947 17377750.826
948 17377750.826
949 17377750.826
950 17377750.826
951 17377750.826
952 17377750.826
953 17377750.826
954 17377750.826
955 17377750.826
956 17377750.826
957 17377750.826
958 17377750.826
959 17377750.826
960 17377750.826
961 17377750.826
962 17377750.826
963 17377750.826
964 17377750.826
965 17377750.826
966 17377750.826
967 17377750.826
968 17377750.826
969 17377750.826
970 17377750.826
971 17377750.826
972 17377750.826
973 17377750.826
974 17377750.826
975 17377750.826
976 17377750.826
977 17377750.826
978 17377750.826
979 17377750.826
980 17377750.826
981 17377750.826
982 17377750.826
983 17377750.826
984 17377750.826
985 17377750.826
986 17377750.826
987 17377750.826
988 17377750.826
989 17377750.826
990 17377750.826
991 17377750.826
992 17377750.826
993 17377750.826
994 17377750.826
995 17377750.826
996 17377750.826
997 17377750.826
998 17377750.826
999 17377750.826
1000 17377750.826
1001 17377750.826
1002 17377750.826
1003 17377750.826
1004 17377750.826
1005 17377750.826
1006 17377750.826
1007 17377750.826
1008 17377750.826
1009 17377750.826
1010 17377750.826
1011 17377750.826
1012 17377750.826
1013 17377750.826
1014 17377750.826
1015 17377750.826
1016 17377750.826
1017 17377750.826
1018 17377750.826
1019 17377750.826
1020 17377750.826
1021 17377750.826
1022 17377750.826
1023 17377750.826
