0 1092.784
1 929.553
2 843.146
3 782.570
4 757.991
5 717.314
6 664.370
7 641.484
8 618.159
9 585.828
10 556.139
11 536.101
12 507.467
13 495.592
14 486.541
15 463.167
16 438.362
17 425.233
18 407.290
19 391.802
20 377.150
21 367.877
22 348.832
23 334.937
24 328.085
25 310.024
26 296.711
27 287.895
28 281.314
29 275.387
30 272.172
31 271.772
32 262.828
33 255.981
34 249.684
35 246.126
36 242.677
37 237.312
38 232.157
39 230.164
40 225.865
41 220.399
42 218.865
43 218.034
44 206.324
45 204.679
46 201.560
47 195.724
48 194.057
49 188.875
50 186.864
51 182.041
52 179.839
53 178.901
54 176.096
55 174.287
56 171.867
57 167.659
58 165.437
59 163.397
60 160.695
61 159.171
62 157.778
63 155.694
64 155.251
65 153.189
66 151.768
67 151.036
68 149.952
69 149.248
70 148.938
71 147.367
72 147.021
73 144.408
74 144.204
75 143.350
76 139.304
77 136.980
78 136.934
79 135.786
80 134.628
81 133.934
82 132.853
83 132.711
84 132.377
85 130.630
86 129.561
87 129.488
88 127.516
89 127.035
90 126.434
91 125.104
92 125.045
93 124.604
94 124.544
95 123.632
96 123.111
97 121.677
98 121.663
99 120.881
100 120.540
101 120.218
102 119.610
103 118.987
104 118.635
105 118.000
106 116.926
107 116.523
108 115.983
109 115.840
110 114.542
111 114.183
112 113.584
113 112.402
114 111.977
115 111.746
116 111.565
117 111.485
118 111.476
119 111.194
120 110.837
121 109.916
122 109.430
123 109.349
124 109.067
125 108.663
126 107.960
127 107.574
128 107.318
129 106.771
130 106.307
131 106.270
132 106.204
133 105.932
134 105.924
135 105.795
136 105.787
137 105.647
138 105.085
139 104.142
140 103.974
141 103.779
142 103.724
143 103.659
144 103.654
145 103.520
146 103.377
147 103.111
148 102.867
149 102.791
150 102.305
151 102.050
152 101.751
153 101.642
154 101.599
155 101.596
156 101.593
157 101.503
158 101.407
159 101.407
160 101.262
161 101.259
162 101.130
163 101.114
164 100.791
165 100.713
166 100.399
167 100.363
168 100.348
169 100.210
170 99.936
171 99.855
172 99.750
173 99.600
174 99.600
175 99.393
176 99.368
177 99.282
178 99.238
179 99.039
180 98.937
181 98.815
182 98.684
183 98.380
184 98.307
185 98.294
186 98.213
187 98.100
188 98.092
189 97.906
190 97.800
191 97.789
192 97.736
193 97.006
194 96.966
195 96.950
196 96.582
197 96.559
198 96.424
199 96.379
200 96.160
201 96.160
202 96.060
203 95.978
204 95.951
205 95.824
206 95.784
207 95.776
208 95.600
209 95.579
210 95.578
211 95.457
212 95.455
213 95.369
214 95.338
215 95.278
216 95.234
217 94.978
218 94.964
219 94.697
220 94.605
221 94.434
222 94.337
223 94.337
224 94.337
225 93.770
226 93.514
227 93.493
228 93.485
229 92.997
230 92.997
231 92.994
232 92.793
233 92.778
234 92.691
235 92.669
236 92.616
237 92.575
238 92.509
239 92.507
240 92.471
241 92.385
242 92.266
243 92.260
244 92.157
245 92.143
246 92.136
247 92.118
248 92.118
249 91.868
250 91.778
251 91.778
252 91.661
253 91.618
254 91.616
255 91.137
256 90.973
257 90.917
258 90.831
259 90.831
260 90.826
261 90.772
262 90.754
263 90.734
264 90.713
265 90.711
266 90.626
267 90.626
268 90.572
269 90.548
270 90.334
271 90.314
272 90.249
273 90.246
274 90.246
275 90.246
276 90.174
277 90.094
278 90.059
279 90.057
280 89.958
281 89.772
282 89.772
283 89.770
284 89.767
285 89.590
286 89.576
287 89.393
288 89.390
289 89.362
290 89.328
291 89.328
292 89.328
293 89.286
294 89.241
295 89.241
296 88.152
297 88.073
298 88.068
299 88.042
300 88.042
301 87.858
302 87.848
303 87.846
304 87.825
305 87.579
306 87.561
307 87.561
308 87.505
309 87.458
310 87.458
311 87.444
312 87.435
313 87.109
314 87.109
315 87.109
316 87.090
317 87.090
318 87.084
319 87.009
320 87.005
321 87.004
322 86.991
323 86.991
324 86.991
325 86.986
326 86.986
327 86.938
328 86.938
329 86.909
330 86.897
331 86.739
332 86.738
333 86.738
334 86.735
335 86.707
336 86.455
337 86.446
338 86.422
339 86.416
340 86.415
341 86.414
342 86.410
343 86.404
344 86.378
345 86.374
346 86.107
347 86.104
348 86.064
349 86.057
350 86.018
351 86.014
352 85.977
353 85.977
354 85.906
355 85.809
356 85.786
357 85.647
358 85.587
359 85.420
360 85.419
361 85.400
362 85.399
363 85.399
364 85.362
365 85.254
366 85.254
367 85.250
368 85.173
369 85.173
370 85.173
371 85.173
372 85.172
373 84.914
374 84.912
375 84.843
376 84.710
377 84.699
378 84.689
379 84.686
380 84.660
381 84.657
382 84.657
383 84.647
384 84.609
385 84.536
386 84.512
387 84.508
388 84.500
389 84.308
390 84.286
391 84.277
392 84.189
393 84.189
394 84.173
395 84.155
396 84.105
397 84.098
398 84.097
399 84.097
400 83.382
401 83.338
402 83.241
403 83.235
404 83.235
405 83.230
406 83.230
407 83.216
408 83.070
409 83.070
410 83.070
411 83.070
412 83.043
413 83.043
414 83.042
415 83.042
416 83.040
417 83.040
418 83.040
419 82.969
420 82.969
421 82.955
422 82.950
423 82.950
424 82.947
425 82.944
426 82.927
427 82.927
428 82.924
429 82.912
430 82.897
431 82.897
432 82.897
433 82.892
434 82.774
435 82.774
436 82.767
437 82.746
438 82.737
439 82.693
440 82.693
441 82.652
442 82.652
443 82.651
444 82.649
445 82.648
446 82.616
447 82.552
448 82.552
449 82.529
450 82.512
451 82.511
452 82.510
453 82.497
454 82.497
455 82.497
456 82.470
457 82.307
458 82.296
459 82.296
460 82.282
461 82.275
462 82.274
463 82.265
464 82.265
465 82.225
466 82.220
467 82.195
468 82.192
469 82.192
470 82.174
471 82.174
472 82.050
473 82.029
474 82.026
475 82.025
476 82.025
477 81.991
478 81.974
479 81.958
480 81.892
481 81.840
482 81.840
483 81.734
484 81.711
485 81.698
486 81.606
487 81.606
488 81.605
489 81.593
490 81.592
491 81.563
492 81.563
493 81.562
494 81.537
495 81.535
496 81.526
497 81.524
498 81.455
499 81.451
500 81.441
501 81.440
502 81.438
503 81.411
504 81.392
505 81.366
506 81.366
507 81.366
508 81.366
509 81.366
510 81.366
511 81.366
512 81.366
513 81.363
514 81.348
515 81.348
516 81.309
517 81.309
518 81.309
519 81.291
520 81.291
521 81.218
522 81.218
523 81.154
524 81.144
525 81.114
526 81.114
527 81.103
528 81.102
529 81.088
530 81.088
531 81.081
532 81.078
533 81.078
534 81.078
535 81.074
536 81.048
537 81.028
538 81.026
539 81.025
540 80.955
541 80.955
542 80.955
543 80.951
544 80.945
545 80.945
546 80.945
547 80.945
548 80.907
549 80.903
550 80.852
551 80.852
552 80.852
553 80.850
554 80.845
555 80.845
556 80.841
557 80.841
558 80.794
559 80.792
560 80.781
561 80.779
562 80.770
563 80.770
564 80.767
565 80.767
566 80.767
567 80.767
568 80.767
569 80.767
570 80.767
571 80.764
572 80.762
573 80.740
574 80.736
575 80.731
576 80.731
577 80.731
578 80.728
579 80.728
580 80.694
581 80.694
582 80.694
583 80.685
584 80.685
585 80.685
586 80.681
587 80.672
588 80.672
589 80.667
590 80.666
591 80.647
592 80.647
593 80.630
594 80.630
595 80.630
596 80.630
597 80.625
598 80.608
599 80.608
600 80.608
601 80.608
602 80.601
603 80.568
604 80.568
605 80.568
606 80.568
607 80.568
608 80.567
609 80.565
610 80.535
611 80.535
612 80.534
613 80.502
614 80.500
615 80.495
616 80.495
617 80.495
618 80.495
619 80.480
620 80.473
621 80.473
622 80.473
623 80.452
624 80.452
625 80.449
626 80.436
627 80.436
628 80.436
629 80.436
630 80.432
631 80.432
632 80.432
633 80.414
634 80.414
635 80.389
636 80.374
637 80.374
638 80.371
639 80.371
640 80.368
641 80.349
642 80.349
643 80.346
644 80.345
645 80.339
646 80.339
647 80.326
648 80.326
649 80.326
650 80.324
651 80.324
652 80.284
653 80.284
654 80.269
655 80.269
656 80.269
657 80.264
658 80.264
659 80.264
660 80.262
661 80.262
662 80.246
663 80.246
664 80.235
665 80.235
666 80.197
667 80.189
668 80.189
669 80.188
670 80.183
671 80.180
672 80.167
673 80.167
674 80.165
675 80.165
676 80.163
677 80.163
678 80.163
679 80.163
680 80.161
681 80.153
682 80.153
683 80.153
684 80.115
685 80.109
686 80.109
687 80.108
688 80.108
689 80.087
690 80.085
691 80.085
692 80.085
693 80.085
694 80.085
695 80.085
696 80.085
697 80.085
698 80.085
699 80.083
700 80.083
701 80.083
702 80.080
703 80.080
704 80.080
705 80.080
706 80.079
707 80.074
708 80.074
709 80.072
710 80.072
711 80.072
712 80.072
713 80.072
714 80.067
715 80.059
716 80.050
717 80.049
718 80.049
719 80.048
720 80.045
721 80.043
722 80.042
723 80.042
724 80.042
725 80.041
726 80.041
727 80.037
728 80.037
729 80.037
730 80.037
731 80.031
732 80.030
733 80.030
734 80.030
735 80.027
736 80.024
737 80.022
738 80.020
739 80.018
740 80.014
741 80.010
742 80.010
743 80.007
744 79.996
745 79.994
746 79.994
747 79.994
748 79.994
749 79.991
750 79.989
751 79.989
752 79.987
753 79.987
754 79.987
755 79.987
756 79.987
757 79.986
758 79.986
759 79.986
760 79.986
761 79.986
762 79.985
763 79.985
764 79.982
765 79.945
766 79.945
767 79.945
768 79.945
769 79.945
770 79.945
771 79.945
772 79.945
773 79.945
774 79.945
775 79.945
776 79.945
777 79.945
778 79.945
779 79.945
780 79.945
781 79.945
782 79.945
783 79.945
784 79.945
785 79.945
786 79.945
787 79.945
788 79.945
789 79.945
790 79.945
791 79.945
792 79.945
793 79.945
794 79.945
795 79.945
796 79.945
797 79.945
798 79.945
799 79.945
800 79.945
801 79.945
802 79.945
803 79.945
804 79.945
805 79.945
806 79.945
807 79.945
808 79.945
809 79.945
810 79.945
811 79.945
812 79.945
813 79.945
814 79.945
815 79.945
816 79.945
817 79.945
818 79.945
819 79.945
820 79.945
821 79.945
822 79.945
823 79.945
824 79.945
825 79.945
826 79.945
827 79.945
828 79.945
829 79.945
830 79.945
831 79.945
832 79.945
833 79.945
834 79.945
835 79.945
836 79.945
837 79.945
838 79.945
839 79.945
840 79.945
841 79.945
842 79.945
843 79.945
844 79.945
845 79.945
846 79.945
847 79.945
848 79.945
849 79.945
850 79.945
851 79.945
852 79.945
853 79.945
854 79.945
855 79.945
856 79.945
857 79.945
858 79.945
859 79.945
860 79.945
861 79.945
862 79.945
863 79.945
864 79.945
865 79.945
866 79.945
867 79.945
868 79.945
869 79.945
870 79.945
871 79.945
872 79.945
873 79.945
874 79.945
875 79.945
876 79.945
877 79.945
878 79.945
879 79.945
880 79.945
881 79.945
882 79.945
883 79.945
884 79.945
885 79.945
886 79.945
887 79.945
888 79.945
889 79.945
890 79.945
891 79.945
892 79.945
893 79.945
894 79.945
895 79.945
896 79.945
897 79.945
898 79.945
899 79.945
900 79.945
901 79.945
902 79.945
903 79.945
904 79.945
905 79.945
906 79.945
907 79.945
908 79.945
909 79.945
910 79.945
911 79.945
912 79.945
913 79.945
914 79.945
915 79.945
916 79.945
917 79.945
918 79.945
919 79.945
920 79.945
921 79.945
922 79.945
923 79.945
924 79.945
925 79.945
926 79.945
927 79.945
928 79.945
929 79.945
930 79.945
931 79.945
932 79.945
933 79.945
934 79.945
935 79.945
936 79.945
937 79.945
938 79.945
939 79.945
940 79.945
941 79.945
942 79.945
943 79.945
944 79.945
945 79.945
946 79.945
947 79.945
948 79.945
949 79.945
950 79.945
951 79.945
952 79.945
953 79.945
954 79.945
955 79.945
956 79.945
957 79.945
958 79.945
959 79.945
960 79.945
961 79.945
962 79.945
963 79.945
964 79.945
965 79.945
966 79.945
967 79.945
968 79.945
969 79.945
970 79.945
971 79.945
972 79.945
973 79.945
974 79.945
975 79.945
976 79.945
977 79.945
978 79.945
979 79.945
980 79.945
981 79.945
982 79.945
983 79.945
984 79.945
985 79.945
986 79.945
987 79.945
988 79.945
989 79.945
990 79.945
991 79.945
992 79.945
993 79.945
994 79.945
995 79.945
996 79.945
997 79.945
998 79.945
999 79.945
1000 79.945
1001 79.945
1002 79.945
1003 79.945
1004 79.945
1005 79.945
1006 79.945
1007 79.945
1008 79.945
1009 79.945
1010 79.945
1011 79.945
1012 79.945
1013 79.945
1014 79.945
1015 79.945
1016 79.945
1017 79.945
1018 79.945
1019 79.945
1020 79.945
1021 79.945
1022 79.945
1023 79.945
