0.483013 2.02594 
0.0234376 3.00845 
0.742187 1.7241 
0.757813 1.70775 
0.732418 1.73443 
0.490227 2.01658 
0.187496 2.50168 
0.895904 1.57 
0.320313 2.26119 
0.294228 2.30249 
0.517718 1.9815 
0.499756 2.00428 
0.849602 1.61493 
0.724114 1.74325 
0.507828 1.99398 
0.286255 2.31589 
0.903625 1.56263 
0.180004 2.51665 
0.951693 1.51748 
0.419047 2.11233 
0.556217 1.934 
0.827569 1.63681 
0.525538 1.97168 
0.0273438 2.98683 
0.658449 1.81777 
0.249985 2.37941 
0.19341 2.48885 
0.666145 1.80626 
0.597031 1.88513 
0.547917 1.94411 
0.857339 1.60733 
0.410157 2.12482 
0.576815 1.9097 
0.328058 2.24795 
0.586679 1.89731 
0.566505 1.92139 
0.838332 1.62758 
0.301945 2.2905 
0.137812 2.61282 
0.3125 2.2734 
0.794224 1.67029 
0.097153 2.72073 
0.474602 2.03696 
0.81797 1.64762 
0.257813 2.36533 
0.367808 2.1864 
0.927483 1.54004 
0.145427 2.59486 
0.031311 2.96496 
0.242187 2.39496 
0.427638 2.10035 
0.0923876 2.74157 
0.347588 2.21735 
0.278442 2.32923 
0.713387 1.75472 
0.804997 1.65942 
0.916023 1.55083 
0.338347 2.23307 
0.939355 1.52891 
0.646423 1.82833 
0.677638 1.79356 
0.357339 2.20215 
0.376855 2.17333 
0.536564 1.95793 
0.884773 1.58068 
0.689355 1.78075 
0.153239 2.57653 
0.202669 2.47051 
0.70166 1.76823 
0.400398 2.13872 
0.104312 2.70027 
0.0365639 2.93909 
0.767719 1.6975 
0.606457 1.87411 
0.232339 2.412 
0.173183 2.53138 
0.0693436 2.80841 
0.130778 2.63061 
0.0761874 2.78549 
0.0837995 2.76153 
0.267718 2.34785 
0.0421285 2.91386 
0.462898 2.05245 
0.451205 2.06846 
0.439355 2.08425 
0.634773 1.84152 
0.782782 1.68197 
0.211464 2.45218 
0.112458 2.67787 
0.871105 1.5939 
0.0484048 2.88691 
0.388689 2.15639 
0.222588 2.43105 
0.0625 2.83255 
0.054997 2.86071 
0.121105 2.6549 
0.162102 2.55592 
0.621105 1.85715 
0 3.28571 
1 1.47306 
