0.865792 0.934728 
0.753174 1.02785 
0.907597 0.897246 
0.929647 0.880586 
0.760987 1.02091 
0.856213 0.939299 
0.132813 1.80217 
0.226382 1.63059 
0.80261 0.984529 
0.6978 1.07867 
0.792716 0.993041 
0.6875 1.08705 
0.9375 0.873319 
0.21875 1.64266 
0.949963 0.863479 
0.677727 1.09613 
0.782597 1.00182 
0.234132 1.6186 
0.898437 0.904856 
0.625275 1.14607 
0.0422378 2.04573 
0.834542 0.957436 
0.242038 1.6052 
0.812744 0.975935 
0.917716 0.889106 
0.210921 1.65549 
0.195095 1.68242 
0.187439 1.69587 
0.202907 1.66896 
0.646181 1.126 
0.594728 1.17612 
0.844729 0.948852 
0.615792 1.15542 
0.542725 1.22945 
0.55261 1.21888 
0.171873 1.72409 
0.823822 0.966853 
0.138069 1.79031 
0.875 0.923773 
0.179687 1.70984 
0.707031 1.06907 
0.635636 1.13605 
0.772301 1.01076 
0.522057 1.25089 
0.365792 1.43188 
0.458181 1.32101 
0.604767 1.16616 
0.532597 1.23974 
0.667701 1.10555 
0.656234 1.11641 
0.562744 1.20852 
0.42761 1.35695 
0.584542 1.18641 
0.489432 1.28613 
0.886466 0.914401 
0.375 1.42015 
0.165062 1.73912 
0.448487 1.33208 
0.573517 1.19745 
0.74218 1.03735 
0.110353 1.85251 
0.468262 1.30966 
0.47924 1.29742 
0.718719 1.05865 
0.334542 1.47243 
0.0689699 1.95766 
0.396181 1.39403 
0.125 1.81785 
0.4375 1.34476 
0.117188 1.8351 
0.730216 1.04819 
0.512463 1.26114 
0.417686 1.36806 
0.385636 1.40691 
0.406234 1.38181 
0.291984 1.53088 
0.282627 1.54432 
0.356213 1.44404 
0.272057 1.55966 
0.30261 1.51587 
0.5 1.27468 
0.0373726 2.06407 
0.155746 1.75478 
0.344728 1.45894 
0.147057 1.77198 
0.046875 2.02868 
0.25 1.59282 
0.324963 1.4852 
0.312531 1.5021 
0.0312805 2.08935 
0.0623101 1.97756 
0.262585 1.57376 
0.0749936 1.94032 
0.102748 1.86858 
0.093751 1.89437 
0.0845418 1.91446 
0.0546875 2.00206 
0.0260664 2.11304 
0 2.36112 
1 0.824526 
