0.999985 3.15567 
0 5.5011 
0.970765 3.1902 
0.00201607 5.39707 
0.201714 4.44794 
0.00464156 5.34131 
0.492172 3.85565 
0.386701 4.0426 
0.931641 3.23725 
0.508068 3.82929 
0.400391 4.017 
0.914681 3.25796 
0.00782013 5.29521 
0.733868 3.49185 
0.0117011 5.24743 
0.373364 4.06795 
0.046875 4.99332 
0.314585 4.18559 
0.0859375 4.81376 
0.000489265 5.44922 
0.0390625 5.03772 
0.326906 4.16058 
0.720704 3.50996 
0.33802 4.13747 
0.81263 3.38684 
0.0158691 5.20573 
0.0770671 4.84998 
0.749984 3.46991 
0.850387 3.33822 
0.350352 4.11282 
0.446533 3.93385 
0.229134 4.37886 
0.431641 3.96016 
0.189577 4.48127 
0.0206299 5.16611 
0.551707 3.75898 
0.90065 3.27522 
0.241923 4.34748 
0.361374 4.09117 
0.798828 3.40486 
0.287089 4.24444 
0.636211 3.63033 
0.587784 3.70297 
0.479379 3.87719 
0.564583 3.73876 
0.706281 3.52998 
0.468735 3.89531 
0.212891 4.41891 
0.275635 4.26973 
0.623379 3.64927 
0.0526838 4.96275 
0.785892 3.42185 
0.0253906 5.1276 
0.600352 3.6839 
0.695557 3.545 
0.826905 3.36832 
0.886716 3.29252 
0.109172 4.72832 
0.100505 4.75754 
0.681641 3.56468 
0.413134 3.99357 
0.456247 3.91685 
0.09375 4.78295 
0.773438 3.43853 
0.576906 3.72358 
0.866099 3.31836 
0.611816 3.66678 
0.67144 3.57923 
0.521464 3.81187 
0.0594578 4.92939 
0.946533 3.21926 
0.658204 3.59832 
0.758064 3.44692 
0.158204 4.56844 
0.956247 3.20754 
0.83802 3.35401 
0.539063 3.77929 
0.166634 4.5437 
0.116032 4.70222 
0.150391 4.59153 
0.648438 3.61243 
0.0703125 4.87918 
0.0299404 5.09528 
0.266602 4.29019 
0.302714 4.21068 
0.0342275 5.06719 
0.220826 4.39895 
0.123352 4.67734 
0.174347 4.52176 
0.258068 4.3096 
0.422119 3.97726 
0.181641 4.5015 
0.249985 4.32841 
0.0650711 4.90391 
0.12964 4.65661 
0.142578 4.61549 
0.874985 3.30716 
0.530212 3.79326 
0.136701 4.63398 
0.296875 4.22319 
