0.123047 2.31986 
0.507813 1.70088 
0.28125 2.01225 
0.275427 2.02169 
0.5 1.71027 
0.894562 1.30327 
0.885046 1.31112 
0.516664 1.69041 
0.791296 1.39886 
0.218994 2.11917 
0.25 2.06407 
0.242187 2.07758 
0.234375 2.09119 
0.65575 1.53666 
0.952629 1.25105 
0.226633 2.10512 
0.739992 1.4487 
0.904663 1.29453 
0.0391498 2.58382 
0.70938 1.4796 
0.0351563 2.59826 
0.581788 1.61532 
0.875 1.32026 
0.71874 1.46996 
0.435545 1.79083 
0.211548 2.13258 
0.257813 2.05083 
0.129395 2.30436 
0.915195 1.28412 
0.118245 2.3308 
0.729973 1.45895 
0.624023 1.56951 
0.160156 2.23551 
0.665165 1.52513 
0.561068 1.63873 
0.926064 1.2743 
0.203222 2.14838 
0.426072 1.80315 
0.320341 1.95134 
0.645538 1.54578 
0.571373 1.62701 
0.591003 1.60499 
0.152344 2.25148 
0.863779 1.33055 
0.613281 1.58051 
0.266664 2.03617 
0.46874 1.74864 
0.698692 1.49083 
0.39566 1.84377 
0.633946 1.5582 
0.676057 1.51362 
0.687256 1.50203 
0.195341 2.16321 
0.14481 2.26817 
0.3125 1.96325 
0.136734 2.28667 
0.60262 1.5921 
0.551056 1.6501 
0.404818 1.83135 
0.852562 1.34107 
0.801065 1.38926 
0.0298177 2.62327 
0.167971 2.22047 
0.416296 1.81631 
0.477564 1.73769 
0.525427 1.67994 
0.444824 1.77906 
0.290125 1.99813 
0.385107 1.8581 
0.491942 1.72353 
0.78125 1.40829 
0.330818 1.93604 
0.0714552 2.46165 
0.82666 1.36521 
0.109375 2.35336 
0.814941 1.37622 
0.374756 1.87344 
0.186279 2.18091 
0.363283 1.88862 
0.839966 1.35268 
0.9375 1.26417 
0.10262 2.37123 
0.0783691 2.43998 
0.0507832 2.53329 
0.341003 1.92071 
0.352616 1.90385 
0.0442448 2.5589 
0.0859661 2.41734 
0.17691 2.1998 
0.457306 1.7631 
0.75 1.43879 
0.301058 1.9809 
0.53915 1.664 
0.0569172 2.51132 
0.0649414 2.48306 
0.0937499 2.39549 
0.766664 1.42254 
0.025427 2.64581 
0 2.9182 
1 1.20993 
