1 2.21664 
0 4.28719 
0.304688 3.14491 
0.289126 3.17388 
0.0468745 3.84021 
0.75 2.49404 
0.421875 2.94233 
0.0546875 3.80313 
0.733287 2.51511 
0.317507 3.12082 
0.206825 3.34584 
0.0391257 3.87767 
0.101815 3.62729 
0.671875 2.59 
0.0848487 3.68409 
0.129898 3.54523 
0.533329 2.77509 
0.408207 2.9643 
0.119364 3.57433 
0.396784 2.98295 
0.0930181 3.65603 
0.000488281 4.24144 
0.329813 3.09813 
0.195313 3.37232 
0.0625 3.76957 
0.00195313 4.1957 
0.0765387 3.7147 
0.110797 3.59811 
0.936913 2.2862 
0.521235 2.79549 
0.718746 2.5318 
0.658447 2.60705 
0.138445 3.52126 
0.362791 3.04009 
0.00390625 4.15778 
0.921875 2.29917 
0.436944 2.91891 
0.383452 3.00504 
0.0290396 3.93992 
0.456825 2.88796 
0.567507 2.72769 
0.257813 3.23596 
0.646593 2.62412 
0.0692542 3.74233 
0.341065 3.07828 
0.975475 2.24315 
0.351626 3.05943 
0.0334474 3.90853 
0.186913 3.39571 
0.488075 2.84137 
0.0078125 4.12234 
0.829813 2.40113 
0.579813 2.7106 
0.817507 2.41538 
0.633452 2.63925 
0.271235 3.2122 
0.910401 2.31609 
0.00928116 4.0878 
0.875 2.35037 
0.959711 2.25878 
0.232555 3.28871 
0.706536 2.54678 
0.374272 3.02075 
0.0233769 3.97191 
0.686913 2.57144 
0.546875 2.756 
0.161426 3.45579 
0.765625 2.47546 
0.177063 3.41605 
0.277344 3.19678 
0.862791 2.36394 
0.0127563 4.0535 
0.950196 2.26903 
0.783329 2.45472 
0.591065 2.69555 
0.508452 2.81078 
0.146746 3.49406 
0.622315 2.65398 
0.49939 2.824 
0.242122 3.26892 
0.169328 3.43547 
0.445313 2.90612 
0.217749 3.32137 
0.555664 2.74461 
0.601563 2.68142 
0.46875 2.8706 
0.611815 2.66765 
0.0204473 3.99994 
0.0158691 4.02636 
0.476467 2.85805 
0.887696 2.33669 
0.796386 2.43954 
0.842692 2.38648 
0.153071 3.47823 
0.804688 2.42995 
0.896776 2.32642 
0.249985 3.25219 
0.695344 2.56122 
0.851563 2.37719 
0.223529 3.30861 
