0.282959 3.64865 
0.0971778 4.13134 
0.833094 2.81248 
0.0749512 4.21471 
0.0915808 4.15143 
0.750015 2.91495 
0.78125 2.87578 
0.0805669 4.19446 
0.25 3.71817 
0.0859375 4.17223 
0.791016 2.86379 
0.257813 3.70296 
0.10255 4.11268 
0.242187 3.73544 
0.953124 2.6767 
0.741913 2.92576 
0.234375 3.753 
0.823249 2.82456 
0.541016 3.20141 
0.226532 3.77094 
0.771791 2.88758 
0.218704 3.78914 
0.531738 3.21569 
0.570395 3.15807 
0.210892 3.8077 
0.550874 3.18753 
0.396791 3.43315 
0.203079 3.82648 
0.560515 3.17247 
0.841764 2.80218 
0.699046 2.98762 
0.195267 3.84569 
0.801088 2.85132 
0.427735 3.38129 
0.276791 3.66109 
0.866936 2.77217 
0.458208 3.32996 
0.761269 2.90253 
0.8125 2.83737 
0.687378 2.99603 
0.490936 3.27881 
0.521729 3.23035 
0.928611 2.70141 
0.708086 2.96886 
0.71875 2.95497 
0.291016 3.63169 
0.580567 3.14507 
0.500015 3.26367 
0.388908 3.45045 
0.876709 2.7612 
0.055172 4.29993 
0.9375 2.69065 
0.44905 3.34488 
0.0703125 4.23742 
0.168654 3.91419 
0.676118 3.01285 
0.72993 2.94059 
0.109375 4.08966 
0.511269 3.24645 
0.902282 2.73109 
0.640625 3.06046 
0.629213 3.07497 
0.46875 3.31296 
0.418593 3.39563 
0.664748 3.02623 
0.125 4.03953 
0.47993 3.29518 
0.377388 3.46782 
0.437626 3.3637 
0.265625 3.68441 
0.117188 4.06418 
0.051118 4.32022 
0.854499 2.78711 
0.40625 3.4167 
0.890625 2.74586 
0.132813 4.01567 
0.617188 3.09144 
0.323249 3.56799 
0.160356 3.93667 
0.346205 3.52928 
0.652282 3.04324 
0.914748 2.7166 
0.187378 3.86548 
0.333583 3.54798 
0.03125 4.42745 
0.367189 3.48566 
0.35499 3.50793 
0.176726 3.89294 
0.591581 3.12769 
0.301118 3.61212 
0.605112 3.10851 
0.312622 3.58843 
0.141601 3.98968 
0.151181 3.9623 
0.0378582 4.38851 
0.0625 4.26677 
0.0435383 4.35925 
0.0274072 4.45476 
1 2.62097 
0 4.81537 
