0 1.49937 
1 0.274881 
0.390625 0.734285 
0.781738 0.416726 
0.586735 0.561428 
0.375488 0.749038 
0.761719 0.430726 
0.836674 0.379331 
0.203125 0.947742 
0.75 0.438931 
0.546838 0.593878 
0.421544 0.705277 
0.466765 0.663702 
0.60157 0.549644 
0.35157 0.773328 
0.904295 0.334952 
0.702636 0.473156 
0.85157 0.369404 
0.820374 0.390353 
0.363281 0.762237 
0.325928 0.80144 
0.889287 0.348349 
0.953094 0.304122 
0.966765 0.296153 
0.57111 0.574001 
0.216643 0.930737 
0.648682 0.513218 
0.0782623 1.15714 
0.809319 0.400799 
0.793946 0.408469 
0.283203 0.847756 
0.561516 0.581874 
0.10156 1.10915 
0.533203 0.605457 
0.0711098 1.17286 
0.109375 1.09441 
0.296544 0.837207 
0.09375 1.12445 
0.512695 0.622654 
0.0374688 1.26262 
0.0312501 1.28291 
0.636387 0.522577 
0.117187 1.08019 
0.615426 0.53957 
0.193974 0.961712 
0.273682 0.858854 
0.866699 0.360142 
0.66359 0.50517 
0.140293 1.04076 
0.132481 1.0548 
0.0473824 1.2331 
0.125 1.06645 
0.147766 1.02889 
0.437499 0.689448 
0.671544 0.495935 
0.625 0.531326 
0.155692 1.01621 
0.163086 1.00507 
0.523445 0.613509 
0.303658 0.824897 
0.0195313 1.32824 
0.0419549 1.24856 
0.0529408 1.21764 
0.0159914 1.34452 
0.0234375 1.31191 
0.171544 0.993256 
0.875732 0.353486 
0.492187 0.640368 
0.00390625 1.42284 
0.246075 0.893169 
0.027207 1.29746 
0.265625 0.872017 
0.0128339 1.36065 
0.405701 0.719436 
0.223635 0.921688 
0.687499 0.484078 
0.00585938 1.40564 
0.00235009 1.44013 
0.0102471 1.37548 
0.731447 0.452136 
0.0578084 1.20501 
0.00787354 1.39079 
0.257813 0.87769 
0.984375 0.284485 
0.337712 0.787838 
0.177673 0.983235 
0.452855 0.676265 
0.00123596 1.45632 
0.4804 0.650718 
0.91861 0.327571 
0.0644686 1.18847 
0.000549331 1.47067 
0.313477 0.813848 
0.716765 0.463516 
0.9375 0.313763 
0.0859375 1.14041 
0.234375 0.906565 
0.500488 0.633102 
0.185486 0.972006 
0.000137329 1.48502 
