0 2.49951 
0.417039 1.47947 
0.933472 0.97202 
0.401245 1.49805 
0.95207 0.956963 
0.916062 0.986951 
0.794205 1.09056 
0.967695 0.944356 
0.71875 1.15919 
0.641603 1.23319 
0.522461 1.35682 
0.90236 1.00182 
0.734253 1.14479 
0.46875 1.41708 
0.591202 1.2839 
0.272461 1.67491 
0.667039 1.20872 
0.0869296 2.03853 
0.387678 1.51515 
0.984253 0.931283 
0.5625 1.31377 
0.29419 1.642 
0.48329 1.40052 
0.2603 1.69293 
0.538086 1.33987 
0.101564 1.99573 
0.873047 1.0223 
0.283203 1.65816 
0.840351 1.05105 
0.0479738 2.15322 
0.885374 1.01197 
0.625979 1.24877 
0.0926952 2.01828 
0.547974 1.32918 
0.234266 1.73442 
0.654705 1.22043 
0.603743 1.27109 
0.132828 1.92334 
0.191442 1.80813 
0.141604 1.90475 
0.109375 1.97691 
0.124861 1.94089 
0.116984 1.95884 
0.171844 1.84419 
0.510551 1.3699 
0.8125 1.07455 
0.377 1.52988 
0.306056 1.62543 
0.616072 1.25889 
0.366984 1.54176 
0.015625 2.30188 
0.344118 1.57242 
0.164055 1.85918 
0.0268551 2.24168 
0.313599 1.61417 
0.78125 1.1024 
0.225891 1.74835 
0.152222 1.89252 
0.826324 1.06236 
0.217695 1.76186 
0.0560536 2.12528 
0.0195078 2.27984 
0.334822 1.5847 
0.15625 1.87457 
0.209822 1.77534 
0.03125 2.22006 
0.444254 1.44585 
0.772461 1.11006 
0.00390625 2.40069 
0.022947 2.26126 
0.245971 1.71541 
0.0430298 2.17157 
0.00241092 2.42196 
0.0634766 2.10119 
0.00601196 2.37692 
0.694258 1.18229 
0.857574 1.03544 
0.457083 1.43174 
0.0012207 2.44427 
0.0351563 2.20307 
0.432739 1.46074 
0.493958 1.38836 
0.576324 1.29929 
0.068512 2.0857 
0.0390625 2.18704 
0.0123292 2.32398 
0.682739 1.19433 
0.704592 1.17248 
0.181688 1.82669 
0.0078125 2.35977 
0.000488281 2.46457 
0.748047 1.13212 
0.357574 1.55515 
0.324234 1.60008 
0.20204 1.78983 
0.00012207 2.48204 
0.760551 1.12077 
0.0763245 2.06274 
0.0098114 2.34294 
1 0.918523 
