0.505165 1.03746 
0.138718 1.52235 
0.307373 1.26145 
0.789841 0.782217 
0.0254369 1.8333 
0.1875 1.4355 
0.234131 1.36257 
0.181547 1.44554 
0.78125 0.788937 
0.0473633 1.74484 
0.697704 0.85863 
0.29956 1.27161 
0.53125 1.01123 
0.314453 1.25234 
0.292 1.28205 
0.604823 0.941205 
0.955509 0.654685 
0.390633 1.16018 
0.0288186 1.81302 
0.771067 0.797226 
0.362128 1.19383 
0.195316 1.42391 
0.515625 1.02678 
0.499962 1.04287 
0.0523171 1.72846 
0.257813 1.32834 
0.240511 1.35319 
0.226272 1.37433 
0.0322266 1.79902 
0.218613 1.38645 
0.132813 1.53384 
0.283829 1.29253 
0.613281 0.933433 
0.202087 1.4118 
0.354492 1.20364 
0.266113 1.31713 
0.823243 0.755317 
0.0434571 1.75785 
0.594727 0.95055 
0.210693 1.39851 
0.110352 1.58019 
0.464844 1.07876 
0.25 1.33944 
0.761719 0.805019 
0.275201 1.30521 
0.5625 0.980931 
0.799804 0.774427 
0.384033 1.16786 
0.541222 1.00148 
0.584115 0.960535 
0.552317 0.990711 
0.573243 0.970709 
0.144655 1.51105 
0.0571714 1.71369 
0.455509 1.08861 
0.117195 1.56558 
0.433594 1.1134 
0.078064 1.65579 
0.323243 1.24114 
0.812479 0.764169 
0.901001 0.695304 
0.401001 1.14838 
0.343874 1.21555 
0.737158 0.825225 
0.83413 0.746811 
0.662809 0.888973 
0.125 1.54945 
0.475373 1.06773 
0.689884 0.865358 
0.334009 1.22769 
0.42435 1.12419 
0.749023 0.815355 
0.650391 0.899972 
0.444245 1.10093 
0.888718 0.704567 
0.037811 1.77976 
0.371093 1.18288 
0.154335 1.49334 
0.412748 1.13889 
0.0710452 1.67431 
0.912809 0.686385 
0.92798 0.67504 
0.638718 0.910379 
0.0645771 1.69445 
0.625008 0.922745 
0.939884 0.666194 
0.875009 0.715033 
0.486759 1.05596 
0.847456 0.736338 
0.103523 1.59508 
0.174442 1.45848 
0.861474 0.725516 
0.0841306 1.6406 
0.674473 0.880484 
0.709415 0.851247 
0.162321 1.47872 
0.725373 0.835107 
0.0938742 1.61711 
1 0.622421 
0 2.05646 
