0.874992 1.96626 
0.846034 1.99742 
0.725723 2.12886 
0.0518055 3.34367 
0.882813 1.95815 
0.624023 2.24957 
0.59375 2.28711 
0.853844 1.98916 
0.674383 2.18856 
0.632813 2.23853 
0.540314 2.35704 
0.665314 2.20004 
0.414093 2.53433 
0.717756 2.13833 
0.130877 3.08405 
0.835715 2.00766 
0.736176 2.11788 
0.771269 2.0776 
0.123419 3.10293 
0.195313 2.9265 
0.404775 2.54846 
0.257828 2.79842 
0.396225 2.56275 
0.203074 2.91108 
0.865086 1.97661 
0.531383 2.3681 
0.585715 2.2973 
0.333753 2.66231 
0.615086 2.26134 
0.803288 2.04251 
0.792821 2.05395 
0.284363 2.74999 
0.825338 2.01942 
0.683599 2.1776 
0.210938 2.89288 
0.782288 2.0665 
0.0356445 3.4217 
0.94922 1.89063 
0.1875 2.94392 
0.117162 3.12047 
0.814466 2.03123 
0.496094 2.41589 
0.266602 2.78293 
0.163789 3.00045 
0.422242 2.52284 
0.60366 2.27462 
0.46875 2.46127 
0.275166 2.76584 
0.490082 2.43233 
0.110115 3.14297 
0.179689 2.96184 
0.249754 2.81405 
0.706021 2.15146 
0.894483 1.94715 
0.17161 2.98196 
0.695313 2.16408 
0.476223 2.44477 
0.906224 1.93426 
0.103303 3.16231 
0.13701 3.06747 
0.64281 2.22793 
0.21875 2.87636 
0.341564 2.64924 
0.657501 2.21505 
0.29233 2.73437 
0.456044 2.4729 
0.549412 2.3442 
0.386479 2.5768 
0.0493813 3.3545 
0.303288 2.71491 
0.573796 2.31269 
0.3125 2.69868 
0.445313 2.48795 
0.365086 2.61205 
0.0587772 3.31607 
0.156227 3.01868 
0.0647105 3.29254 
0.375 2.59485 
0.761296 2.08868 
0.323796 2.6792 
0.746094 2.10567 
0.520554 2.38267 
0.0310951 3.44333 
0.0866699 3.21511 
0.0808224 3.23548 
0.562757 2.32772 
0.433599 2.50513 
0.507912 2.4008 
0.917974 1.92213 
0.240082 2.83306 
0.353844 2.6298 
0.230121 2.85862 
0.0249176 3.4793 
0.0958959 3.18611 
0.146461 3.043 
0.0718424 3.26521 
0.933599 1.90629 
0.040375 3.39577 
0 3.78783 
1 1.84057 
