0 3.03739 
1 1.25447 
0.841327 1.39737 
0.822146 1.41562 
0.38628 1.90798 
0.226562 2.15922 
0.372577 1.92717 
0.000244617 3.01014 
0.94893 1.29922 
0.401875 1.88653 
0.541852 1.71011 
0.856952 1.3828 
0.726562 1.50934 
0.649491 1.58968 
0.242184 2.13291 
0.55699 1.69254 
0.80699 1.43008 
0.00811891 2.82573 
0.901875 1.34139 
0.916016 1.32857 
0.44503 1.82926 
0.125 2.37062 
0.872577 1.36823 
0.2783 2.07133 
0.88628 1.35563 
0.13374 2.34986 
0.000305448 2.9511 
0.513378 1.74405 
0.114934 2.39585 
0.763371 1.47268 
0.710937 1.52525 
0.00470094 2.86323 
0.322146 2.00118 
0.144277 2.32638 
0.070679 2.52216 
0.980451 1.27145 
0.476562 1.78913 
0.0632947 2.54715 
0.489798 1.77278 
0.358512 1.94728 
0.614059 1.62842 
0.63628 1.60383 
0.0913115 2.4595 
0.166814 2.27613 
0.311019 2.0182 
0.570473 1.67868 
0.699589 1.53752 
0.216571 2.17756 
0.0117404 2.79535 
0.601789 1.64517 
0.458514 1.81482 
0.301559 2.03328 
0.624939 1.61614 
0.0835142 2.4821 
0.741211 1.49458 
0.0569904 2.56894 
0.191773 2.22559 
0.051559 2.58942 
0.208517 2.19266 
0.077824 2.49949 
0.199585 2.21034 
0.035934 2.65417 
0.151875 2.3082 
0.249996 2.11777 
0.670171 1.5801 
0.107121 2.41606 
0.351789 1.96046 
0.159162 2.29223 
0.414062 1.8715 
0.466327 1.80296 
0.181396 2.263 
0.0457061 2.61196 
0.269027 2.08692 
0.0147313 2.77192 
1 1.26475 
0.0312404 2.676 
0.00274782 2.89114 
0.024017 2.71731 
0.6875 1.54945 
0.0203431 2.73552 
0.291852 2.0483 
0.0174217 2.7532 
0.96584 1.28517 
0.933125 1.31323 
0.528301 1.72721 
0.670234 1.56777 
0.00179234 2.90879 
0.000794683 2.93264 
0.0985721 2.43908 
0.431641 1.8467 
0.258629 2.10325 
0.792704 1.44387 
0.778293 1.4589 
0.500336 1.75993 
0.579638 1.66655 
0.333514 1.98395 
0.182615 2.24323 
0.750305 1.48568 
0.0418213 2.63245 
0.0270918 2.69739 
