1 1.11022e-16 
0 1 
0.30352 0.449074 
0.31874 0.435429 
0.254899 0.495125 
0.268866 0.481477 
0.169801 0.587931 
0.289612 0.461844 
0.524192 0.275989 
0.782476 0.115423 
0.8 0.105573 
0.537081 0.267142 
0.823893 0.0923147 
0.181898 0.573504 
0.0502884 0.775749 
0.402814 0.365324 
0.00167699 0.959049 
0.0219424 0.85187 
0.551687 0.257243 
0.207964 0.543969 
0.0782797 0.720215 
0.914666 0.0436183 
0.219938 0.531025 
0.00943667 0.902857 
0.0570895 0.761066 
0.7 0.16334 
0.615183 0.215664 
0.0273177 0.834719 
0.563643 0.249238 
0.601689 0.224314 
0.0171075 0.869204 
0.663703 0.18532 
0.000473214 0.978247 
0.122551 0.649927 
0.875022 0.0645738 
0.628161 0.207434 
0.390298 0.375262 
0.577618 0.239988 
0.244516 0.505514 
0.928161 0.036589 
0.0430833 0.792435 
0.112617 0.664416 
0.0643842 0.74626 
0.0130554 0.88574 
0.455237 0.325288 
0.50935 0.286313 
0.00396511 0.937031 
0.415654 0.355288 
0.842082 0.0823498 
0.46772 0.316099 
0.279091 0.471709 
0.0326421 0.819329 
0.0709824 0.733575 
0.0867769 0.705421 
0.589071 0.23249 
0.00602808 0.922359 
0.130103 0.639302 
0.35 0.408392 
0.770076 0.122461 
0.641134 0.199291 
0.338259 0.418399 
0.714244 0.15487 
0.942266 0.0292963 
0.75773 0.129523 
0.862906 0.0710727 
0.678244 0.176444 
0.138973 0.62721 
0.359452 0.400457 
0.160451 0.599437 
0.0379726 0.805135 
0.890521 0.0563256 
0.812313 0.0987159 
0.89939 0.0516381 
0.487994 0.301434 
0.0929505 0.695122 
0.329447 0.426025 
0.65176 0.192684 
0.5 0.292893 
0.198796 0.554135 
0.190837 0.563151 
0.370394 0.3914 
0.379309 0.38412 
0.444069 0.333615 
0.965245 0.017531 
0.988461 0.00578635 
0.735715 0.142262 
0.976695 0.0117213 
0.47863 0.308169 
0.687096 0.171087 
0.745947 0.136318 
0.953228 0.0236658 
0.723859 0.149201 
0.425878 0.347406 
0.100679 0.682701 
0.146114 0.617752 
0.153158 0.608646 
0.850358 0.0778514 
0.434847 0.340571 
0.233959 0.516307 
0.10575 0.674807 
