0.000141832 0.988093 
1 6.74409e-08 
0.00351442 0.940719 
0.0140577 0.881438 
0.00113466 0.966319 
0.0198529 0.859105 
0.470605 0.313994 
0.396808 0.370073 
0.311482 0.441895 
0.689884 0.169408 
0.35291 0.405938 
0.00702884 0.916165 
0.0876263 0.703984 
0.204958 0.547277 
0.246633 0.503379 
0.413048 0.357312 
0.297487 0.45458 
0.0787309 0.719411 
0.484182 0.304168 
0.84215 0.0823134 
0.134562 0.633175 
0.868868 0.0678694 
0.739601 0.140002 
0.434409 0.340904 
0.883876 0.0598535 
0.216265 0.534958 
0.707127 0.159092 
0.0570542 0.761141 
0.118444 0.655844 
0.611119 0.218259 
0.194013 0.559532 
0.0642976 0.746434 
0.364484 0.396275 
0.497014 0.295008 
0.00992643 0.900371 
0.145133 0.619038 
0.0243011 0.844113 
0.597868 0.226781 
0.0713079 0.732966 
0.235825 0.514382 
0.160476 0.599408 
0.854654 0.0755279 
0.0502861 0.775755 
0.287655 0.463665 
0.922903 0.0393245 
0.825307 0.0915382 
0.338979 0.417782 
0.987511 0.00626425 
0.276396 0.474267 
0.0961327 0.689948 
0.259172 0.490911 
0.226322 0.524267 
0.375956 0.386848 
0.0297502 0.827519 
0.898048 0.0523463 
0.972987 0.0135993 
0.126131 0.644852 
0.448465 0.330325 
0.108532 0.670561 
0.456575 0.324297 
0.624136 0.209978 
0.936457 0.0322931 
0.961452 0.019464 
0.909609 0.0462666 
0.947899 0.0263993 
0.423044 0.349582 
0.386514 0.378298 
0.585815 0.234615 
0.677689 0.176782 
0.756597 0.130175 
0.170921 0.586575 
0.666589 0.183552 
0.0444104 0.789264 
0.322283 0.432301 
0.184903 0.569997 
0.0343369 0.814699 
0.0393655 0.801595 
0.728195 0.146657 
0.152582 0.609383 
0.556089 0.254289 
0.654804 0.190801 
0.776517 0.1188 
0.634648 0.203353 
0.266877 0.483399 
0.508742 0.286739 
0.575128 0.241628 
0.71732 0.153054 
0.544669 0.261983 
0.525774 0.274897 
0.64502 0.196869 
0.103013 0.679044 
0.53627 0.267696 
0.796546 0.107506 
0.565562 0.247963 
0.785269 0.113846 
0.76318 0.126399 
0.331038 0.424642 
0.177152 0.579107 
0.815923 0.0967163 
0.805607 0.102446 
