1 1.11022e-16 
0 1 
0.132049 0.636614 
0.003073 0.944565 
0.231345 0.519017 
0.93088 0.0351788 
0.120143 0.653384 
0.611231 0.218187 
0.592443 0.230297 
0.76806 0.12361 
0.553327 0.25614 
0.00895951 0.905345 
0.752172 0.132722 
0.355117 0.404083 
0.819268 0.0948657 
0.218857 0.532179 
0.242506 0.507551 
0.00631333 0.920544 
0.0139665 0.88182 
0.112219 0.665009 
0.422945 0.349658 
0.688393 0.170306 
0.536321 0.26766 
0.672221 0.180109 
0.947877 0.0264103 
0.140966 0.624545 
0.902335 0.0500868 
0.436753 0.339127 
0.0306068 0.825052 
0.916092 0.0428729 
0.25382 0.496195 
0.647401 0.195388 
0.495515 0.296072 
0.102233 0.680261 
0.0360194 0.810212 
0.887184 0.0580957 
0.389348 0.376022 
0.738803 0.140464 
0.481051 0.306422 
0.634127 0.203679 
0.7 0.16334 
0.0421975 0.79458 
0.832185 0.0877585 
0.264298 0.485901 
0.367545 0.393745 
0.714351 0.154807 
0.447756 0.330854 
0.960059 0.0201739 
0.460249 0.321584 
0.975003 0.0125775 
0.00124428 0.964726 
0.0248094 0.84249 
0.782258 0.115547 
0.660751 0.187134 
0.175504 0.581067 
0.342511 0.414755 
0.151006 0.611406 
0.80281 0.104004 
0.400785 0.366924 
0.377605 0.385505 
0.41143 0.358572 
0.302302 0.45018 
0.725783 0.148071 
0.333611 0.422409 
0.20086 0.551826 
0.165963 0.592614 
0.2747 0.475882 
0.845889 0.0802775 
0.283917 0.467161 
0.209409 0.542388 
0.987037 0.00650264 
0.621782 0.211468 
0.3146 0.439108 
0.874889 0.064645 
0.0480411 0.780817 
0.0893667 0.701057 
0.00031107 0.982363 
0.526833 0.274167 
0.471246 0.313526 
0.0702338 0.734983 
0.321936 0.432606 
0.191269 0.562657 
0.082033 0.713586 
0.294137 0.457656 
0.514956 0.282395 
0.0533782 0.768963 
0.184178 0.570841 
0.0208038 0.855765 
0.158247 0.602197 
0.56446 0.248694 
0.095678 0.690681 
0.0764042 0.723587 
0.506109 0.288587 
0.0640034 0.747011 
0.017217 0.868786 
0.0590989 0.756897 
0.793824 0.109032 
0.582277 0.236929 
0.57357 0.242656 
0.86314 0.0709467 
