1 1.63048e-07 
0.000207711 0.985607 
0.00404544 0.936434 
0.00772519 0.912111 
0.00152498 0.960953 
0.353942 0.405076 
0.23861 0.511527 
0.486341 0.302622 
0.0210127 0.855098 
0.119674 0.654069 
0.378293 0.384949 
0.294343 0.457469 
0.308332 0.444729 
0.470569 0.314022 
0.500034 0.292872 
0.259661 0.490435 
0.27423 0.476335 
0.22504 0.52564 
0.394621 0.371857 
0.339 0.417766 
0.131268 0.637694 
0.763133 0.126428 
0.204416 0.547906 
0.367828 0.393514 
0.514121 0.28298 
0.0121853 0.889618 
0.0343149 0.814778 
0.0154504 0.875703 
0.539303 0.265651 
0.655635 0.190292 
0.216265 0.534969 
0.681921 0.174233 
0.095843 0.690433 
0.526195 0.274612 
0.0506927 0.774853 
0.66798 0.182703 
0.694605 0.166574 
0.250393 0.499633 
0.17113 0.586326 
0.552039 0.257009 
0.0588184 0.757478 
0.447597 0.330975 
0.631413 0.205389 
0.15978 0.600277 
0.747286 0.135547 
0.931977 0.0346183 
0.564377 0.248753 
0.615859 0.215238 
0.947072 0.0268265 
0.414135 0.356472 
0.458826 0.322639 
0.319447 0.434808 
0.0396252 0.800953 
0.110956 0.666902 
0.641367 0.199151 
0.283222 0.46782 
0.103868 0.67772 
0.81797 0.0955857 
0.831718 0.0880184 
0.435039 0.340429 
0.195135 0.558272 
0.0455712 0.78655 
0.576279 0.240873 
0.426126 0.347218 
0.329391 0.426077 
0.0876587 0.703935 
0.88779 0.0577759 
0.873663 0.0653038 
0.186883 0.567706 
0.909446 0.0463586 
0.708328 0.15838 
0.776019 0.119081 
0.806919 0.101715 
0.403635 0.364692 
0.0641871 0.746652 
0.178762 0.577228 
0.920195 0.0407391 
0.0822581 0.713197 
0.852692 0.0765935 
0.138562 0.627763 
0.795481 0.108113 
0.0753845 0.725442 
0.606847 0.221001 
0.897023 0.0528926 
0.595574 0.22827 
0.145519 0.618533 
0.152657 0.60929 
0.0704496 0.734591 
0.842755 0.0819861 
0.979026 0.0105437 
0.864675 0.0701279 
0.727002 0.147358 
0.736919 0.141564 
0.586799 0.233976 
0.958481 0.0209813 
0.989513 0.00525922 
0.967991 0.0161379 
0.785542 0.113699 
0.0279311 0.832876 
0.716642 0.153455 
