1 1.11022e-16 
0 1 
0.890841 0.0561563 
0.140265 0.62548 
0.580222 0.238277 
0.15146 0.610821 
0.672449 0.17997 
0.163145 0.596088 
0.516241 0.281501 
0.91008 0.046019 
0.619776 0.212741 
0.305494 0.447285 
0.0246297 0.843062 
0.873563 0.0653541 
0.637905 0.20131 
0.188231 0.566144 
0.596705 0.227533 
0.0312256 0.823292 
0.127777 0.642541 
0.291292 0.460285 
0.689701 0.169518 
0.243481 0.506562 
0.500938 0.29223 
0.345242 0.412427 
0.0486692 0.779389 
0.0620201 0.750962 
0.465997 0.31736 
0.530485 0.271656 
0.802921 0.103942 
0.0415307 0.796209 
0.479858 0.307282 
0.54165 0.264031 
0.054752 0.766009 
0.096951 0.68863 
0.254755 0.495267 
0.0899825 0.700029 
0.00044921 0.978805 
0.10603 0.674378 
0.563362 0.249425 
0.923623 0.0389471 
0.0156182 0.875027 
0.020018 0.858515 
0.937215 0.0319011 
0.359791 0.400174 
0.00157936 0.960259 
0.2 0.552786 
0.860618 0.0723051 
0.769207 0.122955 
0.233044 0.517254 
0.0117749 0.891488 
0.0814739 0.714564 
0.00344214 0.94133 
0.950605 0.0250103 
0.412752 0.357542 
0.00852067 0.907693 
0.264366 0.485834 
0.0690495 0.737227 
0.657454 0.189165 
0.00566698 0.924721 
0.113189 0.663564 
0.316087 0.437783 
0.45504 0.325434 
0.607973 0.220274 
0.325813 0.4292 
0.963358 0.0184917 
0.733431 0.143594 
0.0362293 0.80966 
0.847477 0.0794149 
0.444222 0.333501 
0.425164 0.347954 
0.987569 0.0062351 
0.975602 0.0122742 
0.555396 0.254751 
0.81705 0.0960917 
0.336224 0.420151 
0.490677 0.299516 
0.755645 0.130721 
0.22388 0.526841 
0.71161 0.15643 
0.121609 0.651275 
0.274643 0.475936 
0.0754919 0.725242 
0.746258 0.136138 
0.7 0.16334 
0.72248 0.150012 
0.215567 0.535709 
0.174467 0.582307 
0.789603 0.111404 
0.377297 0.385755 
0.433749 0.341404 
0.836443 0.0854275 
0.20721 0.544797 
0.386023 0.378693 
0.282463 0.468527 
0.781153 0.116171 
0.367302 0.393945 
0.648209 0.194885 
0.403021 0.365161 
0.395257 0.371305 
0.826217 0.0910351 
