0.999944 0.00269907 
0 1.00608 
0.441959 0.339118 
0.429658 0.350678 
0.0216156 0.885644 
0.00508085 0.942755 
0.353502 0.4094 
0.0108078 0.901962 
0.414196 0.362236 
0.134425 0.639219 
0.00159581 0.966386 
0.882409 0.0650018 
0.265715 0.490608 
0.0689144 0.744053 
0.340124 0.422465 
0.863992 0.0743907 
0.00745823 0.921477 
0.142963 0.626854 
0.367212 0.399334 
0.15377 0.613017 
0.106149 0.681025 
0.400247 0.371195 
0.678226 0.180524 
0.45867 0.327281 
0.122047 0.655134 
0.221176 0.538797 
0.663735 0.18936 
0.180223 0.580639 
0.0229859 0.863214 
0.277187 0.478392 
0.776813 0.12303 
0.604877 0.226903 
0.32907 0.432904 
0.618516 0.218835 
0.209488 0.550212 
0.851345 0.0809518 
0.0776082 0.72752 
0.526343 0.280505 
0.287724 0.46909 
0.116207 0.665687 
0.0514544 0.783283 
0.83623 0.089096 
0.316756 0.442259 
0.691833 0.17272 
0.000518125 0.986542 
0.0978712 0.692635 
0.541897 0.269506 
0.252969 0.502373 
0.190254 0.56908 
0.704805 0.165814 
0.389075 0.381865 
0.379093 0.389656 
0.592316 0.236013 
0.763348 0.129844 
0.940557 0.0339417 
0.630691 0.209617 
0.751434 0.136529 
0.0905787 0.706664 
0.716377 0.15759 
0.170016 0.592806 
0.825806 0.0968639 
0.198981 0.559615 
0.229458 0.525867 
0.812906 0.103876 
0.965539 0.0220609 
0.739468 0.144419 
0.062164 0.760154 
0.791783 0.114798 
0.954017 0.029303 
0.0437696 0.797952 
0.163133 0.601728 
0.0341432 0.821977 
0.728405 0.151236 
0.906453 0.0531026 
0.299928 0.459183 
0.651001 0.197281 
0.581343 0.242278 
0.895228 0.0574406 
0.0260169 0.846321 
0.988405 0.0106591 
0.977287 0.0147576 
0.505671 0.293729 
0.569519 0.249189 
0.517342 0.286946 
0.0577147 0.770248 
0.0856372 0.71872 
0.306697 0.45191 
0.560646 0.255604 
0.0422345 0.810712 
0.496262 0.300017 
0.641438 0.203169 
0.549619 0.262931 
0.927289 0.041408 
0.919181 0.0451975 
0.468321 0.320789 
0.0304933 0.835363 
0.486212 0.307431 
0.802 0.111113 
0.477686 0.313857 
0.238996 0.518513 
