1 1.11022e-16 
0 1 
0.0663576 0.7424 
0.233053 0.517244 
0.0331503 0.817928 
0.729147 0.146099 
0.0131615 0.885276 
0.74506 0.136832 
0.403836 0.364519 
0.0911499 0.69809 
0.245828 0.50419 
0.453645 0.326469 
0.701961 0.162169 
0.0181253 0.86537 
0.684755 0.172501 
0.267073 0.483209 
0.1 0.683772 
0.0752824 0.725624 
0.928638 0.0363413 
0.847015 0.0796657 
0.279531 0.471293 
0.415841 0.355143 
0.220923 0.529976 
0.00347506 0.94105 
0.181722 0.573712 
0.388974 0.376322 
0.5 0.292893 
0.0579444 0.759284 
0.00883986 0.905979 
0.211538 0.540068 
0.0821847 0.713321 
0.439261 0.337233 
0.911768 0.0451343 
0.713408 0.155365 
0.172267 0.584949 
0.0408424 0.797905 
0.513444 0.28345 
0.256552 0.49349 
0.487642 0.301686 
0.027236 0.834967 
0.872971 0.0656708 
0.888103 0.057608 
0.428891 0.345102 
0.0520142 0.771934 
0.648998 0.194396 
0.300204 0.452091 
0.329547 0.425938 
0.0060809 0.92202 
0.2 0.552786 
0.860839 0.0721857 
0.66286 0.185838 
0.000533454 0.976903 
0.289951 0.461529 
0.831862 0.0879354 
0.341094 0.415968 
0.162387 0.597027 
0.0226652 0.84945 
0.192594 0.561145 
0.554461 0.255379 
0.941244 0.0298227 
0.00147839 0.96155 
0.379326 0.384105 
0.13851 0.627831 
0.759951 0.128248 
0.637702 0.201437 
0.465758 0.317535 
0.122994 0.649295 
0.475517 0.310422 
0.108599 0.670457 
0.566377 0.24742 
0.0452108 0.787372 
0.130447 0.638825 
0.146897 0.616728 
0.311251 0.442101 
0.367702 0.393616 
0.62567 0.209007 
0.900189 0.0512173 
0.543 0.263114 
0.987357 0.00634154 
0.114865 0.661083 
0.673737 0.179185 
0.154513 0.606918 
0.58566 0.234716 
0.954411 0.0230604 
0.8 0.105573 
0.976183 0.0119805 
0.821273 0.0937587 
0.319449 0.434802 
0.598203 0.226564 
0.35098 0.407564 
0.52488 0.275514 
0.809603 0.100221 
0.964319 0.0180025 
0.787237 0.112736 
0.576946 0.24043 
0.615506 0.215458 
0.359366 0.400529 
0.769467 0.122807 
0.533053 0.269895 
0.60614 0.22145 
