2.58659e-38 1.1271 
0.999985 0.00181304 
0.00858821 0.922868 
6.34397e-05 1.03597 
5.60134e-05 1.12039 
0.0435605 0.794537 
0.000253759 1.02142 
0.0278523 0.836968 
0.360498 0.406284 
0.0714963 0.738689 
0.0222544 0.871404 
0.273037 0.48448 
0.00214705 0.9615 
0.390904 0.399414 
0.293272 0.466559 
0.922291 0.0460089 
0.724077 0.156166 
0.90142 0.0565027 
0.0865032 0.708525 
0.191395 0.566732 
0.89203 0.0665706 
0.438787 0.346174 
0.877993 0.0804859 
0.143562 0.626155 
0.762602 0.130922 
0.421072 0.353512 
0.961783 0.0294554 
0.181115 0.580326 
0.527543 0.280322 
0.114105 0.671385 
0.449963 0.335733 
0.84687 0.0901927 
0.0525095 0.779899 
0.170757 0.592067 
0.00262222 0.958623 
0.512328 0.28824 
0.123077 0.65507 
0.705976 0.163668 
0.86485 0.0861346 
0.774064 0.122672 
0.231165 0.529763 
0.463666 0.327201 
0.202625 0.553386 
0.101006 0.690798 
0.32178 0.436733 
0.311127 0.454134 
0.696439 0.170048 
0.805924 0.104424 
0.0595586 0.765828 
0.586515 0.237906 
0.611786 0.225578 
0.157193 0.614122 
0.833863 0.0980437 
0.410536 0.363946 
0.642106 0.203015 
0.598136 0.22916 
0.0254217 0.849408 
0.0651115 0.752019 
0.502665 0.298194 
0.746772 0.152627 
0.752594 0.148217 
0.262576 0.497652 
0.578 0.248008 
0.661605 0.192614 
0.494052 0.308073 
0.394366 0.38102 
0.217089 0.539199 
0.345293 0.419012 
0.819944 0.101296 
0.942953 0.0388525 
0.163963 0.607651 
0.565697 0.253908 
0.241203 0.521828 
0.677151 0.183 
0.538576 0.269931 
0.32968 0.43223 
0.977077 0.0282712 
0.623609 0.216356 
0.401312 0.372508 
0.988538 0.00826335 
0.681345 0.178393 
0.629568 0.210018 
0.105019 0.68176 
0.474396 0.318733 
0.0905857 0.708518 
0.247305 0.511251 
0.555999 0.260408 
0.134657 0.63878 
0.982944 0.0175104 
0.480249 0.311734 
0.302244 0.457528 
0.654284 0.196657 
0.341114 0.422693 
0.254932 0.50361 
0.789647 0.116664 
0.79216 0.112451 
0.212462 0.547329 
0.938997 0.0411866 
0.130851 0.644952 
0.548954 0.268612 
