0.999966 0.0643726 
0 1.12488 
0.00212901 1.07768 
0.981847 0.0747246 
0.120714 0.760451 
0.426896 0.432838 
0.0419867 0.90969 
0.335576 0.514015 
0.851412 0.146521 
0.929811 0.10411 
0.0503321 0.89079 
0.322225 0.5249 
0.750635 0.207333 
0.964905 0.0844179 
0.732257 0.217278 
0.412555 0.444787 
0.761941 0.200681 
0.310238 0.53556 
0.115099 0.777676 
0.0885451 0.809729 
0.44129 0.423548 
0.614008 0.295301 
0.780724 0.191739 
0.541256 0.345878 
0.526948 0.355771 
0.132155 0.742899 
0.914474 0.113376 
0.222241 0.625557 
0.347981 0.500707 
0.0793539 0.828676 
0.0168916 0.992065 
0.0255764 0.957109 
0.194306 0.659495 
0.870612 0.137749 
0.650031 0.27011 
0.0133062 1.01071 
0.0208454 0.973764 
0.300914 0.5498 
0.176416 0.683275 
0.722035 0.22459 
0.805076 0.174434 
0.203338 0.647494 
0.261012 0.584931 
0.389864 0.462968 
0.789408 0.183621 
0.4721 0.396591 
0.184957 0.672611 
0.685452 0.248237 
0.379178 0.473082 
0.252629 0.594155 
0.401489 0.453436 
0.36824 0.482446 
0.213022 0.635921 
0.103112 0.788995 
0.0351604 0.926292 
0.165773 0.695952 
0.0310055 0.939706 
0.706718 0.233717 
0.515793 0.364704 
0.00965987 1.02863 
0.504687 0.372781 
0.0759702 0.841356 
0.63656 0.279376 
0.627462 0.286064 
0.602246 0.306007 
0.839757 0.155937 
0.358103 0.492723 
0.056621 0.876501 
0.234345 0.612903 
0.289774 0.557776 
0.453481 0.413944 
0.569676 0.324561 
0.674975 0.258149 
0.662246 0.262126 
0.00418504 1.05923 
0.241002 0.606004 
0.485105 0.388048 
0.272973 0.572419 
0.828314 0.161824 
0.816487 0.168879 
0.462587 0.407126 
0.697493 0.239317 
0.0660736 0.854718 
0.94562 0.096704 
0.581299 0.317533 
0.00707053 1.0447 
0.0954563 0.798551 
0.90143 0.119735 
0.493684 0.381439 
0.890778 0.124376 
0.881545 0.133929 
0.158504 0.705714 
0.592636 0.312453 
0.152064 0.715504 
0.952271 0.0910294 
0.279952 0.566976 
0.144092 0.723633 
0.552776 0.337285 
0.138224 0.733281 
0.0613409 0.86284 
