1 1.11022e-16 
0 1 
0.355601 0.403677 
0.461802 0.32044 
0.438441 0.337851 
0.70592 0.159809 
0.107382 0.672309 
0.835581 0.0858988 
0.035568 0.811405 
0.79345 0.109242 
0.576069 0.241008 
0.591147 0.231139 
0.778088 0.117907 
0.0285035 0.83117 
0.479709 0.30739 
0.257483 0.492572 
0.40109 0.366683 
0.627338 0.207953 
0.644805 0.197003 
0.28961 0.461846 
0.341916 0.415264 
0.0110619 0.894825 
0.245274 0.504749 
0.603902 0.222889 
0.819655 0.0946518 
0.0587168 0.757684 
0.171794 0.585519 
0.390456 0.375135 
0.301274 0.451116 
0.0150478 0.87733 
0.689631 0.16956 
0.00252875 0.949713 
0.278293 0.472466 
0.0411741 0.797086 
0.0989474 0.685441 
0.00496759 0.929519 
0.415623 0.355312 
0.268087 0.482229 
0.807823 0.10121 
0.00746343 0.913609 
0.451208 0.32828 
0.654677 0.190879 
0.925643 0.0378965 
0.0193137 0.861026 
0.939413 0.0307667 
0.85 0.0780456 
0.887654 0.0578463 
0.148255 0.614962 
0.424109 0.348764 
0.670013 0.181457 
0.132114 0.636525 
0.11758 0.657101 
0.22593 0.524679 
0.216353 0.534862 
0.875493 0.0643222 
0.181158 0.574374 
0.369978 0.391742 
0.235813 0.514394 
0.861797 0.0716695 
0.0238533 0.845555 
0.31198 0.441449 
0.0668633 0.741421 
0.563212 0.249526 
0.964726 0.0177954 
0.617375 0.214268 
0.741843 0.138697 
0.0475503 0.78194 
0.952394 0.0240932 
0.764162 0.125837 
0.901894 0.0503191 
0.190009 0.5641 
0.091472 0.697557 
0.331881 0.423909 
0.140481 0.625192 
0.521055 0.278158 
0.719415 0.151817 
0.321707 0.432808 
0.377276 0.385772 
0.5 0.292893 
0.206733 0.545321 
0.912639 0.0446784 
0.532096 0.270551 
0.0786577 0.71954 
0.509835 0.285973 
0.729495 0.145895 
0.198879 0.554042 
0.052751 0.770324 
0.977902 0.0111107 
0.00105095 0.967582 
0.753757 0.131808 
0.123583 0.648456 
0.542336 0.263566 
0.552903 0.256426 
0.0846468 0.709059 
0.488149 0.301323 
0.0717885 0.732066 
0.000297396 0.982755 
0.988149 0.00594306 
0.679658 0.175586 
0.161698 0.597884 
