0 1.00817 
0.999975 0.00394167 
0.957113 0.0258693 
0.589157 0.2397 
0.0387347 0.812185 
0.362484 0.404766 
0.694795 0.173322 
0.767282 0.128901 
0.549498 0.266 
0.226702 0.530627 
0.0214309 0.860682 
0.711524 0.162762 
0.476189 0.317083 
0.726266 0.155433 
0.784152 0.119716 
0.678662 0.181336 
0.421432 0.357926 
0.268968 0.489489 
0.0774693 0.729181 
0.2145 0.543864 
0.935393 0.0375722 
0.00600506 0.932254 
0.0165423 0.880288 
0.012406 0.896792 
0.98359 0.0121445 
0.0462123 0.792501 
0.408805 0.366769 
0.0680396 0.746129 
0.34932 0.417054 
0.740375 0.144107 
0.186101 0.575431 
0.136747 0.637561 
0.39634 0.376588 
0.511947 0.290392 
0.752793 0.139288 
0.376647 0.392033 
0.257018 0.499926 
0.535694 0.275712 
0.00827113 0.917141 
0.00264411 0.956816 
0.238885 0.518293 
0.460956 0.326801 
0.62968 0.213104 
0.644964 0.203801 
0.914945 0.0506077 
0.0332837 0.832825 
0.00041375 0.989052 
0.49063 0.308181 
0.158883 0.608349 
0.970994 0.0192535 
0.900816 0.0554411 
0.280693 0.477605 
0.196341 0.563939 
0.855762 0.0795566 
0.0842026 0.71628 
0.664035 0.189972 
0.0281349 0.842203 
0.114521 0.672395 
0.569218 0.250585 
0.168736 0.595775 
0.498665 0.299258 
0.0929721 0.704959 
0.523637 0.282019 
0.100187 0.693364 
0.845861 0.0876489 
0.434506 0.346005 
0.204653 0.554124 
0.176362 0.586657 
0.831697 0.0938067 
0.870989 0.0729585 
0.123174 0.657176 
0.82075 0.100201 
0.79804 0.112197 
0.247349 0.509912 
0.107396 0.680953 
0.385061 0.385244 
0.56431 0.254096 
0.808096 0.106954 
0.307213 0.454044 
0.0565817 0.769077 
0.330296 0.432146 
0.00203755 0.96981 
0.0628393 0.75773 
0.60159 0.229203 
0.338887 0.423908 
0.299012 0.462619 
0.0516112 0.781103 
0.928747 0.0427324 
0.147286 0.62561 
0.288542 0.469162 
0.128719 0.64963 
0.654674 0.197034 
0.61862 0.218774 
0.451894 0.334122 
0.886956 0.062508 
0.443477 0.341722 
0.153314 0.62067 
0.608705 0.224975 
0.315949 0.444883 
0.320977 0.440525 
