1 0.00221858 
4.45074e-42 1.00408 
0.0574428 0.767067 
0.782995 0.117698 
0.0173418 0.87288 
0.0287214 0.834924 
0.0666128 0.748177 
0.00534166 0.932203 
0.88071 0.0644519 
0.0230544 0.853882 
0.766906 0.127768 
0.0902431 0.703141 
0.384842 0.385744 
0.901288 0.056875 
0.100907 0.688207 
0.839374 0.0861439 
0.79981 0.108832 
0.0820945 0.717916 
0.370312 0.393846 
0.0146699 0.897265 
0.966111 0.0187449 
0.073621 0.733246 
0.167445 0.59499 
0.253299 0.502273 
0.0360619 0.81653 
0.420334 0.355401 
0.314857 0.444161 
0.180592 0.585636 
0.00867091 0.910906 
0.326713 0.43292 
0.509734 0.288951 
0.398537 0.373682 
0.157564 0.608219 
0.522273 0.280187 
0.00098329 0.983062 
0.949885 0.0276783 
0.359496 0.407066 
0.205332 0.552602 
0.215485 0.539531 
0.0505457 0.78549 
0.612576 0.220952 
0.285587 0.471869 
0.264519 0.490378 
0.124207 0.651151 
0.855076 0.0775628 
0.108881 0.674339 
0.600029 0.228082 
0.825153 0.094889 
0.927432 0.0430398 
0.338317 0.424099 
0.407346 0.364936 
0.912927 0.0485525 
0.273604 0.480811 
0.813728 0.101294 
0.751047 0.134936 
0.497103 0.29839 
0.241862 0.512306 
0.866426 0.071689 
0.535209 0.271706 
0.187147 0.570328 
0.116605 0.662515 
0.147965 0.618437 
0.349682 0.415712 
0.7 0.16613 
0.134009 0.638357 
0.453095 0.33094 
0.938114 0.0332893 
0.432065 0.345148 
0.626304 0.212528 
0.55601 0.258412 
0.567531 0.249431 
0.586834 0.236554 
0.224862 0.529834 
0.302671 0.453282 
0.195274 0.561725 
0.298475 0.463869 
0.441232 0.338635 
0.666039 0.185987 
0.644545 0.199152 
0.687184 0.174779 
0.657334 0.193298 
0.233181 0.520921 
0.00393316 0.955953 
0.487762 0.306038 
0.721347 0.153457 
0.546209 0.265516 
0.710151 0.159551 
0.140076 0.628989 
0.678714 0.179608 
0.578005 0.243031 
0.731894 0.147166 
0.634449 0.205227 
0.741313 0.141294 
0.463686 0.323098 
0.981258 0.0126782 
0.00196658 0.963348 
0.987206 0.00915472 
0.0409237 0.802531 
0.477039 0.312729 
0.046926 0.798665 
