0.999952 0.00440878 
0 1.0082 
0.0362023 0.822276 
0.0441337 0.797554 
0.00687294 0.925002 
0.420487 0.358816 
0.683554 0.179665 
0.149184 0.62202 
0.12146 0.660819 
0.595607 0.236852 
0.667261 0.188608 
0.230951 0.527725 
0.986589 0.0132413 
0.0926822 0.704859 
0.833592 0.0929556 
0.285092 0.47403 
0.0524267 0.781804 
0.00343647 0.949604 
0.0280474 0.841374 
0.773087 0.127081 
0.109899 0.677 
0.344664 0.420336 
0.218004 0.54105 
0.102758 0.688655 
0.60928 0.224626 
0.405143 0.371433 
0.13749 0.63808 
0.0110578 0.905921 
0.971125 0.0235606 
0.94225 0.0368406 
0.0237976 0.856519 
0.700204 0.17108 
0.0843374 0.718215 
0.653254 0.1974 
0.580772 0.245019 
0.000596157 0.987653 
0.29927 0.461058 
0.159165 0.610187 
0.373852 0.395165 
0.956097 0.0263436 
0.0595104 0.765699 
0.734377 0.150172 
0.886266 0.0660968 
0.435837 0.351241 
0.848887 0.0834475 
0.0181011 0.874756 
0.00183124 0.9672 
0.756361 0.135772 
0.568652 0.252801 
0.24196 0.516979 
0.167574 0.598004 
0.818381 0.100779 
0.808197 0.107318 
0.444095 0.341236 
0.514842 0.29159 
0.130084 0.647653 
0.525617 0.28211 
0.184959 0.579 
0.868233 0.0740143 
0.0147579 0.888527 
0.386938 0.384549 
0.19517 0.567547 
0.64104 0.205442 
0.556159 0.260682 
0.331223 0.432171 
0.720156 0.156361 
0.0767981 0.73208 
0.251583 0.508122 
0.747013 0.141649 
0.176664 0.587644 
0.482563 0.312465 
0.909734 0.0561067 
0.275127 0.484416 
0.355152 0.410041 
0.0653502 0.752999 
0.502728 0.298096 
0.710367 0.1634 
0.535967 0.274106 
0.492933 0.304493 
0.455516 0.331715 
0.930799 0.0445623 
0.793496 0.115584 
0.545482 0.267401 
0.363646 0.403564 
0.31641 0.446208 
0.896704 0.0611379 
0.622098 0.21835 
0.472504 0.320239 
0.208753 0.550987 
0.918103 0.0465069 
0.0708539 0.741526 
0.307355 0.453794 
0.785791 0.118662 
0.630059 0.212172 
0.259764 0.498343 
0.394979 0.378183 
0.202868 0.558854 
0.26632 0.491065 
0.325034 0.437972 
0.859459 0.0778285 
