0 1 
1 1.11022e-16 
0.913267 0.0443497 
0.419493 0.352317 
0.839499 0.0837581 
0.942766 0.0290388 
0.893395 0.0548041 
0.40353 0.36476 
0.959909 0.0202505 
0.00620331 0.921239 
0.106307 0.673953 
0.258414 0.491656 
0.272356 0.478123 
0.613212 0.216922 
0.0183571 0.864511 
0.0953788 0.691165 
0.666137 0.183828 
0.21675 0.534436 
0.927403 0.0369821 
0.00999513 0.900024 
0.628317 0.207336 
0.381516 0.38233 
0.881152 0.061303 
0.303041 0.449509 
0.0134911 0.883849 
0.367639 0.393668 
0.315949 0.437906 
0.740576 0.139433 
0.000439148 0.979044 
0.820837 0.0939992 
0.864642 0.0701385 
0.229484 0.520955 
0.521668 0.277734 
0.00346988 0.941094 
0.248775 0.501227 
0.69165 0.168345 
0.533419 0.269645 
0.651602 0.192782 
0.679535 0.175661 
0.00170293 0.958733 
0.508338 0.287022 
0.33766 0.418914 
0.325793 0.429217 
0.292918 0.458781 
0.497677 0.294538 
0.432203 0.342578 
0.726992 0.147362 
0.281918 0.469041 
0.392081 0.373836 
0.754216 0.131544 
0.128957 0.640894 
0.463627 0.319099 
0.237547 0.512612 
0.790151 0.111096 
0.853267 0.0762754 
0.60037 0.225164 
0.174937 0.581745 
0.776064 0.119055 
0.546432 0.26079 
0.165978 0.592596 
0.640576 0.19964 
0.705608 0.159995 
0.984173 0.00794516 
0.442552 0.334754 
0.567861 0.246435 
0.0318983 0.821399 
0.0689973 0.737327 
0.207773 0.544179 
0.0888749 0.701881 
0.183509 0.571621 
0.347663 0.41037 
0.484574 0.303886 
0.453708 0.326421 
0.357616 0.40199 
0.0815273 0.71447 
0.974925 0.0126172 
0.0230945 0.848031 
0.120598 0.652727 
0.57879 0.239218 
0.47623 0.309906 
0.0468211 0.783618 
0.556288 0.254153 
0.589683 0.232092 
0.114066 0.662264 
0.0415349 0.796199 
0.0267634 0.836405 
0.0755311 0.725171 
0.0365584 0.808797 
0.765609 0.125009 
0.0627076 0.749585 
0.0523642 0.771168 
0.151525 0.610738 
0.715327 0.15423 
0.80093 0.105053 
0.142929 0.62194 
0.199027 0.553875 
0.192068 0.561744 
0.136987 0.629882 
0.15779 0.602772 
0.0575273 0.760152 
