0.00230662 1.00557 
1.06645 0.0594945 
0.623789 0.454465 
0.846308 0.180256 
0.955381 0.0856524 
0.824549 0.362979 
0.834454 0.185083 
0.989158 0.0600716 
0.519487 0.538646 
0.549289 0.515668 
0.549476 0.503754 
0.0334125 0.976001 
0.429753 0.601697 
0.959364 0.0628386 
0.466399 0.563942 
0.549809 0.472093 
0.480093 0.55559 
0.049786 0.95803 
0.395489 0.619414 
0.609196 0.456047 
0.23613 0.772952 
0.267871 0.740361 
0.48847 0.549165 
0.0768295 0.932939 
0.968791 0.061042 
0.320481 0.690314 
0.553226 0.465807 
0.00685757 1.00326 
0.371392 0.642752 
0.227828 0.782294 
0.386667 0.631145 
0.289583 0.720994 
0.338468 0.669952 
0.955512 0.0848233 
0.0180191 0.988499 
0.414678 0.6082 
0.276869 0.731909 
0.196924 0.811843 
0.381604 0.634249 
0.443516 0.578749 
0.0306548 0.983643 
0.060913 0.946258 
0.0860978 0.921492 
0.118588 0.890013 
0.367203 0.649418 
0.569206 0.458481 
0.178809 0.831031 
0.441728 0.590389 
0.110621 0.903401 
0.162434 0.847702 
0.146723 0.860239 
0.220964 0.786854 
0.498752 0.542572 
0.502023 0.538676 
0.406747 0.61784 
0.452086 0.566199 
0.259965 0.7498 
0.131326 0.875586 
0.251801 0.757126 
0.112506 0.896974 
0.589309 0.456454 
0.447408 0.569042 
0.350302 0.667408 
0.569323 0.456552 
0.0777722 0.93184 
0.355297 0.655665 
0.0996453 0.908851 
0.14134 0.868768 
0.330051 0.680067 
0.329076 0.680572 
0.202543 0.804893 
0.298525 0.711812 
0.241645 0.764528 
0.192594 0.82135 
0.591811 0.456122 
0.170602 0.837845 
0.30958 0.704816 
0.208084 0.8031 
0.290063 0.716476 
0.167492 0.838789 
0.313323 0.695531 
0.215809 0.794599 
0.183497 0.82576 
0.3553 0.652168 
0.304422 0.710598 
0.159597 0.854875 
0.151598 0.854888 
0.413021 0.612785 
0.274103 0.732651 
0.245052 0.762278 
0.0191989 0.988118 
0.136482 0.870194 
0.213422 0.797169 
0.257451 0.752753 
0.093108 0.921358 
0.125127 0.884091 
0.093803 0.914059 
0.126411 0.882806 
0.443256 0.590274 
0.346289 0.667677 
