0.0194442 0.986448 
1.05814 0.0084864 
0.79665 0.280059 
0.462704 0.585491 
0.807559 0.208116 
0.919639 0.105457 
1.01161 0.0469825 
0.934777 0.083054 
0.796662 0.231602 
1.02502 0.0089358 
1.01161 0.0250296 
0.922212 0.0930923 
0.126494 0.879359 
0.173975 0.831698 
0.159703 0.846057 
0.407958 0.618289 
1.0121 0.0156135 
0.119511 0.886332 
0.267543 0.743296 
0.238977 0.766235 
0.255412 0.753898 
0.398905 0.626876 
0.384582 0.633496 
1.04018 0.00892117 
0.302601 0.703422 
0.0804231 0.927247 
0.283458 0.721778 
0.327118 0.681175 
0.363256 0.649648 
0.0497903 0.956085 
0.251138 0.754932 
0.355234 0.657177 
0.434688 0.594363 
0.37312 0.644302 
0.346563 0.666359 
0.930781 0.0833711 
0.376265 0.639512 
0.0543768 0.951514 
0.796703 0.218497 
0.2068 0.798643 
0.294356 0.711478 
0.307681 0.698573 
0.393761 0.630629 
0.183534 0.822465 
0.0429861 0.964101 
0.191704 0.813855 
0.426026 0.599394 
0.153907 0.853615 
0.412005 0.610462 
0.415547 0.606747 
0.150097 0.855699 
0.333365 0.674541 
0.442079 0.59158 
0.0317283 0.974163 
1.05191 0.00891919 
0.424885 0.603906 
0.45643 0.588821 
0.0963019 0.909618 
0.0873221 0.918559 
0.135118 0.870741 
0.79774 0.210951 
0.237188 0.768707 
0.168773 0.838326 
0.104549 0.901345 
0.448521 0.589337 
0.0366959 0.969203 
0.143218 0.86258 
0.219319 0.786169 
0.33637 0.671456 
0.0267438 0.980261 
0.113268 0.89451 
0.29455 0.711285 
0.135128 0.870737 
0.199445 0.806058 
0.189797 0.815796 
0.359479 0.655446 
0.111347 0.894514 
0.920474 0.105377 
0.343763 0.66834 
0.232555 0.776707 
0.223789 0.781533 
0.0614774 0.945091 
0.0949234 0.911744 
0.0681542 0.937758 
0.143522 0.862499 
0.104766 0.901316 
0.796688 0.231418 
0.0609135 0.945093 
0.230488 0.776841 
0.0194447 0.986419 
0.320721 0.687038 
0.213178 0.792208 
0.183818 0.821789 
0.0741916 0.931677 
0.320462 0.687614 
0.089448 0.918368 
0.803571 0.208329 
0.313999 0.692903 
0.213358 0.792177 
0.0681547 0.937729 
