0.649423 0.354494 
0.953497 0.0488035 
0.661794 0.342143 
0.953449 0.0488641 
0.653465 0.348831 
0.652579 0.34935 
0.654035 0.347541 
0.654421 0.346952 
0.649595 0.353496 
0.650544 0.35167 
0.649821 0.352864 
0.649668 0.35316 
0.653915 0.347675 
0.649483 0.353997 
0.64995 0.352542 
0.657841 0.343196 
0.653658 0.347977 
0.650259 0.351886 
0.660129 0.342284 
0.655203 0.346197 
0.652012 0.349697 
0.658017 0.343026 
0.650708 0.351428 
0.655412 0.346013 
0.649988 0.352302 
0.655523 0.34593 
0.656275 0.344796 
0.654654 0.346777 
0.65753 0.343408 
0.652567 0.349372 
0.649466 0.354176 
0.658342 0.342893 
0.651314 0.350381 
0.660791 0.342211 
0.651074 0.350745 
0.652197 0.349526 
0.651688 0.349969 
0.650101 0.352113 
0.65141 0.3502 
0.651526 0.35007 
0.656808 0.344148 
0.658847 0.342676 
0.659002 0.342638 
0.654875 0.346517 
0.656128 0.345046 
0.659798 0.342348 
0.650916 0.351004 
0.651233 0.350576 
0.660533 0.342242 
0.656575 0.344509 
0.661044 0.342205 
0.657066 0.343817 
0.661437 0.342174 
0.657226 0.343762 
0.655896 0.345319 
0.661195 0.342177 
0.65602 0.345239 
0.659477 0.342421 
0.655648 0.345673 
0.656453 0.344631 
0.657339 0.343548 
0.654473 0.34688 
0.658408 0.342864 
0.655061 0.346329 
0.659781 0.342411 
0.656718 0.344288 
0.661612 0.342168 
0.650191 0.351976 
0.659411 0.342459 
0.654753 0.346594 
0.653657 0.3481 
0.656661 0.344394 
0.653465 0.348544 
0.652181 0.349526 
0.657972 0.343136 
0.655781 0.345502 
0.656329 0.344679 
0.653486 0.348494 
0.650782 0.351314 
0.650789 0.351175 
0.658633 0.342778 
0.651116 0.350654 
0.65356 0.348298 
0.651867 0.349826 
0.651855 0.349864 
0.659187 0.342531 
0.656918 0.343981 
0.658647 0.342774 
0.655668 0.345657 
0.65607 0.345068 
0.655824 0.345469 
0.659197 0.342512 
0.653568 0.348252 
0.657399 0.343525 
0.660355 0.342263 
0.656917 0.343988 
0.655077 0.346312 
0.657499 0.343417 
0.650852 0.351053 
0.657139 0.343773 
