0.969914 0.033963 
0.703944 0.299411 
0.704485 0.298635 
0.704346 0.298679 
0.70443 0.298679 
0.704443 0.298643 
0.704441 0.298675 
0.704321 0.298707 
0.703944 0.299373 
0.703982 0.299116 
0.704288 0.298722 
0.703973 0.299139 
0.704332 0.298685 
0.704259 0.29874 
0.704058 0.298968 
0.703944 0.299346 
0.703947 0.299283 
0.704119 0.298868 
0.703953 0.299235 
0.70395 0.299255 
0.704242 0.29875 
0.704009 0.299053 
0.703945 0.299318 
0.704216 0.298769 
0.704017 0.299036 
0.703944 0.29934 
0.704033 0.299008 
0.704228 0.298762 
0.704051 0.298972 
0.703946 0.299298 
0.704184 0.298805 
0.704131 0.29886 
0.704252 0.298744 
0.703944 0.299372 
0.703997 0.299078 
0.703986 0.299101 
0.704066 0.298954 
0.704233 0.298756 
0.704014 0.299044 
0.704112 0.298886 
0.703957 0.299213 
0.704027 0.299019 
0.704113 0.298874 
0.703965 0.299171 
0.704046 0.298985 
0.70396 0.299194 
0.70427 0.298725 
0.704091 0.298903 
0.703955 0.299228 
0.704173 0.298813 
0.704091 0.298918 
0.704145 0.298847 
0.704099 0.298903 
0.704297 0.298717 
0.704267 0.298726 
0.703991 0.299087 
0.70431 0.298712 
0.70416 0.298834 
0.704332 0.298684 
0.704166 0.298824 
0.703967 0.299162 
0.704001 0.29907 
0.703989 0.299092 
0.704042 0.298987 
0.70421 0.298781 
0.70407 0.298939 
0.704148 0.298839 
0.704084 0.298935 
0.704066 0.298951 
0.70414 0.298853 
0.704191 0.298793 
0.704024 0.299024 
0.704201 0.298785 
0.704188 0.298799 
0.703948 0.299267 
0.704211 0.298774 
0.704071 0.298936 
0.703986 0.299114 
0.704086 0.298922 
0.70397 0.299151 
0.704038 0.298997 
0.704101 0.29889 
0.704003 0.299063 
0.704038 0.299001 
0.704138 0.29886 
0.704104 0.29889 
0.704085 0.29893 
0.703962 0.299181 
0.704313 0.298711 
0.703949 0.299267 
0.70397 0.299156 
0.70443 0.298677 
0.704172 0.298817 
0.703956 0.299214 
0.703962 0.299183 
0.703973 0.299141 
0.704167 0.298821 
0.703946 0.29931 
0.704201 0.298784 
0.703961 0.299194 
