0 1.00049 
0.99707 0.00680705 
0.8125 0.340682 
0.773438 0.402545 
0.757813 0.426455 
0.734375 0.461421 
0.71875 0.484184 
0.273438 0.925749 
0.671875 0.549432 
0.65625 0.570048 
0.59375 0.648105 
0.15625 0.976013 
0.578125 0.666415 
0.546875 0.701594 
0.53125 0.718419 
0.507813 0.742829 
0.492188 0.758402 
0.984375 0.0319937 
0.293945 0.914188 
0.960938 0.0775415 
0.968872 0.0622725 
0.976563 0.0473014 
0.953125 0.092504 
0.945313 0.107342 
0.9375 0.121995 
0.453125 0.795258 
0.4375 0.80917 
0.914063 0.165419 
0.0703125 0.995594 
0.90625 0.179614 
0.898438 0.193696 
0.882813 0.221552 
0.421875 0.822609 
0.1875 0.965321 
0.875 0.235237 
0.867188 0.248784 
0.40625 0.835628 
0.859375 0.262348 
0.828125 0.315021 
0.851563 0.27569 
0.84375 0.288854 
0.171875 0.971031 
0.3125 0.902921 
0.804688 0.353468 
0.835938 0.302011 
0.0234375 1.00005 
0.796875 0.365764 
0.789063 0.378163 
0.78125 0.390438 
0.132813 0.982887 
0.75 0.438351 
0.742188 0.44995 
0.328125 0.89294 
0.992188 0.0165778 
0.710938 0.495401 
0.703125 0.506404 
0.695313 0.517322 
0.6875 0.528113 
0.679688 0.538698 
0.648438 0.580317 
0.257813 0.934091 
0.640686 0.590327 
0.632813 0.6003 
0.625 0.610128 
0.921875 0.151121 
0.25 0.937957 
0.617188 0.620092 
0.234375 0.945723 
0.046875 0.99826 
0.609375 0.629435 
0.601563 0.638903 
0.226563 0.949251 
0.570313 0.675374 
0.210938 0.956102 
0.5625 0.684312 
0.554688 0.69298 
0.203125 0.95929 
0.523438 0.726676 
0.515625 0.734837 
0.929691 0.136665 
0.484375 0.766106 
0.476563 0.773727 
0.46875 0.780959 
0.460938 0.788262 
0.302734 0.908895 
0.429688 0.816045 
0.109375 0.988593 
0.398438 0.841922 
0.09375 0.991696 
0.390625 0.848116 
0.382813 0.854062 
0.375 0.860086 
0.0859375 0.993169 
0.367188 0.865842 
0.359375 0.871534 
0.351563 0.877204 
0.34375 0.882703 
0.335938 0.887746 
0.0390625 0.999088 
0.929688 0.145857 
