0.996094 0.00901933 
0 1.00065 
0.984375 0.032581 
0.96875 0.0628734 
0.914063 0.165699 
0.898438 0.193935 
0.142578 0.980369 
0.171875 0.971081 
0.689453 0.525504 
0.648438 0.58032 
0.632813 0.600392 
0.703125 0.506544 
0.03125 0.999667 
0.234375 0.945766 
0.960938 0.0777828 
0.945313 0.1073 
0.9375 0.122441 
0.953125 0.0927959 
0.929688 0.136928 
0.921875 0.151298 
0.078125 0.994673 
0.890625 0.20793 
0.867188 0.249055 
0.859375 0.262677 
0.851563 0.275913 
0.84375 0.289169 
0.835938 0.302229 
0.125 0.985137 
0.679688 0.538935 
0.828125 0.315239 
0.820313 0.328077 
0.382813 0.854158 
0.8125 0.340955 
0.367188 0.865893 
0.5 0.75091 
0.804688 0.353523 
0.796875 0.365941 
0.789063 0.378483 
0.78125 0.390589 
0.773438 0.402764 
0.515625 0.735289 
0.765625 0.414838 
0.351563 0.877153 
0.757813 0.426949 
0.335938 0.887879 
0.75 0.438541 
0.742188 0.450174 
0.734375 0.461644 
0.328125 0.892953 
0.726563 0.473222 
0.882813 0.2218 
0.109375 0.988869 
0.71875 0.484357 
0.710938 0.495455 
0.289063 0.917233 
0.09375 0.991916 
0.671875 0.549442 
0.527344 0.722784 
0.664063 0.559867 
0.65625 0.570222 
0.273438 0.925945 
0.257813 0.934333 
0.625 0.610256 
0.0551758 0.997754 
0.617188 0.620087 
0.25 0.938195 
0.609375 0.629572 
0.476563 0.773815 
0.59375 0.648416 
0.585938 0.657643 
0.21875 0.952856 
0.578125 0.666801 
0.3125 0.903039 
0.5625 0.684473 
0.570313 0.675647 
0.210938 0.956175 
0.554688 0.693328 
0.195313 0.962549 
0.546875 0.701864 
0.1875 0.965682 
0.507813 0.743106 
0.46875 0.781405 
0.460938 0.788374 
0.304688 0.907844 
0.453125 0.795727 
0.445313 0.802514 
0.4375 0.809764 
0.414063 0.829475 
0.421875 0.822841 
0.429688 0.816129 
0.40625 0.836391 
0.539063 0.710496 
0.398438 0.842481 
0.390625 0.848177 
0.487305 0.763383 
0.359375 0.871822 
0.875 0.235548 
0.046875 0.998538 
0.28125 0.921849 
0.533203 0.716448 
