0 1.00065 
0.99707 0.00711445 
0.785156 0.384425 
0.519531 0.730866 
0.917969 0.158428 
0.128906 0.984112 
0.0976563 0.99111 
0.800781 0.35973 
0.769531 0.408766 
0.722656 0.478885 
0.707031 0.501055 
0.902344 0.18684 
0.375 0.860139 
0.355469 0.874318 
0.0195313 1.00019 
0.832031 0.308888 
0.808594 0.347238 
0.386719 0.851161 
0.738281 0.45591 
0.539063 0.71021 
0.699219 0.512085 
0.988281 0.0246121 
0.980469 0.0398153 
0.472656 0.77735 
0.863281 0.255832 
0.222656 0.951096 
0.941406 0.114918 
0.933594 0.129462 
0.925781 0.14402 
0.640625 0.590552 
0.207031 0.95788 
0.078125 0.994481 
0.4375 0.809515 
0.898438 0.194011 
0.191406 0.964113 
0.582031 0.662002 
0.87207 0.240527 
0.855469 0.269225 
0.402344 0.838846 
0.84375 0.289221 
0.6875 0.528315 
0.0507813 0.99813 
0.628906 0.605429 
0.761719 0.420786 
0.957031 0.0852578 
0.878906 0.228944 
0.148438 0.978677 
0.820313 0.328033 
0.34375 0.88255 
0.730469 0.467272 
0.300781 0.910316 
0.449219 0.798994 
0.289063 0.91722 
0.613281 0.624826 
0.3125 0.903061 
0.660156 0.565186 
0.667969 0.554712 
0.425781 0.819472 
0.253906 0.936183 
0.269531 0.928035 
0.972656 0.0551968 
0.62207 0.613901 
0.605469 0.634233 
0.238281 0.943969 
0.332031 0.890452 
0.59375 0.648438 
0.574219 0.671447 
0.964844 0.0704417 
0.886749 0.214499 
0.324219 0.897062 
0.675781 0.544509 
0.847656 0.282503 
0.175781 0.969752 
0.503937 0.746798 
0.496094 0.754817 
0.824219 0.322747 
0.484375 0.766248 
0.277344 0.924037 
0.460938 0.788455 
0.753906 0.433583 
0.75 0.438565 
0.417969 0.826089 
0.410156 0.832552 
0.68457 0.539376 
0.949219 0.100222 
0.652344 0.575433 
0.648438 0.580618 
0.996094 0.00891536 
0.597656 0.643666 
0.160156 0.975167 
0.5625 0.684797 
0.566406 0.680168 
0.554688 0.693769 
0.542969 0.70609 
0.550781 0.697586 
0.246094 0.940289 
0.488281 0.762374 
0.96875 0.0632335 
0.951172 0.097171 
0.886719 0.214793 
