0.996094 0.00858042 
0 1.00038 
0.0625 0.996466 
0.617188 0.619605 
0.601563 0.638721 
0.3125 0.902745 
0.289063 0.916923 
0.0234375 0.999852 
0.273438 0.925664 
0.117188 0.986694 
0.523438 0.726631 
0.257813 0.93399 
0.507813 0.74268 
0.5 0.750432 
0.484375 0.76585 
0.984375 0.0318444 
0.976563 0.0471444 
0.96875 0.0623585 
0.960938 0.0774251 
0.953125 0.0923431 
0.945313 0.107066 
0.46875 0.780786 
0.453125 0.795191 
0.9375 0.121878 
0.929688 0.136294 
0.921875 0.150922 
0.914063 0.165212 
0.890625 0.207582 
0.422852 0.821657 
0.046875 0.998241 
0.859375 0.262167 
0.851563 0.275499 
0.171875 0.970902 
0.84375 0.288814 
0.4375 0.809182 
0.835938 0.301819 
0.828125 0.314959 
0.820313 0.327806 
0.8125 0.340527 
0.804688 0.3532 
0.796875 0.365662 
0.875 0.235059 
0.789063 0.378122 
0.78125 0.39037 
0.773438 0.402424 
0.351563 0.876894 
0.765625 0.414517 
0.132813 0.982768 
0.757813 0.426389 
0.75 0.438129 
0.742188 0.449867 
0.335938 0.887645 
0.734375 0.461401 
0.726563 0.472733 
0.71875 0.48405 
0.710938 0.4953 
0.304688 0.907678 
0.703125 0.506341 
0.695313 0.517178 
0.6875 0.528048 
0.679688 0.53859 
0.671875 0.549291 
0.664063 0.559654 
0.65625 0.569954 
0.09375 0.991629 
0.648438 0.580138 
0.640625 0.590271 
0.632813 0.600208 
0.625 0.61001 
0.242188 0.941757 
0.992188 0.0164166 
0.59375 0.648124 
0.585938 0.657241 
0.578125 0.666436 
0.570313 0.675399 
0.5625 0.684384 
0.90625 0.17952 
0.898438 0.193524 
0.554688 0.693185 
0.195313 0.962328 
0.539063 0.709975 
0.546875 0.701484 
0.53125 0.7184 
0.1875 0.965283 
0.15625 0.976085 
0.476563 0.773469 
0.414063 0.829183 
0.148438 0.978462 
0.445313 0.802268 
0.40625 0.835583 
0.09375 0.991629 
0.226563 0.949117 
0.398438 0.841989 
0.382813 0.853994 
0.390625 0.847935 
0.210938 0.955984 
0.375 0.859985 
0.367188 0.865736 
0.359375 0.871344 
0.335938 0.887636 
