0 1.00067 
0.99707 0.00720317 
0.773438 0.402939 
0.914063 0.165734 
0.898438 0.194009 
0.859375 0.262779 
0.84375 0.289329 
0.21875 0.952942 
0.757813 0.426869 
0.246094 0.940162 
0.71875 0.484551 
0.703125 0.506753 
0.789063 0.378372 
0.579102 0.66552 
0.546875 0.701933 
0.0625 0.997143 
0.59375 0.648396 
0.53125 0.718852 
0.804688 0.35372 
0.976563 0.0476211 
0.96875 0.0629087 
0.672852 0.548308 
0.960938 0.0780564 
0.46875 0.786914 
0.929688 0.13695 
0.921875 0.151523 
0.203125 0.95951 
0.890625 0.208057 
0.882813 0.221823 
0.410156 0.832586 
0.953125 0.0928772 
0.664063 0.560181 
0.172852 0.971033 
0.0351563 0.999538 
0.132813 0.983148 
0.632813 0.600535 
0.1875 0.96558 
0.835938 0.302438 
0.828125 0.315322 
0.257813 0.934184 
0.820313 0.328349 
0.8125 0.341007 
0.371094 0.863136 
0.793945 0.370806 
0.640625 0.59073 
0.4375 0.809398 
0.453125 0.795637 
0.726563 0.473124 
0.734375 0.46181 
0.695313 0.51765 
0.0234375 1.00013 
0.476563 0.773861 
0.289063 0.91718 
0.570313 0.675738 
0.398438 0.842075 
0.62207 0.614061 
0.992188 0.0169839 
0.609375 0.62964 
0.946289 0.105847 
0.601563 0.639215 
0.683594 0.534061 
0.382813 0.854482 
0.359375 0.872021 
0.5625 0.684559 
0.75 0.438669 
0.554688 0.69322 
0.9375 0.122412 
0.0791016 0.994466 
0.650391 0.577957 
0.875 0.235694 
0.867188 0.249326 
0.523438 0.726968 
0.515625 0.735149 
0.5 0.750858 
0.65625 0.573944 
0.507813 0.742981 
0.492188 0.758825 
0.484375 0.766335 
0.150391 0.978184 
0.15625 0.976449 
0.445313 0.802654 
0.117188 0.986953 
0.423828 0.821172 
0.617188 0.620154 
0.6875 0.528626 
0.390625 0.848366 
0.0908203 0.992525 
0.34375 0.882656 
0.351563 0.87736 
0.335938 0.888211 
0.984375 0.0322839 
0.328125 0.893275 
0.320313 0.898472 
0.941406 0.115733 
0.742188 0.450598 
0.3125 0.903281 
0.304688 0.908087 
0.421875 0.822907 
0.296875 0.912811 
0.273926 0.925837 
