0 1.00109 
0.996094 0.00957777 
0.90625 0.181089 
0.890625 0.208746 
0.539063 0.71088 
0.515625 0.735544 
0.8125 0.34166 
0.828125 0.315951 
0.261719 0.932723 
0.289063 0.917729 
0.171875 0.971593 
0.03125 1.0003 
0.976563 0.0484623 
0.96875 0.063534 
0.9375 0.12302 
0.960938 0.0786186 
0.953125 0.0935948 
0.945313 0.108081 
0.929688 0.138147 
0.21875 0.953283 
0.914063 0.166532 
0.921875 0.152269 
0.203125 0.959859 
0.882813 0.22254 
0.875 0.236299 
0.1875 0.965995 
0.867188 0.24993 
0.859375 0.263364 
0.84375 0.289956 
0.851563 0.276852 
0.390625 0.849061 
0.375 0.860616 
0.835938 0.30358 
0.148438 0.979113 
0.804688 0.354162 
0.796875 0.366903 
0.789063 0.379259 
0.78125 0.391564 
0.773438 0.403356 
0.765625 0.415644 
0.335938 0.888721 
0.75 0.439177 
0.757813 0.427375 
0.484375 0.767093 
0.742188 0.450933 
0.734375 0.462533 
0.3125 0.903765 
0.328125 0.893774 
0.71875 0.485141 
0.710938 0.496556 
0.726563 0.4739 
0.679688 0.539544 
0.703125 0.507774 
0.671875 0.551258 
0.09375 0.992809 
0.6875 0.528913 
0.695313 0.518379 
0.640625 0.591413 
0.664063 0.561084 
0.65625 0.571441 
0.648438 0.581148 
0.078125 0.994953 
0.632813 0.601681 
0.0625 0.997178 
0.625 0.611195 
0.601563 0.639755 
0.617188 0.621004 
0.609375 0.630318 
0.046875 0.999055 
0.234375 0.946316 
0.59375 0.649626 
0.367188 0.86728 
0.992188 0.017944 
0.578125 0.667301 
0.585938 0.658206 
0.570313 0.676469 
0.351563 0.8778 
0.5625 0.684968 
0.554688 0.693867 
0.546875 0.702308 
0.507813 0.74346 
0.496094 0.755403 
0.476563 0.774992 
0.46875 0.782246 
0.4375 0.810737 
0.460938 0.789726 
0.140625 0.981938 
0.445313 0.80317 
0.25 0.938701 
0.429688 0.817774 
0.453125 0.796722 
0.125 0.985388 
0.109375 0.989209 
0.398682 0.842405 
0.421875 0.824236 
0.414063 0.830345 
0.40625 0.83631 
0.355469 0.875022 
0.984375 0.0331211 
0.297852 0.913173 
