0 1.00044 
0.998291 0.00427939 
0.570313 0.675311 
0.882813 0.221412 
0.867188 0.248766 
0.8125 0.340572 
0.796875 0.365701 
0.773438 0.402439 
0.757813 0.426538 
0.21875 0.95264 
0.6875 0.527957 
0.671875 0.549198 
0.0703125 0.99557 
0.15625 0.976041 
0.0390625 0.998911 
0.585938 0.657247 
0.554688 0.692935 
0.140625 0.980743 
0.273438 0.925866 
0.25 0.938036 
0.242188 0.941883 
0.960938 0.0775728 
0.953125 0.0923559 
0.945313 0.107228 
0.9375 0.121926 
0.929688 0.136539 
0.921875 0.151069 
0.914063 0.165386 
0.90625 0.179485 
0.203125 0.959198 
0.898438 0.193661 
0.890625 0.207563 
0.414063 0.829062 
0.859375 0.262244 
0.398438 0.841756 
0.851563 0.275575 
0.179688 0.968205 
0.84375 0.28876 
0.835938 0.301908 
0.390625 0.847933 
0.828125 0.315023 
0.46875 0.780802 
0.375 0.859882 
0.820313 0.327796 
0.986328 0.0293955 
0.96875 0.062363 
0.0234375 0.999968 
0.789063 0.378107 
0.78125 0.390343 
0.632813 0.60016 
0.75 0.438224 
0.117188 0.986712 
0.742188 0.449934 
0.322266 0.896729 
0.734375 0.461375 
0.726563 0.472672 
0.71875 0.484087 
0.523438 0.726581 
0.710938 0.495263 
0.703125 0.506266 
0.695313 0.517127 
0.992188 0.0164175 
0.664063 0.559764 
0.65625 0.569929 
0.648438 0.580173 
0.335938 0.88768 
0.640625 0.590251 
0.623291 0.612128 
0.304688 0.907578 
0.59375 0.648064 
0.978516 0.0436307 
0.546875 0.701592 
0.1875 0.965283 
0.53125 0.718435 
0.515625 0.740942 
0.5 0.750581 
0.492188 0.758269 
0.617188 0.619717 
0.484375 0.766022 
0.601563 0.638763 
0.476563 0.773534 
0.455078 0.793458 
0.445313 0.802305 
0.4375 0.809154 
0.429688 0.815978 
0.421875 0.822575 
0.974854 0.0509203 
0.3125 0.902922 
0.109375 0.988512 
0.09375 0.991669 
0.0859375 0.993045 
0.367188 0.865863 
0.359375 0.871509 
0.351563 0.877019 
0.34375 0.882553 
0.507813 0.742686 
0.291016 0.915889 
0.28125 0.921466 
0.609375 0.629251 
0.453125 0.795241 
