0.993179 0.014581 
0 1.0006 
0.664063 0.559775 
0.640625 0.59069 
0.210938 0.956042 
0.46875 0.780894 
0.84375 0.288883 
0.75 0.438404 
0.78125 0.390527 
0.742188 0.449967 
0.726563 0.472896 
0.234375 0.945562 
0.6875 0.528252 
0.671875 0.549366 
0.1875 0.965347 
0.601563 0.639071 
0.585938 0.657419 
0.540161 0.708951 
0.484375 0.766052 
0.554688 0.693024 
0.25 0.938082 
0.0859375 0.993398 
0.953125 0.0926749 
0.976563 0.0474538 
0.453125 0.795512 
0.945313 0.107271 
0.914063 0.165458 
0.90625 0.179754 
0.304688 0.908033 
0.898438 0.193918 
0.890625 0.207705 
0.96875 0.062656 
0.882813 0.221761 
0.9375 0.12207 
0.859375 0.262224 
0.851563 0.275852 
0.829224 0.313213 
0.4375 0.809476 
0.410278 0.832541 
0.375 0.859911 
0.875061 0.235129 
0.804688 0.353431 
0.765625 0.414677 
0.796875 0.365963 
0.789063 0.378403 
0.766113 0.413885 
0.15625 0.976206 
0.351563 0.877013 
0.335938 0.887818 
0.316406 0.900641 
0.718811 0.484071 
0.710938 0.495639 
0.101807 0.990163 
0.703125 0.506509 
0.289063 0.917129 
0.695313 0.517595 
0.0625 0.99672 
0.632813 0.600279 
0.625 0.610385 
0.265625 0.930027 
0.609375 0.629546 
0.617188 0.61989 
0.53125 0.718498 
0.578125 0.666635 
0.570313 0.675594 
0.398926 0.841567 
0.5625 0.68451 
0.328125 0.892897 
0.015625 1.00039 
0.523438 0.726764 
0.507813 0.742926 
0.515625 0.734707 
0.820313 0.328191 
0.8125 0.340921 
0.493164 0.75769 
0.445313 0.802593 
0.125 0.984995 
0.5 0.750912 
0.390625 0.848003 
0.422852 0.821801 
0.117188 0.986944 
0.367188 0.866078 
0.359375 0.871913 
0.984375 0.0331377 
0.0546875 0.997829 
0.960938 0.0776539 
0.0390625 0.999112 
0.28125 0.922145 
0.921875 0.151183 
0.03125 0.999635 
0.985352 0.03017 
0.828125 0.315215 
0.273438 0.92647 
0.992188 0.0167881 
0.421875 0.822863 
0.867188 0.248891 
0.961914 0.0762327 
0.930664 0.135309 
0.922852 0.149423 
0.929688 0.137004 
