0.993408 0.0138495 
0 1.00049 
0.09375 0.99154 
0.96875 0.0622978 
0.953125 0.0923661 
0.203125 0.959112 
0.867188 0.248672 
0.171875 0.970891 
0.851563 0.275325 
0.0625 0.99655 
0.789063 0.377938 
0.773438 0.402395 
0.125 0.984791 
0.703125 0.506114 
0.6875 0.527918 
0.640625 0.590055 
0.65625 0.569907 
0.3125 0.902816 
0.25 0.937854 
0.984375 0.0316426 
0.976563 0.0470848 
0.945313 0.107134 
0.9375 0.12189 
0.929688 0.136265 
0.914063 0.165208 
0.90625 0.179348 
0.4375 0.809364 
0.898438 0.193451 
0.890625 0.207439 
0.421875 0.82286 
0.88282 0.221374 
0.875 0.235009 
0.390625 0.848027 
0.0390625 0.999104 
0.40625 0.835432 
0.84375 0.288666 
0.835938 0.301836 
0.828125 0.314902 
0.8125 0.34048 
0.820313 0.327545 
0.15625 0.976086 
0.804688 0.353144 
0.796875 0.365598 
0.353516 0.875428 
0.140625 0.980642 
0.765625 0.414366 
0.757813 0.426361 
0.75 0.437984 
0.742188 0.449774 
0.289063 0.917002 
0.71875 0.484053 
0.726563 0.472686 
0.710938 0.495182 
0.328125 0.892839 
0.297852 0.911824 
0.679688 0.538641 
0.671875 0.549228 
0.367188 0.865649 
0.664063 0.559682 
0.632813 0.600384 
0.265625 0.929961 
0.625 0.610117 
0.617188 0.619747 
0.234375 0.945687 
0.609375 0.629271 
0.601563 0.638744 
0.59375 0.648018 
0.578125 0.666414 
0.570313 0.675496 
0.21875 0.952645 
0.5625 0.684218 
0.554688 0.693116 
0.546875 0.701577 
0.0234375 0.999947 
0.539063 0.710087 
0.53125 0.718327 
0.523438 0.72673 
0.515625 0.734683 
0.507813 0.742826 
0.484375 0.765869 
0.493408 0.759211 
0.5 0.750508 
0.34375 0.882306 
0.476563 0.773418 
0.46875 0.780839 
0.460938 0.788091 
0.453125 0.795305 
0.445313 0.802424 
0.414063 0.829248 
0.382813 0.85452 
0.992188 0.0164232 
0.375 0.860332 
0.335938 0.88857 
0.273438 0.925862 
0.0078125 1.00036 
0.226563 0.949164 
0.921875 0.150898 
0.921875 0.150898 
0.734375 0.461268 
0.734375 0.461808 
