0 1.00036 
0.992188 0.0166048 
0.851563 0.275444 
0.804688 0.353134 
0.789063 0.378248 
0.03125 0.999605 
0.703125 0.506201 
0.6875 0.527912 
0.195313 0.96228 
0.171875 0.970877 
0.617188 0.619622 
0.0546875 0.997452 
0.601563 0.638694 
0.5625 0.684108 
0.546875 0.701525 
0.867188 0.248828 
0.523438 0.726664 
0.507813 0.742837 
0.929688 0.136468 
0.492188 0.758227 
0.984375 0.0318813 
0.476563 0.773391 
0.96875 0.0621942 
0.976563 0.0471244 
0.960938 0.0775339 
0.945313 0.107154 
0.953125 0.0923351 
0.9375 0.122186 
0.460938 0.788066 
0.445313 0.802337 
0.078125 0.994363 
0.921875 0.153141 
0.210938 0.956012 
0.90625 0.179549 
0.882813 0.221373 
0.421875 0.823047 
0.890625 0.207528 
0.40625 0.835672 
0.84375 0.288768 
0.914063 0.165235 
0.835938 0.301885 
0.828125 0.314895 
0.382813 0.853924 
0.398438 0.841748 
0.820313 0.327971 
0.15625 0.976172 
0.8125 0.340543 
0.78125 0.390345 
0.773438 0.402725 
0.765625 0.414434 
0.757813 0.426479 
0.742188 0.449747 
0.75 0.438179 
0.734375 0.461543 
0.726563 0.472963 
0.71875 0.484262 
0.875 0.235334 
0.710938 0.495268 
0.679688 0.538634 
0.09375 0.99179 
0.671875 0.549458 
0.265686 0.929809 
0.648438 0.580081 
0.65625 0.569817 
0.664063 0.55968 
0.28125 0.921389 
0.640625 0.590253 
0.632813 0.600155 
0.625 0.60993 
0.243164 0.941637 
0.257813 0.934091 
0.59375 0.648063 
0.585938 0.657237 
0.226563 0.949272 
0.578125 0.666317 
0.570313 0.67525 
0.539063 0.710047 
0.53125 0.718635 
0.5 0.750429 
0.46875 0.780918 
0.140625 0.980787 
0.109375 0.988672 
0.429688 0.815869 
0.4375 0.809337 
0.118164 0.986621 
0.132813 0.982949 
0.375 0.860017 
0.367188 0.865896 
0.359375 0.871562 
0.351563 0.877157 
0.34375 0.882666 
0.328125 0.892949 
0.335938 0.887712 
0.320313 0.898082 
0.3125 0.90283 
0.304688 0.907916 
0.296875 0.912575 
0.289063 0.917206 
0.234375 0.945536 
0.898682 0.193509 
