0.994141 0.0131844 
0 1.00078 
0.304688 0.908054 
0.28125 0.921853 
0.0546875 0.997768 
0.679688 0.539207 
0.382813 0.854736 
0.664063 0.560106 
0.0859375 0.993508 
0.320313 0.898296 
0.140625 0.981039 
0.984375 0.0325962 
0.242188 0.942185 
0.976563 0.0478261 
0.96875 0.0630877 
0.960938 0.0781707 
0.226563 0.949541 
0.953125 0.0930646 
0.945313 0.107822 
0.464844 0.784894 
0.9375 0.122635 
0.929688 0.13722 
0.921875 0.151512 
0.914063 0.165911 
0.90625 0.180172 
0.898438 0.194181 
0.890625 0.208134 
0.882813 0.222064 
0.875 0.235839 
0.867188 0.249397 
0.859375 0.262791 
0.851563 0.27617 
0.398438 0.842261 
0.84375 0.289477 
0.835938 0.30249 
0.828125 0.31558 
0.820313 0.328415 
0.8125 0.341242 
0.367188 0.866085 
0.164063 0.973857 
0.796875 0.366268 
0.804688 0.353717 
0.789063 0.378778 
0.78125 0.390938 
0.773438 0.403064 
0.765625 0.415109 
0.757813 0.426984 
0.335938 0.888018 
0.75 0.438807 
0.742188 0.450323 
0.734375 0.462025 
0.726563 0.473375 
0.476563 0.773902 
0.71875 0.484621 
0.710938 0.495706 
0.703125 0.506775 
0.101563 0.990603 
0.453125 0.795622 
0.695313 0.517728 
0.6875 0.528492 
0.65625 0.570447 
0.265625 0.930291 
0.648438 0.580666 
0.640625 0.590676 
0.632813 0.60072 
0.257813 0.93436 
0.625 0.61051 
0.617188 0.620182 
0.609375 0.629746 
0.601563 0.639316 
0.59375 0.648605 
0.585938 0.657819 
0.03125 0.999844 
0.578125 0.666837 
0.210938 0.956391 
0.570313 0.675875 
0.5625 0.684631 
0.554688 0.693405 
0.546875 0.701974 
0.539063 0.71042 
0.53125 0.71874 
0.195313 0.962692 
0.179688 0.968526 
0.523438 0.727149 
0.515625 0.735152 
0.507813 0.743003 
0.5 0.750996 
0.492188 0.758751 
0.484375 0.766382 
0.445313 0.802772 
0.125 0.985261 
0.4375 0.809566 
0.992188 0.0170658 
0.429688 0.816402 
0.117188 0.987081 
0.421875 0.823004 
0.414063 0.829498 
0.40625 0.835933 
0.359375 0.872259 
0.34375 0.882692 
