0.996094 0.0100377 
0 1.00099 
0.789063 0.37929 
0.773438 0.403676 
0.765625 0.415647 
0.75 0.439099 
0.984375 0.0331309 
0.710938 0.496358 
0.695313 0.518017 
0.921875 0.152115 
0.671875 0.550116 
0.632813 0.601021 
0.617188 0.620576 
0.03125 1.00004 
0.304688 0.908629 
0.281494 0.922056 
0.539063 0.710728 
0.523438 0.727475 
0.101563 0.990918 
0.484375 0.766615 
0.5 0.751417 
0.96875 0.0635904 
0.960938 0.0787331 
0.953125 0.0936214 
0.945313 0.108218 
0.9375 0.123105 
0.929718 0.137683 
0.910156 0.174015 
0.195313 0.962969 
0.898438 0.194777 
0.875 0.236041 
0.425781 0.820058 
0.890625 0.208692 
0.882813 0.222149 
0.867188 0.249745 
0.0625 0.997156 
0.859375 0.263265 
0.851563 0.276798 
0.84375 0.289866 
0.835938 0.303075 
0.828125 0.316136 
0.820313 0.329211 
0.8125 0.341812 
0.804688 0.354508 
0.796875 0.366917 
0.359375 0.872275 
0.742188 0.451058 
0.734375 0.462307 
0.726563 0.473952 
0.71875 0.485009 
0.6875 0.529021 
0.679688 0.539602 
0.34375 0.883046 
0.078125 0.995035 
0.4375 0.810116 
0.656494 0.57064 
0.648438 0.581313 
0.414063 0.829836 
0.265625 0.930673 
0.25 0.938769 
0.640625 0.591215 
0.140625 0.981305 
0.609375 0.630122 
0.601563 0.639589 
0.585938 0.658167 
0.59375 0.648966 
0.230469 0.948305 
0.578125 0.667559 
0.570313 0.676529 
0.210938 0.956626 
0.554688 0.693743 
0.5625 0.685124 
0.337891 0.887232 
0.546875 0.702521 
0.90625 0.181039 
0.179688 0.968771 
0.015625 1.00085 
0.515625 0.735597 
0.507813 0.743824 
0.476563 0.774212 
0.46875 0.781461 
0.460938 0.78898 
0.453125 0.79603 
0.445313 0.803204 
0.121094 0.986653 
0.242188 0.942688 
0.324219 0.8963 
0.390625 0.849379 
0.398438 0.842434 
0.40625 0.836523 
0.21875 0.953312 
0.382813 0.855669 
0.367188 0.866592 
0.375 0.860833 
0.3125 0.903634 
0.275391 0.928161 
0.117188 0.987405 
0.976563 0.0484089 
0.976563 0.0484089 
0.171875 0.971741 
