0.994148 0.0188126 
0 1.0028 
0.742188 0.453568 
0.71875 0.487524 
0.125 0.98821 
0.96875 0.066608 
0.8125 0.344442 
0.955078 0.0935704 
0.431641 0.817046 
0.015625 1.00242 
0.212891 0.957737 
0.40625 0.838514 
0.0878906 0.995258 
0.359375 0.874444 
0.242188 0.945224 
0.59375 0.650999 
0.609375 0.632312 
0.554688 0.695863 
0.0546875 1.00075 
0.570313 0.679106 
0.46875 0.783536 
0.421875 0.825588 
0.477539 0.775748 
0.898438 0.196846 
0.890625 0.212134 
0.492188 0.760665 
0.984375 0.0368786 
0.908264 0.180524 
0.859375 0.266455 
0.796875 0.370024 
0.851563 0.279655 
0.140625 0.982832 
0.804688 0.356692 
0.390625 0.850499 
0.171875 0.974264 
0.78125 0.393892 
0.757813 0.430397 
0.15625 0.977897 
0.789063 0.383449 
0.921875 0.155431 
0.34375 0.885762 
0.750031 0.442325 
0.320313 0.900057 
0.3125 0.905467 
0.9375 0.127116 
0.765625 0.418254 
0.296875 0.915235 
0.695313 0.520931 
0.876953 0.236201 
0.84375 0.292372 
0.882813 0.225621 
0.335938 0.890092 
0.640625 0.594091 
0.703125 0.509465 
0.648438 0.582961 
0.6875 0.531984 
0.671875 0.552548 
0.664063 0.562503 
0.679688 0.541788 
0.65625 0.573129 
0.28125 0.925024 
0.585938 0.660402 
0.578125 0.671047 
0.617188 0.623944 
0.453125 0.79899 
0.632813 0.604445 
0.53125 0.721983 
0.546875 0.705526 
0.265625 0.932981 
0.539063 0.713002 
0.1875 0.968386 
0.523438 0.730821 
0.507813 0.746048 
0.945313 0.112787 
0.515625 0.738113 
0.5 0.75422 
0.078125 0.997354 
0.948242 0.106794 
0.382813 0.856052 
0.992188 0.0214107 
0.375 0.863542 
0.929688 0.141149 
0.0625 0.999522 
0.867188 0.252762 
0.25 0.941542 
0.869141 0.249695 
0.90625 0.182875 
0.203125 0.962733 
0.289063 0.920458 
0.835938 0.305447 
0.976563 0.0527749 
0.258804 0.935399 
0.977539 0.0506207 
0.828125 0.319267 
0.710968 0.499487 
0.921875 0.154887 
0.931641 0.137597 
0.195313 0.965741 
0.837891 0.303727 
0.712891 0.496946 
