0.897631 0.445567 0.069462 
0.411033 0.570867 0.713366 
0.0660078 0.863749 0.509266 
0.380654 0.90059 0.236994 
0.943189 0.0626496 0.360746 
0.15404 0.703456 0.700828 
0.477336 0.681257 0.611365 
0.44757 0.0492333 0.904369 
0.746323 0.00514934 0.681621 
0.0596357 0.780366 0.63911 
0.228349 0.553591 0.833939 
0.823017 0.144206 0.556438 
0.341862 0.469277 0.847699 
0.467641 0.117906 0.888966 
0.276845 0.449313 0.862282 
0.0946406 0.22391 0.978356 
0.951215 0.379662 0.0513881 
0.955706 0.425759 0.00136921 
0.703452 0.0780753 0.714851 
0.601231 0.369255 0.730958 
0.847563 0.288086 0.450451 
0.262994 0.455179 0.879246 
0.756691 0.564445 0.408249 
0.773593 0.510461 0.392387 
0.581563 0.611641 0.545026 
0.047354 0.602682 0.816581 
0.288425 0.528514 0.811858 
0.501171 0.855031 0.181233 
0.785805 0.203094 0.628363 
0.240545 0.207575 0.966228 
0.586173 0.0177539 0.822961 
0.736759 0.0697715 0.690817 
0.926198 0.153545 0.382092 
0.614223 0.819328 0.0600362 
0.31871 0.54374 0.784776 
0.140223 0.759902 0.64891 
0.297614 0.840895 0.486861 
0.678855 0.633178 0.411291 
0.334554 0.577109 0.749738 
0.0250639 0.166613 0.994243 
0.642825 0.736304 0.242765 
0.145459 0.490354 0.864784 
0.0783071 0.342025 0.954278 
0.647129 0.700691 0.431452 
0.810854 0.627542 0.0254867 
0.867593 0.515775 0.0410352 
0.194743 0.795884 0.575174 
0.476393 0.773175 0.442025 
0.371724 0.127784 0.931099 
0.159486 0.271189 0.957847 
0.884115 0.481113 0.0788035 
0.629017 2.87078e-189 0.796432 
0.539182 0.362664 0.777012 
0.251683 0.802012 0.551044 
0.671309 0.752083 0.09006 
0.825471 0.505694 0.291038 
3.74954e-33 6.12347e-17 1.00004 
0.385269 0.913377 0.219803 
0.484427 0.826464 0.30752 
0.179158 0.788372 0.595143 
0.355334 0.665233 0.669256 
0.917646 0.305589 0.272176 
0.20124 0.327459 0.934177 
0.214343 0.347874 0.921354 
0.690664 0.0936489 0.726018 
0.513497 0.720259 0.474469 
0.653269 0.642118 0.4643 
0.427542 0.538762 0.766738 
0.664843 0.653494 0.424849 
0.117698 0.44189 0.90522 
0.439286 0.899033 0.189455 
0.712954 0.58548 0.417306 
0.959226 0.230699 0.264181 
6.28022e-17 1.02564 0 
6.14482e-17 1.00352 0.0146898 
0.901996 0.390072 0.185932 
0.45918 0.829801 0.347443 
0.108548 0.961589 0.279111 
0.546945 0.185604 0.820243 
0.124605 0.888255 0.455541 
0.8382 0.563789 0.110833 
0.859723 0.0362861 0.517777 
0.0159534 0.258425 0.976292 
0.731972 0.0992499 0.694589 
0.104363 0.986207 0.173378 
0.911646 0.40657 0.169288 
0.801276 0.594976 0.130033 
0.00542525 0.9543 0.335478 
0.0128577 0.934806 0.371094 
6.13174e-17 1.00139 0.151621 
0.0119309 0.405881 0.946671 
0.0375988 0.243642 0.987476 
0.568401 0.779113 0.314312 
0.623996 0.544964 0.575338 
0.45721 0.876396 0.247892 
0.307392 0.143481 0.991183 
0.723996 0.672923 0.222742 
0.762689 0.725567 0.0227102 
6.28975e-17 0 1.02719 
0.94189 0.197663 0.301762 
0.523802 0.875809 0.179624 
0.353504 0.890081 0.324135 
0.850364 0.148503 0.5275 
0.813616 0.565498 0.211733 
0.877042 0.0199691 0.488325 
