0.42243 0.909859 0.0164201 
0.0468319 0.286662 0.95857 
0.411494 0.597149 0.711578 
0.478504 0.854135 0.251178 
0.840096 0.523793 0.174747 
0.880615 0.431383 0.206355 
0.241372 0.867722 0.438414 
0.465765 0.882666 0.107249 
0.430763 0.871753 0.289687 
0.740588 0.657319 0.165986 
0.612791 0.63324 0.491265 
0.367098 0.194442 0.923087 
0.0557908 0.830821 0.571367 
0.449193 0.503583 0.755552 
3.74975e-33 6.12381e-17 1.00009 
0.313259 0.369821 0.878708 
0.296659 0.356283 0.888878 
0.622438 0.273189 0.742545 
0.512502 0.330421 0.804414 
0.751219 0.646045 0.159057 
0.555847 0.816618 0.219773 
0.356458 0.93825 0.0878749 
0.872513 0.176177 0.478074 
0.636406 0.735032 0.2417 
0.540575 0.777813 0.329123 
0.0311452 0.623534 0.796572 
0.376841 0.144037 0.932974 
0.594196 0.689891 0.426135 
0.177391 0.0228864 0.99447 
0.802544 0.19114 0.580329 
0.708471 0.243678 0.679345 
0.695714 0.248284 0.682266 
0.167225 0.982114 0.137171 
0.485617 0.341277 0.814356 
0.0482617 0.842478 0.55959 
0.665513 0.0670803 0.754369 
0.731106 0.603035 0.339827 
0.525678 0.23468 0.825907 
0.584858 0.78819 0.229189 
0.530036 0.151979 0.845155 
0.771246 0.0872036 0.643181 
0.647647 0.577087 0.510615 
0.76939 0.530401 0.398944 
0.572735 0.303362 0.768319 
0.25407 0.711098 0.658491 
0.915658 0.00830601 0.462799 
0.0346657 0.940931 0.359957 
0.0124967 0.44359 0.90029 
0.403027 0.719329 0.600671 
0.348094 0.0566342 0.952757 
0.821861 0.269349 0.522424 
0.833025 0.567961 0.100523 
0.0903865 0.679379 0.730017 
0.557604 0.29541 0.784641 
0.782345 0.482338 0.403392 
0.673101 0.746555 0.125527 
0.137918 0.159042 0.984928 
0.220688 0.265043 0.941344 
0.270855 0.0829558 0.968567 
0.204999 0.1277 0.976352 
0.284442 0.333681 0.912093 
0.893205 0.36339 0.313836 
0.206218 0.773518 0.613858 
0.12041 0.94951 0.300106 
0.307089 0.446811 0.864755 
0.150638 0.410184 0.915817 
0.49104 0.846167 0.260766 
0.786707 0.167731 0.618896 
0.680653 0.674536 0.408067 
0.810463 0.592153 0.181369 
0.776756 0.640695 0.119118 
0.851743 0.00712294 0.66908 
0.563933 0 0.838151 
0.602569 0.752886 0.27018 
0.324676 0.908711 0.272865 
0.191505 0.53599 0.829068 
0.902989 0.0978415 0.447391 
0.066902 0.493613 0.870883 
0.183497 0.464794 0.873731 
0.0784022 0.51061 0.861904 
0.396676 0.922205 0.0306291 
0.107002 0.80483 0.58728 
0.542711 0.0348617 0.859428 
0.651894 0.318447 0.694529 
0.133289 0.99235 0.0671534 
0.755712 0.673378 0.0525107 
0.628903 0.560385 0.548618 
0.723463 0.609924 0.382295 
0.861466 0.38135 0.372114 
6.368e-17 1.03997 0 
0.217066 0.205142 0.973216 
0.344925 0.698471 0.656786 
0.0632901 0.962093 0.302695 
0.228768 0.979891 0.061155 
0.163147 0.995528 0.0449016 
0.441834 0.542702 0.738999 
0.497117 0.857242 0.195532 
6.14569e-17 1.00367 0.00793592 
0.581157 0.555609 0.623444 
0.637944 0.804689 0.0381904 
0.868355 0.0499207 0.516511 
0.861998 0.224069 0.483421 
0.743143 0.127726 0.711696 
0.913398 0.419658 0.147197 
0.847601 0.554383 0.0763648 
