0.54655 0.0826011 0.848011 
0.262289 0.0745818 0.967648 
0.513141 0.579742 0.634797 
0.20489 0.204305 0.975386 
0.464251 0.833577 0.32132 
0.299647 0.771348 0.583335 
0.285836 0.669707 0.706176 
0.876858 0.459122 0.195428 
0.41594 0.262996 0.886945 
0.90765 0.442147 0.139087 
0.561457 0.79849 0.267274 
0.495705 0.218708 0.861086 
0.335042 0.835782 0.439353 
0.612613 0.616451 0.523845 
0.22035 0.452782 0.875304 
0.936816 0.366007 0.024839 
0.243683 0.60788 0.757215 
0.785754 0.0340736 0.64698 
3.74986e-33 6.12399e-17 1.00012 
0.923532 0.427005 0.0180181 
0.357639 0.730309 0.598565 
0.945791 0.0215095 0.346206 
0.886607 0.128202 0.479122 
0.483719 0.843954 0.287413 
0.0763812 0.62186 0.792674 
0.230134 0.898769 0.426073 
0.364531 0.72101 0.598794 
0.128211 0.909716 0.397952 
0.66517 0.741724 0.0990515 
0.343087 0.864988 0.370441 
0.97776 0.291768 0.0140248 
0.720932 0.630899 0.341506 
0.447705 0.505812 0.738342 
0.314651 0.778473 0.56213 
0.587143 0.706958 0.401929 
0.272335 0.274334 0.939166 
0.662078 0.68818 0.331034 
0.422786 0.920053 0.0345247 
0.158621 0.113495 0.992545 
0.55388 0.320294 0.777792 
0.620714 0.30521 0.745349 
0.532323 0.401258 0.751519 
0.571248 0.000828902 0.821249 
0.85715 0.526526 0.0505573 
0.751693 0.475117 0.466524 
0.375499 0.929015 0.0923307 
0.992668 0.147925 0.118852 
0.954137 0.142183 0.304428 
0.709486 0.0916314 0.710691 
0.178194 0.810828 0.565122 
0.689128 0.480841 0.572013 
0.695488 0.565627 0.472697 
0.0901682 0.550767 0.832647 
0.168618 0.413885 0.895487 
0.597722 0.0493957 0.80818 
0.434108 0.913932 0.035373 
0.407365 0.131157 0.90724 
0.390458 0.785709 0.513322 
0.757578 0.574453 0.35909 
0.897449 0.1093 0.452806 
0.676293 0.290505 0.688984 
0.477505 0.82799 0.321884 
0.148254 0.377665 0.916015 
0.846199 0.539894 0.0819222 
0.81442 0.587469 0.0733075 
0.840154 0.181098 0.530545 
0.915256 0.157527 0.382486 
0.109234 0.510352 0.858016 
0.828421 0.523614 0.202217 
0.628005 0.756158 0.225017 
0.635082 0.342921 0.69952 
0.837429 0.517471 0.281825 
0.330028 0.967902 0 
0.993704 0.0124934 0.21789 
0.966823 0.276779 0.171598 
4.68401e-17 0.764956 0.66431 
0.192494 0.953923 0.245319 
0.019564 0.407823 0.918202 
0.801727 0.352839 0.501849 
0.792958 0.36671 0.500539 
0.153918 0.64419 0.768426 
0.694779 0.229177 0.71557 
0.0128177 0.735541 0.732063 
0.727222 0.685151 0.15687 
0.713085 0.599061 0.370751 
0.0273117 0.544398 0.868863 
0.0456974 0.848111 0.546456 
0.0629048 0.257484 0.970992 
0.129904 0.965218 0.270051 
0.00257786 0.789815 0.624012 
0.0563411 0.555045 0.832345 
0.781155 0.65131 0.00808845 
0.864752 0.494326 0.184242 
6.21974e-17 0 1.01576 
0.455111 0.163529 0.898361 
0.282768 0.0989535 0.966305 
0.288775 0.874185 0.412706 
0.403874 0.885078 0.257475 
0.646358 0.156556 0.795545 
0.77769 0.635177 0.131122 
0.766039 0.19509 0.642936 
0.925873 0.0686358 0.395166 
0.968195 0.0288451 0.295895 
0.97464 0.388799 0.00150731 
0.988465 0.00295129 0.2237 
