0.235342 0.0356334 0.977368 
0.311547 0.795422 0.540617 
0.323326 0.703667 0.649901 
0.579446 0.452711 0.709023 
0.505093 0.540634 0.689077 
0.7051 0.432358 0.582039 
0.3327 0.803602 0.507732 
0.342306 0.210583 0.918187 
0.667972 0.774245 0.109197 
0.382393 0.427144 0.826325 
0.445258 0.0490658 0.904726 
0.0149089 0.626819 0.785434 
0.148511 0.266591 0.957603 
0.0246592 0.867827 0.515965 
0.756582 0.184811 0.640505 
0.197573 0.370136 0.91896 
0.603788 0.0604976 0.796637 
0.432794 0.353646 0.847677 
0.939477 0.421583 0.0326081 
0.854796 0.299795 0.484536 
3.74957e-33 6.12351e-17 1.00004 
0.811615 0.467547 0.371776 
0.761839 0.635203 0.172696 
0.916262 0.396217 0.0971183 
0.532124 0.157377 0.851362 
0.360639 0.71715 0.627542 
0.247116 0.464513 0.86655 
0.542484 0.783965 0.305604 
0.885706 0.477266 0.134915 
0.990939 0.106579 0.124718 
0.954453 0.00132369 0.331611 
0.675819 0.382538 0.678098 
0.694047 1.87141e-216 0.734896 
0.599975 0.363678 0.720979 
0.678249 0.411124 0.616546 
0.748891 0.686619 0.0690166 
0.842834 0.291383 0.497687 
0.895724 0.406288 0.222442 
0.321658 0.343808 0.892683 
0.291342 0.740013 0.619626 
0.776119 0.0516673 0.66241 
0.793193 0.642159 0.120611 
0.977503 0.206965 0.14391 
0.517964 0.83955 0.178685 
0.917123 0.278506 0.288555 
0.977211 0.225823 0.0226779 
0.718259 0.604845 0.359299 
0.255138 0.723418 0.701702 
0.78475 0.613111 0.239226 
0.549427 0.593335 0.594105 
0.731647 0.4979 0.522026 
0.657693 0.719636 0.321538 
0.0470168 0.970034 0.270767 
0.85006 0.485463 0.260684 
0.931286 0.448349 0.0548736 
1.00029 0.231457 0.011266 
0.395468 0.953856 0.000104265 
0.366668 0.931082 0.0868175 
0.102385 0.325772 0.951538 
0.185018 0.332125 0.929272 
0.824794 0.125836 0.564253 
0.133696 0.0202431 0.999878 
0.157144 0.56806 0.810972 
0.590139 0.253189 0.770846 
0.0811276 0.797826 0.604268 
0.471572 0.168433 0.880883 
0.428991 0.735527 0.552533 
0.871195 0.555093 0.0462882 
0.958158 0.256113 0.204405 
0.116316 0.163102 0.988629 
1.0268 0 0 
0.268442 0.879215 0.467206 
0.273037 0.865033 0.461014 
0.556429 0.759017 0.347618 
0.490742 0.851965 0.196028 
0.701201 0.697222 0.18172 
0.662265 0.657905 0.392497 
0.923372 0.140876 0.38724 
0.0739902 0.668306 0.752404 
0.215668 0.581406 0.805236 
0.567907 0.245152 0.812063 
0.171824 0.30844 0.938239 
0.524176 0.747304 0.440347 
0.642198 0.195019 0.748765 
0.952315 0.289193 0.155961 
0.306008 0.00999564 0.960758 
0.823239 0.082486 0.568006 
0.830799 0.441515 0.41668 
0.399869 0.826843 0.406772 
0.44717 0.90108 0.113492 
0.807607 0.514577 0.395154 
5.57049e-17 0.909731 0.431291 
0.217288 0.547981 0.823676 
0.249932 0.146026 0.969619 
0.0688988 0.810993 0.622699 
0.58633 0.0733535 0.838613 
0.620776 0.531622 0.586384 
0.458969 0.894034 0.0762282 
0.437248 0.910931 0.0668297 
0.384645 0.574395 0.763794 
0.910587 0.239625 0.402112 
0.346108 0.95716 0.220234 
0.997252 0.0947496 0.0606988 
1.01001 0.0446408 0.0264987 
1.04038 0 0.00592759 
