0.65289 0.726478 0.231936 
3.75019e-33 6.12452e-17 1.00021 
0.183192 0.500269 0.849157 
0.573481 0.215617 0.795685 
0.481292 0.697008 0.541554 
0.790541 0.408646 0.466881 
0.422536 0.798485 0.477661 
0.904662 0.0459671 0.443716 
0.873829 0.512346 0.00895128 
0.775047 0.619472 0.141336 
0.879833 0.0311315 0.506029 
0.412782 0.640126 0.660629 
0.315071 0.572344 0.769932 
0.704504 0.0271374 0.735518 
0.666395 0.282575 0.694096 
0.632347 0.736822 0.252151 
0.751221 0.668337 0.0327231 
0.254077 0.226044 0.951256 
0.893763 0.441216 0.132921 
0.739544 0.591096 0.340228 
0.64398 0.781844 0.0385099 
0.550157 0.808288 0.244436 
0.854671 0.375506 0.371418 
0.364178 0.127311 0.926781 
0.445943 0.139675 0.91121 
0.912167 0.104221 0.416537 
0.302571 0.870499 0.397146 
0.228416 0.387449 0.901025 
0.155758 0.44867 0.881107 
0.674136 0.293296 0.680033 
0.192578 0.0823019 0.979025 
0.117538 0.60497 0.814521 
0.347479 0.888252 0.311639 
0.798927 0.613395 0.102642 
0.889649 0.456993 0.0887073 
1.00306 0.00808202 0.213424 
0.564502 0.817513 0.164852 
0.168733 0.485446 0.858593 
0.395387 0.546197 0.75308 
0.35627 0.396782 0.863521 
0.821107 0.562907 0.192685 
0.451865 0.649104 0.616519 
0.516568 0.699428 0.524002 
0.948576 0.181989 0.276646 
0.784577 0.627961 0.0485531 
0.707901 0.730661 0.0237677 
0.992472 0.052394 0.17495 
0.919863 0.00562603 0.497791 
0.102193 0.334443 0.946885 
0.209465 0.684099 0.719659 
0.692538 0.751083 0.0731405 
0.815246 0.0931472 0.586555 
0.398449 0.928934 0.0504929 
0.810071 0.16227 0.581713 
0.436152 0.832598 0.360267 
0.149977 0.466108 0.887766 
0.722461 0.526378 0.452993 
0.754347 0.551983 0.387223 
0.364358 0.680032 0.672694 
0.697428 0.204622 0.692594 
0.224531 0.578429 0.818263 
0.23914 0.658759 0.744132 
0.618568 0.790901 0.0612029 
0.209141 0.98499 0.0140979 
0.0758456 0.242605 0.968086 
0.066445 0.956735 0.295905 
0.0558577 0.182613 0.984804 
0.284992 0.903675 0.326083 
0.965038 0.270536 0.158339 
0.134943 0.765415 0.644647 
0.585784 0.310384 0.758868 
0.47525 0.347423 0.822001 
0.517547 0.858627 0.123989 
0.93731 0.113336 0.355893 
0.487552 0.907316 8.32068e-06 
0.38108 0.710079 0.627699 
0.758258 0.324056 0.573688 
0.302908 0.301349 0.917513 
0.329607 0.0209312 0.962561 
0.974777 0.0386771 0.300388 
1.01837 0.248026 0 
1.00333 0 0.289196 
0.00848683 0.360982 0.938665 
0.023433 0.996707 0.184788 
0.802036 0.424967 0.432976 
0.0457251 0.944494 0.342017 
0.828134 0.496312 0.264589 
0.606286 0.149409 0.78902 
0.33955 0.849114 0.430834 
0.683905 0.260208 0.701674 
0.0405333 0.918474 0.409704 
0.267421 0.789617 0.557275 
0.554091 0.240332 0.83675 
0.00608351 0.539627 0.864641 
0.501941 0.871232 0.0861211 
0.382877 0.775476 0.527835 
0.462708 0.479399 0.771436 
5.93352e-17 0.969017 0.280541 
0.731487 0.525023 0.470481 
0.837286 0.0374993 0.569429 
0.533352 0.133398 0.85609 
0.998421 0.157646 0.111593 
0.945808 0.191249 0.286308 
0.990981 0.0631196 0.257038 
1.01254 0.111874 0.0563884 
