0.511107 0.0244929 0.873573 
0.0464546 0.786971 0.627305 
3.7495e-33 6.1234e-17 1.00003 
0.835639 0.241962 0.496705 
0.845658 0.254984 0.48514 
0.131318 0.175868 0.9799 
0.231673 0.189496 0.965644 
0.364273 0.709819 0.610427 
0.0137106 0.413521 0.914439 
0.101832 0.78086 0.632856 
0.347367 0.0984379 0.935763 
0.946829 0.0685268 0.35314 
0.688507 0.472808 0.586751 
0.523463 0.0089924 0.863335 
0.312513 0.108097 0.950174 
0.20571 0.126735 0.973701 
0.911905 0.418312 0.00415615 
0.584567 0.758443 0.305904 
0.853647 0.295298 0.449155 
0.745753 0.382006 0.597357 
0.394017 0.548276 0.743324 
0.680857 0.673199 0.325115 
0.728904 0.0614094 0.736502 
0.787528 0.695237 0.0166988 
0.0976527 0.74881 0.656962 
0.628855 0.409306 0.67107 
0.560866 0.0162022 0.838265 
0.114595 0.822292 0.565557 
0.0835489 0.46333 0.891192 
0.41058 0.0325886 0.93088 
0.616097 0.597886 0.534542 
0.955897 0.0458077 0.340209 
0.861137 0.20623 0.487113 
0.47027 0.896867 0.0819584 
0.93904 0.326667 0.147956 
0.920636 0.274218 0.310692 
0.738642 0.63684 0.229601 
0.504122 0.646444 0.57869 
0.276791 0.582039 0.778096 
0.239982 0.607979 0.789114 
0.632058 0.221998 0.755854 
0.758899 0.657156 0.0318381 
0.698683 0.0679509 0.725623 
0.418105 0.510844 0.764636 
0.928875 0.337628 0.186567 
0.570926 0.794447 0.249725 
0.0274277 0.739577 0.685164 
0.0268576 0.724204 0.691718 
0.791216 0.52481 0.373908 
0.450075 0.39509 0.80277 
0.266678 0.665216 0.703923 
0.33711 0.840904 0.429696 
0.649921 0.622957 0.447655 
0.714407 0.684768 0.181192 
0.0223048 0.854128 0.542009 
0.128503 0.111832 0.988988 
0.897576 0.355802 0.284448 
0.823773 0.530527 0.237222 
0.401885 0.503874 0.787077 
0.877618 0.187123 0.469234 
0.899096 0.350229 0.263033 
0.57881 0.807625 0.204197 
0.319343 0.30968 0.903598 
0.3795 0.912262 0.200728 
0.970146 0.233379 0.140022 
0.665541 0.441376 0.611011 
0.257745 0.488635 0.841202 
0.297594 0.564182 0.778278 
0.552373 0.84466 0.297327 
0.750428 0.305354 0.640812 
0.0915171 0.701761 0.713523 
0.356106 0.881499 0.365667 
0.0757879 0.543829 0.847067 
0.0624395 0.151568 0.995499 
0.60428 0.774878 0.228085 
0.256851 0.888509 0.394612 
0.773066 0.451613 0.46068 
0.429696 0.816758 0.419255 
0.482254 0.883314 0.0956459 
0.708767 0.717967 0.121859 
0.909662 0.430003 0.115532 
0.95891 0.148636 0.278348 
0.947639 0.335104 0.072812 
0.832927 0.316158 0.470999 
6.22506e-17 0 1.01663 
0.532676 0.86429 0 
0.182668 0.267352 0.955315 
0.490977 0.0881724 0.883484 
0.248026 0.210854 0.958431 
0.45478 0.371986 0.829503 
0.149199 0.571302 0.817301 
0.815675 0.606881 0.056969 
0.800108 0.595298 0.169966 
0.275457 0.826726 0.49788 
0.331539 0.862412 0.405949 
0.603269 0.000639126 0.808646 
0.162825 0.862731 0.511687 
0.408982 0.760509 0.52701 
0.436816 0.0137443 0.925572 
0.930709 0.173024 0.386904 
0.535796 0.851571 0.104045 
0.754532 0.688473 0.0435925 
0.963892 0.14054 0.251776 
0.926925 0.371433 0.156939 
0.185983 6.0462e-19 1.01521 
