0.0130799 0.246845 0.971606 
0.675898 0.750927 0.0917675 
0.597876 0.12987 0.801348 
0.891481 0.299714 0.355847 
0.227122 0.879925 0.431507 
0.143501 0.28183 0.952705 
0.577358 0.392434 0.733374 
0.68929 0.717531 0.117655 
0.981598 0.182964 0.129917 
0.13519 0.545818 0.83678 
0.771939 0.466228 0.467068 
0.107735 0.30167 0.956286 
0.622736 0.259185 0.746198 
0.957107 0.171938 0.26497 
0.339125 0.719546 0.614422 
0.497369 0.847912 0.27139 
0.766645 0.329324 0.567454 
0.896627 0.363136 0.284473 
0.81993 0.102047 0.591611 
0.234442 0.505366 0.831948 
0.796779 0.492037 0.391261 
0.248531 0.316805 0.9384 
0.752104 0.63399 0.232612 
0.950464 0.120002 0.341603 
0.438783 0.313774 0.855732 
0.505581 0.074963 0.876776 
0.119704 0.222713 0.978446 
0.0414773 0.867723 0.503346 
0.832703 0.000411135 0.582347 
0.0313538 0.75614 0.657223 
0.962119 0.234177 0.186034 
0.698225 0.682764 0.247317 
0.311763 0.910413 0.345274 
0.41445 0.0382615 0.913951 
0.40336 0.855836 0.346354 
0.542713 0.664145 0.52721 
0.706988 0.0966023 0.703793 
0.668394 0.673529 0.365751 
0.172606 0.0126632 0.989299 
0.469946 0.11354 0.891913 
1.00216 0.156876 0.0142418 
0.553173 0.0611777 0.835138 
0.527433 0.833898 0.205091 
0.591287 0.0876708 0.820913 
0.281841 0.342505 0.903185 
0.195161 0.351438 0.921178 
0.0577314 0.87737 0.488666 
0.292483 0.728455 0.636941 
0.741992 0.640951 0.221476 
0.345616 0.194642 0.947044 
0.524108 0.645691 0.566353 
0.937198 0.348697 0.185716 
0.97585 0.134638 0.201566 
0.595917 0.794152 0.166558 
3.74975e-33 6.12381e-17 1.00009 
0.317826 0.458834 0.84428 
0.67862 0.561887 0.502113 
0.0884093 0.63035 0.782331 
0.0754321 0.636619 0.787926 
0.87673 0.265866 0.406822 
0.906213 0.427401 0.0806039 
0.326177 0.692072 0.645898 
0.00754465 0.781346 0.629817 
0.425471 0.902752 0.103885 
0.911974 0.0691893 0.41805 
0.446721 0.802827 0.407795 
0.181479 0.403604 0.901087 
0.218597 0.612095 0.769864 
0.802845 0.286777 0.541462 
0.658475 0.0475229 0.762324 
0.37544 0.702048 0.622912 
0.280905 0.698686 0.693238 
0.386618 0.0282332 0.932813 
0.99258 0.168034 0.0238117 
0.814583 0.525451 0.252702 
1.03589 0.153698 0 
0.637566 0.410252 0.670478 
0.064792 0.593808 0.813249 
1.01048 0.156302 0.0299722 
0.846327 0.213095 0.512022 
0.862899 0.514334 0.0497163 
0.583753 0.376461 0.729711 
0.564548 0.815018 0.145698 
0.620965 0.41185 0.677673 
0.569693 0.569784 0.599242 
0.154675 0.919154 0.384241 
0.853748 0.208025 0.488365 
0.46987 0.767042 0.447598 
0.454944 0.772856 0.450707 
0.721464 0.440285 0.550762 
0.775022 0.476365 0.456248 
0.738743 0.450831 0.536579 
0.608974 0.811032 0.0680621 
0.24777 0.52571 0.816742 
0.357717 0.950981 0.0073154 
0.39573 0.938765 0.0424681 
0.662766 0.739515 0.148067 
0.517969 0.0676714 0.865331 
0.923245 0.104149 0.397304 
0.782845 0.565903 0.286309 
0.473575 0.884026 0.0542422 
0.911902 0.297816 0.319424 
0.984757 0.0190926 0.295715 
1.03888 0.25016 0 
1.10949 0 3.20611e-06 
