0.0762664 0.520305 0.854748 
0.768165 0.550378 0.334318 
0.586862 0.591237 0.561439 
0.292965 0.275392 0.921775 
0.817853 0.150537 0.574785 
0.325945 0.327921 0.895068 
0.839954 0.470302 0.276836 
0.734393 0.682951 0.056021 
0.741284 0.667621 0.193368 
0.595083 0.424546 0.710793 
0.525363 0.0102105 0.865491 
0.427615 0.0777518 0.914257 
0.490252 0.433585 0.769149 
0.823572 0.33904 0.48579 
0.717577 0.130475 0.688854 
0.76029 0.537811 0.37472 
0.711683 0.53096 0.478376 
0.947168 0.360048 0.00995041 
0.867739 0.261579 0.446318 
0.53181 0.778167 0.355079 
0.611091 0.269163 0.75801 
0.676019 0.23743 0.709057 
0.62756 0.784895 0.18814 
3.74962e-33 6.1236e-17 1.00006 
0.369113 0.0184566 0.944562 
0.752053 0.194871 0.674674 
0.55384 0.820402 0.313537 
0.212876 0.459889 0.881147 
0.227667 0.0631138 0.98379 
0.107955 0.0604457 0.993523 
0.792979 0.487222 0.383958 
0.0971206 0.600492 0.807688 
0.901692 0.248911 0.394503 
0.868958 0.256644 0.434444 
0.118838 0.226034 0.975163 
0.0155997 0.856552 0.526275 
0.854501 0.0934582 0.528057 
0.956241 0.177385 0.268402 
0.731645 0.0885205 0.696067 
0.201616 0.771853 0.615401 
0.157097 0.852692 0.516092 
0.0446576 0.817082 0.587002 
0.177402 0.352328 0.937473 
0.382667 0.692488 0.625377 
0.703407 0.718741 0.121254 
0.971799 0.169181 0.273971 
0.356633 0.408696 0.842839 
0.509036 0.793507 0.351307 
0.935569 0.303422 0.235748 
0.189849 0.749301 0.67216 
0.469028 0.449623 0.763566 
0.665619 0.104138 0.749137 
0.258236 0.58164 0.782327 
0.281204 0.497814 0.82886 
0.83758 0.37177 0.460155 
0.770551 0.116937 0.645574 
0.24324 0.940492 0.297044 
0.254484 0.618593 0.77547 
0.885373 0.0501356 0.498915 
0.850827 0.567658 0.261808 
0.777721 0.562375 0.296799 
0.807464 0.318676 0.549953 
0.908355 0.442017 0.137145 
0.451455 0.921724 0 
0.412131 0 0.958519 
0.487583 0.883144 3.0251e-202 
0.310208 0.479837 0.828324 
0.33496 0.729762 0.610211 
0.416838 0.908148 0.115341 
0.981756 0.228419 0.209443 
0.135848 0.79912 0.591994 
0.438924 0.894182 0.164389 
0.347327 0.705318 0.634895 
0.522613 0.848709 0.1679 
0.025974 0.761874 0.662018 
0.345609 0.401199 0.88507 
0.637529 0.284487 0.725503 
0.778527 0.635442 0.0904344 
0.895771 0.1626 0.41765 
0.109713 0.903983 0.417745 
0.981783 0.208106 0.109646 
0.461734 0.385675 0.810938 
0.563918 0.828811 0.227585 
0.0822332 0.949652 0.325227 
0.689595 0.741976 0.0436335 
0.0668314 0.404409 0.946052 
0.396133 0.0262969 0.935598 
0.269091 0.508197 0.826051 
0.165972 0.661012 0.743488 
5.27481e-17 0.861441 0.533389 
0.657315 0.495783 0.582528 
0.847562 0.579017 0.154677 
0.569522 0.837889 1.16795e-272 
0.604759 1.38685e-13 0.805192 
0.636343 0.750378 0.24271 
0.626773 0.81767 0.0382264 
0.683784 0.12313 0.734684 
0.885225 0.389376 0.301376 
0.925662 0.41708 0.0838588 
0.798806 0.384239 0.546255 
0.298391 0.0353109 0.971387 
0.788516 0.658475 0.0139028 
0.962753 0.310923 0.0215042 
0.648129 0.804943 0.00544014 
0.996239 0.149363 0.0669151 
