0.215693 0.679751 0.709568 
0.454469 0.51728 0.735955 
0.111815 0.704456 0.727158 
0.463683 0.607796 0.65713 
0.932112 0.383735 0.172313 
0.775933 0.461305 0.434559 
0.643414 0.427256 0.641164 
0.346 0.237585 0.9206 
0.610522 0.43339 0.666105 
0.228377 0.772026 0.607546 
0.373131 0.313014 0.884459 
0.508876 0.848475 0.162338 
0.190907 0.295254 0.950877 
0.176502 0.30046 0.944222 
0.749895 0.385592 0.550392 
0.323793 0.32808 0.898614 
0.394355 0.149997 0.91296 
0.943464 0.342906 0.102111 
0.514521 0.257131 0.822011 
0.841706 0.556711 0.121035 
0.382011 0.810539 0.460445 
0.130567 0.875399 0.469687 
0.873551 0.0856304 0.489136 
0.733511 0.492426 0.479671 
0.333911 0.88424 0.335701 
0.235125 0.535207 0.830355 
0.655318 0.735194 0.257545 
0.821148 0.57919 0.0434266 
0.980727 0.223171 0.131038 
0.917383 0.409975 0.0600061 
0.081608 0.86107 0.504517 
0.819159 0.180739 0.579346 
0.098875 0.525623 0.854822 
0.16953 0.901225 0.416541 
0.409909 0.915861 0.0378487 
0.0236564 0.512788 0.86478 
0.806347 0.543133 0.270191 
0.00480428 0.868922 0.515674 
0.134687 0.717995 0.693109 
0.544824 0.744902 0.426313 
0.473355 0.556456 0.703283 
0.425253 0.908078 0.0847211 
0.497188 0.321155 0.81657 
0.486985 0.890771 0.0152481 
0.784283 0.0041073 0.677796 
0.660845 0.778256 0.141921 
0.977426 0.00904077 0.28249 
0.20055 0.0744983 0.977524 
0.446673 0.691602 0.570963 
0.48792 0.822577 0.314676 
0.715376 0.363259 0.646938 
0.479481 0.243474 0.879056 
0.356733 0.436887 0.843573 
0.849738 0.502196 0.25443 
0.312278 0.0142111 0.97198 
0.786148 0.592899 0.190082 
0.554425 0.835102 0.0772641 
0.76302 0.395921 0.522111 
0.711269 0.371856 0.61461 
0.88087 0.447445 0.160028 
0.56714 0.287986 0.787298 
0.796935 0.357969 0.49274 
0.0918115 0.0537237 0.995624 
0.590917 0.756369 0.299208 
0.43613 0.705217 0.570513 
0.1325 0.645309 0.765122 
0.0350388 0.26136 0.98076 
0.588308 0.823932 0.105768 
0.425652 0.0401357 0.929882 
0.799472 0.568313 0.198366 
0.690215 0 0.747369 
3.74969e-33 6.12371e-17 1.00008 
0.943905 0.0257007 0.329518 
0.676293 0.766086 0 
0.266094 0.123045 0.959593 
0.0542385 0.626595 0.778507 
0.390232 0.165997 0.917617 
0.577053 0.630679 0.533729 
0.528206 0.66688 0.53116 
0.958445 0.210179 0.221415 
0.906302 0.455783 0.0016727 
0.244569 0.787574 0.577841 
0.896343 0.0358689 0.448998 
0.593514 0.197903 0.806963 
0.621347 0.105251 0.789104 
0.831287 0.140813 0.589785 
0.261504 0.1306 0.958127 
0.486817 0.618298 0.628208 
0.669006 0.3971 0.632724 
0.889032 0.0871479 0.485464 
0.0681523 0.710193 0.709167 
0.705777 0.395272 0.592821 
0.855865 0.474542 0.217808 
0.921163 0.199882 0.357525 
0.927981 0.18129 0.367558 
0.286248 0.752538 0.612732 
0.52596 0.795028 0.33629 
0.546296 0.725452 0.441401 
0.910513 0.264581 0.408221 
0.152706 0.0416329 0.99658 
0.299313 0.634737 0.728535 
0.968041 0.205994 0.244078 
0.956025 0.295889 0.0291669 
0.800367 0.605342 0.0766932 
0.912522 0.0605128 0.416779 
