0.259158 0.259156 0.930421 
0.367286 0.367353 0.854629 
0.359315 0.359352 0.861331 
0.535552 0.535539 0.653004 
0.594598 0.59489 0.541474 
0.57789 0.577804 0.576521 
0.213605 0.213604 0.953284 
0.187346 0.187329 0.964339 
0.445074 0.445058 0.777116 
0.560475 0.560212 0.610437 
0.467454 0.467449 0.75033 
0.474785 0.474704 0.741281 
0.250356 0.250355 0.935225 
0.292926 0.292914 0.910429 
0.630883 0.631019 0.452134 
0.318049 0.318049 0.893136 
0.649192 0.649152 0.396731 
0.566417 0.566271 0.599029 
0.334493 0.334508 0.881126 
0.309784 0.309772 0.898956 
0.123319 0.123313 0.984716 
0.422518 0.422612 0.802048 
0.662504 0.662443 0.349951 
0.66659 0.666589 0.333643 
0.452492 0.452458 0.768522 
0.674843 0.674995 0.298757 
0.37524 0.375272 0.847633 
0.204827 0.204815 0.957167 
0.548395 0.548325 0.631479 
0.104529 0.104523 0.989055 
0.703128 0.703211 0.106263 
0.38308 0.383093 0.840601 
0.515113 0.515103 0.685094 
0.398763 0.398763 0.825819 
0.141941 0.14194 0.97965 
0.501775 0.501827 0.704644 
0.284525 0.284526 0.915531 
0.682365 0.682418 0.262262 
0.326323 0.326392 0.887387 
0.542137 0.542142 0.642013 
0.68581 0.685946 0.243713 
0.599848 0.599883 0.529617 
0.611246 0.611407 0.502888 
0.301592 0.301624 0.904554 
0.621188 0.621225 0.477785 
0.48149 0.481705 0.732596 
0.616214 0.616212 0.490506 
0.275859 0.275856 0.920777 
0.170005 0.169998 0.970754 
0.151462 0.151462 0.97679 
0.0945629 0.0945623 0.991022 
0.267455 0.267451 0.925796 
0.670953 0.67085 0.316193 
0.342607 0.342607 0.874781 
0.626101 0.626143 0.464789 
0.49536 0.495414 0.713694 
0.589051 0.589202 0.55334 
0.678735 0.678731 0.280447 
0.572129 0.572172 0.587692 
0.132429 0.132429 0.982308 
0.70476 0.704824 0.0815657 
0.65821 0.65823 0.365855 
0.430019 0.430036 0.793853 
0.60589 0.605742 0.516029 
0.706844 0.706807 0.0293541 
0.706033 0.706033 0.0550941 
0.437596 0.437535 0.785654 
0.653732 0.653745 0.381153 
0.0744408 0.0744408 0.994443 
0.178651 0.178669 0.967656 
0.52205 0.522187 0.674624 
0.528893 0.529003 0.663972 
0.195946 0.195946 0.960839 
0.113822 0.11382 0.987006 
0.160449 0.160443 0.973941 
0.0108873 0.0108873 0.999882 
0.692611 0.692611 0.201447 
0.40681 0.40681 0.817931 
0.635564 0.635993 0.438671 
0.043126 0.043126 0.998139 
0.390992 0.391129 0.833483 
0.695415 0.695415 0.1811 
0.689293 0.689293 0.223048 
0.554284 0.554421 0.621095 
0.0216901 0.0216901 0.99953 
0.644586 0.644581 0.411137 
0.22293 0.22293 0.949002 
0.639164 0.63924 0.42794 
0.508377 0.508466 0.69526 
0.583607 0.58375 0.564868 
4.32978e-17 4.32978e-17 1 
0.698137 0.698137 0.158777 
0.0641236 0.0641236 0.99588 
0.053627 0.053627 0.99712 
0.232191 0.232191 0.94455 
0.241314 0.241314 0.939965 
0.459935 0.45992 0.759598 
0.0844314 0.0844315 0.992846 
0.488752 0.488759 0.722721 
4.32978e-17 4.32978e-17 1 
0.701038 0.701063 0.130776 
0.0324664 0.0324664 0.998945 
0.350893 0.350893 0.868187 
0.414659 0.414682 0.810042 
0.707355 0.707137 0 
