0.544236 0.544114 0.638775 
0.612073 0.61207 0.500741 
0.596104 0.59612 0.537907 
0.171505 0.171495 0.970213 
0.189596 0.189569 0.963509 
0.162434 0.162434 0.973369 
0.590649 0.590653 0.549809 
0.573865 0.573678 0.584798 
0.144048 0.144037 0.979081 
0.226733 0.226733 0.9472 
0.637734 0.637778 0.432021 
0.561825 0.561846 0.607234 
0.579406 0.579393 0.573255 
0.392576 0.392553 0.831784 
0.601452 0.601449 0.525853 
0.550205 0.550152 0.628274 
0.18065 0.180636 0.966872 
0.353574 0.353573 0.866011 
0.261632 0.261627 0.929052 
0.337736 0.337735 0.878602 
0.400471 0.400461 0.824189 
0.3457 0.345695 0.872386 
0.244341 0.244327 0.938442 
0.537783 0.537772 0.649349 
0.235582 0.235579 0.942876 
0.453563 0.453522 0.767287 
0.556068 0.556049 0.61777 
0.252975 0.252974 0.933818 
0.473971 0.473971 0.742094 
0.125149 0.125142 0.984246 
0.466874 0.466874 0.751038 
0.26995 0.269933 0.924306 
0.606806 0.606803 0.513452 
0.056327 0.0563258 0.996835 
0.153187 0.153182 0.976273 
0.642844 0.642883 0.416568 
0.689903 0.689877 0.219434 
0.703301 0.703295 0.103709 
0.632716 0.632729 0.446486 
0.647857 0.647848 0.400741 
0.438854 0.438854 0.784102 
0.416322 0.416322 0.808302 
0.567847 0.567808 0.596014 
0.683084 0.683065 0.258559 
0.62257 0.622599 0.474207 
0.361393 0.361379 0.859564 
0.424057 0.424022 0.800332 
0.446216 0.44622 0.775751 
0.278101 0.278103 0.919417 
0.627733 0.627733 0.460362 
0.0853411 0.0853387 0.992714 
0.706085 0.706065 0.0544914 
0.0759511 0.0759493 0.99423 
0.686578 0.686572 0.239251 
0.431622 0.43159 0.792165 
0.524452 0.524452 0.670746 
0.585077 0.585079 0.56158 
0.460223 0.460224 0.759203 
0.67936 0.679372 0.277463 
0.706833 0.706855 0.0279925 
0.531125 0.531126 0.660162 
0.488549 0.48855 0.722938 
0.0377909 0.0377895 0.998594 
0.704874 0.704873 0.0794152 
0.0662935 0.0662921 0.99561 
0.617298 0.617306 0.487743 
0.384738 0.384717 0.839071 
0.675453 0.675453 0.295848 
0.208246 0.208246 0.95565 
0.115378 0.115378 0.986598 
0.312539 0.312539 0.897016 
0.369201 0.369201 0.852875 
0.320891 0.320889 0.891108 
0.30383 0.30383 0.902981 
0.408407 0.408407 0.816338 
0.295368 0.295369 0.908582 
0.376928 0.376931 0.846085 
0.701345 0.701333 0.127546 
0.495874 0.495874 0.712894 
0.0102549 0.0102549 0.999895 
0.329298 0.329297 0.884967 
0.286851 0.286848 0.91403 
0.503128 0.503128 0.702655 
0.134466 0.134466 0.981753 
0.657623 0.657596 0.367629 
0.671248 0.671248 0.314409 
0.652771 0.652771 0.384421 
0.198963 0.198963 0.959598 
0.105419 0.105419 0.988825 
0.0279559 0.0279556 0.999263 
4.32978e-17 4.32978e-17 1 
0.696272 0.696265 0.174453 
0.517372 0.517372 0.681654 
0.666893 0.666893 0.332427 
0.217421 0.217421 0.951554 
0.481431 0.481431 0.732427 
0.0471108 0.0471108 0.997779 
4.32978e-17 4.32978e-17 1 
0.693025 0.693015 0.198715 
0.662777 0.663481 0.349356 
0.510345 0.510345 0.692168 
0.698914 0.698909 0.151837 
0.095517 0.095517 0.990835 
0.70713 0.707118 0 
0.707164 0.707156 0 
