0.331407 0.331305 0.883628 
0.380146 0.380131 0.843231 
0.603673 0.603563 0.52108 
0.609175 0.609074 0.508082 
0.323493 0.323442 0.889498 
0.574896 0.574716 0.582746 
0.640173 0.639926 0.425635 
0.0841332 0.0841344 0.992905 
0.525627 0.52542 0.669456 
0.44218 0.442351 0.780573 
0.372165 0.372156 0.850308 
0.663166 0.662775 0.348842 
0.649822 0.649418 0.395954 
0.531654 0.5317 0.659511 
0.307179 0.30728 0.90091 
0.50599 0.505917 0.698717 
0.48495 0.484844 0.728031 
0.512775 0.512663 0.688852 
0.396433 0.396432 0.828061 
0.519181 0.519136 0.679026 
0.667199 0.667111 0.331625 
0.619701 0.619661 0.481742 
0.568771 0.568702 0.594334 
0.427448 0.427419 0.796779 
0.671432 0.6714 0.313788 
0.491934 0.491922 0.718363 
0.499 0.499048 0.708862 
0.592405 0.592256 0.54645 
0.56262 0.562591 0.605817 
0.538039 0.537867 0.649323 
0.411992 0.411992 0.812728 
0.658747 0.658433 0.364863 
0.449489 0.449294 0.772429 
0.282504 0.282511 0.916738 
0.419926 0.419815 0.804998 
0.248841 0.248811 0.936121 
0.0941464 0.0941474 0.991125 
0.654191 0.653994 0.380409 
0.580914 0.58061 0.571049 
0.364096 0.364086 0.857303 
0.679473 0.679391 0.277326 
0.315387 0.315279 0.895302 
0.463848 0.463845 0.754842 
0.274453 0.274455 0.921606 
0.625215 0.62507 0.467724 
0.355996 0.355984 0.864085 
0.0641999 0.0641999 0.99587 
0.347747 0.347721 0.870896 
0.290337 0.290358 0.911874 
0.598007 0.598115 0.533926 
0.434986 0.435013 0.788548 
0.257514 0.257517 0.931336 
0.0742638 0.0742578 0.994544 
0.239853 0.239853 0.940713 
0.675496 0.675514 0.29575 
0.0544922 0.0544974 0.997087 
0.339365 0.339408 0.877379 
0.265973 0.265984 0.926677 
0.683276 0.683271 0.257458 
0.478008 0.47799 0.737058 
0.692805 0.693187 0.200923 
0.689727 0.690136 0.22078 
0.470987 0.470937 0.746084 
0.695509 0.695447 0.180926 
0.635359 0.635226 0.439931 
0.104087 0.104087 0.989107 
0.544184 0.544132 0.638934 
0.645282 0.644666 0.411379 
0.550538 0.55036 0.628047 
0.614549 0.614506 0.494775 
0.298769 0.298739 0.906434 
0.404267 0.404213 0.820579 
0.456533 0.456539 0.763652 
0.697998 0.697857 0.161401 
0.114133 0.114133 0.986888 
0.586773 0.586504 0.558833 
0.63036 0.630154 0.454051 
0.705547 0.705795 0.0672242 
0.202632 0.202632 0.958061 
0.154052 0.154052 0.97598 
0.686649 0.687044 0.239201 
4.32978e-17 4.32978e-17 1 
0.702407 0.702505 0.115308 
0.043786 0.043786 0.998081 
0.124106 0.124106 0.984477 
0.221439 0.221439 0.9497 
4.32978e-17 4.32978e-17 1 
0.0330138 0.0330138 0.99891 
0.193035 0.193035 0.962016 
0.212095 0.212095 0.953956 
0.134147 0.134147 0.98184 
0.388281 0.388281 0.835748 
0.706904 0.70706 0.025172 
0.706401 0.706471 0.0507248 
0.556653 0.556606 0.61693 
0.700446 0.700353 0.138024 
0.704258 0.704257 0.0898619 
0.011217 0.011217 0.999874 
0.0221677 0.0221677 0.999509 
0.163923 0.163923 0.972758 
0.173722 0.173722 0.969351 
0.14408 0.14408 0.979021 
0.183454 0.183454 0.965759 
0.230696 0.230696 0.945282 
0.707112 0.707119 0 
