0.417395 0.417552 0.807418 
0.544802 0.544625 0.638248 
0.386489 0.386736 0.837781 
0.394349 0.39445 0.830488 
0.424904 0.424907 0.799564 
0.137562 0.137561 0.980899 
0.300523 0.300502 0.905249 
0.340339 0.340238 0.876805 
0.249583 0.249583 0.935639 
0.258528 0.258524 0.930777 
0.316496 0.316423 0.894428 
0.568947 0.569254 0.594528 
0.603934 0.604002 0.520275 
0.563027 0.562833 0.605699 
0.695742 0.695756 0.178583 
0.550789 0.550819 0.627405 
0.284336 0.284305 0.915677 
0.631297 0.63142 0.450824 
0.292597 0.292581 0.910447 
0.592446 0.592483 0.546201 
0.432556 0.432479 0.791513 
0.128689 0.128694 0.983323 
0.231476 0.231476 0.944901 
0.240492 0.240522 0.940464 
0.614856 0.614923 0.49395 
0.518643 0.518697 0.679806 
0.525402 0.525434 0.669824 
0.531937 0.532006 0.659436 
0.538438 0.538171 0.648914 
0.598266 0.598445 0.533218 
0.62045 0.620486 0.479701 
0.660679 0.660679 0.356381 
0.363546 0.36358 0.85793 
0.580867 0.581254 0.570631 
0.439827 0.440028 0.783388 
0.651234 0.651265 0.389626 
0.068651 0.0686511 0.995276 
0.402154 0.402198 0.822994 
0.0200099 0.0200113 0.999642 
0.14651 0.146505 0.978324 
0.378778 0.378891 0.844678 
0.60937 0.609559 0.507446 
0.65603 0.656082 0.373205 
0.453679 0.454002 0.76744 
0.409921 0.41008 0.815079 
0.625966 0.62616 0.465281 
0.0100638 0.010064 0.99991 
0.461127 0.461496 0.758556 
0.57502 0.575202 0.582199 
0.0398615 0.0398615 0.99841 
0.324424 0.324387 0.888632 
0.702785 0.702754 0.110967 
0.483501 0.483501 0.729694 
0.267436 0.267409 0.925849 
0.556826 0.556896 0.61652 
0.308218 0.308272 0.900106 
0.275939 0.276047 0.920953 
0.636302 0.63643 0.436272 
0.586705 0.586974 0.558409 
0.165297 0.165283 0.972351 
0.0587719 0.0587726 0.996547 
0.700793 0.700774 0.133564 
0.155573 0.155583 0.975559 
0.0298243 0.0298243 0.99911 
0.0997385 0.0997385 0.990002 
0.646265 0.646265 0.405813 
0.355819 0.355697 0.864472 
0.704378 0.704339 0.088484 
0.332005 0.331983 0.883011 
0.490423 0.490423 0.720397 
0.109516 0.109499 0.988039 
0.119229 0.119211 0.985839 
0.446805 0.447076 0.775525 
0.174735 0.174735 0.968987 
0.0493633 0.0493633 0.99756 
4.32978e-17 4.32978e-17 1 
0.511942 0.511985 0.689854 
0.468719 0.468718 0.748737 
0.504928 0.50501 0.700156 
0.370985 0.370946 0.851412 
0.641142 0.641143 0.421764 
0.678253 0.678253 0.282748 
0.347892 0.347834 0.870744 
0.70657 0.706529 0.0406257 
0.0894363 0.0894363 0.991969 
0.203292 0.203292 0.957781 
0.669785 0.669785 0.320586 
0.222145 0.222145 0.94937 
0.665323 0.665323 0.338661 
0.692796 0.692796 0.200171 
0.698482 0.698482 0.156019 
4.32978e-17 4.32978e-17 1 
0.6895 0.6895 0.221762 
0.476227 0.476219 0.73922 
0.705629 0.705659 0.0648024 
0.706977 0.707006 0.0194361 
0.0790563 0.0790563 0.99373 
0.682218 0.682218 0.262979 
0.685982 0.685982 0.242603 
0.674111 0.674111 0.301909 
0.212793 0.212793 0.953645 
0.193717 0.193717 0.961742 
0.497706 0.497706 0.710337 
0.184189 0.184189 0.965479 
0.707113 0.70716 0 
