0.574207 0.574183 0.583663 
0.373129 0.373044 0.849649 
0.334778 0.334695 0.881033 
0.427993 0.427948 0.796182 
0.648995 0.648873 0.397935 
0.435544 0.435539 0.787797 
0.457369 0.457361 0.762664 
0.53612 0.536119 0.652039 
0.0859963 0.0859961 0.992579 
0.349833 0.349818 0.869078 
0.580372 0.58036 0.571344 
0.548926 0.548982 0.630485 
0.597825 0.597818 0.534073 
0.542551 0.542531 0.641366 
0.145752 0.14575 0.978535 
0.00953611 0.00953611 0.999909 
0.464873 0.464733 0.753857 
0.62497 0.624956 0.468154 
0.412728 0.412604 0.81229 
0.420259 0.420206 0.804344 
0.192197 0.192196 0.962353 
0.629867 0.629853 0.454512 
0.404831 0.404808 0.81995 
0.342393 0.342205 0.875422 
0.0759858 0.0759822 0.994244 
0.0286187 0.0286187 0.999181 
0.674615 0.674604 0.299709 
0.155345 0.155327 0.97567 
0.529509 0.52949 0.662802 
0.644214 0.644172 0.412455 
0.164687 0.16468 0.972528 
0.0473868 0.0473865 0.997759 
0.450256 0.450177 0.771255 
0.442923 0.442906 0.779552 
0.6663 0.66622 0.335183 
0.0381458 0.0381445 0.998566 
0.522775 0.522775 0.673359 
0.555437 0.555232 0.619425 
0.365337 0.3653 0.85628 
0.63951 0.639498 0.42673 
0.357653 0.357541 0.862931 
0.657548 0.657506 0.36797 
0.614552 0.614493 0.494857 
0.592185 0.592111 0.546701 
0.380959 0.380906 0.842611 
0.661862 0.661834 0.352093 
0.301628 0.301628 0.904457 
0.310058 0.310058 0.898737 
0.318506 0.318504 0.892814 
0.326824 0.326817 0.886795 
0.670518 0.670514 0.317543 
0.619705 0.619694 0.481631 
0.653307 0.653299 0.382631 
0.472236 0.472222 0.744336 
0.183047 0.183046 0.965921 
0.678648 0.678638 0.280904 
0.479527 0.479479 0.735064 
0.586315 0.586272 0.559118 
0.173696 0.173696 0.969361 
0.603543 0.603534 0.521059 
0.210048 0.210004 0.955027 
0.0661845 0.0661845 0.99561 
0.686172 0.686172 0.241528 
0.10607 0.10607 0.988685 
0.218123 0.218073 0.9514 
0.689606 0.689587 0.221261 
0.0191327 0.0191327 0.999634 
0.486714 0.486714 0.72541 
0.201392 0.201347 0.958754 
0.257283 0.257283 0.931456 
0.568205 0.56798 0.595858 
0.248786 0.248786 0.936061 
0.561812 0.56167 0.607632 
0.396794 0.396794 0.827713 
0.0569261 0.056924 0.996778 
4.32978e-17 4.32978e-17 1 
0.116039 0.116039 0.986443 
0.70318 0.70318 0.105242 
0.706071 0.706053 0.0546323 
0.236405 0.236362 0.94259 
0.388789 0.388773 0.835315 
0.515724 0.515724 0.684147 
0.692829 0.692829 0.199937 
0.284088 0.284088 0.915745 
0.266252 0.266252 0.926401 
0.634734 0.634715 0.44078 
4.32978e-17 4.32978e-17 1 
0.701068 0.701068 0.130415 
0.494021 0.494021 0.715462 
0.609191 0.609111 0.507974 
0.706847 0.706852 0.0271664 
0.695881 0.695881 0.177484 
0.506072 0.506647 0.699201 
0.500521 0.500521 0.70637 
0.698627 0.698627 0.154416 
0.125989 0.125989 0.983999 
0.135897 0.135897 0.981358 
0.275202 0.275202 0.921156 
0.292915 0.292915 0.910165 
0.682469 0.682469 0.261671 
0.0961312 0.0961312 0.990716 
0.241248 0.241223 0.940209 
0.704838 0.704843 0.0800477 
0.228295 0.228239 0.946625 
0.70727 0.707126 0 
