0.362774 0.362739 0.858451 
0.160672 0.160665 0.973878 
0.561262 0.561086 0.608741 
0.205709 0.205659 0.956919 
0.377601 0.377575 0.845543 
0.257955 0.257962 0.931099 
0.5913 0.591301 0.548454 
0.331498 0.331398 0.883554 
0.124214 0.124221 0.98449 
0.530482 0.530605 0.661387 
0.223577 0.22362 0.948887 
0.0867465 0.0867491 0.992472 
0.347478 0.34751 0.870982 
0.370264 0.370226 0.852036 
0.355201 0.355197 0.864741 
0.618487 0.618544 0.48488 
0.29106 0.29105 0.911434 
0.29916 0.299153 0.906138 
0.543045 0.542969 0.640791 
0.151624 0.151633 0.97678 
0.14263 0.142631 0.979472 
0.249414 0.249416 0.935733 
0.597053 0.597102 0.536027 
0.623854 0.624007 0.47091 
0.17876 0.178752 0.967606 
0.385075 0.38507 0.838722 
0.169812 0.169815 0.970744 
0.114998 0.115001 0.9867 
0.266441 0.266364 0.926514 
0.658219 0.658159 0.365652 
0.573046 0.57306 0.585876 
0.274718 0.274712 0.921461 
0.240895 0.240894 0.940223 
0.339563 0.339494 0.877325 
0.196517 0.19652 0.960621 
0.133327 0.133332 0.982089 
0.214615 0.214627 0.952863 
0.579332 0.579203 0.573743 
0.523805 0.523775 0.671838 
0.392601 0.392601 0.831702 
0.536793 0.536739 0.651205 
0.555179 0.555166 0.619387 
0.687087 0.687084 0.236289 
0.187682 0.18768 0.964144 
0.549238 0.549123 0.630135 
0.607895 0.607859 0.510948 
0.400246 0.400172 0.824573 
0.282818 0.282806 0.916563 
0.602606 0.602485 0.523577 
0.307275 0.307265 0.900694 
0.407938 0.407924 0.816839 
0.105821 0.10582 0.988811 
0.628938 0.628934 0.457049 
0.0963206 0.0963148 0.990721 
0.315328 0.315275 0.895202 
0.690222 0.690219 0.217249 
0.23213 0.232122 0.944656 
0.671587 0.671578 0.313162 
0.696278 0.696398 0.175137 
0.693296 0.693281 0.196804 
0.675732 0.675722 0.294742 
0.633859 0.633978 0.443401 
0.64881 0.648806 0.397622 
0.683495 0.683495 0.25626 
0.698902 0.698896 0.152438 
0.704939 0.704946 0.0783281 
0.679696 0.679689 0.275772 
0.323622 0.323533 0.889351 
0.567064 0.567105 0.59743 
0.0267745 0.0267745 0.999284 
0.706124 0.706118 0.0528828 
0.00858777 0.00858777 0.999926 
0.701193 0.701192 0.129078 
0.638911 0.638864 0.428649 
0.0772473 0.0772436 0.994046 
0.643756 0.643972 0.41389 
0.0173098 0.0173098 0.9997 
0.455349 0.455349 0.765058 
0.706895 0.706873 0.0266673 
0.463053 0.463053 0.755754 
0.667284 0.667284 0.330856 
0.0681556 0.068155 0.995431 
0.613241 0.613521 0.498105 
0.65373 0.653593 0.381734 
0.0473431 0.0473431 0.997756 
0.486258 0.486259 0.726021 
0.47078 0.47078 0.746146 
0.431744 0.431744 0.791956 
0.44756 0.44756 0.774196 
0.0373827 0.0373827 0.998602 
4.32978e-17 4.32978e-17 1 
4.32978e-17 4.32978e-17 1 
0.478407 0.478403 0.736393 
0.509436 0.509445 0.693522 
0.423776 0.423775 0.800521 
0.703252 0.703252 0.10428 
0.0570629 0.0570629 0.996739 
0.58538 0.585383 0.561042 
0.501784 0.501777 0.704592 
0.494014 0.494013 0.715474 
0.439727 0.43973 0.783127 
0.516686 0.516688 0.682697 
0.415766 0.415766 0.808875 
0.662698 0.662698 0.348801 
0.70713 0.70711 0 
