0.660665 0.660838 0.356576 
0.607986 0.608004 0.51061 
0.499163 0.499105 0.708435 
0.240088 0.240059 0.940684 
0.596559 0.596573 0.537134 
0.652231 0.652157 0.386764 
0.578724 0.578727 0.574685 
0.656343 0.656489 0.372182 
0.430967 0.430963 0.792872 
0.634251 0.634356 0.442188 
0.214964 0.214944 0.952735 
0.452096 0.452084 0.768959 
0.29245 0.292448 0.910468 
0.613502 0.613624 0.497359 
0.170952 0.170989 0.970472 
0.206532 0.206507 0.956487 
0.472107 0.472121 0.744487 
0.0099796 0.00997959 0.999902 
0.284018 0.284039 0.915831 
0.275327 0.275357 0.921147 
0.161872 0.161871 0.973462 
0.465505 0.465434 0.752987 
0.624405 0.624516 0.469842 
0.584917 0.584783 0.562362 
0.266581 0.266595 0.926266 
0.310035 0.310002 0.898848 
0.602332 0.602288 0.523964 
0.684895 0.68468 0.250376 
0.492584 0.492592 0.717508 
0.505428 0.505426 0.699402 
0.415482 0.415498 0.809196 
0.518962 0.518962 0.679233 
0.67309 0.673193 0.306525 
0.327209 0.327196 0.886528 
0.0399019 0.0399021 0.99841 
0.180143 0.180195 0.967186 
0.249019 0.248986 0.936034 
0.619038 0.619045 0.483622 
0.31869 0.318701 0.892735 
0.222954 0.222964 0.949019 
0.664881 0.664859 0.340619 
0.189191 0.189211 0.963608 
0.590743 0.590743 0.549587 
0.572394 0.572394 0.587138 
0.643523 0.643435 0.414828 
0.458802 0.458781 0.760972 
0.638928 0.638838 0.428763 
0.512203 0.512181 0.689487 
0.532255 0.532274 0.658373 
0.423198 0.423222 0.801163 
0.680929 0.680908 0.269825 
0.0605262 0.0605262 0.99633 
0.445234 0.445259 0.776939 
0.699885 0.699888 0.142557 
0.0296154 0.0296154 0.999123 
0.438187 0.438207 0.784874 
0.69783 0.697417 0.165516 
0.0504148 0.0504136 0.997473 
0.351052 0.351067 0.868084 
0.19783 0.197838 0.960097 
0.702292 0.702108 0.119179 
0.0198778 0.0198782 0.999617 
0.539028 0.539028 0.647223 
0.342828 0.342844 0.874658 
0.478692 0.478734 0.736058 
0.677211 0.67735 0.287929 
0.485515 0.485523 0.727055 
0.525697 0.525694 0.668873 
0.35916 0.359134 0.861463 
0.374569 0.37457 0.848172 
0.366968 0.367007 0.854853 
0.257742 0.257766 0.931259 
0.122564 0.122563 0.984871 
0.694716 0.694725 0.186397 
0.66903 0.668975 0.324019 
0.70706 0.706952 0.0219102 
0.705668 0.705338 0.0715934 
0.559308 0.559308 0.611841 
0.552605 0.552605 0.623903 
0.301524 0.301527 0.904534 
0.382925 0.382925 0.840677 
0.704028 0.703945 0.0953117 
0.706507 0.706412 0.046921 
0.102173 0.102173 0.989506 
0.399394 0.399394 0.825208 
0.4075 0.4075 0.817244 
0.132241 0.132235 0.982387 
0.231569 0.231568 0.945024 
4.32978e-17 4.32978e-17 1 
0.0815308 0.0815308 0.993331 
0.629462 0.629774 0.455892 
0.54587 0.54587 0.635651 
4.32978e-17 4.32978e-17 1 
0.0710423 0.0710423 0.99494 
0.112399 0.112399 0.987286 
0.0918668 0.0918668 0.991525 
0.142295 0.142295 0.979545 
0.391175 0.391175 0.833045 
0.691619 0.691619 0.208152 
0.565894 0.565894 0.599607 
0.688712 0.688287 0.229728 
0.1522 0.152187 0.976618 
0.334968 0.334978 0.880708 
0.647852 0.647894 0.401068 
0.707419 0.707144 0 
