0.664895 0.66528 0.340747 
0.217613 0.217671 0.951672 
0.594062 0.593964 0.542687 
0.660498 0.660812 0.357684 
0.669142 0.669364 0.323454 
0.251829 0.251884 0.934568 
0.588073 0.587986 0.555545 
0.621328 0.621235 0.477975 
0.292922 0.292921 0.910163 
0.512172 0.512052 0.689769 
0.61075 0.610666 0.504229 
0.268303 0.26832 0.925257 
0.047239 0.047241 0.997795 
0.181308 0.181309 0.966569 
0.655682 0.655684 0.374463 
0.190749 0.190755 0.962995 
0.651095 0.651178 0.39087 
0.16288 0.162887 0.97314 
0.226147 0.226154 0.947499 
0.0567051 0.0567038 0.996794 
0.556263 0.556264 0.617369 
0.61617 0.615914 0.491441 
0.550101 0.550101 0.628314 
0.301378 0.301249 0.905028 
0.605331 0.605247 0.517175 
0.208829 0.208768 0.955607 
0.0278145 0.0278145 0.999226 
0.531443 0.531325 0.659958 
0.317734 0.317669 0.893526 
0.276451 0.276445 0.920426 
0.543708 0.543667 0.639456 
0.325994 0.32594 0.887528 
0.518691 0.51862 0.679837 
0.094146 0.0941461 0.991109 
0.673351 0.673404 0.305551 
0.49174 0.491739 0.718599 
0.260268 0.260177 0.93006 
0.309401 0.309344 0.899338 
0.00917122 0.00917122 0.999916 
0.381634 0.381632 0.841856 
0.677424 0.677434 0.286706 
0.636363 0.636322 0.436146 
0.037517 0.0375169 0.998595 
0.0848409 0.0848354 0.992834 
0.199985 0.20005 0.959499 
0.0185933 0.0185929 0.999669 
0.373536 0.373536 0.849085 
0.575698 0.575698 0.58064 
0.49879 0.498761 0.708886 
0.681336 0.681336 0.26751 
0.641356 0.641348 0.421197 
0.234814 0.234771 0.943388 
0.24333 0.243312 0.938979 
0.171749 0.171744 0.970076 
0.144197 0.144194 0.979007 
0.0755151 0.0755146 0.994292 
0.349983 0.349993 0.868943 
0.341691 0.341691 0.875497 
0.581981 0.581868 0.568309 
0.33384 0.333826 0.881568 
0.42218 0.42218 0.802202 
0.2847 0.284601 0.915637 
0.365634 0.365545 0.856155 
0.505573 0.505519 0.699272 
0.484929 0.484867 0.727962 
0.0662585 0.0662498 0.995694 
0.429392 0.429392 0.794509 
0.646356 0.646146 0.406386 
0.153548 0.153548 0.976139 
0.47204 0.471968 0.74473 
0.525001 0.524797 0.670415 
0.537526 0.537491 0.649809 
0.599822 0.599648 0.5301 
0.389812 0.389812 0.834322 
0.134337 0.134337 0.981788 
0.56278 0.56278 0.60544 
0.631471 0.63151 0.450028 
0.478589 0.478439 0.736512 
0.463715 0.463643 0.755117 
0.695178 0.695173 0.182954 
0.68866 0.68866 0.226927 
0.11436 0.11436 0.986835 
0.104298 0.104298 0.989062 
0.626341 0.626336 0.464125 
0.70692 0.706842 0.0281433 
0.705411 0.704974 0.0789485 
0.692081 0.692081 0.205057 
0.39794 0.39794 0.826612 
0.124443 0.124443 0.984392 
0.569229 0.569229 0.593259 
0.706275 0.706083 0.0545132 
0.357908 0.357765 0.862795 
0.702288 0.702149 0.118545 
0.699951 0.69987 0.142818 
4.32978e-17 4.32978e-17 1 
4.32978e-17 4.32978e-17 1 
0.454621 0.454577 0.766046 
0.445595 0.44551 0.776689 
0.436349 0.436299 0.787014 
0.406086 0.406086 0.818651 
0.414168 0.414168 0.810512 
0.685071 0.685071 0.247699 
0.698275 0.697767 0.162735 
0.70755 0.707241 0 
0.704337 0.703731 0.0988445 
