0.38018 0.380194 0.843319 
0.543769 0.543764 0.639428 
0.58612 0.586315 0.559574 
0.197035 0.197031 0.960505 
0.372203 0.372231 0.850311 
0.580548 0.580638 0.570983 
0.179442 0.179403 0.967414 
0.241726 0.241668 0.939933 
0.602442 0.60237 0.523966 
0.458122 0.45826 0.761908 
0.63281 0.632814 0.446212 
0.607375 0.60729 0.512355 
0.537182 0.537123 0.650621 
0.331036 0.330969 0.883817 
0.47283 0.47277 0.743695 
0.679866 0.679915 0.27495 
0.28274 0.282733 0.916614 
0.188274 0.188258 0.963965 
0.38817 0.388205 0.836004 
0.0822517 0.0822508 0.99322 
0.569026 0.568971 0.593851 
0.465493 0.465452 0.752859 
0.290782 0.290757 0.9116 
0.597153 0.597162 0.535571 
0.69325 0.693236 0.197113 
0.676221 0.676281 0.292464 
0.298687 0.29868 0.906453 
0.627857 0.627916 0.460042 
0.0728823 0.0728847 0.994696 
0.698473 0.69849 0.155812 
0.617492 0.617509 0.487269 
0.403774 0.403791 0.820959 
0.68695 0.686918 0.237551 
0.205508 0.205508 0.956836 
0.695979 0.695974 0.176883 
0.322554 0.322509 0.890014 
0.347401 0.347361 0.871106 
0.683459 0.683461 0.25673 
0.214656 0.214659 0.952817 
0.672199 0.672142 0.310615 
0.556544 0.5565 0.617001 
0.16052 0.16052 0.973893 
0.355635 0.355635 0.864323 
0.232663 0.232705 0.944429 
0.101285 0.101285 0.989688 
0.258487 0.258498 0.930816 
0.169925 0.169926 0.970706 
0.266724 0.266725 0.926141 
0.0424063 0.0424063 0.9982 
0.501072 0.500873 0.706104 
0.591713 0.591691 0.547632 
0.550332 0.550378 0.628181 
0.487511 0.487511 0.724339 
0.494155 0.494158 0.715281 
0.274856 0.274894 0.921448 
0.338993 0.339022 0.877643 
0.395947 0.395961 0.828546 
0.612366 0.612277 0.50031 
0.575024 0.574983 0.582107 
0.66784 0.66784 0.328603 
0.562867 0.562794 0.605484 
0.0527659 0.052766 0.997214 
0.690214 0.690176 0.218054 
0.530354 0.530437 0.661485 
0.0630136 0.0630136 0.996021 
0.250117 0.250125 0.935371 
0.637968 0.63798 0.431309 
0.706033 0.706033 0.0551017 
0.150725 0.150725 0.977018 
0.50689 0.5069 0.697261 
0.622751 0.622795 0.47373 
0.706837 0.706822 0.0285659 
0.0919639 0.0919718 0.991561 
0.450656 0.450636 0.770646 
0.314844 0.314853 0.89542 
0.704689 0.704689 0.0826272 
0.419789 0.419789 0.804707 
0.443057 0.443057 0.779359 
0.111177 0.111177 0.987562 
0.30658 0.306563 0.901204 
0.643105 0.64311 0.415735 
0.513577 0.513577 0.68737 
0.658615 0.658579 0.364115 
0.663369 0.663339 0.346392 
0.70293 0.702931 0.108526 
0.131239 0.131239 0.982625 
0.480036 0.480036 0.734255 
0.519814 0.519814 0.677928 
0.435406 0.435395 0.787963 
0.700954 0.700973 0.132067 
0.023329 0.0233287 0.999487 
4.32978e-17 4.32978e-17 1 
4.32978e-17 4.32978e-17 1 
0.653415 0.653426 0.382238 
0.0115049 0.011505 0.999874 
0.0336923 0.0336923 0.998864 
0.121184 0.121184 0.985205 
0.41182 0.41182 0.812901 
0.363885 0.363885 0.857423 
0.427591 0.427594 0.796455 
0.14102 0.141025 0.979932 
0.648447 0.648463 0.39882 
0.223568 0.223568 0.948733 
0.525586 0.525567 0.669064 
0.707108 0.707109 0 
