0.508601 0.508359 0.695343 
0.548036 0.547897 0.632289 
0.56008 0.559997 0.610657 
0.429892 0.429967 0.794069 
0.602488 0.602415 0.523815 
0.584558 0.584553 0.562672 
0.375693 0.375647 0.847289 
0.329626 0.329624 0.884704 
0.607997 0.607976 0.510869 
0.652328 0.652283 0.386119 
0.643494 0.643467 0.41463 
0.522143 0.521958 0.67487 
0.578417 0.578307 0.575532 
0.494798 0.494735 0.714561 
0.444411 0.444425 0.777835 
0.590628 0.590601 0.5502 
0.187058 0.187052 0.964399 
0.159723 0.159724 0.974157 
0.613653 0.613604 0.497325 
0.360664 0.360695 0.860422 
0.390855 0.390869 0.833366 
0.0302056 0.0302055 0.99909 
0.670169 0.670168 0.318981 
0.528739 0.528775 0.664018 
0.0199475 0.0199475 0.999602 
0.279599 0.279676 0.918673 
0.45886 0.458864 0.760967 
0.501641 0.501654 0.704805 
0.473387 0.473336 0.742982 
0.48064 0.480606 0.733556 
0.572276 0.572282 0.587499 
0.39847 0.39847 0.826101 
0.406272 0.406271 0.818466 
0.313294 0.313313 0.896525 
0.451652 0.451663 0.769447 
0.288042 0.288063 0.91334 
0.566295 0.566318 0.599016 
0.196276 0.196276 0.960704 
0.698647 0.698647 0.154221 
0.321417 0.321447 0.890778 
0.422177 0.422177 0.802205 
0.337635 0.337679 0.878826 
0.638905 0.638883 0.428677 
0.634232 0.634101 0.442685 
0.368071 0.368091 0.853874 
0.661428 0.661459 0.353617 
0.352913 0.35292 0.866566 
0.14236 0.142371 0.979573 
0.112549 0.112549 0.987252 
0.541755 0.541756 0.642684 
0.648007 0.648007 0.400217 
0.305071 0.305121 0.902244 
0.102808 0.102811 0.989392 
0.15105 0.151039 0.976967 
0.383125 0.383118 0.840512 
0.271483 0.271474 0.923387 
0.554026 0.554086 0.621435 
0.345265 0.345263 0.872701 
0.515237 0.515234 0.685194 
0.624114 0.624152 0.470147 
0.465942 0.465965 0.75224 
0.296552 0.296552 0.907807 
0.674361 0.674361 0.300789 
0.665874 0.665829 0.336703 
0.706844 0.706844 0.0272638 
0.535262 0.535399 0.65358 
0.706056 0.706073 0.0545553 
0.619028 0.619021 0.483395 
0.168745 0.168745 0.971108 
0.487603 0.487643 0.724259 
0.596661 0.596504 0.537134 
0.0723302 0.0723302 0.994755 
0.062578 0.062578 0.996076 
0.263451 0.263462 0.928028 
0.243001 0.243001 0.939096 
0.234203 0.234203 0.943556 
0.657025 0.656991 0.369796 
0.629358 0.629306 0.456503 
0.251731 0.251785 0.934617 
0.2578 0.25781 0.931193 
0.703128 0.703128 0.105937 
0.692892 0.692892 0.199504 
0.17817 0.178184 0.967781 
4.32978e-17 4.32978e-17 1 
0.00981271 0.00981271 0.999904 
0.205778 0.205778 0.956719 
0.082586 0.0825958 0.993231 
0.704913 0.704829 0.0804181 
0.689603 0.689603 0.22112 
0.122683 0.122683 0.984834 
0.686077 0.686077 0.242067 
0.41426 0.41426 0.810418 
0.0926149 0.0926138 0.991402 
4.32978e-17 4.32978e-17 1 
0.0403849 0.0403849 0.998368 
0.224755 0.224755 0.948141 
0.215279 0.215279 0.952528 
0.695922 0.695922 0.177162 
0.678477 0.678477 0.281668 
0.682375 0.682375 0.26216 
0.701029 0.701029 0.13083 
0.132638 0.132636 0.98226 
0.050526 0.0505282 0.99755 
0.437168 0.437225 0.78606 
0.707123 0.707243 0 
