0.260817 0.260826 0.92951 
0.37656 0.376566 0.846415 
0.413343 0.413372 0.811394 
0.328479 0.328479 0.885554 
0.591549 0.591559 0.547859 
0.585431 0.58542 0.560874 
0.579436 0.579455 0.573172 
0.361069 0.361042 0.859867 
0.398542 0.398565 0.826067 
0.60298 0.602931 0.522487 
0.286368 0.286377 0.914342 
0.613677 0.613683 0.496872 
0.47104 0.471043 0.74584 
0.405954 0.405958 0.818789 
0.435049 0.435117 0.788419 
0.478377 0.478362 0.736466 
0.269302 0.269279 0.924706 
0.554276 0.55428 0.621021 
0.699649 0.699683 0.145975 
0.547811 0.547798 0.632338 
0.252363 0.25236 0.934161 
0.345 0.345014 0.872921 
0.560621 0.560624 0.609448 
0.640094 0.64008 0.424976 
0.541363 0.541365 0.643316 
0.336718 0.336714 0.879353 
0.608369 0.608376 0.509688 
0.0101631 0.0101631 0.999897 
0.384148 0.384154 0.839569 
0.0395716 0.0395722 0.998442 
0.619049 0.619049 0.483283 
0.567002 0.567012 0.597518 
0.295006 0.295 0.90883 
0.368821 0.368824 0.853229 
0.353179 0.353182 0.866337 
0.48543 0.485433 0.727132 
0.137075 0.137075 0.981031 
0.68113 0.68113 0.268559 
0.691341 0.691377 0.210031 
0.697092 0.697174 0.167817 
0.235192 0.235193 0.943071 
0.0588015 0.0588015 0.996536 
0.0986955 0.098695 0.990215 
0.243772 0.243772 0.938696 
0.427718 0.427728 0.796328 
0.217748 0.217756 0.951428 
0.456671 0.45669 0.763558 
0.127613 0.127622 0.983621 
0.677231 0.677236 0.287608 
0.463807 0.46383 0.754857 
0.311732 0.311744 0.897681 
0.277752 0.277763 0.919647 
0.624455 0.624455 0.46916 
0.694365 0.694362 0.189128 
0.303404 0.303428 0.903315 
0.442202 0.442224 0.780356 
0.22644 0.226437 0.947351 
0.420567 0.42058 0.803912 
0.10829 0.108294 0.988226 
0.688111 0.688244 0.230369 
0.0493816 0.0493816 0.997559 
0.0687477 0.0687477 0.995263 
0.706882 0.706876 0.0261031 
0.597322 0.597329 0.535182 
0.0890185 0.0890184 0.992046 
0.117817 0.117817 0.986021 
0.391502 0.391542 0.832797 
0.664437 0.664437 0.34212 
0.492577 0.492577 0.717451 
0.645132 0.645133 0.4094 
0.449291 0.449296 0.772195 
0.705021 0.705022 0.0768203 
0.673141 0.673137 0.306226 
0.146382 0.146383 0.978342 
0.0788572 0.0788572 0.993762 
0.668892 0.668892 0.324296 
0.527787 0.527787 0.665494 
0.703507 0.703518 0.100809 
0.320132 0.320136 0.891658 
0.70166 0.701695 0.123935 
4.32978e-17 4.32978e-17 1 
0.198632 0.19863 0.959743 
0.655045 0.655045 0.376607 
0.506868 0.506868 0.697259 
0.513936 0.513936 0.686833 
0.499738 0.499738 0.707476 
0.0201178 0.020118 0.999603 
0.573229 0.573228 0.585508 
0.70616 0.70616 0.0517843 
0.634965 0.634957 0.440078 
4.32978e-17 4.32978e-17 1 
0.156478 0.156478 0.975207 
0.168432 0.168432 0.971217 
0.189199 0.189199 0.963539 
0.209832 0.209834 0.954962 
0.161967 0.162144 0.974453 
0.659817 0.659817 0.359561 
0.650121 0.650121 0.393301 
0.17886 0.178861 0.967484 
0.0295396 0.0295396 0.999128 
0.534583 0.534583 0.654556 
0.520898 0.520898 0.676262 
0.684774 0.684762 0.249448 
0.629771 0.629735 0.454856 
0.707173 0.707115 0 
