0.407488 0.407736 0.817608 
0.604114 0.604057 0.520021 
0.400071 0.400204 0.824745 
0.272523 0.272503 0.922849 
0.444134 0.444127 0.778157 
0.228946 0.228945 0.946146 
0.238087 0.238011 0.941847 
0.48031 0.480292 0.733971 
0.458834 0.458836 0.760888 
0.2641 0.264099 0.927635 
0.392609 0.392492 0.831979 
0.255818 0.255775 0.932391 
0.694114 0.694052 0.191341 
0.598615 0.598616 0.532285 
0.680969 0.681004 0.269609 
0.609449 0.60942 0.507294 
0.630881 0.63088 0.451645 
0.385358 0.385313 0.838585 
0.339515 0.339486 0.877272 
0.625486 0.625521 0.46646 
0.673386 0.673379 0.305306 
0.677308 0.677313 0.287338 
0.494343 0.494214 0.71534 
0.636163 0.636155 0.436601 
0.323099 0.323099 0.889502 
0.65623 0.656214 0.372609 
0.355246 0.355137 0.864911 
0.297244 0.297244 0.907379 
0.288767 0.288732 0.912909 
0.437022 0.436971 0.786268 
0.466242 0.466224 0.751889 
0.665112 0.665101 0.33954 
0.549469 0.54948 0.62947 
0.660768 0.660757 0.356241 
0.487261 0.487082 0.725117 
0.422331 0.422325 0.802077 
0.331541 0.331506 0.883357 
0.219825 0.21982 0.950473 
0.429889 0.429688 0.794455 
0.246999 0.246981 0.937062 
0.696855 0.696856 0.169667 
0.691027 0.691035 0.212072 
0.620208 0.620156 0.480526 
0.378033 0.378003 0.845166 
0.555992 0.555981 0.617889 
0.581503 0.581503 0.568955 
0.68779 0.687791 0.232181 
0.593005 0.593005 0.544693 
0.201635 0.201637 0.958514 
0.0192156 0.0192153 0.99964 
0.280523 0.280512 0.917972 
0.614765 0.614764 0.494246 
0.0384881 0.0384881 0.998519 
0.0479696 0.0479624 0.997792 
0.703303 0.703373 0.104054 
0.562497 0.562497 0.605966 
0.347338 0.347307 0.871125 
0.0290197 0.0290204 0.999173 
0.701378 0.701403 0.127454 
0.50795 0.50795 0.695682 
0.706823 0.706835 0.0284784 
0.473335 0.473315 0.742953 
0.501119 0.501126 0.705555 
0.370541 0.370525 0.851743 
0.4515 0.451455 0.769716 
0.153805 0.153805 0.976058 
0.102128 0.102122 0.989578 
0.704828 0.704828 0.0802608 
0.0644043 0.064404 0.995939 
0.641401 0.641401 0.420962 
0.0938731 0.0938543 0.991279 
0.362792 0.362785 0.858378 
0.669298 0.669301 0.32266 
0.65144 0.65144 0.388911 
0.684452 0.684445 0.251168 
0.0571708 0.057156 0.996893 
0.0727805 0.0727805 0.994689 
0.568886 0.568882 0.593929 
0.699257 0.699245 0.148771 
4.32978e-17 4.32978e-17 1 
0.646461 0.646461 0.405187 
0.522211 0.522211 0.674234 
0.587299 0.587299 0.556919 
0.305955 0.305956 0.901545 
4.32978e-17 4.32978e-17 1 
0.529206 0.529206 0.663237 
0.0093463 0.0093463 0.999913 
0.314592 0.314592 0.89558 
0.12339 0.12339 0.984657 
0.210846 0.210808 0.954637 
0.083482 0.0834819 0.993008 
0.112797 0.112797 0.987195 
0.14377 0.14377 0.979112 
0.515126 0.515126 0.685048 
0.182749 0.182749 0.966026 
0.575213 0.575213 0.581601 
0.706059 0.706071 0.0544454 
0.13381 0.133791 0.982027 
0.173139 0.173139 0.96956 
0.163362 0.163362 0.972947 
0.192276 0.192276 0.96232 
0.536041 0.536041 0.652166 
0.542817 0.542817 0.640858 
0.414614 0.414603 0.810082 
0.707115 0.707175 0 
