0.465185 0.465173 0.753329 
0.663027 0.662935 0.348269 
0.505669 0.505588 0.699282 
0.649648 0.649615 0.395066 
0.102974 0.102969 0.989393 
0.149358 0.149373 0.9775 
0.679346 0.679311 0.277654 
0.675375 0.675353 0.296344 
0.683271 0.683082 0.258638 
0.693239 0.693178 0.1981 
0.667178 0.667113 0.331685 
0.416059 0.416028 0.808843 
0.645049 0.645029 0.409744 
0.352872 0.352872 0.866632 
0.690167 0.690047 0.218529 
0.444094 0.444033 0.778437 
0.121255 0.121244 0.98525 
0.36097 0.360948 0.859963 
0.401291 0.401273 0.823424 
0.193416 0.193427 0.96195 
0.437056 0.437055 0.786172 
0.202393 0.202395 0.958169 
0.211373 0.21138 0.954296 
0.696081 0.696042 0.176261 
0.532121 0.532143 0.658577 
0.552029 0.552177 0.625066 
0.228843 0.22883 0.946223 
0.176491 0.176487 0.968372 
0.167565 0.167576 0.971557 
0.478748 0.478733 0.736049 
0.63545 0.635527 0.438705 
0.525586 0.525637 0.66902 
0.0629611 0.0629622 0.99604 
0.658669 0.65874 0.363807 
0.640389 0.640257 0.424543 
0.265423 0.265423 0.926877 
0.472041 0.472063 0.744577 
0.558265 0.558509 0.613975 
0.498866 0.498879 0.708728 
0.220098 0.220094 0.950339 
0.701012 0.701011 0.131021 
0.273809 0.273818 0.922005 
0.485432 0.485405 0.727193 
0.377228 0.377238 0.845995 
0.184958 0.184957 0.965186 
0.564296 0.564406 0.602715 
0.458176 0.45818 0.76168 
0.512236 0.512172 0.689531 
0.698705 0.698679 0.153965 
0.130628 0.130623 0.982815 
0.139933 0.139941 0.980255 
0.282338 0.282332 0.916842 
0.67133 0.671345 0.314095 
0.0931765 0.0931658 0.991355 
0.686732 0.686678 0.238687 
0.158475 0.1585 0.974661 
0.570343 0.57037 0.591242 
0.429981 0.429979 0.793926 
0.576039 0.576033 0.580105 
0.042371 0.042371 0.998203 
0.492295 0.492237 0.717982 
0.654267 0.654223 0.379571 
0.61999 0.619831 0.481682 
0.369102 0.369102 0.852953 
0.408767 0.408747 0.816073 
0.625198 0.625265 0.467359 
0.599014 0.598865 0.533139 
0.112191 0.11218 0.987399 
0.298356 0.298327 0.906847 
0.385278 0.385278 0.838524 
0.247187 0.247187 0.936908 
0.703104 0.703104 0.106254 
0.423052 0.423101 0.801348 
0.593202 0.593261 0.544316 
0.306868 0.306934 0.90106 
0.0732179 0.0732179 0.994625 
0.0831882 0.0831894 0.993065 
0.45101 0.450993 0.770224 
0.581832 0.581939 0.568376 
0.51893 0.518934 0.679308 
0.335968 0.335968 0.879915 
0.0318011 0.0318011 0.998988 
0.393337 0.393326 0.831037 
0.704806 0.704806 0.0806081 
0.630473 0.630239 0.453625 
0.315822 0.315821 0.894716 
0.256378 0.256378 0.931955 
0.0528173 0.0528173 0.997207 
4.32978e-17 4.32978e-17 1 
0.706876 0.706892 0.0257721 
0.53889 0.53889 0.647453 
0.602346 0.602479 0.523908 
0.545565 0.545562 0.636181 
0.587573 0.587681 0.556438 
4.32978e-17 4.32978e-17 1 
0.32585 0.32585 0.887493 
0.614109 0.614106 0.495731 
0.290935 0.29093 0.911454 
0.607523 0.607507 0.511761 
0.237953 0.237953 0.941678 
0.344441 0.344441 0.873339 
0.0211926 0.0211926 0.999551 
0.706065 0.706079 0.0543674 
0.0105506 0.0105506 0.999889 
0.70713 0.70711 0 
