0.287823 0.287777 0.913535 
0.5574 0.557362 0.615429 
0.457681 0.457657 0.762329 
0.526207 0.526164 0.668103 
0.387685 0.387684 0.836305 
0.532485 0.532501 0.657987 
0.262459 0.262426 0.928684 
0.647301 0.6473 0.402521 
0.434826 0.434823 0.788583 
0.49243 0.492447 0.717674 
0.618012 0.61801 0.485962 
0.53865 0.538666 0.647928 
0.371383 0.371394 0.850993 
0.450198 0.450202 0.771157 
0.633646 0.633631 0.44394 
0.395725 0.395726 0.828804 
0.48561 0.485612 0.726912 
0.513123 0.513096 0.688118 
0.121432 0.121434 0.985153 
0.279394 0.279378 0.918672 
0.506333 0.506342 0.698073 
0.638283 0.638297 0.430396 
0.464803 0.464801 0.753606 
0.253575 0.253567 0.933513 
0.244531 0.244531 0.938301 
0.478805 0.478805 0.735862 
0.664904 0.664896 0.340342 
0.304005 0.304001 0.902876 
0.271107 0.271096 0.923613 
0.00996811 0.00996801 0.999908 
0.419426 0.419426 0.805087 
0.692108 0.692108 0.204876 
0.651753 0.651754 0.38786 
0.471821 0.471847 0.74486 
0.149607 0.14957 0.977544 
0.379564 0.379566 0.843744 
0.544785 0.544785 0.63751 
0.660576 0.660585 0.356771 
0.111896 0.111896 0.9874 
0.411669 0.411669 0.813055 
0.167549 0.167549 0.971522 
0.0499633 0.0499633 0.997501 
0.186649 0.18664 0.964566 
0.04015 0.0401526 0.998428 
0.0301529 0.0301529 0.99909 
0.669219 0.669288 0.323002 
0.551102 0.551147 0.626599 
0.701706 0.701726 0.123393 
0.295953 0.295949 0.908209 
0.403709 0.403709 0.820999 
0.102259 0.102255 0.989514 
0.642849 0.642855 0.416528 
0.346404 0.346403 0.871787 
0.62326 0.623266 0.472334 
0.519621 0.51965 0.678254 
0.587758 0.587758 0.555951 
0.235813 0.23581 0.942764 
0.694945 0.694951 0.184674 
0.697464 0.69748 0.164604 
0.582006 0.581969 0.568038 
0.576651 0.576657 0.578794 
0.612434 0.612434 0.49985 
0.442491 0.442491 0.780002 
0.699693 0.699704 0.14444 
0.703457 0.70347 0.101505 
0.0608425 0.0608424 0.996291 
0.427202 0.427242 0.796921 
0.673439 0.673441 0.304896 
0.312301 0.31231 0.897213 
0.704779 0.70478 0.0811033 
0.217741 0.21774 0.951414 
0.677558 0.677558 0.286063 
0.363124 0.363124 0.858069 
0.227026 0.226999 0.947185 
0.499526 0.499541 0.7078 
4.32978e-17 4.32978e-17 1 
0.194946 0.194988 0.961396 
0.570501 0.570501 0.590821 
0.203143 0.20312 0.957925 
0.212036 0.212036 0.953991 
4.32978e-17 4.32978e-17 1 
0.019991 0.0199909 0.999603 
0.685265 0.685266 0.246623 
0.705935 0.705935 0.0575537 
0.140354 0.140354 0.980103 
0.130784 0.130799 0.982823 
0.0714354 0.0714354 0.994884 
0.0920855 0.0920846 0.991491 
0.68152 0.68152 0.266574 
0.6888 0.688799 0.226082 
0.354772 0.354772 0.865029 
0.158563 0.158568 0.974553 
0.320882 0.320884 0.891108 
0.628505 0.628511 0.458223 
0.600494 0.600511 0.528044 
0.594144 0.594144 0.542207 
0.606716 0.606721 0.513611 
0.706749 0.706749 0.0318532 
0.081822 0.0818219 0.993284 
0.563841 0.563841 0.603463 
0.338021 0.338021 0.878341 
0.329413 0.329413 0.884859 
0.177263 0.177263 0.968068 
0.656126 0.656141 0.372889 
0.707189 0.707244 0 
