0.348851 0.348855 0.869932 
0.371359 0.371383 0.851036 
0.436779 0.436789 0.786431 
0.599801 0.599955 0.529745 
0.444051 0.44421 0.778429 
0.466038 0.466063 0.752141 
0.5879 0.587971 0.555712 
0.551012 0.551287 0.626981 
0.386035 0.38594 0.838056 
0.141777 0.141779 0.979702 
0.325204 0.32518 0.888032 
0.356367 0.356417 0.863799 
0.341074 0.341126 0.876068 
0.615773 0.616059 0.491896 
0.188249 0.188266 0.96397 
0.645624 0.645768 0.40805 
0.422073 0.422108 0.802405 
0.663624 0.663643 0.345581 
0.582078 0.581865 0.568518 
0.620695 0.620762 0.479418 
0.363918 0.363887 0.857473 
0.635792 0.635977 0.437803 
0.151271 0.151266 0.97687 
0.650275 0.650364 0.392867 
0.640779 0.640877 0.422934 
0.216242 0.21624 0.952099 
0.132178 0.132182 0.982399 
0.605498 0.605585 0.516688 
0.429498 0.429467 0.794528 
0.170091 0.170085 0.97066 
0.688005 0.687937 0.231367 
0.393055 0.393084 0.831357 
0.699878 0.699869 0.142767 
0.37869 0.378661 0.844574 
0.610654 0.610672 0.504222 
0.225273 0.225272 0.947895 
0.481089 0.481112 0.732903 
0.654863 0.654863 0.377238 
0.451501 0.451525 0.769677 
0.57584 0.575858 0.580549 
0.488222 0.488213 0.723447 
0.414862 0.414652 0.810307 
0.407552 0.407679 0.817372 
0.333132 0.333122 0.882123 
0.70537 0.70529 0.0719604 
0.197632 0.197625 0.960173 
0.557294 0.557516 0.615772 
0.569729 0.569934 0.592489 
0.668199 0.66799 0.328189 
0.706319 0.706346 0.0473179 
0.694502 0.694502 0.187974 
0.65924 0.65954 0.361924 
0.122145 0.122145 0.984968 
0.0178807 0.0178799 0.999711 
0.6723 0.672346 0.309923 
0.458902 0.458931 0.760875 
0.179069 0.179068 0.967428 
0.702056 0.702035 0.119782 
0.253483 0.253483 0.933538 
0.207034 0.207036 0.956215 
0.54499 0.545037 0.637207 
0.630881 0.631065 0.451793 
0.160661 0.160661 0.973931 
0.262144 0.262149 0.928768 
0.271192 0.271175 0.923579 
0.625964 0.626075 0.465216 
0.593877 0.59389 0.542862 
0.563607 0.563607 0.6039 
0.703879 0.703889 0.0954536 
0.0708302 0.0708302 0.994971 
0.244189 0.24419 0.938479 
0.0917762 0.0917762 0.991541 
0.29923 0.299232 0.906051 
0.102018 0.102018 0.989538 
0.400391 0.400403 0.824329 
0.6765 0.676538 0.29106 
0.234817 0.234817 0.943251 
0.00917949 0.00917949 0.999916 
0.02774 0.0277386 0.999262 
0.706928 0.706967 0.0228477 
0.112081 0.11208 0.987365 
0.512958 0.513068 0.688409 
4.32978e-17 4.32978e-17 1 
4.32978e-17 4.32978e-17 1 
0.526279 0.526232 0.668009 
0.519605 0.519621 0.678274 
0.697357 0.697355 0.166154 
0.53921 0.539256 0.647064 
0.280123 0.280122 0.918186 
0.0389225 0.0389225 0.998484 
0.0496344 0.0496344 0.997533 
0.691363 0.691363 0.209842 
0.473697 0.473696 0.742444 
0.307815 0.307701 0.900578 
0.510586 0.510639 0.69187 
0.502824 0.502928 0.703202 
0.290595 0.29061 0.911685 
0.0813534 0.0813534 0.99336 
0.0602679 0.0602679 0.996361 
0.495486 0.495523 0.713518 
0.316267 0.31624 0.89447 
0.684384 0.684385 0.251468 
0.53218 0.532129 0.658593 
0.680658 0.680721 0.271573 
0.707119 0.70721 0 
