0.607812 0.6075 0.512017 
0.560019 0.559948 0.610735 
0.69522 0.695186 0.182905 
0.649077 0.648989 0.397175 
0.69253 0.69239 0.203113 
0.675471 0.675404 0.296191 
0.644233 0.644143 0.412641 
0.40842 0.408363 0.816483 
0.220782 0.220773 0.950041 
0.667522 0.667379 0.330716 
0.18365 0.183647 0.965696 
0.165126 0.165128 0.972359 
0.653859 0.653789 0.381081 
0.437561 0.43755 0.785578 
0.146385 0.146384 0.978339 
0.578561 0.578564 0.574923 
0.516355 0.516327 0.683267 
0.47508 0.47508 0.740675 
0.602105 0.601969 0.524778 
0.430336 0.430334 0.793496 
0.697905 0.697825 0.161827 
0.63937 0.639304 0.427754 
0.68627 0.686137 0.242004 
0.452547 0.452528 0.768423 
0.541453 0.541441 0.643248 
0.56628 0.566246 0.598975 
0.503311 0.503286 0.702455 
0.658685 0.658505 0.364536 
0.174361 0.174357 0.969138 
0.496384 0.496309 0.71238 
0.22935 0.229347 0.945946 
0.445062 0.445054 0.777095 
0.415763 0.41576 0.808885 
0.385435 0.385406 0.83845 
0.629168 0.629046 0.456926 
0.0883468 0.0883469 0.992165 
0.237846 0.237819 0.941815 
0.700213 0.700127 0.140594 
0.584597 0.584529 0.562779 
0.613139 0.612978 0.49865 
0.553877 0.553829 0.621774 
0.393441 0.393444 0.830925 
0.682969 0.682681 0.260838 
0.679481 0.679209 0.278541 
0.671557 0.671495 0.313406 
0.634209 0.634095 0.442643 
0.522697 0.522682 0.673534 
0.547472 0.547475 0.632898 
0.529034 0.529007 0.66358 
0.155787 0.155786 0.975448 
0.623919 0.623765 0.471157 
0.400859 0.400868 0.8238 
0.663149 0.66304 0.347594 
0.116998 0.116997 0.986225 
0.572494 0.572491 0.587021 
0.704222 0.703935 0.0960863 
0.423011 0.42301 0.801348 
0.509851 0.509853 0.692897 
0.0978261 0.0978262 0.990385 
0.702325 0.702184 0.11844 
0.489535 0.489434 0.721855 
0.246706 0.246717 0.937194 
0.482288 0.482268 0.731347 
0.590451 0.59039 0.550398 
0.689418 0.689313 0.223035 
0.377303 0.377303 0.845745 
0.535307 0.535259 0.653498 
0.596255 0.596184 0.537769 
0.0253384 0.0253373 0.999389 
0.107359 0.107358 0.988415 
0.705446 0.705342 0.0709013 
0.707109 0.706932 0.0237402 
0.136567 0.136567 0.981172 
4.32978e-17 4.32978e-17 1 
0.273367 0.273367 0.922248 
0.126962 0.12696 0.983762 
0.193099 0.193099 0.96199 
0.202505 0.202504 0.958119 
0.0359032 0.0358958 0.998846 
0.00654234 0.00654234 0.999957 
0.300543 0.300543 0.905178 
0.211587 0.211585 0.954189 
0.264296 0.264296 0.927521 
0.0558618 0.0558618 0.996875 
0.3691 0.3691 0.852954 
0.255579 0.255572 0.932451 
4.32978e-17 4.32978e-17 1 
0.0780056 0.0780056 0.993897 
0.318206 0.318206 0.893023 
0.352492 0.352491 0.866891 
0.0461556 0.0461556 0.997867 
0.0657595 0.0657595 0.995666 
0.291505 0.291505 0.91107 
0.282416 0.282416 0.916778 
0.309401 0.309401 0.89919 
0.326941 0.326941 0.88669 
0.335524 0.335524 0.880254 
0.344038 0.344038 0.873656 
0.467622 0.467622 0.750107 
0.460092 0.460092 0.759363 
0.360834 0.360835 0.859998 
0.0162659 0.0162657 0.999744 
0.706527 0.70636 0.0466662 
0.618451 0.618324 0.485246 
0.707766 0.707186 0 
