0.466071 0.466083 0.75205 
0.451577 0.451326 0.770162 
0.645213 0.645211 0.409377 
0.640322 0.6403 0.42471 
0.663924 0.66385 0.344458 
0.350013 0.350211 0.869239 
0.357307 0.357268 0.863036 
0.624238 0.624237 0.469743 
0.676395 0.676281 0.292144 
0.659422 0.659384 0.361301 
0.618929 0.618815 0.483973 
0.693878 0.693829 0.192957 
0.303299 0.3034 0.903539 
0.198794 0.198874 0.959917 
0.53021 0.529945 0.662322 
0.523592 0.523506 0.672311 
0.629825 0.629781 0.454738 
0.311418 0.311466 0.897888 
0.690813 0.690807 0.213481 
0.510029 0.510028 0.692635 
0.680236 0.680095 0.273884 
0.408083 0.408136 0.816763 
0.41489 0.41488 0.809813 
0.69673 0.696729 0.170696 
0.394465 0.39445 0.829973 
0.601431 0.601376 0.526064 
0.613127 0.613067 0.498366 
0.342528 0.342489 0.874943 
0.607289 0.607247 0.512385 
0.516792 0.516782 0.682879 
0.0283234 0.0283234 0.999198 
0.0382701 0.03827 0.998535 
0.6683 0.668225 0.327633 
0.458721 0.458642 0.76121 
0.421891 0.421876 0.802542 
0.380277 0.380257 0.843148 
0.232023 0.232042 0.944698 
0.635254 0.635105 0.439763 
0.672297 0.672344 0.309932 
0.00929424 0.00929421 0.999915 
0.699372 0.699371 0.147513 
0.295173 0.29532 0.909006 
0.706248 0.70617 0.051765 
0.401149 0.401137 0.823763 
0.0185715 0.0185715 0.99967 
0.488503 0.488503 0.723001 
0.683929 0.683927 0.253944 
0.365353 0.365451 0.856403 
0.444268 0.444082 0.778427 
0.687454 0.687454 0.234124 
0.0487116 0.0487116 0.997624 
0.319303 0.319128 0.892693 
0.21567 0.215668 0.952356 
0.495749 0.495749 0.713069 
0.223919 0.22396 0.948651 
0.436571 0.436629 0.786847 
0.207272 0.207273 0.956098 
0.703675 0.703513 0.101008 
0.170858 0.170858 0.970368 
0.180364 0.180356 0.966952 
0.372995 0.372979 0.849632 
0.189807 0.189792 0.96336 
0.079704 0.079704 0.993627 
0.0698744 0.0698757 0.995132 
0.326885 0.327031 0.887033 
0.655025 0.654865 0.377367 
0.706895 0.706882 0.0258877 
0.429687 0.429376 0.794955 
0.387428 0.387457 0.836934 
0.54988 0.54988 0.6287 
0.705031 0.705048 0.0770713 
0.569791 0.569791 0.59218 
0.481072 0.481072 0.732898 
0.650018 0.649987 0.393769 
0.556541 0.556541 0.616866 
0.502931 0.503175 0.703226 
0.286915 0.286915 0.913982 
0.151178 0.151178 0.976878 
0.701756 0.701611 0.124672 
0.473719 0.473654 0.742585 
0.120887 0.120887 0.985283 
0.131318 0.131159 0.983442 
0.258108 0.258108 0.931 
0.588963 0.588963 0.553395 
0.334828 0.334837 0.880801 
0.543486 0.543381 0.640005 
0.536981 0.536755 0.651215 
4.32978e-17 4.32978e-17 1 
0.272014 0.272057 0.92316 
4.32978e-17 4.32978e-17 1 
0.24891 0.248906 0.936006 
0.267141 0.26714 0.925894 
0.278112 0.278119 0.919425 
0.100435 0.100435 0.989862 
0.595214 0.595214 0.539852 
0.11074 0.11074 0.987661 
0.090086 0.090086 0.991851 
0.0592835 0.0592835 0.996479 
0.576267 0.576267 0.57951 
0.160999 0.160999 0.973735 
0.563196 0.563196 0.604666 
0.582721 0.582721 0.566457 
0.1413 0.1413 0.979831 
0.240804 0.240821 0.940271 
0.707531 0.707158 0 
