0.432601 0.432566 0.791104 
0.474702 0.474568 0.741529 
0.305212 0.305211 0.902099 
0.638499 0.638496 0.429727 
0.594293 0.594289 0.541891 
0.501075 0.501012 0.705942 
0.686179 0.686152 0.241706 
0.679267 0.679262 0.277943 
0.417847 0.417817 0.806838 
0.379365 0.379364 0.843903 
0.564042 0.564031 0.603123 
0.55797 0.557934 0.614395 
0.582203 0.582198 0.567536 
0.3715 0.371472 0.850936 
0.296663 0.29664 0.907849 
0.487725 0.487693 0.72413 
0.545937 0.545874 0.635705 
0.611961 0.611946 0.501071 
0.689475 0.689434 0.222226 
0.588348 0.588317 0.554864 
0.425311 0.425218 0.79911 
0.514169 0.514157 0.686516 
0.355549 0.355517 0.864468 
0.363542 0.363516 0.857778 
0.52721 0.527109 0.666674 
0.403046 0.403021 0.821713 
0.606228 0.606218 0.51479 
0.570271 0.570162 0.591567 
0.533576 0.533532 0.656313 
0.576227 0.576217 0.579631 
0.695359 0.695352 0.181591 
0.520783 0.520774 0.676464 
0.137815 0.137811 0.980848 
0.481084 0.48107 0.732928 
0.507429 0.507399 0.696517 
0.166284 0.166284 0.971956 
0.461512 0.461456 0.757876 
0.447087 0.447057 0.774818 
0.339235 0.339214 0.877462 
0.628075 0.628086 0.459405 
0.45431 0.454217 0.766518 
0.347434 0.347433 0.870968 
0.439822 0.439811 0.783044 
0.617362 0.617351 0.487611 
0.692527 0.692511 0.202147 
0.0877167 0.0877167 0.992276 
0.643638 0.643638 0.414079 
0.703887 0.703845 0.0960759 
0.0270314 0.0270312 0.999273 
0.410608 0.410581 0.814191 
0.0575693 0.0575693 0.99668 
0.662911 0.662856 0.348246 
0.146917 0.146912 0.978201 
0.551971 0.551971 0.625025 
0.702115 0.702092 0.118998 
0.38757 0.387552 0.836455 
0.671559 0.671547 0.313138 
0.697786 0.697774 0.162015 
0.395533 0.395493 0.829017 
0.1842 0.1842 0.965475 
0.667442 0.667277 0.331024 
0.0678455 0.0678521 0.995453 
0.65361 0.65361 0.381559 
0.658287 0.658287 0.365126 
0.047307 0.047307 0.99776 
0.0779527 0.0779492 0.993937 
0.70007 0.700042 0.141118 
0.0371177 0.0371183 0.998637 
0.682812 0.682804 0.259928 
0.494548 0.49432 0.715302 
0.330833 0.330833 0.883798 
0.539856 0.539733 0.646169 
0.313784 0.313776 0.896167 
0.633246 0.633232 0.445022 
0.468204 0.468129 0.749562 
0.322263 0.322264 0.890109 
0.705264 0.705252 0.0724119 
0.108007 0.108007 0.988266 
0.017938 0.017938 0.999678 
0.232064 0.232064 0.944612 
0.0979376 0.0979376 0.990362 
0.175041 0.175071 0.969047 
0.00858185 0.00858185 0.999926 
0.251513 0.251513 0.934603 
0.118126 0.118126 0.985948 
0.127981 0.127981 0.983485 
0.287898 0.287898 0.913362 
0.675457 0.675445 0.295894 
4.32978e-17 4.32978e-17 1 
4.32978e-17 4.32978e-17 1 
0.706449 0.706449 0.0431342 
0.212602 0.212602 0.95373 
0.222404 0.222404 0.949249 
0.261134 0.261134 0.929311 
0.203041 0.203076 0.957997 
0.241637 0.241637 0.9398 
0.270215 0.270215 0.924104 
0.156634 0.156634 0.975157 
0.600316 0.600316 0.528433 
0.193493 0.193493 0.961833 
0.279091 0.279091 0.918813 
0.648672 0.648672 0.398058 
0.622719 0.622717 0.473759 
0.707176 0.707133 0 
0.707376 0.707159 0 
