0.326246 2.59494 
0.847531 0.654982 
1.30051 0.488791 
0.851008 0.605555 
0.827901 0.747441 
0.861807 0.537855 
0.85193 0.569882 
0.851955 0.569882 
0.925367 0.496124 
0.974288 0.491318 
0.868883 0.529202 
0.608074 1.00049 
1.13971 0.488794 
0.739737 0.80129 
0.989725 0.490429 
0.90522 0.497172 
1.02654 0.489955 
0.882257 0.519576 
0.614199 0.894579 
0.943344 0.491327 
0.846899 0.666198 
0.506719 1.30546 
0.851817 0.594709 
0.893244 0.509951 
1.15228 0.488793 
0.614208 0.827974 
0.671031 0.818714 
0.60806 1.00781 
0.852405 0.544156 
1.23155 0.488791 
0.847548 0.642276 
0.847597 0.616859 
0.614192 0.938067 
0.678456 0.807579 
1.26293 0.488791 
0.614192 0.956933 
0.745789 0.790258 
0.772393 0.762491 
1.9552 0.381881 
0.71618 0.805143 
0.614199 0.917313 
0.64718 0.825878 
0.772123 0.77808 
1.0428 0.488848 
0.846897 0.690188 
0.833349 0.747438 
0.608074 0.97634 
1.19984 0.488791 
0.798636 0.751186 
0.614202 0.883209 
0.608058 1.03793 
0.593963 1.29579 
0.614208 0.842794 
0.59881 1.29225 
2.79086 0.375181 
2.2492 0.375548 
1.09973 0.488825 
2.3155 0.375545 
1.7824 0.404748 
0.516192 1.29727 
2.21917 0.375548 
0.846894 0.711839 
2.43827 0.375225 
2.34595 0.375242 
0.326316 1.80259 
0.326261 2.34143 
0.506719 1.32741 
0.326383 1.7816 
1.78432 0.38317 
1.90881 0.381957 
2.79086 0.375037 
2.98057 0.375033 
0.608033 1.24864 
0.326493 1.56199 
2.96867 0.375033 
1.97737 0.380362 
0.326476 1.56533 
0.608033 1.06093 
2.14114 0.375595 
2.46687 0.375225 
1.30341 0.488791 
0.333752 1.39354 
0.442412 1.35769 
0.326554 1.45296 
1.55656 0.45139 
1.77767 0.438219 
0.608033 1.18683 
1.50045 0.452118 
2.69761 0.375219 
0.326474 1.70978 
0.326268 2.29852 
3.53013 0.375032 
0.326247 2.38804 
3.55458 0.375009 
3.99485 0.374996 
0.326268 1.86927 
3.14704 0.375033 
0.326268 2.09847 
4.0784 0.374996 
0.326244 2.63986 
