2.75429 0.255516 
0.331056 1.72707 
2.20467 0.255516 
0.331056 1.10741 
2.0582 0.255516 
0.331056 1.30378 
1.74202 0.255516 
1.8652 0.255516 
0.331056 1.61444 
1.5411 0.255523 
1.22543 0.364168 
0.331056 1.45009 
0.331056 1.36852 
0.606148 0.957477 
1.23287 0.339838 
1.29247 0.311159 
0.495422 0.976567 
2.2005 0.255516 
0.331056 1.70218 
1.2198 0.44661 
0.331056 1.40614 
1.18525 0.446611 
0.48955 0.976567 
0.378392 0.984433 
0.682917 0.527676 
0.606148 0.803105 
0.331056 1.51911 
1.14611 0.484063 
0.682904 0.595394 
0.331056 1.3039 
1.48653 0.256557 
0.606148 0.86323 
0.606272 0.736478 
1.83145 0.255516 
1.35953 0.276131 
1.77169 0.255516 
0.606245 0.775127 
0.606148 0.865946 
0.606148 0.914727 
0.331056 1.52265 
0.331057 1.02791 
0.331056 1.56872 
1.34823 0.295931 
1.4055 0.276103 
0.331056 1.57099 
0.331057 0.997585 
0.607354 0.7173 
0.339045 0.990072 
0.623996 0.704973 
0.678497 0.679178 
0.756657 0.484336 
0.934104 0.484229 
1.43824 0.256715 
0.89882 0.48423 
0.800911 0.484296 
1.09152 0.484063 
1.5411 0.255523 
1.13137 0.484063 
0.682858 0.651146 
1.02139 0.484189 
1.42665 0.269711 
0.981522 0.484227 
0.68947 0.498785 
0.638144 0.684196 
0.331056 1.07694 
0.331056 1.08411 
0.331056 1.05356 
0.682886 0.595394 
0.682866 0.625327 
0.378339 0.984512 
0.669358 0.683028 
0.625634 0.687359 
0.606148 0.933903 
0.606148 0.788565 
0.858665 0.48423 
1.33285 0.310301 
0.682859 0.649016 
0.331057 1.04673 
0.685428 0.509953 
0.331056 1.7022 
0.985073 0.484225 
0.694669 0.484666 
1.33609 0.310073 
0.682866 0.625327 
0.606148 0.944807 
0.735925 0.484358 
0.83114 0.484234 
0.919139 0.484229 
1.21839 0.44661 
1.42693 0.257595 
1.04891 0.484088 
0.683039 0.520364 
0.606148 0.916635 
0.719395 0.484381 
0.81655 0.484238 
1.03829 0.484088 
0.85312 0.48423 
0.705281 0.484638 
1.07037 0.484068 
1.07308 0.484067 
