3.05982 0.435999 
0.596652 1.05864 
0.77019 1.00937 
1.33655 0.70916 
1.26401 0.709346 
0.608949 1.05744 
0.465142 1.23898 
0.465136 1.30993 
1.11043 0.712639 
1.16697 0.712124 
0.662136 1.05192 
0.888873 0.727895 
0.803035 0.79531 
0.902356 0.723511 
0.876438 0.730108 
0.465451 1.13652 
0.465138 1.25764 
0.465152 1.2354 
1.78139 0.709034 
1.01628 0.720349 
0.503763 1.0929 
0.527149 1.09004 
0.465461 1.12384 
0.770242 0.968936 
1.11049 0.712638 
1.74204 0.709034 
0.649606 1.05236 
0.857197 0.767734 
0.535355 1.08515 
1.93835 0.709023 
1.44395 0.709153 
0.543171 1.06872 
0.618381 1.05238 
0.465302 1.1732 
1.06197 0.717125 
1.78214 0.709032 
1.03982 0.719734 
0.46531 1.15026 
0.857558 0.75503 
0.595243 1.06708 
1.83103 0.709032 
0.465212 1.18513 
0.857561 0.731117 
0.559275 1.06868 
1.07851 0.712856 
1.26493 0.709174 
0.49373 1.09633 
0.713233 1.04661 
0.770205 0.989073 
1.54468 0.709121 
1.73745 0.709035 
1.15358 0.712209 
2.2661 0.488773 
0.683404 1.05186 
0.845165 0.778648 
0.465136 1.30989 
1.68504 0.709035 
1.83357 0.709032 
0.834917 0.794591 
0.466195 1.10567 
0.773976 0.913284 
0.465152 1.21079 
1.3187 0.709162 
0.465136 1.26607 
1.18318 0.709769 
1.54239 0.709133 
2.27292 0.453718 
0.773568 0.960115 
2.29311 0.450359 
1.23633 0.709768 
1.34795 0.709159 
1.67545 0.709038 
0.769863 1.00937 
0.801994 0.796393 
0.780541 0.845261 
1.42313 0.709154 
0.77652 0.912661 
0.776823 0.845335 
1.46882 0.709135 
1.00037 0.720361 
0.91671 0.722157 
1.89387 0.709029 
1.93925 0.709023 
0.731268 1.04646 
2.07332 0.698859 
0.465136 1.33248 
1.59805 0.709039 
0.465136 1.39507 
2.04075 0.705474 
2.10942 0.563557 
2.10422 0.666853 
0.420444 1.79651 
2.26442 0.489085 
2.11303 0.563307 
0.420479 1.67824 
0.424448 1.41009 
0.424288 1.59926 
2.33417 0.439123 
6.48738 0.432751 
0.414582 4.84291 
