3.41662 0.0417299 
0.35778 3.33077 
1.9844 0.0417306 
2.83734 0.04173 
1.55861 0.0417307 
2.67015 0.04173 
3.15139 0.04173 
2.45227 0.0417301 
0.357782 2.33996 
0.357782 2.21466 
2.25954 0.0417305 
0.35778 3.06543 
0.357782 2.54205 
1.0429 0.467426 
0.35778 2.77558 
0.35778 2.96508 
0.357782 2.02193 
0.35778 2.62287 
0.35778 3.20776 
1.49033 0.0417311 
2.39548 0.0417305 
0.359047 1.56648 
0.359082 1.34993 
0.705563 0.809941 
2.16151 0.0417305 
0.366532 0.992427 
1.38116 0.041732 
0.359048 1.47431 
0.478542 0.870279 
1.18649 0.0954046 
3.35594 0.0417299 
1.13727 0.264785 
3.24733 0.0417299 
0.375542 0.933026 
1.14507 0.200121 
0.357782 2.2787 
0.359081 1.42824 
0.35783 1.72986 
0.360946 1.27136 
1.13165 0.440545 
0.357788 1.83592 
0.363663 1.06305 
1.13516 0.379567 
0.362741 1.16047 
0.35778 3.25639 
0.357784 1.93608 
1.13698 0.324419 
0.556881 0.838305 
0.500034 0.842043 
0.399557 0.870281 
0.362696 1.23072 
2.0639 0.0417306 
0.705563 0.642703 
0.357794 1.78032 
3.16513 0.0417299 
0.35778 2.86815 
1.30988 0.0417786 
0.357788 1.90243 
0.363591 1.11121 
0.711787 0.514052 
0.705564 0.562829 
0.357843 1.65608 
0.705563 0.714306 
1.18085 0.15681 
0.604008 0.837224 
0.673432 0.836919 
0.961821 0.467426 
0.357897 1.63216 
0.378092 0.87528 
0.762806 0.467708 
0.35778 2.82518 
0.357783 2.02029 
1.15755 0.160983 
0.35778 2.58227 
1.24951 0.0947652 
0.705564 0.605555 
2.12607 0.0417305 
0.827189 0.467426 
0.930862 0.467426 
1.35885 0.041732 
3.2926 0.0417299 
0.64467 0.837182 
0.35778 3.32635 
1.54335 0.0417307 
0.705563 0.712698 
0.798779 0.467687 
2.08839 0.0417305 
1.13165 0.440508 
0.884595 0.467426 
1.28388 0.0616168 
0.871346 0.467426 
2.41332 0.0417305 
0.735838 0.486835 
0.726329 0.486835 
3.28591 0.0417299 
0.35778 2.86194 
1.25783 0.0720897 
1.27878 0.0720735 
0.957123 0.467426 
1.251 0.0846433 
