4.70793 0.218343 
0.650428 0.877003 
1.20654 0.617077 
1.20184 0.61732 
0.650428 0.879598 
0.909875 0.618356 
0.667036 0.799219 
3.74362 0.218369 
0.893121 0.618452 
0.833256 0.6189 
1.21788 0.617049 
0.660598 0.800721 
0.650456 0.811471 
1.05289 0.617961 
0.824053 0.620568 
0.672198 0.797784 
0.660044 0.805819 
3.74362 0.218369 
0.309376 1.32519 
0.891103 0.618458 
1.076 0.617903 
1.78748 0.589597 
0.650428 0.90568 
0.691747 0.796071 
0.841449 0.618462 
1.98701 0.494225 
0.650428 0.884066 
0.742981 0.734534 
2.00645 0.356584 
0.752988 0.694647 
2.30324 0.237536 
2.66012 0.218433 
1.40085 0.616995 
0.309475 1.24371 
0.742917 0.734574 
1.32735 0.616998 
0.815674 0.624831 
1.95476 0.494237 
0.451103 0.962707 
2.55924 0.236246 
0.74219 0.780018 
0.722056 0.795416 
1.1904 0.617361 
1.32062 0.617011 
1.22948 0.617043 
0.755153 0.625686 
0.304287 1.33954 
0.747043 0.706997 
0.742916 0.767395 
1.1049 0.617547 
0.347853 1.08355 
0.752991 0.679666 
4.23418 0.218344 
0.753997 0.641804 
0.309378 1.32065 
0.909875 0.61821 
2.10473 0.328375 
2.24007 0.238572 
1.04446 0.618063 
2.63295 0.236246 
0.263178 1.53983 
2.19275 0.24889 
0.650428 0.874239 
0.650428 0.814891 
2.00645 0.331896 
0.309693 1.23851 
1.90977 0.495961 
0.309464 1.26986 
2.12159 0.322985 
1.83215 0.589517 
2.3084 0.236266 
2.54754 0.236246 
2.14609 0.261374 
0.343772 1.12632 
0.650428 0.906861 
1.83685 0.52279 
0.30981 1.17402 
4.33627 0.218344 
3.69268 0.218369 
2.00645 0.361207 
3.10884 0.218376 
0.491603 0.950522 
2.00471 0.490544 
4.54248 0.218344 
0.436645 0.962793 
0.361381 1.08138 
0.304258 1.36649 
2.66394 0.218408 
1.40275 0.616994 
3.10372 0.218376 
1.78748 0.593066 
3.76237 0.218363 
0.26417 1.48342 
4.20612 0.218345 
3.4318 0.218369 
0.263025 2.05147 
0.263045 1.54397 
0.263042 1.89519 
5.34925 0.218342 
0.263021 2.30693 
