0.235205 4.52334 
4.93129 0.262161 
0.235206 3.67049 
0.235206 3.34316 
3.38463 0.262165 
4.56259 0.262162 
4.12798 0.262162 
0.235206 3.0805 
0.582271 1.79857 
0.235206 3.66501 
4.61779 0.262161 
2.69801 0.262167 
4.00409 0.262162 
2.95752 0.262166 
3.66583 0.262164 
0.600988 1.57674 
3.17058 0.262165 
3.78887 0.262163 
0.307639 2.10141 
1.7045 0.496419 
2.4436 0.262855 
0.605474 1.51642 
0.235206 2.94408 
0.372694 1.98856 
0.451681 1.89973 
0.238314 2.11437 
1.92044 0.496362 
0.605821 1.33476 
1.02808 0.873125 
0.235219 2.68498 
2.36267 0.341562 
0.235235 2.26924 
2.14924 0.40707 
0.867698 0.873352 
0.235235 2.40895 
2.0575 0.49568 
0.376947 1.94495 
0.610412 1.29365 
0.236118 2.23558 
2.36372 0.297662 
0.235234 2.43479 
0.611388 1.17091 
2.58319 0.26284 
0.690073 1.03329 
2.13898 0.439809 
0.235219 2.79761 
1.28667 0.502518 
2.29101 0.406232 
2.06847 0.467302 
2.29101 0.406593 
0.235206 2.85985 
0.235219 2.5567 
1.9206 0.496361 
1.57901 0.496559 
0.235219 2.61925 
0.624784 1.11578 
0.509707 1.85127 
1.22857 0.569273 
0.510313 1.82962 
1.65235 0.496419 
4.10671 0.262162 
0.700989 0.951823 
1.2241 0.62125 
1.12944 0.66819 
1.34824 0.49862 
1.06077 0.697215 
1.05418 0.735841 
0.793561 0.887497 
3.72725 0.262164 
0.638771 1.05038 
1.09396 0.671288 
3.1057 0.262166 
0.718744 0.896666 
2.63375 0.262189 
1.05147 0.789156 
1.51524 0.496713 
0.856884 0.887495 
1.20317 0.663276 
0.754702 0.889762 
1.04881 0.850216 
1.41018 0.498476 
0.715744 0.945405 
3.07006 0.262166 
0.611664 1.14969 
3.00308 0.262166 
0.601997 1.55703 
0.638771 1.03676 
1.05107 0.818935 
0.235219 2.56036 
0.235219 2.81605 
1.20319 0.657264 
3.02996 0.262166 
1.29488 0.49918 
1.46443 0.497189 
1.22857 0.57013 
3.68494 0.262164 
1.4263 0.497197 
4.59867 0.262162 
1.48833 0.496852 
2.59882 0.26219 
