3.84768 0.213614 
0.274548 3.26263 
0.274548 2.83396 
0.274548 2.33509 
0.274548 2.58555 
3.01515 0.213614 
0.274548 2.69916 
0.274548 2.15265 
0.274548 2.06341 
0.274821 1.78398 
2.84932 0.213614 
1.92974 0.21502 
2.63743 0.213614 
0.274548 2.29153 
3.14321 0.213614 
3.35234 0.213614 
0.274824 1.64528 
1.55283 0.249813 
3.63872 0.213614 
2.46797 0.213614 
0.406695 1.31678 
0.274549 1.94105 
3.56839 0.213614 
3.77287 0.213614 
1.77175 0.217193 
1.35948 0.35267 
2.63367 0.213614 
0.291344 1.39511 
1.47138 0.270213 
2.86355 0.213614 
0.852523 0.912871 
0.274548 2.82107 
0.432338 1.25777 
2.11559 0.213618 
2.35538 0.213614 
1.37221 0.280731 
0.959973 0.885566 
0.960036 0.618829 
0.792778 0.912871 
0.274548 2.58555 
1.68436 0.249419 
0.279584 1.46089 
1.65244 0.249791 
0.274828 1.5496 
0.494082 1.25775 
1.35156 0.414031 
0.274751 1.85377 
3.14211 0.213614 
0.309958 1.32521 
2.04043 0.214971 
2.28524 0.213614 
0.548108 0.961977 
1.7623 0.230415 
0.542529 1.23989 
3.45189 0.213614 
0.54432 1.0063 
2.18773 0.213618 
2.43219 0.213614 
0.274826 1.60647 
1.40986 0.271426 
1.99073 0.21502 
0.274851 1.49402 
0.543136 1.05588 
0.973115 0.572604 
0.996791 0.462506 
0.274575 1.89397 
0.543111 1.09777 
1.34611 0.451859 
0.297556 1.33217 
0.984976 0.53709 
1.1424 0.45186 
3.35238 0.213614 
3.45189 0.213614 
2.22954 0.213617 
0.698414 0.912871 
1.22279 0.451859 
1.07845 0.45186 
1.05209 0.455211 
0.960015 0.816074 
0.561656 0.913727 
1.17862 0.451859 
0.960027 0.749805 
0.960028 0.682519 
0.960018 0.749995 
0.960029 0.682499 
0.959973 0.875549 
1.2945 0.451859 
1.27303 0.451859 
0.572524 0.912979 
0.959988 0.820463 
0.631886 0.912898 
0.638985 0.912891 
1.00016 0.462505 
0.543097 1.18909 
0.543083 1.19722 
0.832964 0.912871 
0.697784 0.912871 
0.543111 1.14295 
0.543111 1.14258 
3.82469 0.213614 
