5.20278 0.190219 
0.346759 4.01571 
4.9088 0.190219 
0.346784 2.79372 
3.78402 0.190219 
4.22193 0.190219 
0.346759 3.60179 
4.53553 0.190219 
0.347017 1.57464 
0.346759 3.8956 
0.346759 3.36034 
0.346784 2.56394 
0.60373 0.92071 
3.33159 0.190219 
0.347016 1.78135 
0.346759 3.57684 
0.346906 2.34105 
0.346909 2.08278 
3.57128 0.190219 
2.37785 0.19022 
2.64606 0.19022 
0.603731 0.746307 
0.34677 3.15474 
0.346772 2.97625 
1.3198 0.307075 
0.544878 1.36922 
1.41215 0.267495 
3.06763 0.190219 
0.346909 1.95346 
0.34677 2.99095 
1.26877 0.500917 
0.346904 2.43244 
0.346759 3.28755 
0.346906 2.1925 
3.61716 0.190219 
1.2933 0.371021 
1.82152 0.193414 
0.35826 1.49509 
1.27975 0.4301 
0.451716 1.39417 
0.547525 1.28205 
2.9306 0.19022 
0.585835 1.18611 
2.12866 0.190227 
0.346759 3.19659 
0.604167 0.636531 
1.75036 0.196589 
1.93876 0.19326 
0.346904 2.50533 
3.77154 0.190219 
0.603723 1.02664 
1.62877 0.256184 
0.55885 1.23423 
4.38168 0.190219 
2.77087 0.19022 
4.22199 0.190219 
0.35826 1.43419 
2.22297 0.190227 
2.28486 0.190221 
1.21818 0.546643 
4.51516 0.190219 
0.347016 1.83566 
0.346759 4.01485 
0.346759 3.89625 
0.34693 1.90175 
1.48783 0.25696 
0.430042 1.42603 
2.05438 0.190461 
1.5447 0.256186 
0.346906 2.18109 
2.94843 0.190219 
3.23365 0.190219 
4.38201 0.190219 
3.17935 0.190219 
0.95079 0.565379 
2.77083 0.19022 
2.64606 0.19022 
1.98958 0.193128 
0.603722 1.05002 
1.65719 0.196646 
0.91862 0.565379 
0.685751 0.566565 
0.609242 0.581114 
1.1964 0.565358 
1.6362 0.199493 
0.603722 1.11961 
0.603722 1.13077 
1.13317 0.565358 
0.83476 0.565379 
0.740926 0.565454 
0.635449 0.57199 
1.0445 0.565379 
0.603746 0.70952 
2.37718 0.19022 
1.09901 0.565373 
1.04498 0.565379 
0.7809 0.565424 
3.1977 0.190219 
0.795363 0.5654 
0.821789 0.565387 
