0.308139 3.80339 
1.86561 0.215421 
0.308139 3.24081 
0.308139 3.74003 
0.308139 2.62328 
0.308139 2.23622 
0.912712 0.511738 
0.308139 2.87385 
1.03145 0.511738 
1.4074 0.215421 
1.55922 0.215421 
1.85083 0.215421 
0.697218 0.893995 
0.308139 2.74167 
0.308139 1.9675 
1.32872 0.215422 
0.308139 2.1633 
1.10189 0.463753 
1.75414 0.215421 
1.50155 0.215421 
0.623139 0.919761 
1.04064 0.511738 
0.559316 0.96529 
0.465453 1.07684 
1.23101 0.215455 
0.308139 3.06998 
0.617462 0.924456 
1.38076 0.215422 
1.68133 0.215421 
1.11508 0.359915 
0.515091 0.975323 
1.17543 0.325985 
0.332199 1.09193 
0.308139 3.19371 
0.397319 1.08478 
1.75407 0.215421 
1.61583 0.215421 
0.395029 1.08481 
1.28222 0.215423 
0.474891 0.975331 
1.17825 0.224625 
1.62911 0.215421 
1.50173 0.215421 
0.721022 0.511748 
0.308139 1.92622 
0.804986 0.511742 
0.308139 3.06998 
1.67543 0.215421 
1.26072 0.215423 
0.310276 1.33574 
0.310293 1.22554 
0.756471 0.511747 
0.546789 0.966948 
0.770023 0.511742 
0.308139 1.74527 
0.843658 0.511739 
1.17547 0.232389 
0.308139 1.83647 
0.322541 1.17076 
0.697218 0.832806 
1.17545 0.325325 
0.30816 1.51204 
0.697218 0.742405 
0.30814 1.6952 
0.308139 1.8434 
0.823877 0.51174 
0.697937 0.67796 
0.30816 1.44963 
0.308149 1.57897 
0.308169 1.37821 
0.474347 1.0329 
0.870906 0.511738 
0.313006 1.2255 
0.328432 1.16399 
0.328435 1.10271 
0.885353 0.511738 
0.308162 1.42471 
0.308153 1.54183 
0.30814 1.63418 
1.11311 0.39812 
0.472573 1.054 
1.10719 0.440285 
0.699287 0.576965 
0.710688 0.534587 
0.697218 0.83714 
0.308139 2.19426 
0.699204 0.622134 
0.308139 3.77272 
1.11221 0.424042 
0.308141 1.62827 
0.703576 0.568964 
0.707299 0.542376 
0.308139 1.7254 
0.697245 0.705907 
0.310262 1.3434 
0.699221 0.622074 
1.11476 0.36418 
0.308139 2.22375 
0.697218 0.725564 
0.308139 3.79842 
