2.24236 0.322067 
0.333078 1.81498 
0.333078 1.64274 
1.81435 0.322067 
0.993601 0.410386 
1.6683 0.322067 
0.333078 1.52579 
1.44048 0.322067 
0.333078 1.23587 
1.99512 0.322067 
0.405444 1.08111 
1.28633 0.322067 
0.955035 0.505327 
2.09684 0.322067 
1.43064 0.322067 
0.333078 1.45139 
0.333078 1.34889 
0.537084 1.07836 
0.537084 0.97708 
1.68866 0.322067 
0.333096 1.17598 
1.23949 0.322067 
0.595227 0.707316 
1.11113 0.323769 
0.595228 0.630697 
2.01221 0.322067 
0.9949 0.341016 
0.333248 1.13663 
1.17062 0.322067 
2.17453 0.322067 
0.405355 1.12784 
1.04288 0.324436 
0.537084 1.02158 
0.333078 1.4019 
0.537084 0.922487 
0.595227 0.720357 
2.18439 0.322067 
0.333078 1.34929 
0.584954 0.799738 
0.333078 1.40965 
0.405422 1.12611 
0.625301 0.522201 
0.604977 0.543684 
0.595225 0.763813 
0.711204 0.510069 
0.595225 0.763674 
0.627017 0.514709 
0.333241 1.14268 
0.948508 0.505327 
0.796639 0.505669 
0.834196 0.505334 
0.537147 0.868267 
0.537084 1.07658 
0.8822 0.505333 
0.749044 0.505709 
0.904807 0.505329 
0.667677 0.510466 
0.537149 0.834952 
0.537084 1.04049 
0.664723 0.510882 
0.721005 0.508181 
0.537147 0.849771 
1.14864 0.323097 
0.821783 0.505448 
0.595375 0.57027 
0.547075 0.816544 
0.5571 0.800537 
0.537108 0.887701 
0.545378 0.819054 
0.595676 0.556421 
1.01016 0.335842 
0.748912 0.505718 
0.595229 0.615631 
0.537084 0.902116 
1.02236 0.335298 
0.595229 0.601534 
0.595375 0.583997 
0.603261 0.550447 
0.797689 0.505653 
0.537084 1.03986 
1.1498 0.322075 
1.02982 0.327376 
0.595241 0.591927 
0.900797 0.50533 
0.99795 0.34064 
0.537084 0.918891 
1.68866 0.322067 
0.595228 0.625788 
0.882444 0.505331 
0.537084 0.894741 
1.03343 0.326003 
0.560499 0.799755 
0.570641 0.799755 
0.575007 0.799742 
0.833581 0.505339 
0.537084 0.918988 
1.68866 0.322067 
0.333078 1.82317 
1.258 0.4655 
0.334296 1.43048 
