0.212255 2.5727 
3.46992 0.242946 
3.21718 0.242946 
0.212255 1.76709 
0.212255 2.15612 
0.212255 2.37454 
0.212255 1.88091 
0.212255 1.59707 
3.01025 0.242946 
3.44844 0.242946 
2.96253 0.242946 
0.212255 2.41131 
0.212255 2.54099 
2.75874 0.242946 
0.212255 1.43914 
0.212255 1.29328 
0.212255 1.99761 
2.30732 0.242946 
2.701 0.242946 
2.15038 0.242946 
1.98994 0.242946 
1.22714 0.44303 
0.212255 2.10068 
1.7762 0.242977 
0.212276 1.05875 
1.23032 0.360352 
2.5515 0.242946 
0.762643 0.854073 
0.212255 1.45233 
1.68951 0.242978 
0.485571 0.901214 
0.212255 2.02839 
1.43716 0.271328 
1.24978 0.286585 
0.212255 1.54742 
1.32303 0.274319 
2.19102 0.242946 
0.285809 0.969873 
0.275525 1.03951 
1.24864 0.334796 
1.86415 0.242972 
0.212255 1.14343 
0.21226 1.11821 
1.52322 0.263539 
0.525565 0.86661 
0.212255 1.20406 
2.45449 0.242946 
0.762643 0.726598 
0.427717 0.902533 
0.662128 0.857743 
0.306789 0.938487 
0.767266 0.511272 
0.285322 1.0171 
0.212255 1.22735 
0.762654 0.668597 
1.62601 0.242978 
1.89834 0.242961 
0.762643 0.820144 
0.764124 0.57161 
1.45048 0.26395 
0.212255 1.28019 
1.20986 0.474119 
1.96764 0.242947 
0.333236 0.925477 
1.54046 0.243916 
1.3184 0.283663 
0.766938 0.552578 
2.50466 0.242946 
1.58584 0.243028 
0.762644 0.696347 
2.38208 0.242946 
0.395912 0.91944 
0.762643 0.779057 
0.608719 0.85986 
2.38796 0.242946 
0.371511 0.919441 
0.76286 0.620275 
0.212255 1.55005 
0.792194 0.49261 
0.866864 0.474788 
0.762656 0.620615 
1.0073 0.474233 
0.827794 0.474804 
1.03807 0.474202 
0.579794 0.860073 
0.54611 0.860589 
1.17882 0.474119 
1.12197 0.474145 
0.896033 0.474706 
0.925093 0.474402 
2.73765 0.242946 
0.762643 0.782981 
1.14789 0.474145 
0.653289 0.857743 
0.971145 0.474234 
1.0859 0.474146 
1.07093 0.474197 
2.54178 0.242946 
0.954104 0.474386 
0.808606 0.47933 
