0.46869 3.87905 
0.58559 1.65214 
0.91785 0.609683 
0.834396 0.639136 
0.716294 0.878018 
0.468756 1.98324 
0.607424 1.50015 
0.902148 0.609702 
0.716292 0.918334 
0.833962 0.669346 
1.42572 0.593116 
0.847715 0.62515 
0.468701 2.67716 
1.13775 0.607675 
0.716292 0.941742 
0.716303 0.857499 
0.736872 0.751191 
1.60412 0.562306 
0.468756 1.98321 
1.68354 0.328553 
1.74676 0.328553 
0.716291 1.17837 
0.788924 0.729318 
0.716291 1.18851 
1.46131 0.584306 
3.54057 0.198551 
1.08927 0.607675 
0.86539 0.610383 
0.79653 0.706371 
0.947273 0.608466 
2.7388 0.198773 
1.87842 0.269951 
0.830164 0.698268 
0.720195 0.764225 
0.753027 0.731388 
0.480315 1.90105 
3.87959 0.198546 
1.57978 0.576406 
0.468756 1.91026 
1.48383 0.584085 
0.71631 0.808197 
0.486045 1.7142 
2.06008 0.201673 
1.68353 0.328655 
1.90994 0.243136 
0.468756 2.04479 
0.716291 1.11245 
3.51659 0.198569 
1.54316 0.583359 
1.0709 0.607675 
0.716292 0.98727 
0.716292 1.06629 
0.480322 1.83434 
0.480322 1.77516 
0.488695 1.68572 
0.631496 1.49601 
3.58317 0.198548 
0.683928 1.45539 
2.41996 0.199841 
0.984332 0.607675 
0.566916 1.6814 
0.586408 1.65029 
0.468708 2.21092 
0.468753 2.08944 
1.9104 0.201681 
2.743 0.198773 
3.83022 0.198548 
0.607288 1.5297 
2.02036 0.201679 
3.65647 0.198548 
0.468701 2.69086 
2.88493 0.198757 
1.74725 0.328526 
3.44134 0.198574 
0.468696 2.86048 
3.73315 0.198548 
1.87463 0.2821 
0.468703 2.62533 
2.90591 0.198757 
1.6278 0.560829 
0.684899 1.41544 
3.34447 0.198647 
0.468706 2.25539 
0.716291 1.25498 
2.10896 0.201673 
0.468693 3.16837 
1.68352 0.433485 
2.42149 0.199028 
0.468693 2.89461 
3.23571 0.198647 
1.14662 0.607675 
1.41364 0.593123 
2.30119 0.201631 
0.468705 2.46125 
2.67468 0.198773 
3.07272 0.198662 
0.468693 3.18164 
0.468691 3.73171 
4.25603 0.198545 
0.46869 4.64854 
