1.00638 0.107638 0 
1.0332 0 0 
3.75614e-33 6.13424e-17 1.0018 
6.42116e-17 0 1.04865 
6.27876e-17 1.0254 0 
1.00258 0 0.0166564 
0.957382 0.298049 0.124104 
0.696155 0.722684 0.0837215 
0.975086 0.0320871 0.265868 
0.162682 0.993531 0.107431 
0.862472 0.517738 0.0615067 
0.320872 0.703027 0.646883 
0.927224 0.270382 0.330819 
0.0475994 0 1.01639 
0.991108 0.104026 0.162653 
0.831181 0.573594 0.216755 
0.512778 0.338177 0.792299 
0.34842 0.283403 0.920449 
0.66598 0.256526 0.754751 
0.732004 0.0581102 0.694015 
0.421005 0.581249 0.713329 
0.223227 0.958547 0.230145 
0.280103 0.886037 0.407001 
0.408967 0.846446 0.356608 
0.382392 0.817334 0.478083 
0.0223612 0.979542 0.249611 
0.185265 0.89674 0.427079 
0.944757 0.236191 0.300391 
0.0787158 0.321357 0.951142 
0.59853 0.174533 0.806997 
0.795804 0.243898 0.592695 
0.328099 0.446706 0.86205 
0.677157 0.753196 0.151079 
0.568946 0.152548 0.835928 
0.688706 0.121311 0.732984 
0.454019 0.784713 0.462437 
0.587959 0.732594 0.393843 
0.931725 0.387285 0.0529858 
0.0586083 0.819313 0.584909 
0.0365389 0.428264 0.90547 
0.605334 0.600032 0.535478 
0.534135 0.0938979 0.851425 
0.847956 0.157665 0.520105 
0.252414 0.0689584 0.970377 
0.777152 0.117445 0.653603 
0.653381 0.0518687 0.778599 
0.627126 0.0417158 0.79321 
0.440245 0.911183 0.0416382 
0.745613 0.083036 0.676483 
0.475703 0.799689 0.387516 
0.904682 0.406416 0.19129 
0.294116 0.677907 0.68157 
0.462719 0.146832 0.886415 
0.498573 0.526937 0.721002 
0.400325 0.547296 0.744894 
0.814239 0.4006 0.450747 
0.308769 0.865314 0.41854 
0.336646 0.565924 0.76595 
0.145784 0.761421 0.656416 
0.877549 0.464447 0.177575 
0.301205 0.786197 0.569663 
0.0108271 0.795776 0.630084 
0.396691 0.777732 0.509647 
0.755345 0.0218756 0.670558 
0.707316 0.653033 0.288188 
0.855821 0.192882 0.501635 
0.0940929 0.330274 0.943717 
0.152922 0.163043 0.988289 
0.761574 0.47772 0.444085 
0.66173 0.617348 0.43944 
0.614855 0.626534 0.495716 
0.440087 0.743691 0.556201 
0.806978 0.607007 0.197529 
0.555606 0.592379 0.61303 
0.104704 0.231104 0.976616 
0.893415 0.27634 0.378053 
0.901423 0.310657 0.341728 
0.494756 0.673608 0.558527 
0.37446 0.972172 0.0273093 
0.38887 0.223822 0.909493 
0.211212 0.196519 0.964648 
0.648762 0.497752 0.622294 
0.541621 0.206914 0.822811 
0.359618 0.489619 0.813343 
0.469284 0.133366 0.890814 
0.541885 0.829496 0.274576 
0.177731 0.933966 0.318955 
0.202728 0.309611 0.935192 
0.637476 0.367543 0.683541 
0.19371 0.718139 0.702992 
0.0137412 1.00995 0 
0.112458 0.416915 0.928179 
0.279274 0.361162 0.894023 
0.553562 0.825144 0.140453 
0.0743068 0.870933 0.490485 
0.577928 0.555109 0.601885 
0.48615 0.840247 0.311418 
0.267121 0.24318 0.943653 
0.17417 0.0115856 0.992249 
0.388509 0.873806 0.365853 
0.719482 0.347402 0.60748 
0.434798 0.656075 0.654516 
0.23234 0.948526 0.240677 
0.335904 0.941361 0.20419 
0.635221 0.453339 0.661926 
0.231884 0.995723 0.00336554 
0.132418 0.840179 0.530532 
0.237711 0.409198 0.901396 
0.89396 0.380446 0.285167 
0.0283908 0.642849 0.813717 
0.115651 0.0725457 0.994195 
0.39876 0.919101 0.0346243 
0.192598 0.49233 0.871226 
0.129689 0.556891 0.825326 
0.718285 0.70679 0.143861 
0.822717 0.473532 0.318463 
0.595199 0.533691 0.607836 
0.37369 0.635811 0.680218 
0.216894 0.857553 0.492886 
0.532207 0.84018 0.176542 
