3.67041e-17 5.48777e-17 1.0782 
1.01169 0 0 
3.75309e-33 6.12926e-17 1.00098 
6.19813e-17 1.01223 0 
0.800911 0.644142 0 
0.148782 0.753658 0.645147 
0.071845 0.452783 0.89698 
0.735044 0.258102 0.648731 
0.762534 0.423798 0.51714 
0.615613 0.796151 0.0159225 
0.0629213 0 1.03024 
0.25118 0.766947 0.599553 
0.134159 0.967415 0.279086 
0.556194 0.831588 0.223341 
0.299728 0.471466 0.871816 
0.65707 0.436348 0.628551 
0.0166506 0.184643 0.993804 
0.0467884 0.237007 0.976021 
0.83046 0.552032 0.196353 
0.285561 0.845929 0.541018 
0.0923981 0.666277 0.749833 
0.11352 0.818584 0.575372 
0.317689 0.679613 0.680519 
0.853836 0.53405 0.119512 
0.930963 0.131787 0.347149 
0.335967 0.896811 0.303755 
0.588171 0.364941 0.740276 
0.266675 0.212513 0.945502 
0.449267 0.313257 0.846586 
0.484032 0.489236 0.737678 
0.220687 0.956144 0.240505 
0.978279 0.247309 0.0931189 
0.234822 0.909819 0.380298 
0.750242 0.602575 0.318286 
0.94314 0.389556 0.00341236 
0.125195 0.989832 0.216535 
0.351678 0.936933 0.0869385 
0.100619 0.725556 0.697516 
0.687986 0.695382 0.249877 
0.772156 0.637321 0.163782 
0.714494 0.274207 0.667288 
0.398056 0.657207 0.674518 
0.519623 0.857919 0.184666 
0.502276 0.805105 0.377383 
0.815618 0.59362 0.10853 
0.544794 0.65953 0.560336 
1.00429 0.044342 0.0603671 
0.647538 0.0701175 0.776111 
0.874844 0.286057 0.410924 
0.313291 0.87757 0.423266 
0.383255 0.526579 0.762475 
0.839868 0.151436 0.530949 
0.660297 0.705484 0.290375 
0.532637 0.83836 0.261688 
0.0285975 0.310161 0.957554 
0.620565 0.791843 0.0801681 
0.512991 0.373363 0.787092 
0.229473 0.507956 0.832108 
0.43962 0.0290394 0.911012 
0.673611 0.536801 0.544557 
0.270467 0.196285 0.953895 
0.781882 0.145668 0.612814 
0.470699 0.880194 0.132936 
0.904047 0.345103 0.270504 
0.5754 0.165326 0.818755 
0.585332 0.0615725 0.821793 
0.37121 0.612883 0.714603 
0.380607 0.628398 0.692202 
0.786085 0.499479 0.454984 
0.889228 0.20525 0.446672 
0.708232 0.566432 0.442158 
0.474017 0.781614 0.470475 
0.344358 0.399924 0.859951 
0.409866 0.716203 0.590522 
0.866897 0.383218 0.40192 
0.643728 0.224361 0.753312 
0.692136 0.739502 0.0493951 
0.253432 0.33188 0.929496 
0.305254 0.826007 0.499576 
0.725493 0.0785588 0.708323 
0.466533 0.735919 0.495394 
0.189756 0.0903791 0.984116 
0.716731 0.520151 0.487591 
0.432153 0.321042 0.854641 
0.955778 0.355794 0.0662168 
0.962812 0.334851 0.0369631 
0.491376 0.812939 0.314981 
6.148e-17 1.78736e-17 1.04562 
0.835855 0.418808 0.363187 
0.526394 0.869099 0.0418916 
0.910341 0.17668 0.3997 
0.633624 0.513687 0.617778 
0.512618 0.326313 0.804182 
0.682056 0.405585 0.621846 
0.895496 0.0969673 0.460847 
0.200721 0.0217347 0.985377 
0.11993 0.948199 0.325886 
0.410183 0.297681 0.88762 
0.181458 0.919178 0.359478 
0.419298 0.280222 0.882519 
0.959193 0.103865 0.330541 
0.700331 0.00825391 0.726284 
0.985544 0.157766 0.10152 
0.214297 0.353813 0.920751 
0.160444 0.456981 0.878884 
0.1743 0.966041 0.209276 
0.170568 0.234354 0.968269 
0.3279 0.0417403 0.960682 
0.727317 0.583341 0.391444 
0.798816 0.578964 0.177341 
0.361559 0.290788 0.912369 
0.929296 0.46209 0.0276521 
0.576751 0.616221 0.552854 
6.10122e-17 0.996405 0.149013 
0.206143 0.570542 0.810686 
0.924936 0.126571 0.397773 
0.993606 0.0117104 0.171051 
0.332962 0.921537 0.294965 
0.700514 0.558241 0.471438 
0.818748 0.118816 0.59205 
