3.74966e-33 6.12367e-17 1.00007 
6.12769e-17 1.00073 0 
1.01061 0 0 
6.48862e-17 0 1.05967 
0.0218358 0 1.0433 
0.99016 0.0407105 0.177931 
0.259913 0.791047 0.590461 
0.692197 0.730932 0.0898588 
0.577106 0.162801 0.810295 
0.556669 0.679377 0.496314 
0.684361 0.642665 0.389904 
0.353006 0.948882 0.0719663 
0.0720777 0.294549 0.977224 
0.868927 0.494264 0.134334 
0.540425 0.0614373 0.844362 
0.503445 0.769503 0.408538 
0.0927519 0.280741 0.964807 
0.400498 0.592444 0.718975 
0.235166 0.956285 0.19112 
0.0583482 0.668805 0.743056 
0.196597 0.919003 0.37849 
0.776992 0.0070998 0.649227 
0.855491 0.22858 0.481739 
0.908658 0.368556 0.284325 
0.413933 0.0246107 0.916874 
0.945161 0.312298 0.115692 
0.931243 0.221622 0.337546 
0.655787 0.443887 0.63106 
0.519059 0.850732 0.121151 
0.368546 0.548819 0.779396 
0.288616 0.878404 0.464988 
0.960591 0.313977 0.0172009 
0.0112353 0.757196 0.661454 
0.11584 0.460949 0.899958 
0.763845 0.5673 0.328304 
0.103488 0.467627 0.886053 
0.474111 0.865855 0.209306 
2.5498e-17 0.416413 0.936215 
0.541648 0.841317 0.0581844 
0.467262 0.812215 0.359374 
0.601076 0.629133 0.507703 
0.954123 0.269156 0.162375 
0.449078 0.603836 0.707356 
0.838859 0.521513 0.233983 
0.882256 0.488333 0.0514069 
0.980257 0.0995995 0.219278 
0.646519 0.506379 0.615053 
0.147859 0.691174 0.723025 
0.588762 0.327195 0.75824 
0.281075 0.88529 0.418896 
0.131269 0.824719 0.563779 
0.893187 0.38915 0.245162 
0.46126 0.123881 0.904358 
0.915215 0.436205 0.0372623 
0.507853 0.110785 0.867728 
0.701321 0.401259 0.605531 
0.49119 0.340321 0.825201 
0.175931 0.142515 0.98193 
0.160779 0.893823 0.431049 
0.743234 0.0872212 0.672268 
0.617099 0.211933 0.797031 
0.999993 0.115385 0 
0.243127 0.552928 0.817204 
0.324758 0.860686 0.444065 
0.789008 0.320026 0.556344 
0.272156 0.535517 0.829536 
0.296108 0.184088 0.953139 
0.738638 0.257782 0.654026 
0.728777 0.153374 0.689761 
0.0392089 0 1.00699 
0.75714 0.450327 0.532978 
0.680159 0.703452 0.299085 
0.664186 0.35057 0.684338 
0.621674 0.660557 0.45618 
0.0501816 0.629582 0.787331 
0.212505 0.96816 0.264249 
0.221769 0.972012 0.148967 
0.361503 0.779815 0.540702 
0.18326 0.784713 0.620253 
0.171899 0.826171 0.550173 
0.337515 0.429943 0.853002 
0.802931 0.195615 0.578617 
0.85714 0.175658 0.521391 
0.609651 0.722971 0.348669 
0.551952 0.476814 0.698843 
0.723889 0.0925462 0.699222 
0.969236 0.135652 0.26091 
0.823442 0.235099 0.523449 
0.643105 0.306514 0.728152 
0.160656 0.24622 0.966 
0.139554 0.929776 0.361712 
0.417308 0.711415 0.581763 
0.70463 0.0826909 0.709466 
0.300328 0.270166 0.924675 
0.33143 0.936619 0.230333 
0.312389 0.562048 0.7955 
0.835867 0.355634 0.449248 
0.30728 0.0157715 0.954659 
0.38194 0.742731 0.562808 
0.633274 0.750985 0.291268 
0.464808 0.19776 0.880999 
0.899773 0.455338 0.0436882 
0.921468 0.375661 0.12323 
0.892028 0.379528 0.258438 
0.429107 0.336094 0.850608 
0.478752 0.743867 0.512178 
0.812579 0.526995 0.296031 
0.664048 0.0766216 0.752481 
0.827471 0.577398 0 
0.623945 0.722523 0.314256 
0.434346 0.718789 0.56116 
0.329576 0.900312 0.305386 
0.341873 0.909872 0.297092 
0.375402 0.928654 0.149664 
0.639968 0.105911 0.83204 
0.804757 0.610395 0 
0.200517 0.978522 0.149245 
3.08904e-17 5.43983e-17 1.02164 
0.211942 0.990733 0 
0.23766 0.0678537 0.972828 
