6.33075e-17 0 1.03389 
3.75014e-33 6.12444e-17 1.0002 
0.0538821 0 1.01628 
1.07473 0 0 
6.14273e-17 1.00318 0 
0.15585 0.988391 0.0312782 
0.305361 0.887707 0.347268 
1.03223 0.00860281 0 
0.390319 0.908923 0.153651 
0.181053 0.930284 0.330562 
0.250736 0.661196 0.707141 
0.137387 0.592952 0.793568 
0.763221 0.385934 0.51881 
0.463943 0.329085 0.822615 
0.699594 0.699594 0.146474 
0.598831 0.624771 0.502093 
0.119821 0.543136 0.831223 
0.91796 0.397119 0.00262293 
0.736117 0.141019 0.662478 
0.790156 0.503194 0.408835 
0.806482 0.568256 0.16703 
0.44385 0.8188 0.364637 
0.618585 0.156739 0.772223 
0.817566 0.309859 0.485558 
0.678641 0.299238 0.677461 
0.640504 0.673497 0.370779 
0.899019 0.415715 0.13999 
0.418518 0.792032 0.531646 
0.957383 0.266369 0.115501 
0.168141 0.762166 0.625393 
0.22595 0.0129808 0.974123 
0.8593 0.519987 0.090663 
0.476773 0.249881 0.844722 
0.0597883 0.715149 0.699045 
0.982848 0.172682 0.0716763 
0.577793 0.58134 0.573033 
0.376971 0.839527 0.392193 
0.836261 0.452074 0.386789 
0.42272 0.407831 0.810497 
0.314922 0.74843 0.588666 
0.722224 0.0990494 0.684737 
0.0121635 0.467538 0.884001 
0.752388 0.220402 0.644931 
0.519918 0.645278 0.560044 
0.486082 0.46487 0.741229 
0.329194 0.733127 0.595269 
0.431069 0.245495 0.87138 
0.0773529 0.97323 0.240481 
0.882972 0.358791 0.304593 
0.713142 0.338905 0.614224 
0.510045 0.0881552 0.855657 
0.967775 0.0322699 0.258721 
0.927132 0.379852 0.0550233 
0.944722 0.234651 0.237167 
0.024665 0.948073 0.319087 
0.0821104 0.982152 0.173233 
0.665687 0.722732 0.197265 
0.0360436 0.43113 0.90255 
0.0474799 0.125206 0.991264 
0.371523 0.893954 0.254883 
0.615054 0.777092 0.133916 
0.523541 0.439819 0.753542 
0.0250483 0.962805 0.269539 
0.267805 0.947658 0.215148 
0.653471 0.525876 0.544947 
0.286499 0.638044 0.714767 
0.484087 0.484087 0.729112 
0.365694 0.851581 0.3783 
0.550227 0.83167 0.0789009 
0.0964773 0.612878 0.78679 
0.346181 0.0593572 0.936357 
0.781433 0.0751493 0.621741 
0.828291 0.501223 0.285879 
0.573249 0.0445313 0.818274 
0.948092 0.317984 0.0453761 
0.973789 0.208064 0.0989681 
0.503126 0.753459 0.423444 
0.258269 0.863534 0.433937 
0.878992 0.227591 0.426088 
0.284927 0.0143749 0.958604 
0.580935 0.802238 0.190156 
1.00553 0 0.226032 
0.190833 0.940489 0.281524 
0.606553 0.787969 0.110387 
0.743736 0.290668 0.602197 
0.530938 0.427268 0.733643 
0.992531 0.107288 0.0615134 
0.338479 0.690277 0.639669 
0.661148 0.371166 0.655618 
0.310827 0.0664126 0.948174 
0.624317 0.182885 0.75971 
0.0132363 0.508775 0.861114 
0.979861 0.195356 0.12727 
0.107495 0.564821 0.81825 
0.354848 0.285561 0.894205 
0.587955 0.587955 0.555665 
0.403781 0.00201954 0.914967 
0.394196 0.115475 0.912066 
0.130463 0.529372 0.838691 
0.207081 0.933494 0.292956 
0.635186 0.635186 0.439707 
0.172619 0.873082 0.458186 
0.201123 0.147027 0.968528 
0.5428 0.811285 0.223965 
0.438861 0.554481 0.707141 
0.857909 0.183305 0.480052 
0.685864 0.061413 0.727202 
0.361802 0.805746 0.469187 
0.773683 0.622615 0.119235 
0.911608 0.358957 0.207214 
0.0919362 0.0223043 0.995629 
0.921872 0.280203 0.27211 
0.0652613 0.145339 0.987315 
0.560577 0.526115 0.639665 
0.133025 0.35079 0.927093 
0.503596 0.609577 0.612459 
0.343346 0.826153 0.449388 
0.216122 0.873916 0.435644 
0.323823 0.203944 0.923904 
0.846099 0.364016 0.39133 
