3.75048e-33 6.12499e-17 1.00029 
6.22865e-17 2.54267e-48 1.01722 
6.18038e-17 1.00933 0 
1.08763 8.87988e-32 0 
3.02289e-17 5.52205e-17 1.0281 
1.01083 0.0761706 0 
0.36389 0.264867 0.900915 
0.867712 0.367093 0.33784 
0.406143 0.86943 0.321352 
1.08763 8.87988e-32 0 
0.897813 0.17195 0.410896 
0.0650264 0.961179 0.30924 
0.827517 0.543035 0.183586 
0.946783 0.184749 0.273398 
0.33348 0.925753 0.207055 
0.455453 0.841865 0.293427 
0.423986 0.907625 0.0478699 
0.540866 0.159517 0.846161 
0.990069 0.0643779 0.166741 
0.257809 0.409058 0.881224 
0.12775 0.768429 0.632104 
0.75975 0.419963 0.502806 
0.937798 0.345891 0.0603879 
0.119789 0.989497 0.0923356 
0.182049 0.38414 0.912315 
0.301461 0.943186 0.154927 
0.849445 0.517055 0.132916 
0.715979 0.0277001 0.702155 
0.97388 0.247737 0.0233667 
0.504914 0.314388 0.807098 
0.722891 0.396689 0.61801 
0.326782 0.668305 0.671099 
0.251516 0.459454 0.863331 
0.098458 0.968735 0.286174 
0.920127 0.144206 0.370339 
0.157497 0.605434 0.786514 
0.29366 0.0110486 0.958399 
0.785912 0.619552 0.011195 
0.38552 0.915812 0.141314 
0.810733 0.0494171 0.608759 
0.841772 0.238457 0.491561 
0.489179 0.289892 0.832733 
0.0225219 0.219427 0.979757 
0.649558 0.50198 0.595285 
0.874854 0.203963 0.443376 
0.801816 0.378607 0.473043 
0.463503 0.530693 0.720828 
0.144264 0.719519 0.686231 
0.767283 0.282999 0.577746 
0.910234 0.353361 0.234682 
0.685897 0.64248 0.354659 
0.434752 0.812309 0.395199 
0.957734 0.300738 0.0760147 
0.48151 0.857492 0.219269 
0.0856931 0.492243 0.86896 
0.13209 0.629253 0.775998 
0.572666 0.297585 0.767791 
0.16365 0.571144 0.810967 
0.997078 0.037514 0.124184 
0.22681 0.448708 0.874399 
0.526782 0.747856 0.438879 
0.349423 0.135649 0.931649 
0.753016 0.151445 0.645233 
0.477387 0.714061 0.519897 
0.198841 0.820923 0.536291 
0.795042 0.274167 0.545202 
0.522874 0.434196 0.739905 
0.040669 0.738172 0.681212 
0.559352 0.226866 0.798083 
0.660039 0.755718 0.0815286 
0.424272 0.887399 0.25969 
0.374345 0.0544557 0.928854 
0.549654 0.597984 0.587756 
0.672843 0.0877126 0.745595 
0.701844 0.580599 0.425762 
0.0480538 0.551119 0.839821 
0.736705 0.680576 0.0360784 
0.220772 0.976336 0.104185 
0.0559236 0.827623 0.561079 
0.881266 0.473413 0.0342488 
0.73058 0.677378 0.194872 
0.703793 0.708344 0.112349 
0.640956 0.232038 0.73695 
0.380591 0.796036 0.484111 
0.108742 0.701107 0.70949 
0.60894 0.788899 0.0866777 
0.619001 0.695889 0.377618 
0.194244 0.130605 0.975362 
0.281392 0.805549 0.529762 
0.892742 0.404762 0.249731 
0.85903 0.487414 0.220215 
0.600167 0.336805 0.729249 
0.981534 0.0976368 0.185992 
0.441398 0.562714 0.715178 
0.0306113 0.147254 0.992503 
0.785564 0.465532 0.427048 
0.624509 0.0454869 0.792919 
0.313193 0.496935 0.821687 
0.213675 0.731003 0.653556 
0.274232 0.106459 0.959388 
0.321215 0.120292 0.949936 
0.398331 0.650372 0.656664 
0.234937 0.689948 0.693632 
0.576673 0.32965 0.751257 
0.397528 0.112612 0.914583 
0.654882 0.779094 0.0961079 
0.0582741 0.936604 0.358252 
0.0129243 0.891448 0.46205 
0.909628 0.429514 0.0682348 
0.586985 0.310817 0.751204 
0.448867 0.637242 0.662645 
0.0153481 0.828414 0.574762 
0.469479 0.877194 0.125989 
0.889638 0.252017 0.389998 
0.216429 0.953332 0.228038 
0.239252 0.273934 0.937366 
0.0109792 0.592604 0.81736 
0.693227 0.323991 0.648339 
0.280505 0.195003 0.945923 
0.887337 0.0882667 0.455798 
