1.02001 0 0 
0.00111988 0 1.03468 
3.75522e-33 6.13274e-17 1.00155 
6.17946e-17 1.00918 0 
0.186716 0.982803 0 
0.929947 0.153593 0.33695 
0.957611 0.173164 0.232578 
0.98805 0.102995 0.115141 
0.327714 0.516471 0.791174 
0.84982 0.469958 0.244306 
0.233255 0.615462 0.752895 
0.584665 0.272742 0.766804 
0.458325 0.8619 0.220181 
0.940553 0.191707 0.281137 
0.698865 0.687407 0.200325 
0.371345 0.135503 0.918624 
0.975385 0.204608 0.0885667 
0.259064 0.957611 0.14043 
0.868913 0.459413 0.185014 
0.0154245 0.995759 0.100828 
0.50931 0.767716 0.390579 
0.888343 0.424743 0.175877 
0.920859 0.114467 0.372777 
0.787143 0.581523 0.207383 
0.683494 0.633241 0.363661 
0.373588 0.661371 0.652128 
0.0587498 0.347951 0.935715 
0.296148 0.505627 0.810367 
0.118033 0.184735 0.975719 
0.291 0.907993 0.350399 
0.30293 0.898087 0.319084 
0.9999 0.0340034 0.00438645 
0.471746 0.334061 0.816075 
0.80876 0.404468 0.42733 
0.160331 0.541938 0.836782 
0.274869 0.0750034 0.959736 
0.802337 0.058757 0.594066 
0.413505 0.0407083 0.911184 
0.529896 0.798746 0.294038 
0.0869225 0.879017 0.476648 
0.148017 0.412807 0.902678 
0.820601 0.288757 0.493273 
0.429439 0.640897 0.636395 
0.879405 0.0916701 0.467218 
0.320221 0.948069 0.0147206 
0.199831 0.977311 0.0731675 
0.965662 0.0153386 0.259568 
0.833619 0.381698 0.444257 
0.095983 0.693469 0.722992 
0.708421 0.234219 0.666347 
0.828108 0.546023 0.131161 
0.342717 0.939217 0.0232568 
0.354883 0.311545 0.881529 
0.487268 0.121189 0.864873 
0.408338 0.920603 0.0393236 
0.664109 0.592049 0.456656 
0.0472404 0.674524 0.73895 
0.55023 0.301276 0.778808 
0.248424 0.379437 0.891303 
0.793308 0.601603 0.0940063 
0.767401 0.322306 0.569177 
0.620625 0.783934 0.0593958 
0.650163 0.703634 0.286811 
0.743133 0.52624 0.413446 
0.56119 0.82243 0.101143 
0.53239 0.83325 0.149621 
0.45401 0.887601 0.0789664 
0.555276 0.649149 0.520133 
0.633379 0.224076 0.741098 
0.106806 0.981225 0.160921 
0.742391 0.244704 0.624169 
0.0681339 0.910856 0.407481 
0.12837 0 1.01084 
0.75426 0.412992 0.511323 
0.516509 0.356089 0.778868 
0.240204 0.0876496 0.966824 
0.502102 0.714394 0.487405 
0.341356 0.445458 0.850123 
0.674156 0.736824 0.0514096 
0.497072 0.477195 0.732059 
0.20839 0.438778 0.874162 
0.6295 0.48695 0.606743 
0.277369 0.760129 0.587702 
0.863254 0.251545 0.437711 
0.573615 0.816142 0.070142 
0.176486 0.278139 0.94421 
0.357753 0.844697 0.399092 
0.609131 0.747176 0.267767 
0.758972 0.362887 0.552699 
0.598821 0.590729 0.541007 
0.39547 0.623253 0.674684 
0.433565 0.557093 0.708315 
0.26571 0.923172 0.304492 
0.133345 0.4929 0.860099 
0.218821 0.220063 0.950836 
0.220922 0.841992 0.499782 
0.719541 0.262559 0.643034 
0.336881 0.7547 0.563583 
0.904963 0.339227 0.260827 
0.717245 0.392725 0.576101 
0.732668 0.626886 0.267836 
0.656225 0.534774 0.534497 
0.433763 0.868335 0.311599 
0.364611 0.932755 0.0504929 
0.0384621 0.159554 0.986531 
0.539118 0.470257 0.698802 
0.310491 0.790037 0.528711 
0.383389 0.341788 0.858074 
0.443657 0.237029 0.866447 
0.211333 0.81279 0.545255 
0.400122 0.394715 0.827251 
0.308283 0.727892 0.612986 
0.723438 0.0529791 0.688434 
0.0799658 0.0196256 0.99666 
0.893856 0.11111 0.434431 
0.620166 0.37049 0.691672 
0.171127 0.0296668 0.98487 
0.0424978 0.568137 0.82195 
0.774779 0.563292 0.287319 
0.100877 0.722562 0.683949 
