0.874225 0 0.485873 
3.74941e-33 6.12326e-17 1 
6.12385e-17 2.13765e-53 1.0001 
1.00499 1.40325e-36 0 
6.17482e-17 1.00842 0 
0.118983 0.973838 0.200556 
0.315546 0.662066 0.682307 
0.368252 0.365049 0.861984 
0.791347 0.595555 0.17773 
0.425987 0.423463 0.799746 
0.214271 0.118694 0.97072 
0.565653 0.313849 0.768048 
0.593658 0.542193 0.594711 
0.468953 0.547956 0.697781 
0.700886 0.700886 0.134155 
0.0337231 0.781069 0.624587 
0.937526 0.302977 0.189138 
0.0614677 0.992199 0.11075 
0.680502 0.576002 0.457716 
0.0144217 0.899622 0.438554 
0.893884 0.2204 0.407414 
0.824341 0.407712 0.394876 
0.287683 0.876411 0.386502 
0.0873894 0.789822 0.608355 
0.467232 0.0206343 0.884121 
0.0572275 0.684092 0.730871 
0.344447 0.450293 0.843759 
0.928275 0.331197 0.212006 
0.714619 0.647118 0.286662 
0.447274 0.392125 0.807167 
0.86799 0.495649 0.0388662 
0.745054 0.48718 0.467864 
0.894214 0.137403 0.426761 
0.242914 0.904124 0.353103 
0.703088 0.0833656 0.708013 
0.73924 0.583452 0.338804 
0.146908 0.0106951 0.989248 
0.229024 0.968002 0.103726 
0.415835 0.889417 0.223599 
0.804379 0.235552 0.549591 
0.967292 0.255963 0.0269422 
0.837074 0.196077 0.510813 
0.604654 0.796274 0.0215542 
0.63227 0.715099 0.308508 
0.993148 0.0696336 0.11839 
0.196247 0.94516 0.264726 
0.175267 0.24353 0.954814 
0.730219 0.473422 0.499071 
0.620019 0.0974167 0.782433 
0.659727 0.355823 0.662408 
0.159405 0.673748 0.723178 
0.846053 0.521743 0.148907 
0.504917 0.857912 0.0963079 
0.880944 0.464436 0.122695 
0.20177 0.638847 0.742579 
0.655495 0.53155 0.536664 
0.669524 0.503692 0.562906 
0.0729751 0.039359 0.996622 
0.333695 0.762552 0.558005 
0.948528 0.106357 0.298851 
0.413866 0.281354 0.873382 
0.539764 0.842436 0 
0.525204 0.245097 0.816269 
0.959302 0.182265 0.232141 
0.0987596 0.961432 0.257213 
0.642666 0.436897 0.643678 
0.153132 0.127909 0.980007 
0.104933 0.753217 0.64997 
0.906436 0.173732 0.386718 
0.435556 0.867493 0.240456 
0.815756 0.321868 0.480687 
0.664132 0.046565 0.749981 
0.751922 0.565883 0.355647 
0.921058 0.273868 0.31959 
0.779461 0.625977 0.0804363 
0.975753 0.227655 0.0649321 
0.301937 0.919835 0.250953 
0.165744 0.341492 0.925321 
0.132208 0.91921 0.371072 
0.694762 0.719205 0.00954168 
0.812072 0.05912 0.580673 
0.986592 0.158768 0.0722441 
0.856098 0.398059 0.331117 
0.39392 0.387744 0.834004 
0.333789 0.654285 0.67867 
0.484438 0.515995 0.707765 
0.572854 0.823084 0.0505523 
0.553908 0.136017 0.821446 
0.582415 0.746492 0.32227 
0.351855 0.051504 0.93474 
0.189433 0.83657 0.518766 
0.501205 0.865409 0.0600238 
0.376781 0.205987 0.906306 
0.357792 0.935353 0.0849952 
0.134108 0.435865 0.891302 
0.405851 0.157626 0.900296 
0.557745 0.740721 0.377454 
0.484088 0.75554 0.442281 
0.270207 0.823171 0.499619 
0.614303 0.616647 0.493213 
0.040713 0.815825 0.578053 
0.768128 0.112756 0.63222 
0.511984 0.349112 0.785657 
0.268905 0.77472 0.572636 
0.185695 0.266154 0.946013 
0.848823 0.0324975 0.539504 
0.75744 0.632678 0.161901 
0.627192 0.603338 0.493137 
0.953561 0.291781 0.0775375 
0.0929074 0.928541 0.361714 
0.261197 0.729621 0.633722 
0.51663 0.80633 0.289586 
0.910423 0.402383 0.164306 
0.249587 0.209606 0.945481 
0.257214 0.81103 0.525608 
0.846832 0.456738 0.273128 
0.384861 0.384861 0.839087 
0.0892807 0.377357 0.921884 
0.755682 0.14952 0.639229 
0.356393 0.19222 0.914521 
