3.7494e-33 6.12323e-17 1 
1 0 0 
3.90982e-17 5.00917e-17 1.03775 
6.12323e-17 1 0 
0.10086 0.902208 0.419342 
0.290536 0.95167 0.0995664 
0.955889 0.0302968 0.292161 
0.083463 0.564794 0.821001 
0.258243 0.292873 0.922091 
0.939385 0.0762097 0.335728 
0.784839 0.367565 0.498926 
0.606277 0.513872 0.606931 
0.745928 0.614241 0.280368 
0.814848 0.4635 0.348123 
0.204908 0.852098 0.482534 
0.241787 0.200278 0.950323 
0.136548 0.892824 0.42921 
0.189879 0.0889262 0.977774 
0.702618 0.702618 0.112499 
0.539739 0.84177 0.0106916 
0.559274 0.690037 0.459415 
0.388829 0.388829 0.836901 
0.898559 0.0425853 0.437605 
0.949801 0.162958 0.267061 
0.307577 0.742555 0.602962 
0.473612 0.473612 0.742552 
0.582969 0.811293 0.0441632 
0.73279 0.578135 0.358858 
0.754951 0.649264 0.092224 
0.970423 0.113043 0.213307 
0.491345 0.861871 0.126023 
0.320617 0.799148 0.508494 
0.161028 0.932251 0.324084 
0.765293 0.628954 0.136904 
0.80427 0.47997 0.375359 
0.720473 0.620746 0.30918 
0.270036 0.938146 0.231557 
0.457289 0.404396 0.792094 
0.407142 0.830153 0.391923 
0.358648 0.640094 0.679449 
0.126553 0.988906 0.077773 
0.446399 0.545243 0.710459 
0.364281 0.772261 0.521738 
0.169628 0.423862 0.890481 
0.989571 0.134484 0.0517414 
0.4343 0.0647025 0.898609 
0.416447 0.494401 0.762984 
0.852679 0.455751 0.255401 
0.579113 0.437199 0.725614 
0.328721 0.533339 0.779419 
0.381087 0.709193 0.593143 
0.155102 0.311005 0.937667 
0.694969 0.351384 0.627334 
0.625899 0.212031 0.750534 
0.931022 0.323424 0.169098 
0.410059 0.880295 0.238604 
0.794752 0.60387 0.0615321 
0.0741045 0.25745 0.963539 
0.509461 0.0946883 0.859654 
0.235911 0.586938 0.7745 
0.52884 0.0216009 0.849917 
0.449089 0.18414 0.874306 
0.930625 0.336479 0.147831 
0.826718 0.218541 0.528337 
0.179088 0.967361 0.180218 
0.591218 0.788216 0.18091 
0.879591 0.236036 0.413046 
0.206625 0.357753 0.910789 
0.97841 0.205047 0.0259787 
0.348449 0.757176 0.561901 
0.530347 0.718931 0.449303 
0.775427 0.267444 0.572003 
0.0424492 0.00975626 0.999813 
0.0215176 0.246853 0.968814 
0.867305 0.443733 0.225574 
0.118098 0.123609 0.989088 
0.67044 0.725612 0.154911 
0.0301952 0.554891 0.831375 
0.00727046 0.916515 0.400221 
0.892393 0.228337 0.389264 
0.490122 0.873641 0.00549658 
0.281033 0.835413 0.472341 
0.990995 0.148074 0.0290204 
0.0114394 0.98108 0.193302 
0.230769 0.733785 0.638987 
0.666915 0.673075 0.379737 
0.148525 0.378198 0.913831 
0.679069 0.329554 0.659952 
0.843678 0.502647 0.188563 
0.908197 0.41704 0.0375103 
0.554669 0.281298 0.783386 
0.22328 0.970232 0.0949427 
0.661005 0.660794 0.408129 
0.432832 0.602273 0.670763 
0.50121 0.752597 0.467928 
0.120137 0.780496 0.619785 
0.471712 0.667031 0.584738 
0.0646335 0.756106 0.651257 
0.690119 0.176581 0.702714 
0.716816 0.102449 0.689821 
0.0553193 0.285966 0.956642 
0.370205 0.452178 0.812279 
0.646312 0.735912 0.202165 
0.858057 0.508417 0.0724568 
0.333618 0.488293 0.806393 
0.425775 0.242265 0.873921 
0.56632 0.626274 0.553356 
0.317786 0.922293 0.219995 
0.343324 0.301004 0.890572 
0.638896 0.556225 0.57103 
0.61388 0.578269 0.537631 
0.462463 0.383378 0.79948 
0.0458036 0.159128 0.98641 
0.728838 0.414708 0.548205 
0.515455 0.212063 0.843708 
0.91983 0.0538372 0.390561 
0.683698 0.0559324 0.727621 
0.833619 0.119143 0.539336 
0.711122 0.310648 0.69579 
4.92388e-17 3.81913e-17 1.01767 
