0.392784 0.91964 7.54303e-52 
6.28793e-17 0 1.0269 
6.12338e-17 1.00002 7.54315e-52 
1.00009 0 1.50873e-51 
3.75e-33 6.12421e-17 1.00016 
0.547461 0.447716 0.707337 
0.989596 0.00882729 0.145076 
0.753351 0.465304 0.486834 
0.787174 0.510018 0.365469 
0.602717 0.619758 0.503862 
0.173497 0.983964 0.0745319 
0.688162 0.063332 0.723746 
0.159507 0.823455 0.545421 
0.097665 0.966003 0.23949 
0.286062 0.672589 0.682521 
0.908465 0.332173 0.280684 
0.565566 0.595045 0.589458 
0.459953 0.0423298 0.888052 
0.95094 0.09669 0.302804 
0.614413 0.637077 0.467545 
0.274941 0.602268 0.769909 
0.86428 0.393546 0.313705 
0.378774 0.6636 0.657082 
0.186054 0.763051 0.626097 
0.80964 0.557375 0.186683 
0.221698 0.265856 0.944211 
0.368958 0.930184 0.0976117 
0.59293 0.108293 0.800219 
0.309473 0.8372 0.451004 
0.648537 0.381926 0.673747 
0.800011 0.210062 0.562132 
0.153975 0.783635 0.602025 
0.873357 0.368908 0.378819 
0.921713 0.317076 0.224749 
0.471964 0.766347 0.436211 
0.718217 0.0471834 0.695617 
0.445926 0.632902 0.634103 
0.329636 0.490702 0.806611 
0.0147346 0.577318 0.819679 
0.498727 0.359737 0.788826 
0.584436 0.539882 0.609117 
0.78025 0.247784 0.578911 
0.132597 0.0243394 0.993079 
0.264606 0.964881 0.0226586 
0.936559 0.135843 0.333879 
0.902061 0.424271 0.0816122 
0.654582 0.119553 0.748748 
0.341356 0.923451 0.175369 
0.675903 0.74262 0.193618 
0.0514479 0.867041 0.495776 
0.0659147 0 1.01278 
0.969666 0.0855711 0.249442 
0.72976 0.680451 0.0673961 
0.852235 0.523806 1.58241e-45 
0.0411216 0.400111 0.915707 
0.437063 0.236545 0.867775 
0.772016 0.290378 0.565827 
0.661459 0.723513 0.209106 
0.419261 0.909475 0.0443838 
0.251269 0.807263 0.534047 
0.823402 0.453717 0.346306 
0.744791 0.567513 0.375569 
0.303437 0.414552 0.857966 
0.235308 0.34287 0.90958 
0.879485 0.421667 0.221169 
0.57501 0.689542 0.440918 
0.973818 0.202918 0.104809 
0.486941 0.730646 0.478668 
0.268159 0.257762 0.92911 
0.53393 0.751575 0.410263 
0.964103 0 0.266968 
0.818687 0.0753443 0.570282 
0.804093 0.583492 0.125196 
0.317471 0.948593 0.1133 
0.623591 0.278865 0.731882 
0.692184 0.295834 0.663124 
3.97307e-17 0.648852 0.760952 
0.00515231 0.940884 0.353321 
0.479297 0.713489 0.511154 
0.39873 0.91696 0.0148376 
0.0883331 0.131494 0.987386 
0.145018 0.903552 0.403271 
0.841997 0.495689 0.213272 
0.464892 0.481838 0.743139 
0.707042 0.386703 0.613532 
0.107966 0.153535 0.982621 
0.309574 0.950264 0.0366603 
0.24309 0.0518289 0.969305 
0.355213 0.425965 0.833424 
0.0778164 0.0164421 0.996896 
0.505822 0.189092 0.842555 
0.8372 0.352084 0.418746 
0.426725 0.635342 0.644793 
0.408703 0.898775 0.158854 
0.93544 0.349696 0.0567179 
0.0330628 0.918053 0.395696 
0.299475 0.436368 0.848625 
0.527406 0.849652 7.54322e-52 
0.204534 0.195881 0.959248 
0.906223 0.308802 0.288913 
0.514763 0.698487 0.497197 
0.211199 0.178766 0.961215 
0.582588 0.795926 0.164681 
0.125311 0.27557 0.953104 
0.374066 0.879505 0.296645 
0.438061 0.885477 0.155529 
0.700756 0.702836 0.123668 
0.11075 0.429067 0.89654 
0.350984 0.160099 0.922677 
0.00474964 0.224325 0.974637 
0.736076 0.440312 0.515489 
0.924214 0.192581 0.32982 
0.169283 0.861604 0.478688 
0.628025 0.0910917 0.779992 
0.832867 0.173547 0.525597 
0.229358 0.816981 0.52956 
0.0239193 0.803026 0.595604 
0.66938 0.743142 2.59217e-41 
0.0186587 0.482909 0.875694 
0.633006 0.757308 0.161365 
