0.0473381 0 1.04093 
6.17454e-17 1.00838 0 
1.01993 0 0 
3.75593e-33 6.13389e-17 1.00174 
6.42199e-17 0 1.04879 
0.743176 0.561484 0.380747 
0.895773 0.469607 0.0583459 
0.510953 0.58037 0.677398 
0.924311 0.355773 0.159179 
0.60982 0.543476 0.614257 
0.724415 0.0694345 0.706562 
0.786783 0.490889 0.443917 
0.133247 0.777445 0.643385 
0.701571 0.526173 0.512399 
0.0699101 0 1.02321 
0.297105 0.392929 0.882437 
0.680923 0.17719 0.722225 
0.832399 0.421376 0.399916 
0.910427 0.340618 0.272306 
0.804977 0.2916 0.530162 
0.161735 0.796521 0.603528 
1.00299 0.0174865 0.0180164 
0.103322 0.208755 0.980262 
0.575501 0.831596 0.0363845 
0.464749 0.250193 0.865714 
0.715048 0.267521 0.669345 
0.816289 0.595849 0.103412 
0.315981 0.8148 0.494114 
0.250523 0.399115 0.908745 
0.649912 0.741817 0.219313 
0.330312 0.0409925 0.951161 
0.0275618 0.635789 0.783771 
0.492129 0.872279 0.122976 
0.433215 0.379551 0.830104 
0.759424 0.367504 0.548259 
0.0563126 0.673201 0.741549 
0.617565 0.765889 0.205745 
0.439515 0.888181 0.189908 
0.498721 0.326668 0.812856 
0.5299 0.155558 0.848394 
0.369015 0.851448 0.386817 
0.689631 0.692095 0.250841 
0.419136 0.694148 0.595775 
0.379306 0.145997 0.920854 
0.428402 0.863309 0.363562 
0.451853 0.921315 0.00508368 
0.308422 0.516539 0.820257 
0.66765 0.437318 0.622963 
0.445744 0.908858 0.141002 
0.0853199 0.141302 0.994847 
0.933979 0.234346 0.307979 
0.94649 0.0515824 0.33306 
0.26882 0.160128 0.967377 
0.877826 0.198544 0.465961 
0.41184 0.473821 0.805122 
0.642767 0.665191 0.423421 
0.3531 0.651372 0.694085 
0.704557 0.707074 0.135533 
0.406599 0.72068 0.579017 
0.779924 0.125997 0.620225 
0.0104496 0.973533 0.257522 
0.862268 0.300644 0.416003 
0.218704 0.0248675 0.988142 
0.474953 0.0767289 0.891218 
0.115495 0.896785 0.451591 
0.594518 0.682297 0.433201 
0.485539 0.505985 0.721057 
0.765094 0.609422 0.264421 
0.271535 0.959592 0.152715 
0.344088 0.587823 0.751761 
0.0897782 0.456959 0.898078 
0.177301 0.412727 0.897649 
0.191203 0.3389 0.939904 
0.389041 0.755415 0.564879 
0.851504 0.311345 0.44462 
0.229078 0.76056 0.629797 
0.554682 0.842017 0.0902302 
0.149435 0.647396 0.761818 
0.752049 0.446579 0.503786 
0.654169 0.428488 0.638093 
0.869188 0.507595 0.0726094 
0.397464 0.049284 0.930354 
0.822289 0.0598726 0.574099 
0.186325 0.658465 0.734009 
0.968015 0.0837513 0.283577 
0.560523 0.116027 0.841948 
0.208594 0.280011 0.947396 
0.151355 0.770377 0.653226 
0.99723 0.0977167 0.0881851 
0.265288 0.934452 0.306969 
5.99498e-17 0.979055 0.233951 
0.240933 0.628864 0.772159 
0.597899 0.618758 0.534523 
0.986065 0.190779 0 
0.286742 0.965661 0.0795135 
0.122088 0.948313 0.314956 
0.952983 0 0.351664 
0.203333 0.999996 0 
0.628284 0.623025 0.481166 
0.545893 0.120912 0.858936 
0.356112 0.943649 0.00999375 
0.331232 0.87772 0.371695 
0.960169 0.0920312 0.317733 
0.582727 0.806577 0.327776 
0.505905 0.729583 0.472949 
0.887808 0.110085 0.532793 
0.53685 0.0110387 0.863794 
0.0239513 0.224706 0.983386 
0.629686 0.159555 0.794087 
0.974895 0 0.2942 
0.587497 0.247463 0.776517 
0.282451 0.604867 0.765425 
0.213717 0.734516 0.665636 
0.809956 0.450293 0.410392 
0.167384 0.8232 0.566039 
0.969376 0.219251 0.180334 
0.579753 0.827234 0.175507 
0.259445 0.987851 0 
0.84851 0 0.555212 
0.57172 0.714232 0.454776 
