4.00001 3.5884e-12 
4.58424e-12 3.99999 
1.52562 0.584983 
0.29192 2.13073 
0.326157 2.04175 
2.26869 0.243821 
0.453516 1.75977 
1.75214 0.457403 
2.05492 0.320923 
0.189774 2.44725 
2.18741 0.271453 
2.52165 0.169769 
0.266408 2.20182 
1.32895 0.717747 
1.60247 0.538919 
1.82636 0.420643 
1.04477 0.956213 
2.73499 0.119868 
0.490482 1.68911 
2.12588 0.293722 
1.98661 0.348723 
2.81307 0.104187 
1.45925 0.62727 
0.996188 1.00382 
0.758164 1.27526 
0.00927518 3.62404 
0.421685 1.82419 
3.43316 0.0216449 
2.60092 0.149973 
0.129779 2.68878 
0.000698847 3.89496 
3.09776 0.0575775 
0.0145716 3.53172 
1.69516 0.487226 
2.8848 0.0909197 
0.0313835 3.32277 
1.20513 0.813993 
0.351653 1.97964 
1.09005 0.913834 
2.44816 0.189521 
0.793894 1.22986 
3.01368 0.0696979 
2.66181 0.135788 
3.85068 0.0014201 
0.113334 2.76673 
2.34551 0.219488 
0.243656 2.26919 
0.211346 2.37245 
0.169288 2.5235 
1.92697 0.374356 
0.660092 1.41025 
3.35139 0.0286691 
0.517062 1.64078 
3.64259 0.0083616 
0.600743 1.50044 
0.0248005 3.39487 
1.38141 0.680076 
0.717433 1.32938 
3.93411 0.000273588 
0.0629722 3.0592 
2.95439 0.0790538 
0.0395707 3.24388 
0.629645 1.45564 
0.956375 1.0446 
0.396435 1.87791 
0.831761 1.18372 
0.0193064 3.46352 
1.87594 0.397341 
0.375129 1.92522 
0.0543208 3.12205 
3.1638 0.0489702 
1.64135 0.516741 
3.5134 0.0157734 
0.546555 1.58938 
0.569986 1.55009 
0.144205 2.62523 
3.22676 0.0414862 
0.00589003 3.6989 
0.00184772 3.82991 
0.0732227 2.99084 
0.693909 1.36186 
3.77313 0.00331156 
1.27478 0.758534 
3.29025 0.0346314 
1.15967 0.852155 
3.56821 0.0123277 
0.0460761 3.18746 
0.923117 1.07996 
3.71634 0.00521572 
0.226402 2.32313 
0.0037386 3.75916 
0.0921787 2.87774 
2.39217 0.205512 
0.101931 2.82486 
0.0815399 2.93933 
0.890929 1.11537 
1.13093 0.877118 
1.41824 0.654644 
0.860985 1.14941 
0.156492 2.57413 
