4.00002 2.55716e-11 
1.26964e-12 4 
0.376786 1.92147 
2.42845 0.195055 
0.0150897 3.52373 
0.0455182 3.19212 
2.51086 0.172581 
2.34401 0.219946 
0.0231773 3.41421 
0.16404 2.54397 
0.185949 2.46108 
2.27086 0.243111 
0.50396 1.66435 
0.415264 1.83763 
0.0594216 3.08436 
0.4651 1.73717 
0.128836 2.69309 
3.47656 0.018346 
2.90336 0.0876604 
0.144947 2.62207 
0.00165832 3.83877 
2.98425 0.0742566 
3.26236 0.0375583 
0.0858765 2.91369 
0.0100659 3.60875 
0.648621 1.42714 
0.346468 1.99201 
0.302693 2.10199 
1.6978 0.485815 
1.20509 0.814027 
1.1515 0.859181 
1.88329 0.393972 
3.57021 0.0122102 
2.82535 0.101838 
2.19653 0.268253 
3.92669 0.000339012 
1.04176 0.959093 
3.83646 0.00170671 
0.259662 2.22138 
2.70555 0.126127 
0.102278 2.82304 
0.000201586 3.94341 
0.00625726 3.68985 
0.278889 2.16649 
1.45878 0.627583 
1.63605 0.519725 
0.534257 1.61054 
0.237324 2.28869 
0.030211 3.33496 
0.610761 1.48471 
3.18255 0.0466687 
1.94841 0.36499 
0.0369404 3.26814 
0.111446 2.77611 
1.28825 0.748203 
0.992585 1.00744 
3.05955 0.0629226 
0.325815 2.04261 
1.51097 0.594111 
0.680283 1.38111 
0.00355748 3.76498 
0.206301 2.38948 
0.829789 1.18608 
0.439097 1.78852 
2.14722 0.285862 
1.24473 0.782033 
2.59176 0.152183 
1.33351 0.714402 
3.3452 0.0292451 
2.76311 0.114068 
1.74686 0.460105 
2.08677 0.308506 
1.41282 0.658336 
0.795072 1.2284 
3.76535 0.00354602 
0.864423 1.14545 
3.39539 0.0247566 
1.11385 0.89229 
0.712001 1.3368 
0.929457 1.07312 
2.62917 0.143285 
3.12034 0.0545464 
1.07647 0.926345 
0.562628 1.56229 
0.896002 1.10971 
1.37327 0.685808 
3.69807 0.00592351 
3.63576 0.00869232 
1.99361 0.345802 
1.83212 0.417885 
1.55309 0.568168 
0.220371 2.34262 
1.5938 0.543969 
2.04313 0.325605 
0.96369 1.03698 
1.79294 0.436911 
0.766012 1.26513 
0.586059 1.52388 
0.739555 1.29966 
0.0686023 3.02092 
