4.00004 1.14172e-10 
7.6455e-11 3.99997 
0.83615 1.1785 
1.86418 0.40278 
2.60392 0.149253 
0.78331 1.24312 
3.81768 0.00212629 
1.50509 0.597805 
0.888393 1.11821 
1.01403 0.986065 
1.62348 0.526844 
1.57087 0.557495 
0.0165067 3.50259 
0.123674 2.71698 
0.337508 2.01369 
3.93087 0.000301275 
1.21914 0.802551 
3.50151 0.0165811 
2.31977 0.227454 
1.69354 0.488099 
1.78785 0.439427 
0.740666 1.29819 
2.52325 0.169355 
0.415542 1.83704 
2.39955 0.203358 
2.69845 0.127666 
2.03648 0.328268 
0.0112122 3.58766 
2.11056 0.299454 
0.382126 1.90947 
0.155774 2.57704 
0.471401 1.72506 
1.15888 0.852829 
0.107338 2.79684 
1.35742 0.697082 
1.44355 0.637639 
0.958689 1.04218 
1.93889 0.369128 
0.139935 2.64362 
1.2994 0.739751 
3.72597 0.00486129 
0.0233701 3.41188 
0.094856 2.86291 
0.256661 2.23019 
0.440128 1.78644 
0.174793 2.50246 
0.0439329 3.20553 
0.0813764 2.94031 
3.59892 0.0105923 
1.0554 0.94609 
2.26001 0.246677 
0.526217 1.62458 
0.0531151 3.13125 
2.45966 0.186339 
0.232245 2.30457 
0.50039 1.67086 
0.0360424 3.27665 
0.307117 2.09039 
2.87511 0.0926499 
2.93686 0.0819528 
3.42683 0.0221502 
0.360732 1.95829 
2.80886 0.104999 
3.16919 0.0483027 
0.0620766 3.06547 
0.00108779 3.86916 
3.24243 0.0397305 
0.0292289 3.34537 
0.00709742 3.67011 
0.928878 1.07375 
0.274523 2.17873 
1.40058 0.666734 
0.0715946 3.00131 
0.00280351 3.79101 
1.26008 0.769946 
1.74196 0.462626 
3.00457 0.0710914 
1.98393 0.34985 
0.704954 1.34649 
0.609097 1.48731 
0.557932 1.57014 
3.3626 0.0276425 
0.576846 1.53883 
2.75062 0.116624 
3.65336 0.00785435 
3.30243 0.0333944 
1.09642 0.908014 
0.00025183 3.93678 
0.655954 1.41631 
0.218386 2.34912 
2.19969 0.267148 
0.00476389 3.72868 
0.190619 2.44422 
3.11017 0.0559002 
0.201924 2.40449 
2.1641 0.279747 
0.295047 2.12232 
3.06027 0.0628195 
0.682862 1.37744 
0.629877 1.45528 
