3.99998 2.27532e-11 
9.68328e-11 3.99996 
3.53373 0.0144431 
3.43972 0.021127 
2.99572 0.0724611 
3.63322 0.00881718 
0.498008 1.67522 
2.19157 0.269989 
0.122058 2.72458 
0.0228943 3.41766 
2.90849 0.086771 
2.49595 0.176519 
3.72505 0.00489456 
1.01902 0.981158 
2.58404 0.154061 
2.26523 0.244956 
0.590469 1.51679 
2.11765 0.29679 
3.90062 0.00062511 
3.34506 0.029258 
0.633294 1.4501 
0.793216 1.23071 
3.08388 0.0594883 
0.0305918 3.33097 
3.81765 0.00212707 
0.968995 1.03149 
1.58686 0.548035 
0.0536637 3.12705 
0.535644 1.60814 
0.753954 1.28073 
0.21189 2.37063 
1.52261 0.586846 
1.74062 0.463315 
0.237559 2.28796 
2.05704 0.320085 
2.83036 0.100891 
1.30185 0.737902 
1.24276 0.783596 
0.717169 1.32974 
2.64448 0.139737 
0.00837868 3.64224 
0.834704 1.18022 
0.00479145 3.72791 
1.67626 0.497443 
0.015907 3.51141 
0.14869 2.60628 
1.06452 0.9375 
0.103439 2.81696 
1.84499 0.411774 
0.464783 1.73778 
0.0665658 3.03455 
0.930671 1.07182 
1.4315 0.645691 
3.27278 0.0364492 
0.44292 1.78083 
1.38486 0.677656 
1.79016 0.438285 
0.272888 2.18334 
0.0385371 3.2533 
0.169307 2.52343 
1.99381 0.345717 
2.4326 0.193883 
0.294282 2.12437 
1.90005 0.38636 
1.47922 0.614292 
0.412911 1.84258 
0.0841993 2.92351 
2.33069 0.224051 
0.561947 1.56342 
2.71867 0.123314 
0.137472 2.65438 
0.00022104 3.94075 
0.197065 2.42138 
1.33961 0.709946 
0.354309 1.97335 
0.00129708 3.85724 
0.0457001 3.1906 
0.331578 2.02827 
1.6344 0.520656 
0.253556 2.23938 
0.0122104 3.57021 
1.10282 0.902207 
3.15378 0.0502265 
1.94853 0.364938 
2.76381 0.113927 
0.313696 2.07335 
0.00254626 3.8007 
3.20307 0.0442211 
0.683261 1.37688 
2.3774 0.209873 
0.373842 1.92814 
0.892261 1.11388 
1.17177 0.841839 
0.180077 2.48266 
1.13652 0.872214 
1.20686 0.812571 
0.0737871 2.98724 
0.0953081 2.86043 
0.394562 1.882 
0.868388 1.14089 
