0.0912392 0.736549 
0.111188 0.684055 
0.109904 0.702519 
0.123948 0.676924 
0.0399293 0.859486 
0.375075 0.422596 
0.494985 0.328351 
0.0423794 0.840906 
0.0177997 0.92238 
0.339348 0.429127 
0.0978264 0.724981 
0.38758 0.421471 
0.666431 0.201832 
0.356809 0.424368 
0.659254 0.210965 
0.0848679 0.748189 
0.445256 0.364147 
0.000509092 0.992504 
0.396357 0.393605 
0.682761 0.183031 
0.425287 0.376063 
0.668524 0.185773 
0.431922 0.376063 
0.336327 0.442235 
0.412886 0.389269 
0.137421 0.657966 
0.392567 0.405595 
0.1353 0.671412 
0.102706 0.712839 
0.14759 0.651676 
0.317211 0.472891 
0.323637 0.464043 
0.33175 0.456219 
0.0493061 0.80618 
0.29821 0.475232 
0.782797 0.134634 
0.292008 0.488569 
0.0597687 0.791499 
0.778263 0.141332 
0.0700084 0.785713 
0.0488661 0.825743 
0.451813 0.354802 
0.730001 0.173433 
0.477709 0.33072 
0.0010042 0.973611 
0.00716996 0.962719 
0.706149 0.181762 
0.898265 0.0847175 
0.721191 0.178473 
0.622757 0.225367 
0.0189086 0.878458 
0.0187601 0.897346 
0.601048 0.251407 
0.617707 0.250478 
0.991563 0.024777 
1.0017 0.00188168 
0.997733 0.016535 
0.856347 0.101813 
0.911227 0.0763106 
0.865094 0.0913577 
0.507901 0.32036 
0.87853 0.0875959 
0.000201431 1.00964 
0.522953 0.315832 
0.286318 0.502283 
0.533219 0.291147 
0.529391 0.294494 
0.188811 0.599034 
0.197992 0.576542 
0.197741 0.576941 
0.188811 0.599034 
0.814724 0.116707 
0.649864 0.219304 
0.263854 0.509914 
0.177418 0.626861 
0.0252754 0.871873 
0.177418 0.626861 
0.568752 0.270424 
0.792052 0.120239 
0.626228 0.224834 
0.0788918 0.767283 
0.241649 0.548671 
0.834123 0.108964 
0.748501 0.165984 
0.168334 0.650542 
0.945983 0.0604327 
0.972597 0.0371953 
0.955454 0.0455686 
0.588982 0.262044 
0.457697 0.335674 
0.551073 0.279472 
0.771215 0.158799 
0.218247 0.557795 
0.224995 0.55736 
0.257052 0.520044 
0.581681 0.269595 
2.96645e-06 1.02431 
1.0238 1.00521e-05 
0.0120801 0.942119 
0.923994 0.0660788 
