0.841647 0.107582 
0.339834 0.424851 
0.994507 0.0187325 
0.836083 0.114964 
0.355298 0.419917 
0.82165 0.118199 
0.335378 0.434582 
0.330543 0.444944 
0.0130477 0.924766 
0.853701 0.0973931 
0.152658 0.641903 
0.483996 0.333093 
0.863977 0.0875075 
0.49296 0.323255 
0.160227 0.632009 
0.145524 0.659896 
0.709845 0.178232 
0.144135 0.673249 
0.883304 0.0865451 
0.171041 0.619553 
0.543514 0.295192 
0.389624 0.404995 
0.374981 0.410709 
0.323296 0.46394 
0.506083 0.315293 
0.521496 0.311801 
0.89444 0.0862753 
0.0369655 0.857476 
0.323271 0.480027 
0.530825 0.299927 
0.296478 0.480963 
0.288551 0.490125 
0.288551 0.505973 
0.143723 0.690515 
0.124536 0.702538 
0.367972 0.416855 
0.407297 0.39729 
0.135694 0.69927 
0.446465 0.360771 
0.0301252 0.870835 
0.470438 0.33857 
0.469139 0.353482 
0.433387 0.392194 
0.107012 0.712393 
0.41309 0.395749 
0.433401 0.373248 
0.452332 0.360334 
0.225238 0.570207 
0.272266 0.515439 
0.0449424 0.845192 
0.0292909 0.895287 
0.00266877 0.95997 
0.000515109 0.981502 
0.667025 0.187413 
0.66236 0.205455 
0.678799 0.184051 
0.690922 0.180566 
0.993574 0.0389301 
0.987266 0.0487503 
0.757474 0.154873 
0.577851 0.269206 
0.577851 0.269206 
0.765124 0.149449 
0.912813 0.0839702 
0.789166 0.147519 
0.252183 0.547927 
0.183091 0.611016 
0.0893813 0.764682 
0.25618 0.544848 
0.791593 0.140117 
0.59599 0.258164 
5.3334e-05 0.999191 
0.751238 0.173378 
0.814375 0.129726 
0.60565 0.249276 
0.101896 0.722199 
0.0746736 0.789312 
0.0923472 0.761825 
0.217804 0.575058 
0.0655119 0.79469 
0.0564056 0.807847 
0.658534 0.22172 
0.198381 0.594984 
0.0483991 0.829817 
0.0528047 0.82629 
0.192543 0.60843 
0.0173341 0.911452 
0.730031 0.176396 
0.0291564 0.89926 
0.966551 0.048993 
1.00083 0.00488407 
0.264129 0.515943 
0.925514 0.0725232 
3.90578e-07 1.01874 
0.24325 0.561946 
0.00744936 0.94226 
1.00883 3.2467e-06 
0.65644 0.233626 
0.557968 0.290137 
0.562964 0.28916 
