0.791111 0.128975 
0.107646 0.710009 
0.130505 0.670592 
0.60039 0.242439 
0.591275 0.248273 
0.122611 0.676868 
0.248879 0.528293 
0.113497 0.682436 
0.773334 0.142903 
0.202061 0.579955 
0.935045 0.0431225 
0.110631 0.695956 
0.781327 0.135512 
0.805298 0.124346 
0.467954 0.333564 
0.83475 0.114874 
0.231686 0.548823 
0.516306 0.296677 
0.561623 0.278604 
0.822084 0.114916 
0.91465 0.0567098 
0.261684 0.513962 
0.18873 0.582255 
0.925036 0.05508 
0.523298 0.290731 
0.568306 0.263675 
0.159661 0.632944 
0.267663 0.499166 
0.842972 0.101903 
0.167542 0.622638 
0.139697 0.663447 
0.241168 0.538551 
0.540894 0.290102 
0.0966801 0.715198 
0.583117 0.253185 
0.183509 0.591873 
0.0607384 0.772778 
0.219197 0.576904 
0.396591 0.385902 
0.547466 0.279001 
0.0190401 0.921365 
0.393582 0.391446 
0.0693354 0.76487 
0.0275166 0.911195 
0.173343 0.603372 
0.902636 0.0701823 
0.0406346 0.836823 
0.617781 0.233012 
0.332313 0.429408 
0.040515 0.857559 
0.225452 0.565296 
0.289315 0.494256 
0.380377 0.402626 
0.00424594 0.961115 
0.154856 0.654678 
0.426408 0.36393 
0.607076 0.233156 
0.015519 0.9368 
0.0340751 0.870588 
0.045848 0.819641 
0.456994 0.340112 
0.0540765 0.819641 
0.76127 0.149508 
0.00801154 0.944658 
0.0295209 0.891387 
0.741906 0.160203 
0.892816 0.0810086 
0.44017 0.354212 
0.855704 0.0912835 
0.00114621 0.981114 
0.663937 0.193449 
0.999177 0.0051314 
0.448642 0.354212 
0.289315 0.494522 
0.317332 0.468452 
0.328001 0.451205 
0.079469 0.754363 
0.343404 0.421826 
0.862616 0.0865674 
0.0928399 0.737003 
0.645773 0.205855 
0.645773 0.205855 
1.0096 0.00169198 
0.696363 0.182958 
0.3803 0.407491 
0.0598597 0.788748 
0.000156903 1.00141 
0.509539 0.308657 
0.480871 0.328749 
0.735423 0.162806 
1.02435 9.10706e-05 
0.310892 0.477209 
0.425985 0.385497 
0.942535 0.0405417 
0.632391 0.225816 
0.675775 0.191153 
0.683143 0.186343 
0.000156719 1.02447 
0.995 0.0154997 
0.686459 0.183009 
