0.819613 0.111018 
0.484078 0.324246 
0.464516 0.348814 
0.138135 0.65697 
0.498187 0.320324 
0.82955 0.10327 
0.754728 0.159145 
0.512166 0.30114 
0.504226 0.309308 
0.766822 0.151574 
0.059321 0.792203 
0.00366786 0.952408 
0.0573056 0.806906 
0.0933921 0.721833 
0.476575 0.341899 
0.108807 0.703119 
0.2473 0.531102 
0.240632 0.540252 
0.314425 0.476511 
0.10158 0.716548 
0.231819 0.548332 
0.264265 0.530444 
0.136437 0.669075 
0.325504 0.46318 
0.148274 0.640716 
0.430437 0.378971 
0.30728 0.480475 
0.332356 0.437334 
0.152317 0.626039 
0.26669 0.501171 
0.338509 0.423445 
0.396104 0.40182 
0.332255 0.449679 
0.292771 0.48954 
0.277259 0.489691 
0.360566 0.420916 
0.392314 0.419795 
0.373335 0.420916 
0.524148 0.297529 
0.266213 0.518336 
0.736454 0.166438 
0.401082 0.392216 
0.0542269 0.821848 
0.00286177 0.967133 
0.0182843 0.917342 
0.0136187 0.930773 
0.00920666 0.942211 
0.782077 0.142629 
0.646042 0.224277 
0.544227 0.294041 
0.1219 0.678618 
0.454699 0.356621 
0.554902 0.288782 
0.111528 0.686724 
0.419096 0.380618 
0.983814 0.0237785 
0.792331 0.133507 
0.840389 0.0913571 
1.00647 0.000504311 
0.444629 0.364324 
0.85989 0.0898056 
0.0272134 0.872721 
0.998513 0.0166325 
0.0785528 0.758575 
0.90911 0.0716669 
0.064526 0.780971 
0.0722904 0.76596 
0.589086 0.26391 
0.892833 0.0737293 
0.0271135 0.881557 
0.0213624 0.89824 
0.621887 0.22452 
0.606083 0.231328 
0.57776 0.264809 
0.934444 0.046565 
0.567036 0.274981 
0.0443316 0.864145 
0.0865511 0.739648 
0.0468606 0.839229 
0.9455 0.0360482 
0.654847 0.216262 
0.196155 0.594778 
0.177778 0.600875 
0.164749 0.614105 
0.66826 0.202712 
0.697181 0.183044 
0.874375 0.0798488 
0.221482 0.559909 
2.2527e-05 1.00833 
0.00161044 0.987066 
1.02682 4.60552e-06 
0.921536 0.0610781 
0.668573 0.190568 
1.30107e-05 1.01992 
0.209336 0.575872 
0.969646 0.0340763 
0.69352 0.183981 
0.715149 0.171933 
0.807732 0.123953 
0.598366 0.24669 
