0.588737 0.238113 
0.584177 0.244985 
0.264732 0.497695 
0.275834 0.492555 
0.436337 0.377231 
0.35097 0.42296 
0.250763 0.508077 
0.370063 0.421756 
0.869576 0.0919277 
0.420022 0.382485 
0.879209 0.0837668 
0.379767 0.410481 
0.388029 0.406136 
0.409969 0.38686 
0.409152 0.404254 
0.885984 0.0771057 
0.486861 0.331226 
0.438716 0.356239 
0.455706 0.338775 
0.46837 0.338657 
0.454816 0.355002 
0.250548 0.5282 
0.204786 0.567839 
0.201663 0.581621 
0.176814 0.606946 
0.849047 0.0962425 
0.847485 0.10232 
0.174542 0.622177 
0.906774 0.0657684 
0.0683298 0.787676 
0.728516 0.162841 
0.069491 0.772341 
0.738975 0.159139 
0.288798 0.479976 
0.303613 0.479518 
0.0413279 0.861839 
0.0439605 0.850314 
0.129667 0.672266 
0.0348076 0.882671 
0.011174 0.942404 
0.920666 0.0546958 
0.311672 0.47247 
0.220349 0.556654 
0.930911 0.048183 
0.00192751 0.976032 
0.23817 0.537405 
0.229569 0.547099 
0.135259 0.659943 
0.48931 0.326457 
0.00532327 0.95903 
0.334995 0.427736 
0.79879 0.1233 
0.521507 0.29692 
0.807067 0.121993 
0.942792 0.0397346 
0.107584 0.705058 
0.535809 0.296363 
0.0495182 0.832605 
0.511227 0.313137 
0.106254 0.716708 
0.016874 0.927367 
0.0917146 0.724456 
0.89637 0.0707766 
0.144518 0.648601 
0.0578012 0.803352 
0.506796 0.316441 
0.0261918 0.921108 
0.165042 0.639195 
0.0572658 0.817856 
0.15403 0.647331 
0.331847 0.4341 
0.960231 0.0274906 
0.116501 0.684036 
0.115519 0.687956 
1.00387 4.38e-05 
0.688137 0.183105 
0.785956 0.133715 
0.581604 0.267311 
0.718311 0.172061 
0.823733 0.116076 
0.032681 0.899485 
0.769034 0.14243 
0.324717 0.460703 
0.607726 0.232032 
0.762724 0.157097 
0.547625 0.282802 
0.558782 0.270067 
0.000478632 0.995314 
0.627801 0.223943 
3.35377e-05 1.00778 
0.0772004 0.762648 
0.0913187 0.73683 
0.966634 0.0272224 
0.664309 0.198128 
1.02517e-05 1.02487 
0.18762 0.595079 
1.02563 1.56947e-06 
0.997719 0.0119274 
0.636297 0.215771 
0.671873 0.185008 
