0.996348 0.0117414 
0.366833 0.419452 
0.322952 0.463062 
0.0300951 0.889957 
0.0266288 0.897468 
0.396367 0.415448 
0.377903 0.416037 
0.353466 0.422872 
0.318221 0.477008 
0.341051 0.423986 
0.452654 0.369917 
0.333471 0.431272 
0.333317 0.447647 
0.991784 0.0260247 
0.429116 0.370031 
0.09748 0.73366 
0.468033 0.36615 
0.103516 0.721637 
0.666983 0.197347 
0.148724 0.658804 
0.672854 0.18897 
0.780891 0.133516 
0.277907 0.517273 
0.272355 0.528516 
0.653473 0.211077 
0.289789 0.511673 
0.701543 0.180992 
0.665413 0.209853 
0.0193838 0.911481 
0.686871 0.18308 
0.421342 0.379528 
0.0127004 0.953255 
0.0132377 0.933384 
0.0193641 0.919108 
0.153649 0.648263 
0.233284 0.569539 
0.613582 0.239598 
0.597827 0.247008 
0.0900995 0.748882 
0.591334 0.268907 
0.597324 0.262291 
0.93174 0.0563831 
0.737556 0.161845 
0.941864 0.0487565 
0.30211 0.483364 
0.294988 0.493824 
0.0671525 0.796278 
0.620866 0.233817 
0.583169 0.277909 
0.985965 0.0320184 
0.0813416 0.756411 
0.847519 0.104355 
0.139604 0.671308 
0.113496 0.707344 
0.0662863 0.811017 
0.254623 0.536519 
0.122944 0.703283 
0.25107 0.550894 
0.245099 0.553173 
0.00102058 0.979762 
0.0531994 0.817956 
0.960857 0.0352467 
0.217109 0.587718 
0.717781 0.174745 
3.00481e-05 1.00467 
0.794363 0.127213 
0.0520202 0.823701 
0.954733 0.0454549 
0.0725839 0.773825 
0.410696 0.396696 
0.0772541 0.773825 
0.752769 0.151607 
0.233218 0.57806 
0.866151 0.101919 
0.00550429 0.967076 
0.132773 0.688441 
0.734576 0.171515 
0.184505 0.599367 
0.769848 0.145947 
0.400534 0.400738 
0.0380027 0.846587 
0.581647 0.297616 
0.164093 0.63841 
0.0330178 0.866146 
0.199335 0.597044 
0.878875 0.101919 
0.833863 0.110997 
0.931154 0.09023 
0.827789 0.120954 
0.64326 0.221572 
0.931186 0.0681866 
0.22109 0.587718 
0.176096 0.626184 
1.00256 0.00271573 
0.494673 0.346895 
0.573999 0.32489 
2.14975e-06 1.01506 
0.476409 0.347996 
1.01512 1.52716e-06 
0.0380027 0.846587 
