0.988009 0.00711852 
0.319709 0.444575 
0.9846 0.0163782 
0.336196 0.423647 
0.650344 0.21258 
0.0199651 0.911257 
0.350341 0.421541 
0.28512 0.510269 
0.379887 0.412187 
0.314174 0.457823 
0.653394 0.197559 
0.66609 0.188948 
0.960082 0.0334824 
0.328621 0.438524 
0.628374 0.231938 
0.286404 0.499044 
0.00225811 0.971508 
0.957929 0.0435145 
0.638313 0.219204 
0.0282008 0.887556 
0.0484938 0.830755 
0.730065 0.174709 
0.396969 0.40494 
0.616181 0.238875 
0.60437 0.25731 
0.00429273 0.956038 
0.276145 0.520289 
0.40431 0.396247 
0.610968 0.250435 
0.943206 0.0494146 
0.177688 0.627278 
0.922116 0.0810353 
0.418027 0.391516 
0.0455638 0.840448 
0.206736 0.582329 
0.680622 0.185759 
0.176587 0.639802 
0.14672 0.681756 
0.210706 0.575435 
0.184779 0.613425 
0.304998 0.470699 
0.173901 0.657039 
0.245913 0.550694 
0.2702 0.524547 
0.192225 0.605563 
0.300912 0.490717 
0.135812 0.697901 
0.745199 0.166494 
0.755097 0.160112 
0.0541011 0.802949 
0.233383 0.568293 
0.928803 0.0667884 
0.353834 0.413753 
0.373143 0.413435 
0.142044 0.685737 
0.97501 0.0251756 
0.0346918 0.872064 
0.585121 0.26762 
0.00955886 0.945688 
0.915931 0.0925305 
0.933272 0.0574926 
0.588202 0.260858 
0.58194 0.281058 
0.0214305 0.889336 
0.0132484 0.927702 
0.689637 0.176996 
0.131579 0.712345 
0.0729946 0.787117 
0.0506248 0.820996 
0.0675021 0.794973 
0.768632 0.159928 
0.698627 0.176171 
0.0436585 0.860026 
0.245047 0.552695 
0.252323 0.534068 
0.233381 0.568786 
0.196912 0.593746 
0.261536 0.532916 
0.000675535 0.985163 
3.74171e-05 1.00106 
0.103938 0.732253 
0.167268 0.673383 
0.427697 0.377257 
0.808307 0.141478 
0.0968768 0.745285 
0.118163 0.718769 
0.0791439 0.776378 
0.0875926 0.750629 
0.788791 0.142056 
0.43729 0.371302 
0.116149 0.730488 
0.480205 0.371123 
0.480205 0.371123 
0.456986 0.37114 
5.35106e-07 1.01707 
1.02302 7.28564e-06 
0.5794 0.30044 
1.00363 0.000236855 
0.912877 0.103789 
0.304464 0.490518 
