0.0976051 0.720675 
0.822805 0.110821 
0.47895 0.333374 
0.0953349 0.732175 
0.499931 0.316236 
0.137819 0.65612 
0.137819 0.673492 
0.812708 0.117391 
0.495348 0.326776 
0.0547295 0.805804 
0.428171 0.375109 
0.0558823 0.78662 
0.0822969 0.752091 
0.120476 0.69678 
0.0902315 0.744873 
0.0740821 0.764787 
0.431554 0.367253 
0.126992 0.685544 
0.451755 0.348632 
0.388588 0.402779 
0.439802 0.355812 
0.37963 0.412331 
0.00420039 0.961931 
0.509543 0.310817 
0.357869 0.42203 
0.0686944 0.777394 
0.340045 0.423841 
0.371344 0.417136 
0.33358 0.429564 
0.0476038 0.816928 
0.329644 0.442983 
0.109913 0.70655 
0.400467 0.38277 
0.39157 0.384737 
0.687916 0.183192 
0.675079 0.184654 
0.150437 0.647427 
0.579433 0.276382 
0.653923 0.219912 
0.798624 0.128069 
0.0421412 0.834432 
0.663986 0.199418 
0.662689 0.215722 
0.0308017 0.860539 
0.320157 0.458465 
0.320146 0.464242 
0.836762 0.104304 
0.768999 0.145425 
0.758575 0.152154 
0.853294 0.096822 
0.16393 0.627426 
0.595318 0.267159 
0.0344358 0.846631 
0.600763 0.254713 
0.0306039 0.882503 
0.16393 0.637631 
0.747066 0.163625 
0.0256959 0.890199 
0.000771372 0.976726 
1.00208 0.00237244 
0.947579 0.0309526 
0.221953 0.563775 
0.619067 0.222435 
0.204223 0.577349 
0.247952 0.532525 
0.210995 0.577349 
0.175133 0.612203 
0.472233 0.344905 
0.181268 0.606008 
0.915235 0.0734264 
0.234947 0.562871 
0.235061 0.5448 
0.862483 0.0932129 
0.301914 0.469516 
0.875299 0.0865146 
0.285869 0.477465 
0.627483 0.221344 
0.994892 0.0155972 
0.000458485 0.997869 
0.00863516 0.941806 
0.60915 0.239058 
0.0108147 0.941806 
0.78542 0.134828 
0.255164 0.515169 
0.941419 0.0424175 
0.891455 0.0738619 
0.560049 0.27845 
0.726353 0.165341 
0.520392 0.301788 
0.702334 0.17254 
0.018642 0.906421 
0.917192 0.0515781 
1.77043e-06 1.01384 
0.96372 0.0297973 
1.00766 8.61023e-06 
0.275595 0.492507 
0.994892 0.0205401 
0.55574 0.285626 
0.18914 0.597669 
0.521338 0.297047 
