0.659532 0.213597 
0.684156 0.18295 
0.338496 0.421422 
0.672169 0.184618 
0.331142 0.46148 
0.333716 0.430922 
0.642445 0.236767 
0.667078 0.204966 
0.994143 0.0257357 
0.384255 0.404234 
0.333032 0.447159 
0.730502 0.161181 
0.0402257 0.825283 
0.715737 0.16949 
0.0300488 0.863548 
0.0357683 0.841449 
0.0535553 0.801068 
0.0455485 0.812459 
0.389814 0.390284 
0.648185 0.227811 
0.74949 0.16079 
0.406908 0.390264 
0.0122885 0.908971 
0.00111415 0.977121 
0.947038 0.0837152 
0.317309 0.469945 
0.352745 0.420998 
0.00984727 0.936768 
0.000302197 0.98953 
0.00591421 0.944726 
0.296982 0.486956 
0.311088 0.479733 
0.949621 0.0734389 
0.17875 0.623095 
0.17656 0.623464 
0.937498 0.091445 
0.378589 0.40625 
0.0863579 0.746448 
0.00581068 0.962115 
0.781208 0.148644 
0.797593 0.147845 
0.955971 0.0527313 
0.918346 0.109344 
0.631585 0.237593 
0.157378 0.640028 
0.925541 0.0983115 
0.364946 0.418967 
0.421232 0.381892 
0.0957237 0.735153 
0.421699 0.375682 
0.701688 0.177855 
0.166392 0.639901 
0.981216 0.0360426 
0.759416 0.151847 
0.14352 0.647305 
0.443941 0.372075 
0.448607 0.371911 
0.0833043 0.764221 
0.47675 0.370648 
0.956688 0.041765 
0.47635 0.370986 
0.129409 0.660138 
0.025722 0.88182 
0.999327 0.00987958 
0.129409 0.660179 
0.116303 0.693281 
0.205966 0.573294 
0.502785 0.370595 
0.09725 0.731353 
0.066462 0.793996 
0.071511 0.775178 
0.205905 0.59333 
0.906356 0.12937 
9.14255e-05 1.0062 
0.112263 0.700248 
0.0199698 0.904676 
0.201497 0.62148 
0.20986 0.572474 
0.0771557 0.77015 
0.0352156 0.846529 
0.116931 0.675609 
0.204289 0.601116 
0.14346 0.650816 
0.262266 0.506125 
0.296982 0.486956 
0.246282 0.565464 
0.91492 0.122343 
0.258205 0.508672 
1.00629 0.000596366 
0.10585 0.704477 
0.812826 0.147625 
0.812915 0.145821 
1.02079 9.54361e-07 
0.591443 0.255842 
0.246325 0.553866 
0.59177 0.243925 
1.86466e-06 1.01296 
0.516721 0.369847 
0.906121 0.131786 
0.025722 0.883807 
