0.0529938 0.812642 
0.722386 0.168986 
0.667097 0.200858 
0.328852 0.453411 
0.00737399 0.945286 
0.740959 0.165572 
0.000254798 0.986772 
0.102614 0.740086 
0.431977 0.372061 
0.74509 0.153766 
0.00470934 0.960653 
0.768411 0.14164 
0.055277 0.793404 
0.422986 0.38086 
0.332538 0.440032 
0.0607278 0.779836 
0.390428 0.39728 
0.406627 0.383465 
0.400247 0.391868 
0.678265 0.184163 
0.67795 0.197815 
0.64724 0.233794 
0.660239 0.214459 
0.655697 0.222259 
0.762147 0.14802 
0.00202194 0.973732 
0.024169 0.898119 
0.633165 0.248875 
0.0150341 0.917143 
0.225852 0.568926 
0.188341 0.614748 
0.0446112 0.818043 
0.784343 0.137123 
0.0379784 0.826565 
0.812525 0.128385 
0.800101 0.136919 
0.630035 0.257377 
0.96478 0.0620935 
0.197118 0.611486 
0.962513 0.0716988 
0.0358506 0.848454 
0.973683 0.0468817 
0.31633 0.456671 
0.316197 0.473561 
0.204862 0.600752 
0.169709 0.63835 
0.375635 0.407269 
0.218569 0.593951 
0.293422 0.502141 
0.698757 0.178961 
0.241755 0.566517 
0.710772 0.177241 
0.0230913 0.908435 
0.98168 0.0424751 
0.835218 0.119574 
0.179202 0.628177 
0.107609 0.711357 
0.102873 0.718955 
0.499202 0.341989 
0.335594 0.429491 
0.349974 0.420793 
0.437724 0.359543 
0.989031 0.0228413 
0.112478 0.696193 
0.0739713 0.743248 
0.856025 0.118735 
0.0787114 0.74263 
0.0145653 0.933509 
0.629888 0.276365 
0.824292 0.12744 
0.362332 0.420481 
0.446112 0.348392 
0.0352845 0.859982 
0.28356 0.518825 
0.306927 0.488037 
0.121547 0.684182 
0.137847 0.674426 
0.593179 0.322815 
0.637246 0.236319 
0.0261009 0.872104 
0.626777 0.298168 
0.254823 0.536813 
0.0664457 0.768026 
0.27198 0.533241 
0.502539 0.331863 
0.595537 0.322799 
0.531184 0.323072 
0.99951 0.0066565 
0.558743 0.323007 
0.960687 0.0949027 
0.143947 0.668658 
0.162696 0.644878 
0.517486 0.323329 
0.218755 0.578009 
1.00032 8.72156e-05 
0.865061 0.118552 
0.474958 0.345245 
1.0221 1.46132e-06 
2.01281e-06 1.00556 
0.255524 0.536813 
