0.430689 0.353712 
0.117488 0.679223 
0.0927993 0.729803 
0.79896 0.121982 
0.0951488 0.719631 
0.104389 0.685399 
0.787588 0.127119 
0.762996 0.142447 
0.457058 0.338085 
0.770885 0.128706 
0.813232 0.116609 
0.441036 0.344236 
0.0826588 0.743217 
0.71351 0.175452 
0.0763504 0.753175 
0.48574 0.326081 
0.00346625 0.961249 
0.000278523 0.992218 
0.0229879 0.891465 
0.0981169 0.700309 
0.00118074 0.975049 
0.0188955 0.902173 
0.0139398 0.937978 
0.01562 0.919273 
0.00878924 0.949826 
0.0333022 0.884467 
0.414218 0.379086 
0.755799 0.154866 
0.323755 0.449127 
0.655899 0.212648 
0.742799 0.155606 
0.358073 0.421822 
0.959957 0.0447743 
0.312919 0.47458 
0.663341 0.198371 
0.122876 0.672481 
0.306996 0.483623 
0.582925 0.259031 
0.601384 0.24656 
0.579277 0.270599 
0.631039 0.24575 
0.914464 0.0587874 
0.473049 0.33167 
0.942252 0.0475914 
0.92413 0.0527616 
0.632253 0.23748 
0.504471 0.308494 
0.332777 0.43551 
0.344278 0.428703 
0.321606 0.463288 
0.424185 0.3693 
0.982232 0.0299791 
0.972166 0.0325712 
0.13785 0.662715 
0.565399 0.280182 
0.548527 0.28361 
0.222302 0.568151 
0.40162 0.390966 
0.0613716 0.786855 
0.178122 0.61691 
0.204523 0.58766 
0.184119 0.599863 
0.190822 0.596194 
0.0552431 0.797749 
0.860931 0.0987793 
0.0338491 0.860224 
1.02164 0.000120709 
0.0540769 0.826066 
1.00694 0.00361736 
0.0371206 0.849822 
0.0460076 0.829034 
0.288235 0.491696 
1.03964 7.70275e-05 
0.288235 0.501395 
0.842078 0.0988257 
0.144847 0.652959 
0.15362 0.643855 
0.519464 0.307528 
0.910231 0.0747849 
0.497159 0.316912 
0.674539 0.184982 
0.830796 0.108843 
0.640448 0.217641 
0.248853 0.521484 
0.698509 0.183765 
0.370998 0.410427 
0.225249 0.559246 
0.267353 0.509131 
0.994286 0.0152061 
0.386243 0.401506 
0.15951 0.624138 
0.869791 0.0895777 
0.248853 0.522029 
0.0716534 0.766075 
1.05887 1.23402e-05 
5.78656e-06 1.01473 
0.225249 0.559246 
0.211785 0.574853 
0.53926 0.291158 
0.725198 0.166598 
