0.0262191 0.881222 
0.331814 0.428664 
0.0287802 0.865416 
0.34153 0.422233 
0.0193444 0.885626 
0.0349088 0.856076 
0.663594 0.20138 
0.0065551 0.94389 
0.359395 0.422039 
0.330594 0.447573 
0.0456075 0.83664 
0.0156872 0.900312 
0.0111289 0.927041 
0.845764 0.0918191 
0.079123 0.782877 
0.035423 0.841091 
0.00462435 0.95822 
0.314699 0.465302 
0.745932 0.164029 
0.95481 0.044017 
0.952471 0.0590281 
0.961403 0.0378466 
0.402292 0.403735 
0.0646411 0.789321 
0.989436 0.0145049 
0.633274 0.235658 
0.617402 0.255338 
0.7863 0.131745 
0.618845 0.239136 
0.31144 0.468929 
0.0590373 0.795457 
0.734186 0.165083 
0.760605 0.163631 
0.682161 0.183192 
0.305044 0.491029 
0.770164 0.139032 
0.760977 0.146814 
0.704573 0.179209 
0.694927 0.182236 
0.303207 0.502485 
0.801823 0.130403 
0.015459 0.909958 
0.244309 0.559811 
0.63877 0.225415 
0.182311 0.592508 
0.0879735 0.77186 
0.97897 0.0309207 
0.196443 0.576444 
0.000429312 0.98717 
0.233392 0.567523 
0.245979 0.550571 
0.612942 0.264141 
0.29849 0.511316 
0.186453 0.587109 
0.00188468 0.972459 
0.66634 0.187183 
0.843039 0.10336 
0.052119 0.817191 
0.107001 0.712809 
0.131634 0.698491 
0.116977 0.710528 
0.0901863 0.755603 
0.999644 0.00957092 
0.817548 0.127709 
0.71724 0.166937 
0.837137 0.116106 
0.145862 0.639015 
0.145862 0.650354 
0.101408 0.733815 
0.0947714 0.739145 
0.14261 0.67826 
0.13862 0.683911 
0.271473 0.530646 
0.0521158 0.831394 
0.284395 0.516957 
0.280157 0.520667 
0.599648 0.273048 
0.860981 0.0838621 
0.599648 0.284708 
0.265377 0.543919 
0.323741 0.455404 
0.217189 0.576145 
0.866544 0.0811959 
0.823335 0.120329 
0.987038 0.025222 
0.887036 0.0805161 
0.168747 0.627414 
0.596868 0.305122 
0.412791 0.392603 
0.369665 0.407211 
0.421021 0.36519 
0.175926 0.607725 
1.00691 0.000975087 
0.949161 0.0779141 
0.64584 0.208737 
1.01414 2.87388e-06 
9.09463e-07 1.00979 
0.429372 0.358436 
0.595644 0.314168 
0.265437 0.534988 
