0.0712642 0.766152 
0.404183 0.389841 
0.415186 0.381355 
0.32983 0.440384 
0.0485691 0.82772 
0.431144 0.364551 
0.0519708 0.808695 
0.743809 0.160587 
0.453074 0.348846 
0.450643 0.354957 
0.422394 0.365186 
0.340935 0.423478 
0.136293 0.662565 
0.325375 0.453899 
0.641361 0.214677 
0.657171 0.212961 
0.00706258 0.944856 
0.153317 0.657509 
0.129415 0.673626 
0.0048612 0.959423 
0.166474 0.649899 
0.175105 0.640894 
0.469883 0.332309 
0.00108195 0.97372 
0.117719 0.708745 
0.0146071 0.935789 
0.0418682 0.83819 
0.465767 0.3383 
0.119069 0.685479 
0.738965 0.169848 
0.11108 0.715623 
0.18323 0.629234 
0.806671 0.117621 
0.0615594 0.782935 
0.821342 0.117621 
0.0615594 0.793643 
0.974651 0.0279527 
0.106294 0.72976 
0.988111 0.0271521 
0.791655 0.129738 
0.755251 0.145511 
0.997322 0.0120382 
1.02267 7.64864e-06 
1.00798 0.0043482 
0.768755 0.141461 
0.778854 0.133846 
0.0375453 0.85323 
0.0247949 0.897892 
0.000165623 0.999013 
0.393133 0.401461 
0.0325187 0.868047 
0.0290361 0.88739 
0.357017 0.421274 
0.25696 0.510037 
0.280041 0.509551 
0.295035 0.475022 
0.0205363 0.919145 
3.97918e-06 1.01711 
3.54691e-06 1.04272 
0.53063 0.310331 
0.544949 0.301901 
0.929693 0.0486835 
0.28915 0.479958 
0.547266 0.289445 
0.915998 0.0487418 
0.958614 0.0362631 
0.957522 0.0427188 
0.287799 0.507194 
0.199124 0.594172 
0.205049 0.594118 
0.512777 0.316597 
0.0731756 0.751614 
0.0940892 0.733803 
0.207071 0.567318 
0.377233 0.410776 
0.664579 0.190049 
0.677123 0.189845 
0.557187 0.271253 
0.217082 0.561247 
0.185949 0.611333 
0.629421 0.228785 
0.839047 0.105355 
0.0881153 0.745446 
0.853052 0.101268 
0.690771 0.183245 
0.492826 0.329668 
0.223684 0.554647 
0.575195 0.261929 
0.877665 0.0838428 
0.310823 0.460616 
1.04831 3.94001e-06 
0.722784 0.17665 
0.60645 0.244243 
0.589543 0.249172 
2.89557e-06 1.06149 
0.241821 0.537435 
0.244617 0.517693 
0.377097 0.414029 
0.879127 0.0734233 
0.907445 0.0654388 
