4.78337e-17 4.57817e-17 1.08132 
0.763486 0.763486 0 
4.39299e-17 4.90628e-17 1.07551 
0.680858 0.838109 0.399095 
4.91713e-17 4.39407e-17 1.07695 
0.834284 0.720625 0 
0.0684173 0.0762664 1.06922 
0.108346 0.0965522 1.06919 
0.300251 0.268211 0.999162 
0.268231 0.268231 1.01674 
0.264865 0.295326 0.998379 
0.188974 0.207823 1.03727 
0.341439 0.333966 0.988483 
0.321251 0.341557 0.970442 
0.737585 0.787817 0.0545693 
0.782877 0.748598 0 
0.209205 0.187504 1.03742 
0.164954 0.14702 1.05601 
0.774271 0.677209 0.369263 
0.426035 0.378079 0.920012 
0.740684 0.78641 0.0691795 
0.82287 0.716199 0.111868 
0.138002 0.123404 1.06042 
0.214291 0.238707 1.02456 
0.160234 0.179339 1.04988 
0.562403 0.485803 0.814224 
0.684356 0.80048 0.351767 
0.714709 0.686475 0.463978 
0.408399 0.364585 0.928282 
0.603041 0.701743 0.606569 
0.2407 0.214489 1.02973 
0.73094 0.683149 0.487509 
0.700308 0.812889 0.261805 
0.50208 0.572406 0.781054 
0.651749 0.63566 0.64051 
0.824522 0.672504 0.430813 
0.638604 0.621589 0.659421 
0.348141 0.312077 0.967637 
0.792665 0.688894 0.319584 
0.48259 0.532698 0.83273 
0.756963 0.756963 0.175821 
0.436455 0.436455 0.886181 
0.741908 0.659541 0.511408 
0.23371 0.22101 1.02737 
0.632602 0.744997 0.537997 
0.344178 0.396565 0.965188 
0.704973 0.614318 0.571153 
0.789741 0.701528 0.231261 
0.794105 0.665491 0.440911 
0.718979 0.817006 0 
0.698196 0.807806 0.27246 
0.348233 0.391751 0.945239 
0.730333 0.625036 0.554079 
0.543788 0.513926 0.774213 
0.221376 0.234167 1.02923 
0.609038 0.543277 0.704682 
0.12342 0.138169 1.0612 
0.531953 0.550423 0.794451 
0.536412 0.58028 0.756843 
0.795484 0.703418 0.22144 
0.809443 0.696525 0.285306 
0.528623 0.602667 0.739681 
0.805846 0.711589 0.152082 
0.416653 0.470558 0.882868 
0.468716 0.419485 0.872804 
0.589056 0.589056 0.680027 
0.130122 0.132301 1.06293 
0.817061 0.695346 0.299438 
0.733448 0.775695 0.140394 
0.386581 0.3899 0.939678 
0.364269 0.381299 0.943078 
0.815021 0.714477 0.126417 
0.744276 0.769572 0.146554 
0.665374 0.754362 0.411004 
0.612738 0.535356 0.730865 
0.705946 0.803341 0.207455 
0.687676 0.773613 0.311184 
0.380322 0.359919 0.966965 
0.491004 0.495588 0.84591 
0.672685 0.795544 0.408196 
0.441764 0.501963 0.858605 
0.368918 0.412802 0.923684 
0.767179 0.733504 0.18987 
0.511706 0.454416 0.863675 
0.647005 0.58598 0.672096 
0.681083 0.648662 0.542132 
0.657542 0.630143 0.584663 
0.580336 0.49716 0.803361 
0.6875 0.595224 0.641819 
0.593462 0.564927 0.70746 
0.633234 0.723431 0.518506 
0.460426 0.410288 0.885416 
0.431795 0.461202 0.876647 
0.147088 0.165643 1.05869 
0.147088 0.165643 1.05869 
0.649869 0.644561 0.594754 
0.393686 0.350401 0.94255 
0.486771 0.430852 0.86746 
0.606984 0.538659 0.715744 
0.620106 0.55571 0.67972 
0.708928 0.793112 0.166735 
0.555195 0.472903 0.841046 
0.572604 0.569433 0.712228 
0.618572 0.737908 0.583297 
0.581412 0.5184 0.74605 
0.395651 0.342996 0.966964 
0.567889 0.507431 0.761567 
0.472781 0.520334 0.841815 
0.446692 0.446692 0.876553 
0.525067 0.456423 0.848919 
0.461692 0.436881 0.867705 
0.6645 0.626619 0.576212 
0.787531 0.707898 0.171091 
0.556865 0.524665 0.765096 
0.450999 0.44791 0.867705 
0.552311 0.526546 0.763085 
0.518176 0.5592 0.762372 
0.635364 0.730784 0.516369 
0.564598 0.641576 0.673824 
0.706473 0.791279 0.189755 
