0.817576 0.719034 0 
4.58356e-17 4.74866e-17 1.07785 
4.87104e-17 4.38946e-17 1.07084 
0.721308 0.84163 0 
0.826375 0.719878 0 
4.38953e-17 4.87181e-17 1.07094 
0.129102 0.143155 1.05278 
0.143867 0.129173 1.05593 
0.769323 0.760832 0 
0.239947 0.20959 1.04649 
0.754013 0.756015 0.103165 
0.794241 0.709445 0.162395 
0.190143 0.213599 1.04133 
0.208911 0.231909 1.02459 
0.783661 0.703346 0.210151 
0.443936 0.477705 0.856528 
0.298861 0.316451 0.986751 
0.522471 0.457434 0.842962 
0.497813 0.4659 0.827666 
0.712944 0.669607 0.420962 
0.79882 0.711583 0.142777 
0.588524 0.594587 0.672928 
0.78374 0.662283 0.447516 
0.693463 0.799628 0.297153 
0.259551 0.253242 1.01807 
0.337928 0.382432 0.957777 
0.576371 0.646396 0.642851 
0.754013 0.756015 0.103165 
0.483026 0.450742 0.867734 
0.463035 0.434551 0.883318 
0.718774 0.814889 0 
0.805019 0.680166 0.377773 
0.324862 0.289696 0.986751 
0.640717 0.733572 0.498119 
0.308284 0.275866 0.993238 
0.668516 0.744709 0.38881 
0.141778 0.133309 1.06281 
0.378933 0.337585 0.952436 
0.472102 0.514173 0.808581 
0.194296 0.217261 1.03619 
0.630039 0.618149 0.629979 
0.619297 0.582797 0.684032 
0.346378 0.390829 0.948942 
0.601967 0.65561 0.590652 
0.681976 0.771458 0.341838 
0.398346 0.374016 0.921113 
0.488982 0.482933 0.821335 
0.596065 0.678036 0.609374 
0.728641 0.728641 0.366372 
0.221627 0.221627 1.02266 
0.373496 0.350907 0.966611 
0.315643 0.298679 0.985137 
0.564381 0.572125 0.715757 
0.687088 0.779203 0.319255 
0.743183 0.626897 0.558963 
0.284629 0.270184 0.997611 
0.710813 0.766644 0.254133 
0.671522 0.694778 0.470396 
0.439437 0.508978 0.874035 
0.615613 0.535917 0.732156 
0.412415 0.453468 0.898383 
0.705493 0.805548 0.213704 
0.659967 0.603866 0.582949 
0.649714 0.609561 0.660686 
0.665707 0.750174 0.406483 
0.655988 0.584326 0.627021 
0.424322 0.424322 0.887783 
0.534967 0.540822 0.760709 
0.257912 0.291402 1.01179 
0.443779 0.401268 0.885137 
0.36961 0.421372 0.935722 
0.510769 0.538528 0.796737 
0.776851 0.691673 0.289344 
0.701385 0.792237 0.235747 
0.369503 0.364932 0.936595 
0.719618 0.635037 0.508724 
0.506947 0.545206 0.776749 
0.781785 0.687339 0.319901 
0.272911 0.263387 1.00087 
0.65243 0.65243 0.54368 
0.469337 0.52414 0.813396 
0.245542 0.229801 1.01824 
0.616249 0.565653 0.690738 
0.392154 0.346478 0.950865 
0.549848 0.549848 0.744173 
0.738038 0.6325 0.532862 
0.686145 0.639921 0.527655 
0.698605 0.791869 0.274839 
0.739023 0.644099 0.489171 
0.414131 0.439797 0.884703 
0.548251 0.621563 0.70268 
0.721463 0.619136 0.56792 
0.679756 0.766005 0.349746 
0.728837 0.648027 0.465501 
0.355449 0.371129 0.96443 
0.607138 0.557031 0.719514 
0.382659 0.393423 0.92518 
0.746118 0.654099 0.454002 
0.683542 0.597772 0.608383 
0.431255 0.498067 0.881592 
0.492562 0.552356 0.784495 
0.662324 0.737811 0.411873 
0.558966 0.552796 0.743435 
0.404564 0.453774 0.891015 
0.537051 0.613124 0.726782 
0.569287 0.643168 0.661457 
0.517473 0.558603 0.761456 
0.701553 0.783472 0.224965 
0.678193 0.783572 0.37147 
0.547542 0.49572 0.770665 
0.269392 0.302122 0.999719 
0.358575 0.359157 0.952466 
0.229048 0.212044 1.02459 
0.542761 0.50095 0.770665 
0.275846 0.30766 0.99209 
0.779917 0.694746 0.271846 
0.397894 0.358757 0.926715 
0.777963 0.734327 0.142777 
0.562212 0.522325 0.767402 
0.756901 0.767253 0 
