4.90211e-17 4.39258e-17 1.07496 
0.851701 0.72223 0 
0.719357 0.820924 0 
4.39388e-17 4.9152e-17 1.07669 
4.8716e-17 4.54378e-17 1.08794 
0.0898969 0.0938346 1.06936 
0.180436 0.203276 1.0472 
0.140403 0.15716 1.05634 
0.156899 0.140695 1.05634 
0.790056 0.696075 0.271704 
0.701802 0.797355 0.236346 
0.518874 0.490986 0.827205 
0.680634 0.58375 0.650664 
0.197823 0.186398 1.0472 
0.34676 0.367789 0.962524 
0.721644 0.600513 0.631837 
0.799012 0.712187 0.135092 
0.229446 0.259446 1.03912 
0.769446 0.738041 0.188714 
0.822506 0.716813 0.100377 
0.232506 0.254843 1.0307 
0.734387 0.620556 0.573401 
0.670614 0.77363 0.401404 
0.810799 0.683812 0.362753 
0.792907 0.740098 0.0704509 
0.193983 0.172152 1.05051 
0.599165 0.643233 0.67279 
0.611619 0.68627 0.564836 
0.25335 0.232586 1.02757 
0.583001 0.523518 0.742948 
0.367277 0.425316 0.948674 
0.692993 0.605007 0.592641 
0.637853 0.546167 0.724589 
0.433799 0.381718 0.922323 
0.336155 0.348197 0.984347 
0.255287 0.225274 1.03153 
0.738113 0.637336 0.514722 
0.470909 0.429795 0.86998 
0.571722 0.50781 0.764681 
0.362614 0.316911 0.981744 
0.315138 0.335564 0.993958 
0.272059 0.304265 0.996139 
0.30137 0.271481 1.00415 
0.68661 0.783357 0.325421 
0.645306 0.750352 0.49341 
0.78037 0.729778 0.231503 
0.752839 0.658169 0.441871 
0.150428 0.149822 1.06419 
0.3225 0.284399 0.99807 
0.839179 0.707101 0.232356 
0.251457 0.282707 1.01197 
0.457456 0.406938 0.890042 
0.163759 0.183559 1.04974 
0.778052 0.73407 0.292336 
0.717502 0.805064 0.0334873 
0.281128 0.277605 1.00855 
0.628759 0.628759 0.661245 
0.76191 0.65365 0.468103 
0.759409 0.759409 0.184072 
0.727139 0.631658 0.527318 
0.673312 0.763433 0.380371 
0.694629 0.788109 0.283709 
0.688835 0.781553 0.310838 
0.387996 0.335061 0.976169 
0.262106 0.29652 1.01025 
0.711333 0.80089 0.148715 
0.592998 0.592998 0.690872 
0.5576 0.482375 0.818008 
0.762471 0.651021 0.47946 
0.342548 0.320841 0.984737 
0.812166 0.720146 0.0998654 
0.621843 0.703998 0.544135 
0.422619 0.358355 0.969577 
0.780955 0.745353 0.0409679 
0.448338 0.458829 0.87537 
0.658358 0.747899 0.437221 
0.717152 0.807112 0.0560866 
0.413773 0.466829 0.885269 
0.74326 0.764881 0.162002 
0.481383 0.547195 0.808585 
0.416032 0.416032 0.910744 
0.382808 0.391766 0.9369 
0.296432 0.262097 1.01006 
0.64438 0.691228 0.54743 
0.453275 0.514533 0.844106 
0.578033 0.570662 0.71904 
0.500626 0.565126 0.776995 
0.563731 0.527627 0.772129 
0.59423 0.66726 0.605748 
0.397123 0.397123 0.928364 
0.547101 0.534204 0.764653 
0.551942 0.488618 0.794612 
0.382297 0.439843 0.930192 
0.50409 0.442206 0.860199 
0.593525 0.559246 0.71097 
0.509603 0.451117 0.843603 
0.459166 0.525107 0.841608 
0.57979 0.679624 0.686428 
0.531323 0.5499 0.764653 
0.4025 0.421602 0.920899 
0.539801 0.486026 0.805882 
0.491891 0.475728 0.842373 
0.442369 0.442369 0.887817 
0.71136 0.625294 0.537836 
0.652462 0.566231 0.699687 
0.507593 0.569521 0.762893 
0.449703 0.396002 0.907924 
0.534054 0.520145 0.796714 
0.407411 0.362894 0.931279 
0.685751 0.753994 0.370747 
0.66239 0.562752 0.698773 
0.820049 0.718411 0.0566338 
0.748069 0.663079 0.416517 
0.425894 0.474674 0.870217 
0.141415 0.156351 1.05671 
0.736528 0.770361 0.161892 
0.751593 0.674017 0.367513 
0.596095 0.668663 0.600994 
0.748069 0.663079 0.416517 
0.768255 0.685135 0.321581 
