4.40605e-17 5.03987e-17 1.09326 
5.01979e-17 4.40413e-17 1.09059 
0.722596 0.855756 0 
0.827191 0.719956 0 
4.63321e-17 4.98896e-17 1.11192 
0.130426 0.114531 1.07601 
0.10235 0.116853 1.08074 
0.114594 0.131078 1.07931 
0.181946 0.21284 1.07453 
0.218874 0.187257 1.07174 
0.732103 0.813916 0.0577381 
0.719855 0.82613 3.83563e-41 
0.582667 0.508872 0.773596 
0.444988 0.516751 0.869174 
0.259835 0.249288 1.03827 
0.797111 0.73688 0.123072 
0.823236 0.730854 0.0787767 
0.289006 0.340073 1.02178 
0.575289 0.674847 0.6719 
0.816022 0.712199 0.157739 
0.495799 0.460815 0.862721 
0.368392 0.371441 0.974805 
0.694384 0.851336 0.332758 
0.198518 0.225926 1.04711 
0.305083 0.35208 0.996466 
0.528251 0.608713 0.746918 
0.789456 0.734131 0.252796 
0.549025 0.481674 0.809932 
0.396782 0.399342 0.942063 
0.762618 0.658366 0.448565 
0.625378 0.673768 0.627189 
0.769602 0.76353 0.193651 
0.69823 0.840655 0.299671 
0.652509 0.5617 0.692686 
0.431242 0.431866 0.926104 
0.423185 0.447909 0.918087 
0.705457 0.823207 0.231168 
0.690351 0.612097 0.611937 
0.679871 0.679871 0.532928 
0.578325 0.587166 0.714243 
0.667744 0.76974 0.41196 
0.762282 0.735574 0.295915 
0.338697 0.28888 1.01919 
0.658069 0.760603 0.460845 
0.730135 0.706287 0.490037 
0.471571 0.54295 0.830005 
0.566079 0.652376 0.679422 
0.744373 0.726108 0.358194 
0.405919 0.355161 0.950243 
0.513739 0.509551 0.835123 
0.641062 0.750345 0.509933 
0.55592 0.641518 0.699488 
0.732265 0.805038 0.0778756 
0.597493 0.697107 0.620915 
0.619277 0.598001 0.692609 
0.520674 0.587742 0.785202 
0.605017 0.605017 0.708463 
0.196757 0.211916 1.06083 
0.348242 0.387337 0.970559 
0.329381 0.303984 1.02619 
0.455513 0.458184 0.893802 
0.677038 0.792288 0.384121 
0.752216 0.622806 0.579723 
0.809201 0.72219 0.175073 
0.245217 0.273709 1.03598 
0.509475 0.549393 0.824876 
0.413831 0.478064 0.907319 
0.240775 0.277416 1.03554 
0.289833 0.326052 1.03115 
0.537422 0.621158 0.741141 
0.439347 0.49308 0.886803 
0.786506 0.760672 0.126906 
0.624453 0.738739 0.562945 
0.737447 0.641847 0.496774 
0.672418 0.771789 0.391269 
0.665371 0.649045 0.58792 
0.357165 0.305556 1.00537 
0.782857 0.75781 0.175873 
0.478246 0.412132 0.905922 
0.453133 0.438072 0.904404 
0.319233 0.311929 1.02187 
0.602228 0.689248 0.598674 
0.379604 0.393011 0.962652 
0.677415 0.780791 0.373307 
0.387448 0.377631 0.953197 
0.123112 0.123112 1.07931 
0.702088 0.81049 0.246308 
0.764097 0.785963 0.209134 
0.313291 0.324195 1.03219 
0.464638 0.427836 0.906332 
0.20429 0.197099 1.05621 
0.717826 0.752363 0.358194 
0.631117 0.738704 0.538532 
0.503589 0.595581 0.802341 
0.486705 0.47123 0.863448 
0.602403 0.559083 0.729119 
0.708109 0.712239 0.454219 
0.678235 0.672694 0.555936 
0.814285 0.706678 0.212004 
0.720127 0.700861 0.510613 
0.652875 0.631431 0.623191 
0.216492 0.189818 1.05624 
0.394837 0.366977 0.954928 
0.258549 0.250621 1.03827 
0.792149 0.689986 0.312611 
0.324627 0.347843 1.01772 
0.355962 0.410798 0.956304 
0.466388 0.51503 0.885585 
0.202217 0.203438 1.05228 
0.757909 0.737344 0.316154 
0.636971 0.546838 0.72177 
0.572856 0.543592 0.801386 
0.226606 0.260375 1.04093 
0.540174 0.47066 0.829132 
0.226606 0.260375 1.04093 
0.749762 0.689651 0.411837 
0.342727 0.345228 0.99951 
0.377474 0.44573 0.952973 
0.518747 0.497868 0.829843 
0.694269 0.665161 0.532928 
