4.54002e-17 4.8968e-17 1.09054 
4.39758e-17 4.95257e-17 1.08165 
0.838447 0.712324 0.182589 
4.96313e-17 4.39862e-17 1.08305 
0.822579 0.719516 3.0059e-30 
0.715108 0.822795 0.128788 
0.132951 0.143281 1.07179 
0.136421 0.118935 1.08029 
0.27274 0.27274 1.0141 
0.15595 0.178098 1.06609 
0.419966 0.455842 0.897992 
0.657335 0.773185 0.461114 
0.171438 0.164008 1.06847 
0.463009 0.551944 0.864347 
0.673074 0.586422 0.63557 
0.434598 0.394078 0.92888 
0.559481 0.630324 0.678404 
0.480785 0.480785 0.847028 
0.3621 0.357222 0.96805 
0.384621 0.40467 0.951103 
0.739601 0.804773 0.0495273 
0.482129 0.44345 0.889141 
0.416212 0.493215 0.915998 
0.453683 0.50985 0.878785 
0.287716 0.32923 1.00234 
0.753102 0.780592 0.156212 
0.639775 0.579978 0.658304 
0.334252 0.295326 0.989446 
0.746333 0.672686 0.436082 
0.235319 0.267101 1.02756 
0.375036 0.431919 0.937724 
0.802052 0.770809 5.01294e-26 
0.307171 0.277819 1.01071 
0.762413 0.751915 0.23288 
0.550706 0.596927 0.737453 
0.822836 0.716158 0.112511 
0.189978 0.166528 1.06162 
0.444804 0.380532 0.942891 
0.739141 0.644192 0.488898 
0.544428 0.618793 0.710974 
0.295521 0.336257 0.993068 
0.496043 0.434559 0.870008 
0.714228 0.623678 0.545941 
0.401229 0.421053 0.920881 
0.633989 0.723102 0.515426 
0.583878 0.689452 0.658068 
0.8306 0.708139 0.215133 
0.697536 0.742718 0.387859 
0.718343 0.811885 0.0224812 
0.767858 0.678415 0.357965 
0.525189 0.600338 0.746922 
0.576078 0.56462 0.725012 
0.351294 0.351294 0.984145 
0.607079 0.654773 0.626051 
0.790121 0.695661 0.274583 
0.685823 0.789324 0.334735 
0.410639 0.410639 0.92619 
0.809279 0.701274 0.251418 
0.616911 0.722228 0.576349 
0.688788 0.796018 0.322921 
0.24664 0.21915 1.02958 
0.536507 0.471332 0.822929 
0.399218 0.361778 0.958227 
0.568036 0.572711 0.725012 
0.205525 0.232722 1.04033 
0.682293 0.60259 0.591577 
0.595898 0.685111 0.615807 
0.616061 0.6648 0.607598 
0.21943 0.249511 1.03687 
0.319466 0.317998 0.993582 
0.761319 0.761319 0.138275 
0.225551 0.244691 1.03847 
0.776198 0.703869 0.297568 
0.338045 0.3837 0.959734 
0.706276 0.612267 0.579265 
0.596021 0.629395 0.697733 
0.664595 0.664595 0.541146 
0.696308 0.796838 0.276011 
0.707936 0.810548 0.196562 
0.773364 0.677915 0.364919 
0.190242 0.190242 1.05232 
0.702673 0.728249 0.407906 
0.517726 0.570617 0.76778 
0.781281 0.654783 0.47816 
0.471855 0.541961 0.828056 
0.3464 0.347663 0.98935 
0.308239 0.308239 0.999315 
0.233384 0.205264 1.04344 
0.744335 0.779081 0.259843 
0.217896 0.192515 1.04568 
0.24503 0.222639 1.03311 
0.472464 0.524344 0.832595 
0.531145 0.531145 0.790541 
0.757051 0.783596 0.0698526 
0.54635 0.524493 0.797072 
0.764624 0.764624 0.0891215 
0.78763 0.742578 0.217172 
0.200249 0.218133 1.05104 
0.691736 0.78703 0.297568 
0.728092 0.807737 0.0896253 
0.709401 0.735295 0.396208 
0.811885 0.718343 0.0224812 
0.581698 0.504717 0.783999 
0.638634 0.726305 0.500401 
0.509862 0.571755 0.763383 
0.50049 0.567487 0.779968 
0.725277 0.663939 0.490302 
0.323668 0.311288 0.998697 
0.60306 0.687144 0.594145 
0.320131 0.369618 0.985727 
0.684764 0.727079 0.426109 
0.474855 0.535926 0.812825 
0.731279 0.702037 0.474551 
0.506312 0.506312 0.812825 
0.2096 0.2096 1.05213 
0.633458 0.571254 0.686603 
0.533898 0.467336 0.830494 
0.666811 0.757416 0.406754 
0.623758 0.71254 0.544285 
0.814798 0.677407 0.399374 
