0.825592 0.719804 0 
4.39319e-17 4.908e-17 1.07574 
0.721159 0.839884 0 
4.76327e-17 4.65828e-17 1.08806 
4.92017e-17 4.39438e-17 1.07735 
0.095731 0.0898011 1.07065 
0.0908231 0.0946515 1.07 
0.132715 0.14213 1.05899 
0.272268 0.287939 0.994742 
0.14718 0.129816 1.06875 
0.162044 0.182114 1.05226 
0.783553 0.717887 0.248506 
0.229129 0.214935 1.0411 
0.246973 0.257055 1.01461 
0.604514 0.6747 0.612333 
0.418294 0.373961 0.918865 
0.341372 0.335852 0.969104 
0.487568 0.443692 0.85776 
0.77426 0.655369 0.470328 
0.716684 0.824138 0.105691 
0.668107 0.628847 0.574981 
0.357919 0.318159 0.969104 
0.667116 0.609523 0.630915 
0.323877 0.352176 0.968244 
0.52625 0.58786 0.731123 
0.458007 0.514076 0.831015 
0.450088 0.409551 0.882466 
0.704454 0.801087 0.218233 
0.752225 0.773954 0.0417625 
0.799242 0.704801 0.278512 
0.785999 0.745843 0.12032 
0.655379 0.565286 0.684595 
0.179891 0.16182 1.04446 
0.295054 0.265365 0.996124 
0.639176 0.72923 0.500645 
0.591024 0.701877 0.646077 
0.625248 0.666781 0.617857 
0.713264 0.820354 0.150286 
0.55658 0.484138 0.812034 
0.262977 0.249428 1.03163 
0.729801 0.786929 0.157325 
0.563465 0.506988 0.757977 
0.361826 0.398592 0.94666 
0.194428 0.217864 1.03763 
0.4263 0.464082 0.873765 
0.716943 0.798844 0.0300814 
0.2168 0.223612 1.03213 
0.702116 0.755722 0.329145 
0.560037 0.560939 0.734507 
0.499687 0.579325 0.795259 
0.716879 0.80985 0.0720295 
0.819354 0.685911 0.357774 
0.443606 0.457313 0.87454 
0.207353 0.232398 1.03213 
0.541033 0.529171 0.781035 
0.763253 0.674587 0.373892 
0.663142 0.774586 0.436708 
0.697064 0.615506 0.560532 
0.582748 0.646486 0.667484 
0.39562 0.362425 0.937332 
0.796011 0.707657 0.29703 
0.614718 0.540828 0.717258 
0.382385 0.351964 0.961522 
0.796592 0.722094 0.0716036 
0.166792 0.176195 1.04729 
0.287507 0.272897 0.995041 
0.811131 0.707818 0.198301 
0.374524 0.424012 0.926477 
0.376819 0.383199 0.938904 
0.337216 0.339968 0.969023 
0.268935 0.239387 1.02478 
0.711054 0.651598 0.486952 
0.705618 0.761916 0.320076 
0.537118 0.534821 0.757977 
0.572893 0.500739 0.785256 
0.713025 0.713025 0.393924 
0.355423 0.403972 0.946211 
0.514802 0.468647 0.84998 
0.677889 0.74067 0.430667 
0.40281 0.356874 0.940173 
0.475785 0.496233 0.841641 
0.550538 0.62829 0.7026 
0.709778 0.807343 0.174591 
0.746372 0.768303 0.118943 
0.50553 0.552787 0.796518 
0.177174 0.167279 1.05181 
0.449358 0.523117 0.865528 
0.471165 0.471165 0.861052 
0.41204 0.368407 0.923834 
0.743294 0.692243 0.348083 
0.575035 0.575035 0.700118 
0.802528 0.7093 0.173953 
0.36895 0.417524 0.931288 
0.689673 0.641562 0.541273 
0.483976 0.546951 0.801343 
0.673859 0.693355 0.49918 
0.682258 0.702327 0.459601 
0.721707 0.689849 0.411856 
0.238254 0.270066 1.02505 
0.633991 0.572477 0.675674 
0.518468 0.56627 0.76777 
0.73367 0.784066 0.0300928 
0.142722 0.134717 1.0688 
0.736389 0.63607 0.518138 
0.627863 0.685147 0.54954 
0.701893 0.73822 0.373892 
0.637611 0.569473 0.655619 
0.737076 0.74396 0.307868 
0.74098 0.773721 0.197337 
0.288738 0.266876 0.997247 
0.694527 0.679073 0.517222 
0.466072 0.422485 0.874865 
0.526091 0.490658 0.809609 
0.74039 0.67435 0.407 
0.69442 0.739073 0.4508 
0.585989 0.549048 0.720401 
0.638527 0.714739 0.531937 
0.384052 0.413316 0.923973 
0.614799 0.689824 0.556985 
0.520968 0.458677 0.837778 
