0.719508 0.822497 0 
4.3911e-17 4.88732e-17 1.073 
4.92598e-17 4.39495e-17 1.07812 
0.820985 0.719363 0 
4.78078e-17 4.61254e-17 1.08491 
0.799087 0.720545 0.0827778 
0.0831299 0.0771132 1.07081 
0.131474 0.119502 1.06481 
0.0768254 0.0829641 1.06782 
0.0969816 0.0892753 1.0663 
0.71494 0.816487 0.121718 
0.229591 0.255813 1.0226 
0.365843 0.324538 0.965568 
0.192331 0.215384 1.03807 
0.214293 0.187601 1.05444 
0.755998 0.670378 0.38882 
0.594068 0.594068 0.68524 
0.649527 0.729758 0.461092 
0.725553 0.759482 0.242776 
0.688391 0.715957 0.424856 
0.703491 0.796599 0.221926 
0.41345 0.475442 0.898348 
0.143963 0.161088 1.055 
0.525801 0.458572 0.844062 
0.607519 0.662789 0.618976 
0.709942 0.618213 0.561741 
0.587417 0.556527 0.705913 
0.558196 0.489102 0.800435 
0.185069 0.208419 1.0451 
0.745186 0.745186 0.296282 
0.158108 0.147819 1.05696 
0.156474 0.139485 1.0582 
0.706113 0.790647 0.192505 
0.795606 0.697125 0.269307 
0.369517 0.418863 0.931898 
0.418292 0.360604 0.955831 
0.737079 0.761365 0.19244 
0.533091 0.553817 0.7687 
0.661902 0.603731 0.603633 
0.255284 0.228585 1.01943 
0.800222 0.709984 0.163729 
0.340137 0.302396 0.980227 
0.679608 0.774652 0.357088 
0.682083 0.58346 0.65286 
0.599777 0.535375 0.72154 
0.426687 0.380489 0.914521 
0.762963 0.686823 0.315225 
0.665988 0.757788 0.410847 
0.302396 0.340137 0.980227 
0.334673 0.384219 0.971509 
0.272155 0.243132 1.01424 
0.721393 0.640673 0.490389 
0.572206 0.514447 0.747139 
0.266403 0.276592 1.01013 
0.807995 0.70459 0.223866 
0.768359 0.737162 0.151475 
0.671894 0.651009 0.536602 
0.672383 0.614696 0.576537 
0.637395 0.624861 0.631332 
0.682526 0.769194 0.337 
0.804864 0.711656 0.149982 
0.739373 0.652346 0.45607 
0.216676 0.192459 1.04185 
0.440195 0.391221 0.906471 
0.632448 0.701505 0.504605 
0.785047 0.689247 0.31124 
0.545354 0.50994 0.784385 
0.284559 0.316189 0.984146 
0.626378 0.704204 0.528146 
0.634783 0.652665 0.594435 
0.489876 0.573577 0.815853 
0.547824 0.572317 0.737512 
0.570976 0.500409 0.784039 
0.378541 0.347869 0.957693 
0.369322 0.409595 0.954519 
0.395276 0.446351 0.904863 
0.400325 0.442202 0.916254 
0.28218 0.284789 1.00226 
0.316594 0.290422 0.993961 
0.379554 0.43178 0.925061 
0.455546 0.504621 0.851583 
0.693399 0.778457 0.279559 
0.297363 0.310084 0.993961 
0.317032 0.343858 0.976788 
0.761709 0.674519 0.373018 
0.463518 0.530897 0.83708 
0.500824 0.544972 0.798264 
0.243806 0.27298 1.0172 
0.629567 0.566533 0.664712 
0.565266 0.523453 0.748056 
0.660737 0.691686 0.497472 
0.521831 0.578533 0.756924 
0.636467 0.63048 0.633654 
0.186785 0.202919 1.05116 
0.454888 0.407068 0.885991 
0.759993 0.652269 0.472387 
0.601382 0.541405 0.705913 
0.298697 0.266562 1.00084 
0.246914 0.237804 1.01985 
0.507782 0.571434 0.764447 
0.611284 0.696554 0.575418 
0.473208 0.524861 0.83104 
0.618666 0.555731 0.678288 
0.423811 0.448782 0.8801 
0.500654 0.439227 0.86365 
0.454164 0.431099 0.892816 
0.478976 0.424201 0.874503 
0.139485 0.156474 1.0582 
0.700578 0.740635 0.373769 
0.779328 0.748752 0 
0.696833 0.756563 0.342535 
0.468574 0.526444 0.818186 
0.44023 0.482863 0.864274 
0.484306 0.428863 0.869406 
0.434452 0.435527 0.877105 
0.337297 0.297982 0.987709 
0.723858 0.754523 0.280391 
0.718483 0.811914 0 
0.514026 0.481861 0.817944 
0.621341 0.57727 0.665634 
