4.37375e-17 4.71918e-17 1.0508 
0.795327 0.716835 0 
4.71896e-17 4.37372e-17 1.05077 
4.43553e-17 4.68155e-17 1.05322 
0.701179 0.793577 0.237661 
0.129718 0.124852 1.03363 
0.770199 0.713604 0.059685 
0.0692611 0.0660911 1.0481 
0.0650043 0.0704001 1.04905 
0.495566 0.468492 0.806809 
0.679532 0.737578 0.327441 
0.17221 0.159486 1.02478 
0.707424 0.677936 0.388886 
0.10995 0.118785 1.03917 
0.100395 0.096577 1.04063 
0.159718 0.174421 1.03257 
0.556774 0.566398 0.696161 
0.625042 0.557666 0.678722 
0.767317 0.720896 9.07964e-39 
0.764852 0.708353 0.135981 
0.785111 0.702664 0.217433 
0.75915 0.70459 0.171238 
0.271955 0.286644 0.97475 
0.664238 0.636618 0.516136 
0.634482 0.689787 0.486853 
0.510036 0.493384 0.772949 
0.202614 0.188994 1.01619 
0.191054 0.203141 1.02236 
0.618654 0.667685 0.525383 
0.480895 0.519331 0.777505 
0.302474 0.276269 0.978885 
0.367671 0.35655 0.922169 
0.578624 0.595255 0.647516 
0.735527 0.747872 0.107441 
0.648017 0.641911 0.541684 
0.72716 0.758818 0.0844521 
0.529708 0.57984 0.713377 
0.232358 0.244416 0.994064 
0.438232 0.398731 0.883637 
0.329386 0.303014 0.956506 
0.229452 0.247363 0.994531 
0.389291 0.385021 0.894366 
0.712131 0.769089 0.083234 
0.521326 0.483075 0.774159 
0.721148 0.659277 0.412206 
0.0844031 0.0813027 1.04636 
0.294323 0.316572 0.955368 
0.682319 0.610142 0.566513 
0.671216 0.67482 0.448649 
0.245706 0.231891 0.995878 
0.692065 0.746192 0.259578 
0.703034 0.761851 0.189518 
0.343913 0.368072 0.930314 
0.56671 0.613896 0.641884 
0.42164 0.405685 0.877421 
0.456 0.450655 0.834304 
0.332976 0.347592 0.933154 
0.608499 0.62599 0.588453 
0.250144 0.229746 1.00114 
0.739379 0.648764 0.470781 
0.320192 0.349542 0.947045 
0.28341 0.28084 0.980328 
0.463637 0.423585 0.855107 
0.694925 0.74146 0.312571 
0.0795001 0.0857579 1.0441 
0.47286 0.455341 0.82011 
0.224207 0.216323 1.00323 
0.21504 0.22802 1.00926 
0.741963 0.728428 0.199232 
0.534817 0.515879 0.743075 
0.715302 0.780365 0 
0.748947 0.693613 0.251501 
0.16432 0.168517 1.02764 
0.546927 0.532555 0.725068 
0.446658 0.412952 0.858932 
0.635531 0.601283 0.579327 
0.300622 0.289566 0.96671 
0.732089 0.732089 0.221753 
0.641935 0.693528 0.461545 
0.377087 0.374724 0.919194 
0.598783 0.601229 0.622898 
0.315675 0.33084 0.950264 
0.402671 0.400425 0.888693 
0.476237 0.435923 0.840174 
0.521837 0.504756 0.758224 
0.658266 0.740119 0.431556 
0.347022 0.376224 0.92157 
0.711658 0.664168 0.401188 
0.573606 0.620072 0.627252 
0.470586 0.429663 0.848815 
0.285533 0.31009 0.967533 
0.413371 0.450656 0.863486 
0.368938 0.340316 0.926967 
0.743461 0.689241 0.275631 
0.480692 0.446266 0.819429 
0.593551 0.593551 0.645351 
0.560371 0.58721 0.67299 
0.422174 0.379478 0.910162 
0.550328 0.539951 0.717271 
0.505101 0.545187 0.743207 
0.408942 0.382963 0.898607 
0.751099 0.688414 0.28759 
0.209137 0.203867 1.01215 
0.65167 0.706273 0.432747 
0.384815 0.416907 0.88788 
0.308689 0.333027 0.95198 
0.198081 0.21414 1.01092 
0.663269 0.683922 0.449085 
0.603992 0.651981 0.561201 
0.596528 0.6291 0.601828 
0.706822 0.721269 0.301271 
0.605308 0.621052 0.602025 
0.427999 0.433702 0.860379 
0.575857 0.522253 0.729696 
0.547341 0.505328 0.744942 
0.752296 0.72355 0.115687 
0.608013 0.65888 0.553885 
0.759462 0.717577 0.120758 
0.500972 0.528745 0.760702 
0.528506 0.528506 0.74013 
