0.722668 0.856559 0 
4.39636e-17 4.94022e-17 1.08001 
4.93074e-17 4.39543e-17 1.07875 
0.850216 0.695922 0.322273 
4.6395e-17 4.74495e-17 1.08378 
0.110667 0.114537 1.07084 
0.0736892 0.0717104 1.07663 
0.189906 0.167942 1.05462 
0.0745405 0.0709125 1.07726 
0.117626 0.10591 1.06421 
0.214962 0.229326 1.03902 
0.168944 0.190917 1.05378 
0.360964 0.311533 0.994667 
0.801068 0.716562 0.0555275 
0.779692 0.756735 0 
0.291799 0.253439 1.02796 
0.768303 0.7413 0.18933 
0.522454 0.581498 0.75129 
0.315088 0.356489 0.991353 
0.3971 0.387021 0.925554 
0.818407 0.716151 0.104998 
0.341559 0.336228 0.998655 
0.749345 0.77555 0.0952158 
0.379193 0.343358 0.95511 
0.429903 0.421508 0.91575 
0.175242 0.184861 1.05965 
0.604118 0.662134 0.607588 
0.372361 0.410468 0.93953 
0.714235 0.821088 0.138627 
0.569895 0.50763 0.763196 
0.600103 0.670859 0.589952 
0.686945 0.692368 0.462995 
0.799585 0.701414 0.241465 
0.70481 0.794947 0.208956 
0.737689 0.648582 0.470197 
0.587067 0.677958 0.65665 
0.73528 0.783158 0.15558 
0.663718 0.640391 0.570122 
0.639914 0.731075 0.499251 
0.307124 0.363481 1.01334 
0.649034 0.569808 0.665112 
0.24343 0.214308 1.03855 
0.426486 0.469623 0.89232 
0.252816 0.285333 1.01394 
0.783096 0.678722 0.368358 
0.677969 0.806588 0.394387 
0.512453 0.524101 0.798302 
0.338605 0.377096 0.94626 
0.696032 0.823633 0.300353 
0.698441 0.816066 0.285964 
0.24343 0.214308 1.03855 
0.728752 0.689859 0.439197 
0.657574 0.809122 0.487263 
0.724769 0.833552 0 
0.71719 0.813844 0.0739626 
0.525015 0.466676 0.841121 
0.555202 0.535689 0.761871 
0.535054 0.598805 0.71772 
0.788637 0.696664 0.338646 
0.824606 0.71971 0 
0.45257 0.450272 0.897986 
0.484747 0.430466 0.865758 
0.623273 0.710348 0.544234 
0.633341 0.614562 0.644646 
0.679892 0.746904 0.415987 
0.413169 0.374476 0.930758 
0.706888 0.746289 0.365385 
0.457822 0.457822 0.864646 
0.721389 0.622874 0.554613 
0.388042 0.345201 0.947231 
0.381857 0.402069 0.925554 
0.668626 0.588638 0.624678 
0.76257 0.76257 0.1549 
0.618108 0.547201 0.702343 
0.563461 0.597103 0.698485 
0.318062 0.337141 0.995732 
0.72984 0.752446 0.310468 
0.443883 0.501354 0.85219 
0.627036 0.705413 0.526755 
0.54945 0.475457 0.827235 
0.533967 0.49283 0.813394 
0.701207 0.821198 0.262505 
0.498677 0.565321 0.782496 
0.635449 0.721755 0.508876 
0.711023 0.802016 0.153948 
0.591011 0.562867 0.717157 
0.506873 0.543797 0.802154 
0.262728 0.271916 1.01444 
0.466741 0.442418 0.866181 
0.769053 0.723764 0.20771 
0.428098 0.481933 0.868216 
0.628408 0.558851 0.678445 
0.797991 0.72535 0.0591391 
0.493775 0.448827 0.849212 
0.676416 0.605508 0.576984 
0.465053 0.486243 0.856284 
0.281538 0.257913 1.01551 
0.696974 0.770809 0.334435 
0.274509 0.270716 1.02542 
0.280069 0.263697 1.02312 
0.554883 0.627051 0.688743 
0.611092 0.590205 0.6696 
0.416464 0.369172 0.928943 
0.73535 0.631783 0.533394 
0.658217 0.58368 0.631001 
0.537856 0.482706 0.808986 
0.744301 0.658252 0.434878 
0.351858 0.365175 0.946816 
0.475752 0.552917 0.830544 
0.259061 0.285327 1.02502 
0.717589 0.698804 0.40833 
0.746548 0.787979 0.104802 
0.787177 0.697978 0.25575 
0.47884 0.521222 0.819145 
0.536231 0.552028 0.769596 
0.675279 0.727629 0.434474 
0.611965 0.629829 0.641485 
0.510353 0.554803 0.782496 
0.438683 0.47673 0.865176 
0.453413 0.519764 0.850334 
