4.40503e-17 5.0292e-17 1.09184 
0.723462 0.865485 0 
0.894104 0.725922 0 
5.01464e-17 4.40363e-17 1.0899 
4.73386e-17 4.8046e-17 1.10153 
0.0885066 0.0771913 1.08875 
0.69648 0.830394 0.302928 
0.139968 0.12205 1.08005 
0.221781 0.254513 1.04242 
0.832678 0.711038 0.189657 
0.162385 0.185801 1.06529 
0.718292 0.821766 0.065361 
0.186005 0.162404 1.06601 
0.122118 0.141416 1.08667 
0.564732 0.656834 0.687616 
0.874022 0.72421 0 
0.736338 0.734325 0.36951 
0.345876 0.301292 0.995375 
0.784679 0.74517 0.124573 
0.258046 0.222114 1.05134 
0.613702 0.640488 0.65023 
0.366439 0.409264 0.961552 
0.740484 0.741086 0.322561 
0.368759 0.401713 0.949033 
0.697211 0.699816 0.512315 
0.235624 0.245771 1.05134 
0.284225 0.324681 1.00341 
0.707341 0.797739 0.261071 
0.450352 0.481254 0.87949 
0.604689 0.689748 0.59096 
0.542954 0.561349 0.780969 
0.804579 0.663869 0.456138 
0.172382 0.176798 1.06601 
0.780184 0.668671 0.41564 
0.480586 0.419608 0.888994 
0.472906 0.549931 0.83474 
0.659845 0.75403 0.435501 
0.711498 0.809573 0.157932 
0.30488 0.267207 1.01328 
0.532773 0.625382 0.751003 
0.442241 0.442241 0.91264 
0.462333 0.542873 0.855016 
0.749736 0.648053 0.483413 
0.493536 0.435968 0.871524 
0.637961 0.541335 0.738802 
0.279159 0.279159 1.0276 
0.581996 0.614235 0.718014 
0.701022 0.609736 0.583507 
0.407206 0.386996 0.931574 
0.394189 0.459493 0.927594 
0.792695 0.714702 0.220543 
0.821927 0.714814 0.131762 
0.745754 0.695144 0.395124 
0.501587 0.517145 0.843169 
0.628117 0.728239 0.541213 
0.729318 0.802544 0.158904 
0.817993 0.735538 0.0863477 
0.135617 0.155276 1.07439 
0.710598 0.598171 0.630223 
0.249513 0.289735 1.03644 
0.674917 0.770737 0.37811 
0.304335 0.352925 1.00049 
0.440729 0.470013 0.896943 
0.814251 0.704269 0.232506 
0.433658 0.494809 0.87077 
0.682344 0.618235 0.607327 
0.646167 0.66228 0.610307 
0.538644 0.471993 0.823714 
0.27152 0.312591 1.0171 
0.616812 0.70781 0.564872 
0.828895 0.718149 0.086086 
0.316266 0.333811 0.997846 
0.132975 0.131764 1.08874 
0.512927 0.534355 0.79831 
0.333501 0.386563 0.978107 
0.632114 0.73455 0.531526 
0.611516 0.577098 0.70747 
0.37853 0.338631 0.967158 
0.779112 0.686979 0.31982 
0.754992 0.757745 0.22103 
0.374175 0.344701 0.974671 
0.525327 0.571137 0.775994 
0.783282 0.722249 0.248942 
0.55815 0.503144 0.815444 
0.811207 0.736249 0.0656041 
0.423448 0.487816 0.888678 
0.486641 0.461491 0.866027 
0.558516 0.530395 0.770233 
0.70982 0.82891 0.197756 
0.517877 0.591894 0.758518 
0.768259 0.768259 0.196883 
0.665229 0.580478 0.647177 
0.770737 0.674917 0.37811 
0.388592 0.452301 0.932119 
0.556404 0.642795 0.699272 
0.271641 0.237756 1.03101 
0.716567 0.776282 0.259642 
0.255377 0.230833 1.06297 
0.423217 0.37141 0.933748 
0.62194 0.650173 0.64003 
0.323347 0.28776 1.00653 
0.7419 0.648644 0.473235 
0.419088 0.357957 0.964723 
0.641717 0.556303 0.698547 
0.3228 0.373128 0.984514 
0.588906 0.517589 0.756169 
0.572385 0.522748 0.775171 
0.687755 0.787163 0.321841 
0.26129 0.22799 1.03834 
0.509375 0.587969 0.777927 
0.700693 0.61692 0.558643 
0.335911 0.36167 0.984953 
0.728307 0.783768 0.221081 
0.747227 0.694424 0.443372 
0.534193 0.520889 0.804151 
0.514321 0.447017 0.860566 
0.731013 0.794759 0.19573 
0.337664 0.311492 0.99688 
0.584561 0.509052 0.775142 
0.652861 0.596244 0.64811 
