4.85762e-17 4.74817e-17 1.10934 
0.72421 0.874023 0 
0.864539 0.709416 0.235943 
4.404e-17 5.01848e-17 1.09041 
5.04734e-17 4.40677e-17 1.09426 
0.135927 0.11922 1.07572 
0.119787 0.135798 1.07738 
0.162829 0.185229 1.06817 
0.846684 0.67903 0.414836 
0.464297 0.543582 0.850523 
0.257373 0.230328 1.03763 
0.72044 0.817852 0.0894936 
0.829688 0.714552 0.14644 
0.596883 0.521161 0.754664 
0.712866 0.844979 0.183998 
0.129049 0.146168 1.06824 
0.284028 0.328346 1.01212 
0.689393 0.795952 0.319276 
0.338308 0.350082 0.983767 
0.708392 0.832047 0.214285 
0.236392 0.251815 1.03763 
0.216609 0.216151 1.05693 
0.597417 0.666979 0.651411 
0.823026 0.719215 0.0357974 
0.827757 0.683342 0.378219 
0.389519 0.420427 0.947317 
0.499693 0.574208 0.789573 
0.199555 0.218605 1.04621 
0.312298 0.359298 0.98904 
0.744714 0.813488 0.0447415 
0.785829 0.783582 0 
0.746286 0.766128 0.274098 
0.742362 0.614034 0.614441 
0.193809 0.190645 1.05806 
0.53975 0.620292 0.725869 
0.582971 0.508066 0.776179 
0.677246 0.577043 0.668623 
0.374669 0.426211 0.93797 
0.726864 0.773422 0.311842 
0.757023 0.647512 0.489625 
0.631696 0.600443 0.705646 
0.563686 0.660264 0.693967 
0.451587 0.390413 0.925999 
0.526104 0.560309 0.798009 
0.550966 0.479197 0.818918 
0.298609 0.265607 1.01833 
0.350137 0.414647 0.979734 
0.617176 0.688574 0.592765 
0.81755 0.716458 0.0980022 
0.61089 0.726081 0.60039 
0.364727 0.394329 0.969693 
0.399427 0.382995 0.965616 
0.767397 0.6589 0.456593 
0.560959 0.620012 0.742371 
0.529439 0.514622 0.828043 
0.32914 0.284102 1.01363 
0.512954 0.469636 0.865593 
0.697229 0.632793 0.551578 
0.142183 0.133427 1.06824 
0.659234 0.755998 0.43969 
0.229756 0.257884 1.03763 
0.485087 0.547605 0.820443 
0.655492 0.73277 0.544333 
0.271599 0.300233 1.03161 
0.729409 0.810231 0.164487 
0.731799 0.763155 0.348531 
0.682014 0.655415 0.573773 
0.305471 0.321644 0.996168 
0.346799 0.299502 1.00282 
0.429807 0.372833 0.94045 
0.643007 0.629824 0.629584 
0.802098 0.715471 0.244637 
0.519768 0.586756 0.770627 
0.424626 0.489448 0.887747 
0.64711 0.752823 0.48793 
0.127521 0.129939 1.08321 
0.47006 0.405696 0.911695 
0.784392 0.764704 0.1143 
0.324412 0.289289 1.01332 
0.747534 0.785931 0.251305 
0.636676 0.737017 0.516335 
0.671289 0.736663 0.444727 
0.655567 0.724182 0.517872 
0.444325 0.429879 0.907756 
0.427105 0.45583 0.895875 
0.713413 0.68023 0.468897 
0.72085 0.815526 0.211771 
0.47697 0.459624 0.892847 
0.57581 0.663611 0.660129 
0.728669 0.858416 0 
0.548745 0.626986 0.706512 
0.646407 0.644593 0.626962 
0.403298 0.438433 0.921393 
0.396305 0.439788 0.915661 
0.179045 0.204574 1.05806 
0.797068 0.695276 0.312494 
0.530785 0.589178 0.764865 
0.571698 0.473074 0.860352 
0.545228 0.563016 0.783747 
0.730834 0.801282 0.113157 
0.734185 0.655437 0.509742 
0.776377 0.652969 0.482114 
0.411977 0.475181 0.901964 
0.438653 0.397575 0.915676 
0.736723 0.783937 0.258013 
0.632476 0.701972 0.565166 
0.43131 0.496582 0.879441 
0.466589 0.499839 0.876288 
0.621718 0.730571 0.566173 
0.292583 0.316674 1.01593 
0.725487 0.697427 0.427133 
0.179045 0.204574 1.05806 
0.781436 0.733317 0.175367 
0.420879 0.466208 0.902493 
0.262874 0.300696 1.01771 
0.532882 0.551333 0.784653 
0.299313 0.310321 1.01593 
0.775189 0.696443 0.357535 
0.695263 0.771309 0.366369 
0.703483 0.768449 0.364638 
