0.75643 0.735206 2.44522e-46 
4.71958e-17 4.37379e-17 1.05085 
0.71076 0.798387 0.152394 
4.37685e-17 4.74863e-17 1.05468 
4.57534e-17 4.6199e-17 1.06187 
0.78381 0.712678 0.10301 
0.105393 0.0989929 1.04469 
0.145577 0.136635 1.03627 
0.172563 0.158761 1.02961 
0.119823 0.114209 1.04208 
0.19669 0.187456 1.02484 
0.703198 0.778367 0.205945 
0.716876 0.763131 0.187704 
0.183181 0.198741 1.01946 
0.699797 0.772012 0.227752 
0.723281 0.657133 0.4279 
0.407385 0.445206 0.871248 
0.751644 0.701291 0.275596 
0.619118 0.634241 0.595348 
0.641963 0.715905 0.479314 
0.769335 0.709904 0.121763 
0.717236 0.676147 0.387897 
0.374786 0.3898 0.914336 
0.631569 0.684196 0.493101 
0.393342 0.402492 0.897714 
0.771923 0.728807 0.0234575 
0.625045 0.577063 0.621453 
0.234126 0.213813 1.01276 
0.580466 0.528147 0.718303 
0.60428 0.668462 0.574287 
0.354926 0.321612 0.953271 
0.778314 0.714352 0.0509514 
0.548068 0.505404 0.745528 
0.745062 0.745062 0.0424459 
0.522619 0.47404 0.800523 
0.112132 0.121602 1.04131 
0.268867 0.245208 0.99792 
0.48679 0.437489 0.850008 
0.68148 0.744203 0.322281 
0.327174 0.311673 0.963811 
0.650986 0.721951 0.45115 
0.366891 0.330457 0.950601 
0.734245 0.752044 0.0931228 
0.318646 0.318849 0.961489 
0.76673 0.727236 0.0813584 
0.596317 0.599337 0.653657 
0.213832 0.23431 1.01323 
0.673598 0.641972 0.508192 
0.275853 0.303398 0.982241 
0.46858 0.424119 0.86048 
0.64498 0.66476 0.525477 
0.245844 0.266545 0.99033 
0.651555 0.620869 0.587138 
0.78177 0.690073 0.303498 
0.422995 0.435959 0.868933 
0.708389 0.730946 0.340818 
0.449749 0.499363 0.834208 
0.60343 0.554494 0.667314 
0.455668 0.408447 0.883473 
0.465558 0.488738 0.820395 
0.369513 0.364774 0.920296 
0.385682 0.351719 0.925158 
0.305706 0.286712 0.969289 
0.201069 0.218773 1.01407 
0.692272 0.626197 0.519103 
0.532778 0.587721 0.7129 
0.603735 0.604142 0.637563 
0.159661 0.146925 1.03328 
0.593739 0.54598 0.696535 
0.255085 0.233131 1.00376 
0.688692 0.758502 0.292266 
0.363396 0.345392 0.938717 
0.670001 0.684064 0.460566 
0.47544 0.495477 0.807378 
0.256865 0.260238 0.99865 
0.337412 0.371824 0.940111 
0.589581 0.653488 0.60844 
0.765589 0.707751 0.150047 
0.23575 0.250084 1.0103 
0.280106 0.28971 0.985854 
0.75794 0.694015 0.259345 
0.564678 0.592373 0.683954 
0.55841 0.580174 0.690441 
0.493738 0.521483 0.789425 
0.56687 0.5952 0.664609 
0.738776 0.759684 7.86047e-45 
0.492592 0.463197 0.821824 
0.764372 0.697341 0.2392 
0.66768 0.632589 0.543085 
0.439854 0.481419 0.836824 
0.504501 0.561054 0.762063 
0.725555 0.756133 0.158851 
0.51752 0.514094 0.774534 
0.586476 0.53265 0.711994 
0.529364 0.541964 0.757596 
0.519679 0.570143 0.730751 
0.414038 0.414301 0.885687 
0.664568 0.73865 0.402383 
0.511659 0.561393 0.743169 
0.660464 0.72482 0.409895 
0.429945 0.458491 0.855753 
0.288697 0.276837 0.97852 
0.658434 0.649804 0.550631 
0.725667 0.742157 0.251422 
0.551624 0.537749 0.729726 
0.678993 0.610253 0.565415 
0.673824 0.755212 0.371432 
0.155946 0.151371 1.03496 
0.20861 0.19098 1.02103 
0.411828 0.379658 0.893487 
0.499455 0.482033 0.808518 
0.673895 0.734386 0.355656 
0.381155 0.346792 0.930769 
0.293596 0.281674 0.974599 
0.70975 0.789445 0.152778 
0.437734 0.454993 0.859603 
0.674471 0.611599 0.555045 
0.341039 0.377404 0.940023 
0.39135 0.412146 0.906601 
0.299003 0.271034 0.987282 
