Algorithm:ga
Number of runs:30
Number of iterations:1024
Name of file:GA/testData.txt
Number of population:100
Crossover Rate:0.8
Mutation Rate:0.2
Selection:ts
Crossover Method:pmx
1423.233
1383.600
1355.533
1332.700
1313.167
1290.467
1278.833
1261.400
1248.733
1232.133
1211.900
1199.833
1183.067
1168.800
1150.400
1135.967
1122.800
1108.900
1100.800
1088.767
1071.267
1059.933
1047.000
1032.533
1020.167
1007.733
999.500
989.967
979.967
967.100
955.800
946.867
941.167
934.567
926.267
920.600
913.100
905.767
898.367
893.800
886.567
881.233
874.233
864.933
860.400
855.467
850.867
847.833
843.300
838.700
834.233
830.133
826.900
823.167
820.133
818.267
815.367
812.000
807.233
802.967
801.000
798.533
796.700
794.467
791.033
787.967
784.667
782.200
780.533
778.833
775.533
772.967
770.600
768.933
765.967
762.833
759.200
756.333
753.833
752.033
751.367
749.833
747.067
746.267
744.600
741.900
740.800
739.600
736.533
734.433
731.567
730.000
728.067
725.800
724.400
721.500
719.967
718.067
716.900
714.533
713.600
711.967
709.800
707.867
705.500
704.500
703.033
701.800
700.833
699.200
698.567
697.133
695.533
693.367
692.733
691.600
690.767
689.033
687.833
686.900
686.267
684.200
682.900
682.000
681.733
680.200
679.533
678.500
677.700
677.233
675.267
673.200
672.067
671.267
670.267
668.933
668.500
668.167
667.367
666.833
666.067
665.067
664.633
664.300
663.933
662.167
661.233
660.533
659.800
659.067
658.300
657.000
656.500
656.167
654.633
653.200
652.700
652.500
651.167
651.000
650.633
650.233
649.900
649.667
648.700
647.867
647.433
646.833
646.367
645.833
645.700
644.800
644.400
644.200
643.233
642.200
642.200
641.400
641.267
641.067
640.033
639.933
639.333
639.000
638.433
637.400
637.333
637.200
636.900
636.100
635.433
635.100
634.867
634.433
634.133
633.567
632.867
632.767
632.333
631.867
630.800
630.233
628.900
628.633
628.300
628.067
628.033
628.000
627.600
627.067
626.867
626.100
625.967
625.900
624.633
624.600
624.333
623.667
623.467
622.800
622.733
622.033
621.900
621.633
621.433
621.133
621.133
620.900
620.633
620.367
619.667
619.367
619.367
618.867
618.767
618.467
618.400
618.133
617.900
617.867
617.000
617.000
616.067
614.767
614.700
614.400
614.133
613.400
613.400
613.367
613.033
612.600
612.600
612.533
611.800
611.800
611.267
611.233
611.167
610.867
610.867
610.667
610.500
609.933
609.767
609.767
609.700
609.433
609.433
609.400
609.200
608.867
608.733
608.667
608.033
607.433
607.200
605.667
605.633
605.633
605.233
605.033
604.667
604.233
604.233
604.233
604.067
604.067
603.933
603.667
603.000
602.800
602.700
602.700
602.667
601.800
601.467
601.467
601.000
600.967
600.300
600.200
600.133
600.133
600.133
599.533
599.500
599.300
598.767
598.067
597.933
597.700
597.467
597.233
597.133
596.967
596.867
596.867
596.600
596.400
596.333
596.333
596.133
595.733
595.300
595.300
595.267
595.067
594.667
594.667
594.433
594.333
594.133
593.733
593.667
593.600
593.600
593.467
592.767
592.533
592.233
592.167
592.133
591.833
591.633
591.300
591.267
591.267
591.200
591.167
590.367
590.333
589.700
589.700
589.433
588.900
588.867
588.867
588.467
588.400
588.300
588.067
587.933
587.933
587.800
587.367
587.167
587.067
587.033
586.867
586.600
586.600
586.367
586.300
586.300
586.167
586.167
586.100
585.900
585.900
585.600
585.600
585.600
585.500
585.033
584.733
584.467
584.467
584.200
584.100
583.867
583.867
583.800
583.800
583.800
583.067
582.900
582.900
582.900
582.900
582.900
582.533
582.533
582.533
582.400
582.300
582.167
582.167
581.933
581.933
581.800
581.467
581.367
581.367
581.367
581.233
581.067
580.967
580.867
580.867
580.867
580.767
580.700
580.700
580.700
580.700
580.700
580.667
580.667
580.667
580.633
580.500
580.500
580.500
580.467
580.200
580.200
580.200
580.200
580.200
580.200
580.167
580.000
579.967
579.967
579.967
579.967
579.800
579.567
579.500
579.500
579.500
579.500
579.500
579.467
579.233
579.233
579.233
579.233
579.033
578.967
578.967
578.733
578.733
578.733
578.733
578.733
578.733
578.700
578.700
578.233
578.233
578.233
578.233
578.233
577.967
577.967
577.867
577.867
577.567
577.400
577.400
577.267
577.267
577.233
577.233
577.100
577.100
577.100
577.100
577.100
577.067
576.933
576.933
576.933
576.900
576.900
576.900
576.900
576.767
576.733
576.300
576.300
576.300
576.300
576.267
576.167
576.167
576.033
576.033
576.033
576.033
575.633
575.600
575.533
575.533
575.500
575.500
575.500
575.433
575.433
575.433
575.400
575.400
575.400
575.400
575.333
575.333
575.333
575.333
575.300
575.300
575.300
575.300
575.267
575.267
575.267
575.267
575.267
575.200
575.200
575.200
575.200
575.200
574.967
574.967
574.967
574.967
574.933
574.933
574.933
574.800
574.800
574.800
574.800
574.800
574.700
574.433
574.400
574.100
574.100
574.100
574.100
574.100
574.100
574.100
574.033
574.000
573.933
573.933
573.933
573.933
573.933
573.933
573.933
573.933
573.633
573.633
573.633
573.533
573.533
573.533
573.533
573.467
573.467
573.467
573.267
573.267
573.267
573.267
573.267
573.200
573.100
572.833
572.833
572.800
572.800
572.800
572.567
572.567
572.533
572.533
572.533
572.533
572.333
572.333
572.333
572.200
572.200
572.133
571.967
571.967
571.967
571.833
571.833
571.833
571.833
571.833
571.633
571.633
571.633
571.633
571.600
571.600
571.600
571.567
571.567
571.567
571.567
571.567
571.467
571.467
571.467
571.467
571.467
571.467
571.167
571.167
571.167
571.167
571.167
571.167
571.167
571.167
571.167
570.900
570.900
570.900
570.900
570.900
570.900
570.900
570.900
570.900
570.900
570.900
570.900
570.900
570.900
570.900
570.900
570.900
570.900
570.900
570.900
570.900
570.900
570.900
570.900
570.900
570.900
570.900
570.833
570.833
570.733
570.733
570.733
570.733
570.733
570.733
570.733
570.733
570.733
570.733
570.733
570.733
570.733
570.733
570.733
570.733
570.733
570.733
570.733
570.733
570.733
570.567
570.567
570.567
570.500
570.333
570.333
570.267
570.267
570.267
570.033
570.033
570.033
570.033
570.033
570.033
570.033
570.033
570.033
570.033
570.033
569.967
569.867
569.867
569.867
569.767
569.767
569.767
569.767
569.767
569.767
569.767
569.767
569.733
569.733
569.733
569.667
569.667
569.667
569.667
569.667
569.667
569.667
569.667
569.667
569.667
569.667
569.667
569.667
569.633
569.633
569.633
569.600
569.600
569.600
569.600
569.567
569.567
569.567
569.567
569.567
569.567
569.567
569.567
569.567
569.467
569.467
569.467
569.467
569.467
569.467
569.467
569.467
569.467
569.467
569.433
569.433
569.400
569.400
569.400
569.400
569.400
569.400
569.400
569.400
569.400
569.400
569.400
569.400
569.400
569.400
569.400
569.400
569.400
569.400
569.400
569.400
569.400
569.400
569.400
569.400
569.400
569.400
569.367
569.367
569.367
569.367
569.367
569.367
569.367
569.333
569.333
569.333
569.267
569.267
569.267
569.267
569.267
569.267
569.267
569.267
569.267
569.267
569.267
569.267
569.267
569.267
569.267
569.267
569.267
569.267
569.267
569.067
569.067
569.067
569.067
569.067
569.067
569.067
569.067
569.067
569.067
569.067
569.067
569.067
569.067
569.067
569.033
569.033
569.033
569.033
568.900
568.900
568.900
568.900
568.900
568.900
568.900
568.900
568.900
568.900
568.900
568.533
568.533
568.533
568.533
568.533
568.533
568.533
568.533
568.533
568.533
568.533
568.533
568.533
568.533
568.533
568.533
568.533
568.533
568.533
568.533
568.533
568.533
568.533
568.533
568.533
568.533
568.533
568.533
568.533
568.533
568.533
568.533
568.533
568.533
568.533
568.533
568.500
568.500
568.500
568.500
568.500
568.500
568.500
568.500
568.500
568.500
568.500
568.500
568.500
568.500
568.500
568.500
568.500
568.500
568.500
568.467
568.467
568.467
568.467
568.467
568.333
568.333
568.333
568.333
568.333
568.333
568.333
568.333
568.333
568.333
568.333
568.333
568.333
568.333
568.333
568.333
568.333
568.333
568.333
568.333
568.333
568.333
568.333
568.333
568.333
568.333
568.333
568.333
568.333
568.333
568.300
568.300
568.300
568.300
568.300
568.300
568.300
568.300
568.300
568.300
568.300
568.300
568.300
568.300
568.300
568.300
568.300
568.300
568.300
568.300
568.300
568.300
568.300
568.233
568.233
568.233
568.233
568.233
568.233
568.233
568.233
568.233
568.233
568.233
568.233
568.233
568.233
568.233
568.233
568.233
568.233
568.233
568.233
568.233
568.233
568.233
568.233
568.233
568.233
568.233
568.233
568.233
568.233
568.133
568.133
568.133
568.133
568.133
568.133
568.133
568.133
568.133
568.133
568.133
568.133
568.133
568.133
568.133
568.133
568.133
568.133
568.133
568.133
568.133
568.133
568.133
568.133
567.700
25 27 2 19 28 9 44 14 36 16 3 40 18 32 38 29 33 49 20 34 35 1 15 8 48 11 45 50 22 42 5 46 17 13 23 24 12 39 41 43 4 37 10 31 21 30 7 0 26 47 6 
