7.91013e-07 0.981697 
0.982332 0.000298716 
0.275963 0.876423 
0.897866 0.213897 
0.96376 0.0450957 
0.91518 0.171659 
0.885642 0.249163 
0.687833 0.572384 
0.873721 0.304346 
0.0316416 0.964106 
0.417459 0.803731 
0.932741 0.123789 
0.462781 0.771947 
0.30433 0.858513 
0.379895 0.820495 
0.247509 0.883777 
0.869463 0.325711 
0.903268 0.20001 
0.675094 0.587904 
0.0120173 0.976645 
0.69854 0.559543 
0.818184 0.388115 
0.602464 0.662033 
0.612703 0.651178 
0.195945 0.90657 
0.630183 0.634475 
0.591795 0.671164 
0.951114 0.0696963 
0.057354 0.954895 
0.972573 0.0172364 
0.822407 0.376566 
0.721313 0.534216 
0.811049 0.406183 
0.968848 0.0309796 
0.321271 0.850138 
0.651183 0.6148 
0.750563 0.491945 
0.479804 0.760199 
0.527681 0.724545 
0.66249 0.603556 
0.129982 0.930873 
0.622819 0.642256 
0.881033 0.271363 
0.832015 0.359375 
0.567656 0.692508 
0.511383 0.741327 
0.730594 0.521949 
0.402675 0.812547 
0.0739254 0.948815 
0.366254 0.831619 
0.759238 0.485529 
0.842548 0.340425 
0.177459 0.912383 
0.396588 0.815842 
0.945585 0.0865939 
0.918709 0.161786 
0.336532 0.842545 
0.549934 0.706225 
0.114278 0.935755 
0.798799 0.417261 
0.53916 0.714946 
0.668566 0.59764 
0.923063 0.14895 
0.707269 0.548937 
0.228986 0.892043 
0.152615 0.921085 
0.643298 0.622976 
0.875287 0.282258 
0.206265 0.901289 
0.883975 0.253624 
0.831169 0.362962 
0.240279 0.886787 
0.979752 0.00364146 
0.161339 0.921044 
0.939603 0.104367 
0.51116 0.741516 
0.579513 0.682885 
0.493256 0.749121 
0.304371 0.858494 
0.172104 0.914118 
0.428899 0.791747 
0.0829534 0.947663 
0.583626 0.682625 
0.927685 0.139181 
0.939613 0.104341 
0.80315 0.410206 
0.0919513 0.94244 
0.328739 0.846372 
0.796284 0.432259 
0.560872 0.697897 
0.947292 0.0813845 
0.0986132 0.940115 
0.741713 0.503422 
0.349856 0.837192 
0.713999 0.542487 
0.108129 0.93807 
0.215253 0.899013 
0.767459 0.470029 
0.854057 0.330158 
0.452057 0.77904 
