0.000229579 0.980927 
0.980283 0.00148978 
0.450322 0.782853 
0.800535 0.414471 
0.81553 0.39006 
0.655538 0.609055 
0.674462 0.58766 
0.473295 0.766395 
0.152674 0.921118 
0.185126 0.909261 
0.431631 0.792071 
0.0193858 0.971549 
0.883816 0.251123 
0.75427 0.489624 
0.52415 0.728097 
0.0469124 0.959063 
0.790932 0.429667 
0.706298 0.556555 
0.909529 0.184019 
0.572892 0.696721 
0.945453 0.0939173 
0.121499 0.933709 
0.963336 0.0396851 
0.939376 0.107837 
0.54565 0.709572 
0.0903218 0.944359 
0.118891 0.934791 
0.761192 0.478517 
0.873778 0.270838 
0.609415 0.656021 
0.584397 0.677839 
0.591624 0.675524 
0.843383 0.334823 
0.212796 0.901093 
0.407644 0.80898 
0.688368 0.572918 
0.853657 0.316799 
0.78163 0.44673 
0.350686 0.836121 
0.9015 0.207987 
0.889115 0.236758 
0.274968 0.872975 
0.868168 0.283617 
0.712281 0.550875 
0.742936 0.508839 
0.485679 0.759109 
0.905024 0.19749 
0.916785 0.164188 
0.934598 0.125567 
0.295127 0.869307 
0.310096 0.855728 
0.389754 0.814314 
0.968464 0.0211882 
0.979193 0.00209734 
0.519587 0.731519 
0.229776 0.89222 
0.771238 0.465411 
0.622253 0.644111 
0.329182 0.847771 
0.301595 0.859728 
0.413954 0.80047 
0.919555 0.156749 
0.684282 0.577981 
0.849206 0.323115 
0.896291 0.22177 
0.363748 0.828502 
0.837643 0.349056 
0.32268 0.850255 
0.951451 0.0757647 
0.784153 0.444404 
0.382591 0.825334 
0.0744186 0.94962 
0.827678 0.3654 
0.643765 0.620434 
0.729905 0.519908 
0.823214 0.374333 
0.727333 0.525629 
0.861056 0.300977 
0.221078 0.898103 
0.742103 0.509721 
0.560022 0.69789 
0.259518 0.881373 
0.280896 0.869855 
0.172307 0.914924 
0.968385 0.0213763 
0.925617 0.140683 
0.241466 0.889186 
0.511771 0.745195 
0.861037 0.301016 
0.503413 0.74866 
0.771237 0.465412 
0.64504 0.619169 
0.958601 0.0543024 
0.610284 0.655171 
0.632541 0.632062 
0.932573 0.131893 
0.95372 0.0712209 
0.624662 0.640514 
0.89275 0.227065 
0.368347 0.825956 
