0.00596683 0.978245 
0.981727 8.51704e-07 
0.375656 0.824567 
0.407406 0.806286 
0.947877 0.086758 
0.671561 0.593239 
0.359397 0.831855 
0.965584 0.0425772 
0.227457 0.892636 
0.485785 0.754388 
0.862555 0.300562 
0.33144 0.84731 
0.973103 0.0211465 
0.695374 0.563104 
0.872329 0.275351 
0.296784 0.867508 
0.260628 0.878946 
0.583059 0.680189 
0.919629 0.160951 
0.847702 0.334354 
0.259162 0.879661 
0.0754731 0.948978 
0.645963 0.618592 
0.216322 0.897867 
0.899984 0.209273 
0.200914 0.90866 
0.821425 0.378497 
0.836647 0.35461 
0.833084 0.361048 
0.127097 0.933242 
0.468919 0.769641 
0.730625 0.522259 
0.546885 0.709621 
0.718892 0.535348 
0.658657 0.61072 
0.302904 0.863532 
0.422937 0.798838 
0.431539 0.794475 
0.745219 0.501114 
0.917433 0.175803 
0.629476 0.64002 
0.564959 0.69412 
0.187709 0.910603 
0.927258 0.137551 
0.0117626 0.97706 
0.853329 0.314582 
0.0980587 0.944402 
0.162794 0.918249 
0.601506 0.662923 
0.909316 0.186431 
0.175982 0.918166 
0.908664 0.199648 
0.570995 0.690664 
0.773888 0.464996 
0.503865 0.743523 
0.320239 0.850991 
0.664885 0.600746 
0.981645 1.52102e-06 
0.966028 0.0412207 
0.794213 0.431172 
0.0382247 0.962139 
0.714224 0.545957 
0.756466 0.484697 
0.748278 0.496013 
0.636799 0.631528 
0.807346 0.405163 
0.0276344 0.965661 
0.817188 0.386472 
0.896961 0.229749 
0.885458 0.244146 
0.59667 0.66728 
0.0512806 0.960756 
0.806298 0.420462 
0.896324 0.232341 
0.614572 0.650163 
0.761063 0.48114 
0.850129 0.321148 
0.613336 0.65128 
0.782615 0.454532 
0.728221 0.522308 
0.107634 0.937593 
0.0634863 0.953032 
0.542081 0.715539 
0.443371 0.783359 
0.706461 0.55374 
0.798558 0.422722 
0.943906 0.0934902 
0.137107 0.92835 
0.516453 0.733773 
0.937663 0.108471 
0.881459 0.253862 
0.933854 0.117658 
0.695449 0.563011 
0.0584119 0.955949 
0.877894 0.261933 
0.148323 0.923189 
0.457151 0.78096 
0.530789 0.722047 
0.508488 0.738981 
0.814448 0.398556 
