3.92098e-10 0.981684 
0.981754 1.32349e-06 
0.82157 0.380429 
0.559643 0.699032 
0.706088 0.551577 
0.655923 0.609839 
0.750931 0.497001 
0.868261 0.287927 
0.676164 0.587501 
0.959744 0.0555018 
0.540175 0.717772 
0.767647 0.470724 
0.68669 0.575092 
0.796449 0.422473 
0.493621 0.758527 
0.833451 0.354734 
0.78085 0.453496 
0.337765 0.845981 
0.0511852 0.956971 
0.275367 0.874277 
0.863196 0.303691 
0.878609 0.261085 
0.154105 0.920527 
0.810937 0.399127 
0.289541 0.86547 
0.943889 0.0893453 
0.611151 0.652534 
0.807724 0.406687 
0.974708 0.0102729 
0.898203 0.217311 
0.745276 0.50746 
0.91942 0.15893 
0.922009 0.151932 
0.716532 0.539774 
0.350112 0.839217 
0.0849514 0.946241 
0.125092 0.931001 
0.928779 0.13192 
0.855246 0.316273 
0.110233 0.938268 
0.84945 0.32413 
0.641493 0.626922 
0.46836 0.766095 
0.359284 0.831258 
0.390615 0.817193 
0.965777 0.0299916 
0.23979 0.887359 
0.647139 0.618257 
0.732868 0.516057 
0.17463 0.915474 
0.532707 0.724171 
0.912532 0.178966 
0.93432 0.126258 
0.771127 0.466551 
0.506331 0.743325 
0.372545 0.829011 
0.409574 0.804607 
0.727442 0.536631 
0.236316 0.89233 
0.575569 0.686527 
0.260544 0.881254 
0.318752 0.851454 
0.601137 0.662549 
0.0373332 0.967494 
0.970168 0.0264118 
0.516198 0.735307 
0.176765 0.912129 
0.63026 0.634755 
0.199793 0.905442 
0.501194 0.750727 
0.624799 0.642234 
0.42657 0.798942 
0.521967 0.730495 
0.939361 0.104044 
0.908906 0.189612 
0.587807 0.675868 
0.440536 0.787519 
0.883666 0.250262 
0.728474 0.52196 
0.215851 0.897762 
0.143252 0.924674 
0.0161763 0.97041 
0.194709 0.90724 
0.787782 0.437117 
0.951597 0.0723984 
0.468248 0.766171 
0.950727 0.0762252 
0.454314 0.776748 
0.136503 0.928545 
0.837747 0.348701 
0.0336757 0.968282 
0.441131 0.787189 
0.215851 0.897762 
0.454313 0.776748 
0.786839 0.438098 
0.68602 0.58211 
0.315724 0.853033 
0.425223 0.79988 
0.842715 0.337388 
0.110741 0.937991 
