Algorithm:ga
Number of runs:30
Number of iterations:1024
Name of file:wine.txt
Number of population:20
Number of clusters:3
Crossover Rate:0.8
Mutation Rate:0.2
963948219.031
919537574.360
832683332.357
773427859.947
738889751.630
675517527.007
660318705.546
610954198.623
586797811.843
566196058.089
550765531.367
535042749.511
522063163.345
515810834.164
497530826.344
482272500.835
476666241.687
471103275.799
457917190.099
442765793.051
430002113.990
423010808.333
400592541.072
393523752.168
384459174.688
379079306.440
362941048.888
345578249.819
322370075.634
308172874.170
306560836.678
299082448.590
294364121.676
285856848.887
281960856.665
270497981.945
267661249.772
260771822.166
247258824.436
234056717.097
231296670.821
227751788.217
219917114.539
212630397.170
208900767.043
205505149.168
191054063.936
185577159.045
182716385.455
181432916.827
174697769.729
171264735.845
167180847.734
163042934.726
161022712.645
158834729.181
157709259.068
153998498.808
153316283.374
147168658.450
145408458.467
143728066.177
141816414.041
139306339.859
136286053.644
135155727.385
132325470.839
131193906.937
130541132.535
126351608.035
121435396.645
119674557.236
116586018.264
115469686.509
115208575.875
113437812.636
113092519.727
110710290.457
110514291.904
110113681.209
108677294.813
106117273.935
104076234.452
103275338.300
102859352.650
101383232.019
100563250.085
97330997.018
97232471.533
95314726.549
93424580.509
88015036.824
86343874.455
79037977.622
73950860.739
73638262.839
70051020.520
69766754.675
68300689.909
67866082.767
66785938.964
66593902.123
66313402.128
65668924.717
65439823.980
65328340.076
65006650.849
64372558.395
63548603.292
62448707.416
61063584.801
60852508.220
59703331.996
58224848.282
57629097.147
57567366.340
57306297.147
55577851.658
55360321.650
55188645.900
53625153.034
53341535.492
52823559.816
52092614.098
50759096.467
50404596.210
49513184.421
47883309.912
47629318.759
47307383.009
47194936.832
44150101.335
43735731.290
43507899.311
43242656.117
42975345.875
42740692.177
41355731.225
40255219.557
40140239.906
39804363.390
38672802.232
38131135.505
36031645.829
33559943.138
33382640.023
33382084.036
33238023.227
33199579.321
32837464.237
32799800.991
32604761.822
31998528.961
31836355.504
31775286.642
31493331.918
31271917.404
30532840.412
30307975.660
29969642.971
29652103.063
29455632.756
29401956.627
29376954.763
29313875.868
29260892.128
29163842.565
28824912.538
28758759.196
28697496.618
28623133.661
28377197.156
28234922.403
28099006.796
28018827.933
27987134.830
27952943.521
27807884.131
27679001.575
27279684.839
27277495.466
27173594.854
27173116.649
27026154.749
26714674.640
26646400.083
26569500.500
26502631.679
26501366.971
26418417.387
26418322.412
26284119.390
26223734.306
26139443.444
26128343.575
26125675.864
26110947.493
26101892.199
25859311.199
25292448.014
25244133.738
25198067.206
25167984.842
25126184.632
24972644.857
24923830.539
24518599.344
24446828.256
24432337.247
24092197.739
24064889.929
23867669.310
23830524.429
23827388.986
23807877.149
23530454.221
23383205.326
23317763.477
23301371.926
23265401.961
23129357.954
23119236.511
23118960.979
23090791.571
23084448.283
22862922.270
22847486.189
22780228.754
22757240.248
22750171.201
22711481.497
22692488.756
22674070.950
22541060.249
21957208.860
21926194.857
21921652.891
21889603.687
21865786.486
21859031.468
21779776.326
21711763.337
21705297.565
21689872.643
21608734.644
21598424.090
21488624.867
21176708.253
21176050.015
21175820.281
20884865.396
20858816.960
20838672.540
20802677.299
20750456.978
20504557.748
20472077.357
20457390.438
20457240.118
20437881.935
20390371.759
20280398.827
20275400.019
20193490.966
20186311.184
20083931.585
20077604.467
20077604.467
20042750.120
20041452.196
19860680.761
19851875.559
19842064.258
19819507.693
19812326.056
19714636.133
19711333.391
19709535.707
19674239.887
19579744.408
19578008.590
19572559.529
19561876.826
19543309.160
19540894.579
19538634.747
19538607.200
19535614.562
19525274.585
19500784.750
19499188.581
19498355.333
19487600.094
19485567.097
19484215.601
19481773.917
19479787.208
19477642.974
19464737.578
19450457.832
19297735.923
19296475.812
19291977.950
19268603.185
19231551.091
19221592.802
19221520.457
19217079.355
19216727.286
19171255.358
19054617.780
18887515.306
18885199.750
18885199.110
18877378.724
18877221.570
18876290.122
18876290.096
18875823.821
18866188.710
18851856.337
18847089.229
18815360.283
18813145.117
18789325.267
18744959.131
18741482.250
18739541.667
18737748.576
18704258.097
18692362.297
18692227.503
18684833.833
18678871.761
18678028.296
18669318.759
18669225.933
18661167.306
18659883.675
18647783.284
18636104.555
18634292.378
18632820.461
18625605.208
18624340.268
18619995.741
18619880.763
18619423.561
18619385.210
18609030.849
18595659.910
18593965.067
18593603.327
18589489.899
18545746.794
18544026.680
18544016.670
18543321.792
18543308.169
18542340.821
18540694.234
18534277.137
18532099.957
18527442.552
18527442.434
18527442.392
18525425.067
18525267.952
18524798.909
18524065.050
18521377.519
18521103.449
18517439.576
18503367.071
18503303.655
18503296.625
18503296.625
18501917.185
18457485.441
18457485.251
18434219.208
18420326.389
18394998.234
18394981.146
18394966.198
18390187.353
18387921.233
18333346.597
18333345.048
18333342.546
18333246.498
18333245.592
18331462.178
18329090.055
18328590.491
18328070.023
18328053.911
18327545.967
18327523.233
18327517.919
18327465.807
18327248.586
18326515.270
18326510.080
18323210.101
18322766.601
18322721.439
18305984.712
18286135.183
18283566.346
18283566.346
18283550.493
18283107.091
18283093.330
18282736.167
18282614.196
18280610.556
18280590.178
18280493.891
18279055.288
18278390.298
18277253.682
18275801.839
18275192.737
18275192.172
18273271.433
18273227.966
18273206.571
18271949.629
18249418.325
18249239.995
18246620.790
18246619.067
18245651.000
18244868.435
18244868.335
18244868.335
18244865.240
18241813.365
18241409.302
18241372.841
18241372.431
18241370.755
18239976.962
18239697.702
18239693.008
18239661.562
18236711.181
18236710.378
18236709.621
18236648.224
18236301.767
18236301.767
18236153.340
18236153.014
18236089.430
18236003.910
18235986.737
18233984.110
18232579.287
18232572.261
18232338.374
18232279.823
18232152.649
18232104.357
18232103.713
18232099.131
18232092.697
18231101.198
18230881.544
18230841.997
18230808.266
18230554.231
18230554.231
18230497.247
18230496.597
18230466.915
18230461.428
18230460.015
18221918.933
18221918.861
18221694.020
18221694.020
18220903.839
18220897.450
18220890.741
18220667.792
18220589.698
18220571.439
18220571.088
18220557.629
18214358.533
18214358.533
18213111.723
18213099.114
18212922.407
18212917.409
18212876.542
18212876.540
18212866.004
18212732.011
18212721.608
18208952.841
18208952.620
18208952.620
18208739.886
18206767.975
18206152.576
18206139.925
18206072.651
18206005.359
18205822.745
18205814.226
18189626.241
18189541.752
18189507.473
18189506.610
18183998.893
18183946.189
18183946.189
18183827.770
18183827.551
18183827.543
18183812.664
18183806.031
18183662.716
18181532.811
18181367.276
18181056.255
18181049.899
18181047.274
18181020.008
18180951.688
18180946.890
18180945.930
18167308.223
18167300.885
18167300.846
18167299.886
18167299.860
18167294.075
18167285.903
18167285.877
18167285.294
18167167.554
18167153.599
18167153.553
18167136.048
18167136.048
18167128.440
18166021.927
18165694.320
18165694.237
18165693.916
18165565.350
18165304.747
18165304.741
18165292.644
18165292.644
18160626.168
18160625.907
18160624.825
18160624.623
18150859.904
18150790.726
18150788.828
18150760.326
18150753.938
18150708.369
18150708.369
18150358.860
18143392.033
18138445.930
18138445.645
18138445.645
18138435.272
18138435.272
18138432.202
18138431.924
18138421.411
18138420.737
18138420.737
18138395.780
18138257.001
18138257.001
18138255.651
18138087.210
18138087.199
18138082.465
18138072.745
18138032.904
18138032.433
18137913.654
18137913.654
18137913.456
18137913.456
18137909.126
18137904.969
18137904.931
18137887.497
18134232.703
18134232.703
18133863.237
18133861.522
18133847.595
18133784.452
18133527.825
18133516.033
18133515.331
18113638.922
18113441.396
18113441.187
18113441.069
18113441.069
18113369.158
18113369.158
18113365.723
18113365.723
18113365.723
18107446.075
18107028.354
18106993.713
18106992.541
18106992.541
18106983.443
18106971.050
18106967.207
18106967.159
18106936.639
18106763.446
18106755.602
18106755.602
18106718.597
18106718.578
18106718.247
18106718.241
18106665.983
18106635.171
18106629.689
18106629.689
18106629.685
18106629.685
18106629.386
18105069.716
18104943.868
18104943.868
18104833.746
18104833.740
18104833.690
18104833.682
18104754.792
18104754.792
18104669.213
18101540.576
18101540.449
18101521.351
18101521.351
18101520.554
18101508.266
18101508.266
18101508.266
18101505.845
18101505.845
18101505.553
18101505.467
18101503.842
18101495.017
18101494.263
18101494.263
18101493.699
18101493.697
18101493.697
18101487.119
18101485.418
18101485.113
18101485.113
18101485.095
18101484.850
18101458.188
18101451.431
18101271.250
18101271.250
18101270.103
18101270.103
18101270.103
18101242.898
18101242.893
18101241.360
18101241.355
18101239.305
18101239.305
18101222.453
18101222.453
18101218.059
18101211.756
18101211.549
18101211.269
18101197.769
18098949.272
18098948.823
18098937.580
18098937.552
18098937.552
18098937.552
18098937.279
18098936.971
18098936.971
18098936.961
18098936.890
18098910.886
18095975.930
18095974.184
18095824.035
18095824.035
18095824.035
18095819.088
18094840.961
18094840.893
18094840.893
18094840.781
18094840.781
18094836.170
18094836.170
18094836.170
18094827.238
18094827.238
18094826.710
18094824.564
18094824.564
18094780.372
18094780.372
18094777.744
18093913.569
18093909.202
18093908.417
18076957.181
18076957.181
18076955.201
18076954.160
18076947.460
18076941.485
18076940.459
18076937.551
18076937.551
18076937.551
18076937.550
18076937.550
18076936.914
18076936.914
18076935.907
18071653.381
18071653.381
18071653.381
18071653.381
18071653.381
18071653.335
18071653.335
18071630.160
18071628.856
18071628.809
18071628.809
18071628.809
18071601.648
18071600.425
18071596.002
18071592.927
18071592.927
18071592.272
18071590.733
18070900.063
18070900.063
18070900.063
18070896.594
18070896.588
18070896.588
18070896.294
18070895.386
18070894.831
18069466.525
18069466.525
18069466.525
18069466.525
18069466.525
18069466.525
18069466.499
18069466.016
18069458.814
18069458.669
18069458.429
18069458.429
18069199.714
18069199.683
18069199.683
18069199.683
18069199.367
18069199.367
18069196.015
18069196.015
18069196.015
18068450.315
18068403.731
18068401.464
18068401.079
18068401.079
18068401.064
18068401.064
18068395.506
18068395.506
18068395.506
18068395.497
18068395.425
18068392.454
18068392.454
18068388.568
18068388.568
18068388.566
18068388.566
18068282.579
18068275.976
18068275.890
18068274.962
18068274.549
18068274.241
18068274.241
18068274.241
18064682.060
18064681.970
18064681.970
18064681.970
18064681.970
18064679.609
18062184.047
18062184.047
18062184.047
18062184.047
18062183.561
18062175.945
18062175.932
18062175.932
18062175.932
18062175.870
18062175.689
18062175.678
18062175.637
18062175.637
18062175.378
18062175.378
18062175.378
18062175.089
18062175.089
18062175.089
18062149.122
18062149.122
18062149.122
18062149.119
18062051.647
18062051.647
18062051.647
18057993.855
18057992.602
18057979.387
18057979.386
18057971.473
18057971.332
18057971.332
18057971.332
18057971.005
18057968.874
18057967.173
18057967.171
18057967.171
18057967.171
18057967.171
18057967.171
18057962.950
18057962.950
18057877.918
18057877.843
18057875.912
18057864.646
18057864.646
18057864.646
18057864.646
18057864.646
18057842.783
18057842.779
18057842.779
18057842.779
18057842.779
18057842.779
18057819.314
18057819.314
18057819.312
18057819.271
18057810.734
18057810.734
18057804.371
18057804.272
18057804.010
18057804.000
18057804.000
18057804.000
18057804.000
18057681.221
18057681.221
18057680.400
18057680.400
18057680.400
18057680.400
18057680.400
18057642.095
18057642.095
18057642.084
18057640.289
18057640.289
18057637.634
18057637.631
18057637.568
18057637.568
18057616.359
18057616.319
18057616.319
18057616.200
18057616.200
18057616.200
18057616.200
18057616.150
18057616.135
18057615.540
18057615.536
18057615.536
18057615.534
18057615.534
18057615.534
18057615.534
18057612.271
18057612.271
18057612.271
18057612.245
18057612.167
18057612.167
18057612.167
18057612.167
18056910.165
18056910.165
18056910.162
18056910.162
18056910.114
18056910.114
18056910.114
18056909.001
18056909.001
18056906.764
18056906.764
18055800.504
18055800.485
18055800.485
18055800.485
18055800.485
18055800.454
18055789.343
18055786.189
18055783.071
18055783.071
18055783.049
18055783.049
18055783.049
18055782.326
18055782.323
18055781.841
18055781.768
18055781.766
18055745.527
18055735.909
18055735.909
18055735.909
18055735.909
18055735.877
18055735.877
18055735.877
18055735.877
18055735.877
18055735.877
18055735.865
18055732.240
18055732.110
18055732.110
18055731.729
18055731.612
18055731.612
18055222.711
18055222.711
18055222.711
18055222.593
18055222.593
18055222.593
18055222.544
18055214.370
18055214.370
18055214.370
18055214.370
18055214.370
18055214.370
18055214.370
18055214.365
18055100.549
18055100.549
18055100.549
18055100.549
18055100.549
18055100.549
18055100.549
18055100.549
18055100.549
18055100.549
18055100.549
18055100.549
18055098.738
18055098.738
18055098.738
18055098.738
18055070.326
18055070.326
18055070.325
Cluster0:12.622 2.255 2.361 18.757 96.160 2.333 2.171 0.327 1.602 4.656 0.838 2.508 739.901 
Cluster1:113.318 1038.252 435.745 481.163 1442.233 11.432 1518.303 1253.063 904.378 451.803 1239.376 421.356 804.881 
Cluster2:628.061 1478.227 711.327 1601.646 249.015 1425.987 242.612 1264.351 11.011 1366.626 1110.401 509.593 534.793 
