Algorithm:goa
Number of runs:30
Number of iterations:1024
Name of file:wine.txt
Number of population:20
Number of clusters:3
cmax:1
cmin:0.00001
850854258.893
759750302.945
717006562.360
664262850.950
625255330.912
583543872.894
546494313.633
514603928.947
482053873.610
452579806.236
427330716.351
402634302.361
380022943.098
359914344.557
341699939.218
325382388.562
311528309.733
296493340.488
286378176.605
274759303.297
265778240.870
255782776.908
246537088.321
240639536.180
234678390.969
227244961.276
220365731.950
216499108.290
212515435.511
209432352.195
205617793.702
202544786.898
199511449.011
196150665.509
193211746.836
190696773.761
187922327.329
184568872.089
182500921.947
180482494.840
178566484.012
175716887.004
174804176.135
173736359.026
173097213.052
172500851.702
171724270.486
170129900.757
169653844.831
168704556.728
168347819.666
167477635.566
167148469.122
166951925.013
166552934.884
166379090.210
166144277.706
165989431.235
165678291.814
165090571.694
164894900.863
164801091.136
164543540.246
164204551.572
164007618.296
163718656.103
163297686.904
163092645.266
163017667.705
163005055.778
162802369.965
162801314.257
162780665.443
162642551.323
162463643.257
162301247.241
162255328.163
162212415.233
162107079.626
162083337.124
162040624.041
162040624.041
162006742.209
161993448.930
161918918.338
161918918.338
161847993.683
161747159.538
161632337.959
161560037.584
161538700.529
161500281.797
161490004.652
161352635.909
161322796.599
161273527.593
161213952.148
161126484.713
161024975.556
161009057.112
160970775.529
160947378.135
160864101.796
160757599.922
160756211.834
160756211.834
160750086.689
160750086.689
160750086.689
160726475.170
160726475.170
160666207.471
160659544.135
160659544.135
160659544.135
160659544.135
160659544.135
160659544.135
160647441.434
160609913.180
160609647.225
160609381.916
160590646.103
160579574.848
160574200.869
160569363.451
160569363.451
160525105.812
160525105.812
160525105.812
160491878.032
160491878.032
160491878.032
160486104.561
160486104.561
160474010.974
160474010.974
160474010.974
160421174.992
160411691.612
160411691.612
160411691.612
160411691.612
160409510.581
160409510.581
160409510.581
160409510.581
160409510.581
160409510.581
160407248.583
160397274.704
160375910.236
160326685.061
160322592.272
160322592.272
160322592.272
160322592.272
160322592.272
160316267.593
160316267.593
160316267.593
160316267.593
160313499.687
160313499.687
160313499.687
160313499.687
160308616.554
160296988.834
160295945.340
160269034.744
160269034.744
160269034.744
160269034.744
160269034.744
160255315.384
160255315.384
160255315.384
160255315.384
160255315.384
160236893.177
160226743.691
160223849.186
160223849.186
160223849.186
160223849.186
160212263.212
160212263.212
160184907.446
160184907.446
160184907.446
160183719.594
160183719.594
160175889.827
160173876.083
160173876.083
160173876.083
160164842.422
160164842.422
160164842.422
160164842.422
160151938.197
160149144.272
160142897.007
160137277.556
160132040.509
160127399.545
160127399.545
160126064.771
160126064.771
160126064.771
160126064.771
160126064.771
160126064.771
160126064.771
160121498.375
160121498.375
160116580.332
160116580.332
160110184.720
160110184.720
160110184.720
160109488.812
160095972.080
160095972.080
160089214.731
160082583.816
160081238.949
160074631.180
160071201.320
160069748.750
160069748.750
160068442.022
160068442.022
160068442.022
160068442.022
160068442.022
160056701.759
160056701.759
160056701.759
160056701.759
160056701.759
160056701.759
160056701.759
160056701.759
160056701.759
160056701.759
160055448.796
160055448.796
160052403.503
160051131.545
160049799.765
160049799.765
160047288.229
160047288.229
160047288.229
160043454.264
160043454.264
160041343.453
160041343.453
160041343.453
160041343.453
160041343.453
160041343.453
160041343.453
160041343.453
160041343.453
160041343.453
160041343.453
160041343.453
160037724.068
160036639.433
160036639.433
160036639.433
160036056.111
160036056.111
160036056.111
160034924.150
160034924.150
160034924.150
160034924.150
160034924.150
160034924.150
160034924.150
160034924.150
160034924.150
160020072.652
160020072.652
160020072.652
160016128.678
160016128.678
160016128.678
160016128.678
160011012.960
160008254.470
160003445.974
159995844.339
159990338.203
159987979.115
159987979.115
159987979.115
159987979.115
159987820.031
159987820.031
159987820.031
159987820.031
159982086.612
159982086.612
159977732.774
159977732.774
159977732.774
159977732.774
159977732.774
159973932.573
159973932.573
159973932.573
159973932.573
159973932.573
159973932.573
159973932.573
159973932.573
159972718.776
159972718.776
159972718.776
159972718.776
159968765.979
159968765.979
159968765.979
159968765.979
159968765.979
159968765.979
159968765.979
159968765.979
159968338.323
159968338.323
159968172.805
159968172.805
159968172.805
159968172.805
159965996.853
159965996.853
159965996.853
159965996.853
159965996.853
159965996.853
159965996.853
159965996.853
159965996.853
159962715.985
159962715.985
159962715.985
159962715.985
159962715.985
159962715.985
159962715.985
159962715.985
159960726.779
159958749.878
159958749.878
159958749.878
159958749.878
159958749.878
159958749.878
159957370.640
159957370.640
159956199.722
159952775.521
159951777.039
159951777.039
159951777.039
159951777.039
159951777.039
159950097.681
159947829.365
159947829.365
159947829.365
159947829.365
159947829.365
159947829.365
159947829.365
159947829.365
159942523.408
159942523.408
159942523.408
159942523.408
159942523.408
159942523.408
159941075.340
159941075.340
159937925.971
159937925.971
159937925.971
159937138.365
159936908.883
159936908.883
159936908.883
159936908.883
159936908.883
159936908.883
159935605.118
159933073.542
159933073.542
159933073.542
159933073.542
159931901.271
159930809.042
159930809.042
159930809.042
159930809.042
159930809.042
159930809.042
159930809.042
159930719.596
159930214.725
159929597.965
159929597.965
159929597.965
159929597.965
159929597.965
159929597.965
159929597.965
159929597.965
159929597.965
159929597.965
159927173.945
159925386.975
159923302.458
159922451.391
159922451.391
159922123.517
159922123.517
159922123.517
159915631.897
159915631.897
159915631.897
159913006.741
159911864.589
159911864.589
159911864.589
159911864.589
159911864.589
159911864.589
159911792.470
159911792.470
159911499.174
159911499.174
159911387.080
159911387.080
159911207.115
159911207.115
159911207.115
159911207.115
159911207.115
159911207.115
159911207.115
159911207.115
159911207.115
159910890.627
159910890.627
159910890.627
159910890.627
159910890.627
159910626.447
159910626.447
159910626.447
159910626.447
159910626.447
159909117.667
159909117.667
159909117.667
159909117.667
159909117.667
159909117.667
159909117.667
159909117.667
159909117.667
159909117.667
159909117.667
159909117.667
159909117.667
159909117.667
159909117.667
159909117.667
159907080.285
159907080.285
159904842.033
159904842.033
159903971.692
159902999.439
159902217.087
159901896.872
159901896.872
159901896.872
159901896.872
159901815.320
159901815.320
159901662.178
159901614.636
159901614.636
159901614.636
159901614.636
159901614.636
159900296.766
159900296.766
159900296.766
159900296.766
159899986.046
159898778.923
159898778.923
159898548.518
159898548.518
159898548.518
159898548.518
159898356.756
159895664.614
159895520.723
159894524.269
159894524.269
159894489.623
159892232.042
159892232.042
159892232.042
159891059.908
159891059.908
159891059.908
159890651.850
159890651.850
159890651.850
159890651.850
159889725.811
159889674.834
159889674.834
159889674.834
159888851.989
159888851.989
159888711.073
159888711.073
159888711.073
159888711.073
159888377.508
159888377.508
159888377.508
159888377.508
159888377.508
159888377.508
159888298.640
159888298.640
159887390.279
159886695.146
159886695.146
159886695.146
159886695.146
159886532.551
159886431.175
159886241.026
159885833.200
159885833.200
159885833.200
159885833.200
159885825.012
159885788.356
159885788.356
159885788.356
159885788.356
159885741.906
159885342.429
159885342.429
159885342.429
159885342.429
159885342.429
159885023.538
159884947.276
159884947.276
159884947.276
159884842.036
159884842.036
159884842.036
159884842.036
159884842.036
159884842.036
159884842.036
159884842.036
159884722.063
159884722.063
159884722.063
159884722.063
159884722.063
159884568.015
159884568.015
159884568.015
159884401.752
159884401.752
159884134.666
159884134.666
159883844.288
159883844.288
159883844.288
159883293.735
159882845.000
159882824.063
159882824.063
159882824.063
159882824.063
159882824.063
159882824.063
159882824.063
159882824.063
159882545.668
159882545.668
159882545.668
159882494.396
159882494.396
159882414.137
159882414.137
159882414.137
159882414.137
159882414.137
159882414.137
159882350.199
159882350.199
159882350.199
159882350.199
159882120.194
159881847.947
159881847.947
159881847.947
159881847.947
159881797.957
159881797.957
159881797.957
159881745.390
159881735.918
159881735.918
159881655.109
159881655.109
159881655.109
159881655.109
159881655.109
159881655.109
159881655.109
159881548.703
159881548.703
159881548.703
159881548.703
159881548.703
159881548.703
159881548.703
159881546.433
159881546.433
159881506.391
159881506.391
159881506.391
159881336.409
159881336.409
159881010.340
159881010.340
159881010.340
159881010.340
159880869.863
159880869.863
159880869.863
159880869.863
159880856.444
159880856.444
159880750.385
159880722.155
159880695.672
159880465.524
159880465.524
159880396.418
159880396.418
159880091.448
159880070.525
159879933.194
159879933.194
159879903.285
159879903.285
159879903.285
159879608.894
159879608.894
159879608.894
159879608.894
159879606.899
159879606.899
159879606.899
159879494.189
159879494.189
159879494.189
159879489.056
159879489.056
159879489.056
159879489.056
159879489.056
159879489.056
159879489.056
159879413.090
159879413.090
159879394.534
159879394.534
159879348.990
159879210.936
159879210.936
159879202.475
159879202.475
159879202.475
159879202.475
159879202.475
159879196.247
159879097.585
159879097.585
159879012.586
159879012.586
159879012.586
159878923.644
159878923.644
159878923.644
159878923.644
159878869.707
159878853.269
159878853.269
159878717.077
159878717.077
159878715.742
159878593.369
159878593.369
159878593.369
159878367.586
159878367.586
159878265.815
159878252.241
159878249.449
159878249.449
159878249.449
159878249.449
159878249.449
159878249.449
159878204.559
159878197.687
159878153.510
159878096.691
159877971.920
159877942.693
159877936.773
159877936.773
159877903.610
159877903.610
159877903.610
159877903.610
159877903.610
159877889.444
159877830.385
159877830.385
159877830.385
159877830.385
159877830.385
159877817.378
159877817.378
159877817.378
159877800.997
159877800.997
159877780.174
159877780.174
159877780.174
159877780.174
159877780.174
159877740.537
159877715.009
159877700.084
159877700.084
159877700.084
159877687.971
159877594.453
159877545.782
159877537.265
159877513.486
159877513.486
159877512.120
159877491.170
159877486.218
159877455.411
159877455.411
159877449.773
159877449.773
159877449.773
159877449.773
159877449.773
159877449.773
159877449.773
159877434.708
159877434.708
159877426.324
159877419.820
159877416.377
159877369.126
159877369.126
159877340.509
159877340.509
159877266.458
159877266.458
159877266.458
159877265.974
159877265.974
159877262.746
159877219.856
159877216.921
159877216.921
159877216.921
159877195.742
159877133.996
159877030.272
159877028.128
159876989.863
159876963.625
159876963.625
159876957.934
159876957.934
159876905.009
159876905.009
159876893.245
159876877.726
159876877.726
159876870.186
159876869.320
159876869.320
159876866.138
159876864.143
159876863.152
159876863.152
159876863.152
159876863.152
159876856.656
159876856.656
159876853.016
159876853.016
159876841.204
159876786.511
159876783.982
159876783.982
159876781.724
159876773.451
159876764.614
159876753.846
159876753.846
159876753.846
159876753.193
159876744.174
159876743.148
159876742.433
159876741.801
159876737.929
159876737.645
159876730.403
159876730.403
159876727.850
159876727.850
159876727.850
159876715.897
159876712.914
159876706.657
159876696.919
159876696.919
159876687.052
159876681.507
159876680.563
159876677.394
159876677.394
159876670.609
159876670.532
159876666.956
159876662.533
159876661.473
159876659.627
159876658.746
159876654.977
159876652.556
159876652.556
159876651.899
159876649.924
159876632.276
159876632.276
159876632.276
159876629.796
159876629.728
159876629.728
159876629.677
159876627.966
159876625.002
159876613.130
159876612.311
159876611.373
159876609.934
159876609.855
159876609.855
159876607.933
159876607.723
159876605.959
159876605.478
159876605.019
159876602.240
159876602.240
159876600.797
159876598.840
159876597.875
159876591.461
159876578.313
159876573.534
159876573.379
159876572.941
159876567.382
159876566.983
159876566.908
159876565.755
159876565.511
159876563.668
159876549.788
159876548.089
159876548.089
159876547.157
159876547.014
159876547.014
159876541.930
159876537.146
159876537.062
159876533.277
159876529.789
159876527.166
159876526.841
159876526.138
159876523.206
159876523.052
159876522.021
159876521.993
159876521.993
159876521.993
159876521.473
159876521.268
159876521.268
159876521.260
159876516.713
159876503.186
159876502.413
159876501.682
159876500.904
159876499.406
159876499.340
159876498.547
159876498.188
159876498.188
159876498.154
159876497.590
159876497.261
159876496.714
159876496.187
159876496.090
159876495.767
159876495.717
159876495.261
159876495.032
159876494.811
159876490.967
159876490.618
159876490.513
159876489.930
159876488.922
159876488.673
159876488.289
159876487.736
159876487.551
159876487.346
159876486.647
159876486.294
159876486.087
159876485.840
159876485.719
159876485.533
159876485.146
159876484.990
159876484.988
159876484.814
159876484.753
159876484.684
159876484.604
159876484.507
159876484.303
159876484.256
159876484.088
159876484.062
159876483.902
159876482.690
159876478.308
159876477.623
159876469.966
159876468.114
159876462.671
159876459.273
159876458.740
159876457.330
159876457.292
159876457.268
159876457.268
159876457.248
159876457.226
159876457.023
159876456.838
159876456.794
159876456.514
159876456.111
159876455.198
159876454.197
159876453.619
159876452.876
159876452.304
159876451.776
159876451.328
159876451.131
159876450.912
159876450.806
159876450.736
159876450.691
159876450.654
159876450.634
159876450.627
159876450.624
159876450.623
159876450.623
Cluster0:1058.978 871.980 1310.858 1233.979 1169.904 825.617 1101.558 1155.095 1566.751 489.007 764.446 939.833 812.891 
Cluster1:34.936 2.336 562.884 179.355 78.406 2.295 2.028 99.496 536.818 93.259 15.270 44.306 902.224 
Cluster2:893.760 894.169 122.940 1098.379 695.342 881.231 110.421 790.763 1216.610 302.630 1466.183 1055.675 1292.018 
