0.89757 0.194367 
0.868339 0.246121 
0.442814 0.80396 
0.952338 0.0931723 
0.659655 0.564934 
0.925187 0.144759 
0.561475 0.684754 
0.551496 0.695856 
0.860617 0.259368 
0.432928 0.812585 
0.685914 0.529558 
0.890501 0.207042 
0.606563 0.632084 
0.511578 0.738407 
0.918186 0.157332 
0.356681 0.87303 
0.965737 0.0675593 
0.651272 0.576038 
0.588854 0.653315 
0.310451 0.903768 
0.938937 0.118745 
0.502129 0.747868 
0.390943 0.84746 
0.836718 0.299912 
0.492476 0.757525 
0.5311 0.717933 
0.71895 0.483322 
0.828984 0.312886 
0.993061 0.0140968 
0.367772 0.864853 
0.986004 0.0278108 
0.702606 0.506365 
0.694351 0.517995 
0.333549 0.888791 
0.904395 0.182145 
0.615581 0.62158 
0.579832 0.663795 
0.597958 0.642447 
0.883195 0.21997 
0.668253 0.553468 
0.40186 0.838513 
0.67708 0.541564 
0.482846 0.766965 
0.87582 0.23298 
0.932038 0.131305 
0.710753 0.494872 
0.959091 0.0801598 
0.298409 0.910967 
0.452685 0.795077 
0.41241 0.82995 
0.979118 0.0413288 
0.521052 0.728514 
0.0920369 0.99154 
0.541391 0.706924 
0.472939 0.776334 
0.642867 0.586747 
0.94558 0.105884 
0.571046 0.674483 
0.0744104 0.994475 
0.745013 0.444974 
0.624073 0.610594 
0.972502 0.0542557 
0.462765 0.786058 
0.379172 0.856393 
0.0557837 0.996904 
0.345368 0.880774 
0.422632 0.821395 
0.272162 0.926052 
0.284567 0.919022 
0.0191669 0.999643 
0.760185 0.422119 
0.736337 0.457808 
0.84468 0.286516 
0.820876 0.326169 
0.63362 0.598561 
0.767969 0.410224 
0.0377245 0.998581 
0.779268 0.392767 
0.812803 0.339355 
0.911154 0.169859 
0.752612 0.433581 
1 0 
0.226143 0.948958 
0.24134 0.941755 
0.257324 0.933835 
0.208568 0.956502 
0.161542 0.97391 
0.110063 0.987887 
0.177794 0.968389 
0.8046 0.352621 
0.852673 0.272951 
0.796132 0.366178 
0.774599 0.400021 
0.727608 0.470587 
0.128356 0.983536 
0.19383 0.962433 
0.145596 0.978897 
0 1.00004 
0.321817 0.896437 
0.787818 0.379379 
