0.524575 0.724821 
0.534423 0.714393 
0.986293 0.0272255 
0.631026 0.601833 
0.175706 0.969138 
0.675993 0.543173 
0.97278 0.0537008 
0.684742 0.531128 
0.979686 0.0403125 
0.951231 0.095159 
0.554026 0.69312 
0.658151 0.5669 
0.649094 0.578742 
0.0506473 0.997435 
0.161104 0.974045 
0.330843 0.890543 
0.34321 0.882341 
0.900121 0.19014 
0.937037 0.121966 
0.0983134 0.990354 
0.0666107 0.995563 
0.229478 0.94734 
0.318318 0.898674 
0.11442 0.986908 
0.242492 0.941253 
0.216657 0.953147 
0.544251 0.703836 
0.612251 0.625161 
0.6216 0.613681 
0.0341421 0.998835 
0.892677 0.203221 
0.305064 0.906936 
0.279794 0.921745 
0.871297 0.240851 
0.755771 0.42881 
0.189554 0.964094 
0.965745 0.0673361 
0.0822937 0.993262 
0.267649 0.928411 
0.922436 0.149111 
0.958528 0.0812235 
0.915137 0.162608 
0.929849 0.135609 
0.944297 0.108843 
0.130052 0.983118 
0.145894 0.978715 
0.367548 0.86491 
0.355461 0.873707 
0.60273 0.636718 
0.403141 0.837539 
0.64011 0.590259 
0.885422 0.216034 
0.740782 0.451342 
0.99317 0.0136134 
0.748118 0.440373 
0.702485 0.506515 
0.764264 0.415901 
0.792375 0.372145 
0.391629 0.846627 
0.292764 0.914387 
0.778052 0.394636 
0.20316 0.958726 
0.770924 0.405711 
0.667075 0.555012 
0.857227 0.265168 
0.785181 0.383493 
0.563621 0.682336 
0.255319 0.934911 
0.481801 0.767868 
0.878071 0.229009 
0.45342 0.797211 
0.800747 0.359242 
0.864051 0.25346 
0.47263 0.776657 
0.720103 0.481451 
0.807929 0.347332 
0.733297 0.462276 
0.726263 0.472542 
0.84925 0.278795 
0.414807 0.827935 
0.492615 0.757331 
0.593054 0.648286 
0.693659 0.518842 
0.834175 0.304223 
0.441163 0.807392 
0.826786 0.316425 
0.842195 0.292008 
0.503447 0.746541 
0.426288 0.818278 
0.514165 0.735763 
0.710783 0.494788 
0.907627 0.176213 
0.583345 0.659708 
0.379706 0.855827 
0.818738 0.329673 
0.573486 0.671114 
0 1.00008 
0.0162937 0.999735 
0.461719 0.786961 
1 0 
