0.634349 0.598077 
0.390544 0.847988 
0.75053 0.436982 
0.699351 0.510994 
0.767019 0.411753 
0.934735 0.127908 
0.548935 0.698671 
0.401216 0.83971 
0.758761 0.424321 
0.844314 0.28734 
0.959747 0.0788865 
0.920893 0.15224 
0.289013 0.916691 
0.873457 0.237078 
0.577209 0.667195 
0.953314 0.0915255 
0.993524 0.0129132 
0.360081 0.870671 
0.8602 0.260074 
0.708029 0.498696 
0.381185 0.855312 
0.797826 0.363678 
0.421664 0.822262 
0.501158 0.749578 
0.940569 0.115599 
0.97319 0.0529664 
0.539639 0.709013 
0.947006 0.103208 
0.96657 0.0660319 
0.521095 0.729424 
0.567721 0.677877 
0.510484 0.739607 
0.782787 0.387615 
0.717062 0.486282 
0.249617 0.937733 
0.0679185 0.99555 
0.263482 0.931187 
0.866878 0.248612 
0.742426 0.448845 
0.314765 0.901302 
0.979996 0.0404937 
0.986635 0.0266669 
0.276335 0.923848 
0.829177 0.312742 
0.775505 0.399334 
0.813398 0.338397 
0.625087 0.609419 
0.836492 0.300336 
0.302091 0.908884 
0.643662 0.586202 
0.442932 0.804137 
0.349476 0.877928 
0.586563 0.655982 
0.432586 0.81355 
0.790155 0.375739 
0.0159335 0.99975 
0.852312 0.273613 
0.327405 0.893185 
0.596365 0.644799 
0.558704 0.688399 
0.690232 0.523583 
0.901479 0.187406 
0.895294 0.198531 
0.411346 0.831304 
0.725537 0.4737 
0.371389 0.862684 
0.338391 0.886389 
0.734064 0.461207 
0.908395 0.174871 
0.0338046 0.998914 
0.52999 0.719139 
0.914308 0.164343 
0.881734 0.222743 
0.084004 0.992968 
0.0513258 0.997585 
0.821135 0.325839 
0.805759 0.350898 
1 0 
0.188717 0.964471 
0.671859 0.54872 
0.138863 0.980744 
0.23555 0.945161 
0.888562 0.211412 
0.606015 0.633278 
0.927475 0.140128 
0.465967 0.782894 
0.47793 0.77161 
0.489478 0.760528 
0.103813 0.989417 
0.171843 0.970499 
0.454299 0.793656 
0.204801 0.958074 
0.653023 0.573568 
0.662477 0.561128 
0.220036 0.951593 
0.121586 0.985266 
0.681094 0.536149 
0.155685 0.975887 
0 1.00054 
0.616387 0.621474 
