0.594487 0.646641 
0.612745 0.624548 
0.639357 0.5914 
0.860745 0.259361 
0.621926 0.613214 
0.656332 0.569229 
0.353621 0.875307 
0.647855 0.580386 
0.584896 0.657921 
0.252983 0.936143 
0.699114 0.511377 
0.664984 0.557816 
0.182579 0.966723 
0.738919 0.454043 
0.690692 0.522993 
0.279613 0.921896 
0.682143 0.534752 
0.922414 0.149308 
0.30513 0.906896 
0.706868 0.500338 
0.714831 0.489119 
0.375049 0.859338 
0.341828 0.883161 
0.630621 0.602319 
0.537784 0.710802 
0.406582 0.83475 
0.936631 0.122756 
0.929694 0.135837 
0.385527 0.851675 
0.266244 0.929115 
0.987464 0.0249479 
0.547349 0.700409 
0.915239 0.162338 
0.747324 0.441508 
0.507276 0.742713 
0.838379 0.297152 
0.830637 0.310196 
0.556783 0.690006 
0.2391 0.942832 
0.429273 0.815812 
0.211019 0.955476 
0.123872 0.984656 
0.603822 0.635455 
0.317531 0.899225 
0.846248 0.283964 
0.822497 0.323498 
0.167871 0.971826 
0.673617 0.546241 
0.329785 0.891274 
0.566303 0.679699 
0.575679 0.668625 
0.755901 0.428614 
0.10793 0.988496 
0.22527 0.94928 
0.41792 0.825377 
0.876051 0.232871 
0.764306 0.415836 
0.0769175 0.994144 
0.292635 0.914365 
0.527667 0.721584 
0.722939 0.477541 
0.0455094 0.998042 
0.965846 0.0671417 
0.973009 0.0532538 
0.0922612 0.991491 
0.139082 0.980769 
0.395949 0.843227 
0.730908 0.465807 
0.95144 0.0947624 
0.196824 0.961321 
0.364312 0.867311 
1 0 
0.853541 0.271719 
0.891421 0.205368 
0.474607 0.774749 
0.463368 0.78529 
0.781218 0.389698 
0.440554 0.805912 
0.944082 0.10871 
0.0613959 0.996264 
0.0327056 0.999194 
0.153786 0.976465 
0.958904 0.0809239 
0.980761 0.0381821 
0.993751 0.0124604 
0.0166198 0.999804 
0.899588 0.190741 
0.883642 0.219202 
0.485743 0.764071 
0.452044 0.795656 
0.789617 0.376506 
0.496457 0.75356 
0.797945 0.363283 
0.772784 0.402804 
0.806222 0.350007 
0.814433 0.336753 
0 1.00002 
0.517676 0.732012 
0.907498 0.176567 
0.868532 0.245727 
