0.2445 0.940322 
0.112166 0.987437 
0.271407 0.926427 
0.308776 0.904664 
0.521841 0.727862 
0.144237 0.979332 
0.258241 0.933449 
0.98787 0.0241121 
0.201686 0.959608 
0.187288 0.965091 
0.347169 0.879615 
0.383195 0.853196 
0.960881 0.0769859 
0.615553 0.621107 
0.440734 0.8058 
0.492046 0.758018 
0.974463 0.0504391 
0.69794 0.513564 
0.748254 0.440389 
0.706217 0.501267 
0.934111 0.127438 
0.94085 0.115004 
0.787173 0.380527 
0.568137 0.677274 
0.17311 0.970035 
0.371453 0.862034 
0.77958 0.392537 
0.967572 0.0638206 
0.46236 0.786273 
0.482173 0.767604 
0.158806 0.974801 
0.550542 0.697112 
0.624237 0.61038 
0.771358 0.405034 
0.763515 0.417172 
0.731929 0.464691 
0.540801 0.707784 
0.794532 0.368894 
0.531304 0.717734 
0.801771 0.357192 
0.394916 0.844042 
0.606419 0.632265 
0.128616 0.983627 
0.451655 0.79602 
0.094995 0.990987 
0.0771997 0.994043 
0.0203287 0.99961 
0.559336 0.687304 
0.993945 0.0120787 
0.0587492 0.996629 
0.501934 0.74811 
0.981064 0.0375127 
0.84879 0.279561 
0.359167 0.871019 
0.406601 0.834678 
0.429556 0.815542 
0.23052 0.94688 
0.714795 0.489068 
0.511926 0.73813 
0.954136 0.0896561 
0.0399504 0.998416 
0.296227 0.912298 
0.334575 0.888061 
0.947323 0.102587 
0.841227 0.292425 
0.587452 0.654939 
0.577726 0.666332 
0.808966 0.345639 
0.833851 0.304736 
0.887919 0.211602 
0.652622 0.57419 
0.723139 0.477283 
0.597114 0.643759 
0.816291 0.333761 
0.911093 0.169909 
0.740137 0.452499 
0.283821 0.919481 
0.472412 0.777105 
0.755853 0.428812 
0.90339 0.183887 
0.418088 0.82524 
1 0 
0.677736 0.540741 
0.670015 0.551301 
0.918842 0.15574 
0.92648 0.141636 
0.682024 0.534867 
0.689564 0.524551 
0.872276 0.239136 
0.643423 0.586404 
0.895672 0.197775 
0.633774 0.598573 
0.880232 0.225264 
0.864444 0.252743 
0.856545 0.26634 
0.321804 0.896443 
0 1.0001 
0.216058 0.953357 
0.825374 0.318878 
0.662304 0.561499 
