0.398986 0.840889 
0.476101 0.77383 
0.410114 0.83229 
0.0929839 0.991439 
0.844989 0.286029 
0.724407 0.475355 
0.210902 0.955595 
0.83779 0.298417 
0.779574 0.392896 
0.316667 0.900244 
0.197391 0.961149 
0.815982 0.334316 
0.486762 0.763459 
0.748178 0.44059 
0.756178 0.428202 
0.740538 0.451889 
0.10904 0.9882 
0.898105 0.193556 
0.787012 0.380619 
0.237585 0.943637 
0.376484 0.858336 
0.852417 0.273421 
0.707769 0.499064 
0.365039 0.866849 
0.352918 0.875456 
0.809098 0.345521 
0.920017 0.155436 
0.140139 0.980595 
0.431937 0.813458 
0.764237 0.416045 
0.912411 0.167654 
0.569163 0.676115 
0.442864 0.803945 
0.528849 0.720532 
0.588262 0.653958 
0.732054 0.464119 
0.421297 0.822518 
0.124575 0.984534 
0.699121 0.511238 
0.341079 0.88384 
0.905384 0.180523 
0.926759 0.141138 
0.18412 0.966376 
0.538847 0.709688 
0.277122 0.923205 
0.453909 0.793967 
0.772407 0.404464 
0.635889 0.595662 
0.794342 0.369118 
0.801936 0.35702 
0.0757943 0.994647 
0.387496 0.849922 
0.831051 0.310032 
0.626519 0.607499 
0.250661 0.937225 
0.224624 0.949996 
0.867321 0.247776 
0.303783 0.907956 
0.823373 0.322184 
0.93407 0.127744 
0.941397 0.113778 
0.948556 0.100253 
0.0578582 0.99666 
0.264507 0.930495 
0.716289 0.486987 
0.57902 0.664737 
0.328722 0.891989 
0.965423 0.0679649 
0.971097 0.0569932 
0.955127 0.0877405 
0.644466 0.584724 
0.59791 0.642542 
0.860182 0.260718 
0.653238 0.57363 
0.154603 0.976149 
0.290289 0.915838 
0.039394 0.998495 
0.690237 0.523572 
1 0 
0.671893 0.548562 
0.681276 0.535866 
0.507786 0.742154 
0.882739 0.220774 
0.518428 0.731237 
0.992875 0.014199 
0.49711 0.752928 
0.16974 0.97168 
0.0197676 0.999672 
0.662539 0.561112 
0.960788 0.0768869 
0.978401 0.0427318 
0.985822 0.028233 
0.5491 0.69849 
0.607477 0.630977 
0.89049 0.207079 
0.616968 0.619365 
0.559337 0.68726 
0.87497 0.234428 
0.465015 0.783778 
0 1.00006 
