0.448145 0.79917 
0.469207 0.779875 
0.90721 0.177266 
0.855704 0.267906 
0.744915 0.445675 
0.93418 0.127556 
0.802216 0.356784 
0.274072 0.924903 
0.84827 0.280504 
0.286517 0.918142 
0.920895 0.15209 
0.721568 0.479354 
0.458805 0.789564 
0.941182 0.114382 
0.89984 0.190393 
0.729092 0.468467 
0.914226 0.164589 
0.629495 0.603881 
0.369874 0.863612 
0.620258 0.615527 
0.786235 0.381893 
0.681681 0.535355 
0.736529 0.457707 
0.437499 0.808756 
0.34828 0.879166 
0.311548 0.902963 
0.248433 0.938333 
0.499514 0.750809 
0.810052 0.343829 
0.833292 0.305628 
0.324103 0.895175 
0.380405 0.8553 
0.03837 0.998551 
0.878583 0.228814 
0.219907 0.951654 
0.705494 0.502315 
0.697723 0.513244 
0.638732 0.592023 
0.233948 0.945456 
0.647768 0.580494 
0.673461 0.546846 
0.689614 0.524489 
0.753095 0.432874 
0.19532 0.96187 
0.207956 0.956758 
0.479893 0.770108 
0.841187 0.293039 
0.86289 0.255426 
0.509354 0.740561 
0.108706 0.988232 
0.885485 0.216268 
0.664713 0.558195 
0.0729832 0.994675 
0.519673 0.729956 
0.180127 0.967629 
0.0909018 0.991737 
0.41494 0.827825 
0.299019 0.910628 
0.794247 0.369181 
0.825478 0.318638 
0.892611 0.203276 
0.817904 0.33139 
0.35921 0.8711 
0.92784 0.139455 
0.713322 0.491221 
1 0 
0.125444 0.984265 
0.403384 0.837289 
0.392425 0.846137 
0.985178 0.0295643 
0.57108 0.673868 
0.656228 0.569365 
0.579992 0.663623 
0.963072 0.0725065 
0.610371 0.627458 
0.0189481 0.999645 
0.769688 0.407581 
0.778001 0.39472 
0.0556231 0.997006 
0.336066 0.887078 
0.426383 0.818204 
0.599808 0.640248 
0.991704 0.016529 
0.97783 0.0439912 
0.589282 0.652761 
0.540357 0.708016 
0.970429 0.0585972 
0.560892 0.685403 
0.761526 0.420123 
0.550752 0.696689 
0.164518 0.972944 
0.955805 0.0864484 
0.529918 0.719191 
0.948401 0.100535 
0.997834 0.0043569 
0.870719 0.242027 
0.261021 0.931987 
0 1.00007 
0.143663 0.979421 
0.489767 0.76013 
