0.203025 0.958931 
0.346073 0.880259 
0.358244 0.871879 
0.497356 0.752712 
0.907141 0.177224 
0.401867 0.838513 
0.91421 0.16422 
0.921314 0.151181 
0.445107 0.801883 
0.609534 0.628658 
0.545354 0.70268 
0.778397 0.394283 
0.391023 0.847104 
0.808517 0.346303 
0.816135 0.333952 
0.456027 0.792215 
0.899903 0.190206 
0.380191 0.855543 
0.823857 0.321318 
0.257784 0.93355 
0.244334 0.940303 
0.0540472 0.997113 
0.83128 0.308973 
0.412515 0.829963 
0.526474 0.72298 
0.646193 0.582434 
0.637579 0.593522 
0.516406 0.733329 
0.801054 0.358322 
0.61879 0.617111 
0.770668 0.406094 
0.0718709 0.994835 
0.53645 0.712514 
0.0898355 0.991978 
0.309976 0.904237 
0.369764 0.863549 
0.106731 0.988609 
0.123737 0.984689 
0.506648 0.743525 
0.55444 0.692597 
0.563194 0.683124 
0.434465 0.811329 
0.845968 0.284409 
0.935065 0.125655 
0.853567 0.271425 
0.838659 0.296732 
0.231336 0.946613 
0.793449 0.37044 
0.590591 0.651211 
0.600092 0.640056 
0.297518 0.911517 
0.928471 0.138094 
0.217459 0.952969 
0.321964 0.896519 
0.334001 0.888482 
0.785928 0.382331 
0.187976 0.964669 
0.271408 0.926338 
0.477543 0.772014 
0.949129 0.0991548 
0.172787 0.970145 
0.284346 0.919148 
0.956207 0.0856674 
0.861339 0.258095 
0.487561 0.762492 
0.942344 0.112127 
0.743612 0.447376 
0.762582 0.418596 
0.671531 0.549092 
0.736172 0.458057 
0.628186 0.605382 
0.663849 0.559305 
0.0360033 0.998727 
0.423568 0.820634 
0.466827 0.782243 
0.755498 0.429225 
0.0162934 0.999736 
0.72651 0.472198 
0.707788 0.499037 
0.884608 0.21747 
0.89228 0.203838 
0.572268 0.672662 
0.581332 0.662102 
1 0 
0.97091 0.0573335 
0.749766 0.437874 
0.690085 0.523792 
0.679743 0.537961 
0.963618 0.071441 
0.717031 0.485867 
0.98558 0.0286324 
0.992795 0.0143579 
0.978232 0.0430622 
0.876828 0.231172 
0.140561 0.980243 
0.699054 0.511462 
0.869101 0.244664 
0.156894 0.975384 
0 1.00004 
0.654978 0.571126 
