0.855223 0.268593 
0.290219 0.915927 
0.848293 0.281614 
0.953062 0.0924987 
0.267639 0.928935 
0.816698 0.333271 
0.800765 0.358788 
0.939722 0.116922 
0.313684 0.901623 
0.255365 0.935052 
0.927226 0.140468 
0.91458 0.16446 
0.862997 0.255438 
0.808837 0.346317 
0.691086 0.52255 
0.979556 0.0404829 
0.242453 0.941224 
0.82441 0.320495 
0.143092 0.979659 
0.793324 0.370931 
0.568095 0.677298 
0.558456 0.688429 
0.893404 0.202439 
0.528916 0.720249 
0.325057 0.894362 
0.33647 0.887042 
0.548467 0.69925 
0.172767 0.970263 
0.785174 0.383556 
0.94647 0.104593 
0.518832 0.730847 
0.986454 0.0272397 
0.920461 0.152762 
0.348106 0.879064 
0.900567 0.188985 
0.68235 0.534608 
0.508308 0.741637 
0.200981 0.95961 
0.768962 0.408698 
0.186683 0.965251 
0.933258 0.129034 
0.464769 0.783991 
0.453884 0.79399 
0.83241 0.307169 
0.840243 0.294037 
0.907613 0.176303 
0.538784 0.709719 
0.96592 0.0670842 
0.127747 0.984084 
0.885908 0.215184 
0.878542 0.228919 
0.279291 0.922388 
0.158143 0.975238 
0.664849 0.557979 
0.870794 0.241758 
0.959627 0.0798525 
0.972628 0.0542173 
0.993143 0.0136683 
0.673495 0.546405 
0.699805 0.510352 
0.70854 0.498379 
0.40863 0.833023 
0.625105 0.609244 
0.597772 0.642668 
0.0165211 0.99973 
0.215803 0.953482 
0.229447 0.947589 
0.0356969 0.998957 
0.0738005 0.994588 
0.0555297 0.996953 
0.418184 0.825133 
0.397831 0.842047 
0.616153 0.620355 
0.359083 0.87106 
0.725915 0.473049 
0.49773 0.752267 
0.607182 0.631433 
0.743414 0.447336 
0.577915 0.666015 
0.760653 0.421418 
0.301656 0.909188 
0.38485 0.851972 
1 0 
0.644992 0.583987 
0.655102 0.570842 
0.634784 0.59705 
0.371104 0.862283 
0.110133 0.987871 
0.486865 0.762967 
0.734702 0.460213 
0.587923 0.654347 
0.75207 0.434392 
0.475834 0.773582 
0.0916337 0.991603 
0.42853 0.816364 
0.717124 0.485735 
0 1.0003 
0.437545 0.80894 
0.446085 0.801008 
0.777052 0.396193 
