0.753919 0.431605 
0.41649 0.826874 
0.372389 0.861949 
0.846253 0.285284 
0.730874 0.465918 
0.405439 0.835721 
0.738827 0.454209 
0.312719 0.902786 
0.394095 0.844822 
0.261176 0.932355 
0.971862 0.0554844 
0.853238 0.272286 
0.460918 0.787565 
0.965109 0.0685729 
0.471456 0.777785 
0.816396 0.333691 
0.569934 0.675218 
0.867848 0.247024 
0.299937 0.910668 
0.808142 0.346911 
0.286982 0.917695 
0.273942 0.924965 
0.58729 0.65547 
0.800414 0.359513 
0.951326 0.0952883 
0.830983 0.309511 
0.0506243 0.997468 
0.0871945 0.992397 
0.823905 0.321568 
0.427451 0.817478 
0.76925 0.40868 
0.33727 0.886394 
0.552246 0.695648 
0.978667 0.0422118 
0.838305 0.297537 
0.349208 0.878216 
0.882489 0.221626 
0.76167 0.420275 
0.383469 0.853101 
0.706089 0.501539 
0.595951 0.645328 
0.776918 0.396493 
0.87529 0.234436 
0.561225 0.685156 
0.360884 0.870023 
0.542794 0.705763 
0.78483 0.38427 
0.958178 0.081899 
0.503669 0.746317 
0.232961 0.945741 
0.438494 0.807723 
0.324809 0.894506 
0.247034 0.939143 
0.514057 0.735882 
0.722759 0.477636 
0.792672 0.371877 
0.622882 0.612146 
0.860507 0.259818 
0.0163802 0.999732 
0.71442 0.489844 
0.67078 0.550055 
0.746464 0.442948 
0.985951 0.0283702 
1 0 
0.688993 0.525289 
0.523806 0.725709 
0.697452 0.513699 
0.889924 0.208109 
0.104251 0.989132 
0.493117 0.756849 
0.533381 0.716175 
0.613824 0.623462 
0.644612 0.584522 
0.662116 0.561607 
0.155943 0.975683 
0.0691252 0.995225 
0.605087 0.633884 
0.928749 0.137466 
0.121957 0.985127 
0.936361 0.123256 
0.449785 0.797694 
0.0338267 0.998886 
0.653284 0.573335 
0.920849 0.152038 
0.913145 0.166242 
0.89748 0.194609 
0.905315 0.180585 
0.139207 0.980655 
0.172171 0.970363 
0.679873 0.537773 
0.188174 0.964591 
0.944045 0.108862 
0.48242 0.767272 
0.218324 0.952335 
0.995441 0.00909735 
0.203404 0.958632 
0 1.00017 
0.578643 0.665252 
0.632192 0.600487 
0.99167 0.0166023 
