0.584058 0.659615 
0.917061 0.159168 
0.41211 0.830304 
0.700998 0.509241 
0.889275 0.209227 
0.53587 0.712882 
0.943745 0.109433 
0.433243 0.812558 
0.692302 0.520825 
0.683715 0.53257 
0.851588 0.274979 
0.665854 0.556645 
0.657256 0.568261 
0.896163 0.196979 
0.475331 0.774463 
0.620878 0.614523 
0.843829 0.288029 
0.717501 0.485274 
0.63906 0.591869 
0.630072 0.603378 
0.820322 0.327106 
0.903085 0.184456 
0.250403 0.937299 
0.725077 0.474706 
0.874254 0.235849 
0.263717 0.930475 
0.495139 0.754841 
0.56518 0.681223 
0.465241 0.784015 
0.443885 0.803537 
0.150388 0.977506 
0.505236 0.744738 
0.709509 0.49667 
0.545804 0.70224 
0.866658 0.248923 
0.104019 0.989186 
0.732607 0.463541 
0.95752 0.0836278 
0.740089 0.452336 
0.611809 0.625695 
0.119791 0.98575 
0.602412 0.637101 
0.526043 0.723438 
0.422857 0.821499 
0.923941 0.146412 
0.16539 0.972733 
0.180703 0.967641 
0.208587 0.956492 
0.93069 0.134073 
0.812674 0.33957 
0.303528 0.907873 
0.236316 0.944184 
0.978124 0.0432744 
0.08679 0.992472 
0.93739 0.121323 
0.971382 0.0564169 
0.290695 0.915507 
0.593437 0.647837 
0.574399 0.67024 
0.222488 0.950501 
0.454421 0.793618 
0.910092 0.171749 
0.390152 0.84779 
0.859359 0.262082 
0.881801 0.222427 
0.964605 0.069769 
0.400829 0.8394 
0.134535 0.981942 
0.78783 0.379352 
0.747888 0.44094 
0.950365 0.0968312 
0.0277873 0.999397 
0.555227 0.691727 
0.804567 0.352755 
0.98539 0.0290058 
0.316451 0.899859 
0.674804 0.54464 
0.763643 0.416889 
0.771744 0.404412 
0.836067 0.301001 
0.19446 0.962237 
0.485205 0.764584 
0.755318 0.429639 
1 0 
0.992708 0.0145309 
0.0157339 0.999753 
0.795946 0.366486 
0.0472189 0.997772 
0.341885 0.883115 
0.32928 0.891576 
0.515837 0.733922 
0.277414 0.923083 
0.828166 0.314143 
0.0669898 0.995513 
0.378417 0.856809 
0.648042 0.58005 
0.354354 0.874439 
0.366402 0.865831 
0 1.00004 
0.779946 0.391721 
