0.0024935 1.02339 
0.992406 0.00980971 
0.564101 0.452879 
0.492091 0.510166 
0.80083 0.200006 
0.0987575 0.913056 
0.406097 0.599954 
0.23531 0.767342 
0.307266 0.711656 
0.913008 0.0877893 
0.767222 0.23307 
0.833011 0.168513 
0.940302 0.0622218 
0.812522 0.194649 
0.124299 0.8779 
0.664272 0.337697 
0.1984 0.832632 
0.641256 0.366109 
0.212401 0.796023 
0.174803 0.848626 
0.324097 0.677661 
0.372029 0.632647 
0.21006 0.797223 
0.388849 0.61452 
0.338416 0.668259 
0.425915 0.578712 
0.596115 0.410557 
0.463653 0.548701 
0.00252278 0.999328 
0.082406 0.918605 
0.243693 0.757116 
0.354124 0.649295 
0.755148 0.245935 
0.282249 0.71966 
0.72804 0.272595 
0.968185 0.0326448 
0.145652 0.872598 
0.0416481 0.961487 
0.166261 0.855074 
0.147739 0.86015 
0.742668 0.259 
0.440306 0.561126 
0.0121958 0.989009 
0.0659458 0.949719 
0.867545 0.133742 
0.0565105 0.955121 
0.379918 0.623292 
0.622064 0.380465 
0.857546 0.14328 
0.472615 0.529952 
0.35255 0.654341 
0.573084 0.427405 
0.842733 0.158794 
0.564261 0.436448 
0.97759 0.0230721 
0.700033 0.300636 
0.710413 0.292654 
0.959302 0.0450953 
0.29472 0.716479 
0.612715 0.3943 
0.0212061 0.981238 
0.428885 0.575369 
0.849716 0.150729 
0.891774 0.108809 
0.629985 0.376723 
0.985041 0.0156331 
0.1984 0.832632 
0.464086 0.539981 
0.270337 0.732796 
0.268358 0.733125 
0.902359 0.10038 
0.581965 0.419674 
0.876477 0.125716 
0.0729178 0.934869 
0.124306 0.876708 
0.668574 0.333887 
0.0334472 0.970779 
0.482749 0.523952 
0.0749553 0.931672 
0.440274 0.562445 
0.74767 0.254601 
0.717437 0.284355 
0.255511 0.745295 
0.951555 0.0494075 
0.689716 0.313189 
0.767185 0.233118 
0.677975 0.324794 
0.944846 0.0556168 
0.326815 0.677201 
0.255434 0.745295 
0.68172 0.322802 
0.586861 0.414048 
0.906113 0.0959539 
0.612715 0.3943 
0.487595 0.519078 
0.693721 0.309827 
0.0280532 0.974107 
0.721661 0.278708 
0.886309 0.113943 
0.640802 0.371119 
