0.00359613 0.997488 
1.00145 9.96581e-05 
0.651516 0.350387 
0.607736 0.394384 
0.954055 0.0473884 
0.180083 0.823373 
0.921403 0.0793267 
0.143893 0.882559 
0.238705 0.777818 
0.503768 0.503404 
0.208913 0.800759 
0.597601 0.420398 
0.706281 0.300429 
0.528503 0.485302 
0.157081 0.847497 
0.729005 0.277978 
0.573665 0.44079 
0.290965 0.712173 
0.103676 0.898784 
0.201254 0.804135 
0.395498 0.611133 
0.0905113 0.911239 
0.339191 0.666855 
0.761904 0.239343 
0.161674 0.843033 
0.437851 0.563191 
0.660831 0.340607 
0.0800789 0.923381 
0.326789 0.676882 
0.269662 0.732351 
0.853626 0.147753 
0.314769 0.686924 
0.45218 0.555181 
0.741854 0.258551 
0.24044 0.763636 
0.276018 0.727577 
0.380468 0.62182 
0.835147 0.166184 
0.474067 0.528325 
0.353735 0.655789 
0.425956 0.5756 
0.752014 0.249448 
0.0680056 0.933518 
0.823093 0.177983 
0.601256 0.404977 
0.694694 0.306737 
0.688081 0.317999 
0.991024 0.00984005 
0.865862 0.134802 
0.55956 0.452572 
0.25368 0.74955 
0.788891 0.211539 
0.408033 0.600344 
0.533382 0.47444 
0.815372 0.186776 
0.032528 0.971376 
0.874477 0.126103 
0.492042 0.513904 
0.375011 0.631976 
0.966834 0.0336924 
0.982583 0.0257632 
0.48462 0.517679 
0.675052 0.329117 
0.731571 0.271494 
0.418151 0.58321 
0.119459 0.888595 
0.372433 0.647057 
0.120907 0.885402 
0.545219 0.468347 
0.0600042 0.94234 
0.550604 0.461358 
0.463247 0.545704 
0.0112547 0.992127 
0.897035 0.104289 
0.0419547 0.961963 
0.465091 0.53853 
0.888958 0.112915 
0.775189 0.225362 
0.306328 0.699988 
0.0539086 0.949543 
0.884207 0.11958 
0.306319 0.706249 
0.775496 0.224898 
0.362803 0.650276 
0.253357 0.750975 
0.913558 0.0967235 
0.0189729 0.983387 
0.412898 0.59466 
0.801533 0.199601 
0.805899 0.194423 
0.962529 0.0388068 
0.568244 0.444051 
0.0243792 0.97798 
0.916627 0.0843078 
0.857018 0.14388 
0.793404 0.208784 
0.046137 0.956183 
0.98531 0.0192585 
0.677502 0.324888 
0.902693 0.0976671 
