1.00118 8.63145e-05 
0.00913699 1.00956 
0.674954 0.3259 
0.35364 0.647108 
0.610392 0.391163 
0.515395 0.504599 
0.565148 0.441125 
0.2053 0.812233 
0.309435 0.694642 
0.0293886 0.971292 
0.0671772 0.934082 
0.271573 0.747557 
0.236212 0.781504 
0.239559 0.776212 
0.805378 0.19903 
0.727147 0.273936 
0.721 0.279768 
0.391617 0.645262 
0.569582 0.432575 
0.830188 0.171346 
0.590257 0.41052 
0.418765 0.59703 
0.400968 0.638896 
0.179223 0.833089 
0.445846 0.574391 
0.155074 0.854646 
0.304074 0.707775 
0.680683 0.320247 
0.858289 0.142677 
0.135999 0.881655 
0.922459 0.078088 
0.697854 0.302367 
0.179202 0.838811 
0.410981 0.611528 
0.480233 0.535661 
0.158564 0.853301 
0.697807 0.302367 
0.283611 0.71958 
0.59649 0.405249 
0.469717 0.559888 
0.489367 0.51494 
0.781204 0.219076 
0.506457 0.510286 
0.468478 0.562188 
0.841059 0.159894 
0.446969 0.572737 
0.118659 0.899028 
0.135999 0.881655 
0.753157 0.247942 
0.797501 0.202925 
0.753157 0.247942 
0.938284 0.0651186 
0.786364 0.213955 
0.947021 0.0550609 
0.768081 0.232225 
0.960534 0.0402595 
0.87027 0.12995 
0.977172 0.0251126 
0.609732 0.391416 
0.913836 0.08628 
0.984079 0.0168826 
0.990901 0.0114596 
0.0774966 0.923179 
0.902295 0.0979433 
0.761179 0.239725 
0.102868 0.902085 
0.864001 0.136557 
0.482304 0.523651 
0.0172261 0.990443 
0.879431 0.121413 
0.0895017 0.911746 
0.272393 0.737772 
0.908605 0.0916436 
0.281868 0.734614 
0.102773 0.907835 
0.99644 0.00381925 
0.00974632 0.994872 
0.897092 0.105326 
0.831488 0.170436 
0.840208 0.160223 
0.0258131 0.982571 
0.888713 0.113675 
0.0772124 0.924849 
0.068271 0.933285 
0.118659 0.899028 
0.418503 0.601215 
0.309253 0.696694 
0.413565 0.610807 
0.961848 0.038384 
0.0895017 0.911746 
0.882502 0.118707 
0.893306 0.110151 
0.283052 0.725334 
0.0257844 0.987391 
0.0096052 1.00411 
0.939507 0.0621577 
0.969545 0.0318822 
0.944085 0.0560635 
0.969651 0.0315636 
0.765288 0.235067 
