0.999144 0.00187854 
0.0480366 0.990889 
0.464856 0.591783 
0.783512 0.216807 
0.745351 0.255576 
0.50568 0.500365 
0.361757 0.669454 
0.147407 0.863702 
0.475057 0.536104 
0.475057 0.536104 
0.682979 0.321731 
0.394807 0.644246 
0.72219 0.278352 
0.588029 0.414184 
0.815478 0.190448 
0.219186 0.803818 
0.788931 0.216588 
0.274681 0.755391 
0.699088 0.304925 
0.297085 0.739533 
0.65368 0.346935 
0.544517 0.470229 
0.327597 0.721367 
0.55912 0.447322 
0.635735 0.366575 
0.953204 0.0478708 
0.172939 0.846586 
0.25481 0.790144 
0.132854 0.91477 
0.197263 0.813052 
0.570316 0.43043 
0.83269 0.171713 
0.0695417 0.966121 
0.100904 0.93561 
0.844463 0.156688 
0.60207 0.399567 
0.862118 0.144446 
0.987146 0.0131267 
0.142167 0.888012 
0.917453 0.0828876 
0.334029 0.693121 
0.241423 0.798561 
0.447494 0.599149 
0.421781 0.620287 
0.653463 0.347034 
0.190908 0.833867 
0.925758 0.0745372 
0.820504 0.188037 
0.137805 0.895068 
0.264955 0.764361 
0.935958 0.0644877 
0.407532 0.633925 
0.894305 0.108134 
0.430645 0.602069 
0.130007 0.934906 
0.0916767 0.938381 
0.90598 0.094768 
0.309611 0.723062 
0.732924 0.267962 
0.976738 0.0243349 
0.17709 0.844907 
0.0729022 0.945092 
0.519313 0.490727 
0.0599421 0.975136 
0.345543 0.670428 
0.865029 0.135536 
0.873687 0.126628 
0.304172 0.728572 
0.523857 0.477523 
0.340533 0.677691 
0.529555 0.471988 
0.566167 0.43768 
0.419858 0.629591 
0.885322 0.115246 
0.0545908 0.981195 
0.190947 0.821232 
0.839586 0.163966 
0.0735881 0.939195 
0.685897 0.31531 
0.901971 0.0987639 
0.744407 0.256167 
0.960645 0.0395801 
0.628967 0.374059 
0.694826 0.307853 
0.512432 0.4965 
0.996918 0.00372466 
0.395931 0.640079 
0.879917 0.121366 
0.130775 0.934626 
0.972124 0.0289456 
0.609173 0.393331 
0.965984 0.036072 
0.245326 0.791031 
0.336271 0.690156 
0.729952 0.272697 
0.619567 0.38382 
0.935582 0.0650693 
0.435735 0.601468 
0.613852 0.388956 
0.626036 0.380754 
