1.00858 0.00540977 
2.1965e-05 1.03829 
0.634741 0.472761 
0.661657 0.417001 
0.867323 0.139426 
0.901983 0.106353 
0.950068 0.0662682 
0.738341 0.309072 
0.986189 0.0169123 
0.965793 0.0423228 
0.924976 0.0852597 
0.848798 0.164413 
0.715591 0.310215 
0.355129 0.660754 
0.00122183 1.00179 
0.0571006 0.956745 
0.847719 0.193813 
0.139986 0.867002 
0.0454669 0.972346 
0.13056 0.881261 
0.42356 0.58842 
0.120204 0.892019 
0.455728 0.557508 
0.856835 0.149523 
0.615085 0.477982 
0.663012 0.383118 
0.366384 0.646176 
0.765266 0.294003 
0.209128 0.798572 
0.672842 0.343693 
0.196471 0.810538 
0.76535 0.267517 
0.171214 0.83611 
0.768231 0.234665 
0.439709 0.567579 
0.412414 0.599835 
0.112044 0.906719 
0.806893 0.207095 
0.154397 0.859249 
0.160834 0.847598 
0.467513 0.551907 
0.400874 0.606495 
0.956228 0.0481129 
0.283181 0.72594 
0.0734236 0.95369 
0.694429 0.314289 
0.228313 0.779183 
0.246406 0.76042 
0.0260112 0.998738 
0.339995 0.668927 
0.487713 0.53468 
0.217494 0.78935 
0.498943 0.522429 
0.390592 0.617725 
0.0973365 0.925386 
0.815789 0.194598 
0.25765 0.751056 
0.483159 0.545323 
8.40232e-05 1.021 
0.684686 0.332223 
0.433544 0.576392 
0.237411 0.770031 
0.557166 0.483081 
0.382731 0.62688 
0.375959 0.639145 
0.766161 0.252974 
0.780463 0.225888 
0.543005 0.489072 
0.293103 0.714295 
0.661662 0.402039 
0.0309261 0.975504 
0.522825 0.499854 
0.18178 0.827308 
0.998706 0.00947572 
0.598217 0.47914 
0.319287 0.694175 
0.275379 0.735893 
0.0986471 0.911195 
0.832089 0.194452 
0.309137 0.701688 
0.264921 0.741104 
0.0788346 0.929834 
0.906783 0.0971797 
0.187422 0.818183 
0.521425 0.516425 
0.804828 0.224375 
0.530647 0.4913 
0.329162 0.688128 
0.916623 0.08905 
0.664283 0.361465 
0.33462 0.679143 
0.570595 0.480743 
0.584318 0.480657 
0.0776854 0.938104 
0.511289 0.51983 
0.302799 0.710716 
0.0262571 0.987848 
0.692484 0.326272 
0.765268 0.29387 
0.66556 0.35529 
