0.973814 0.0382752 
0.000712569 1.06533 
0.73372 0.297963 
0.803249 0.213579 
0.926539 0.0865026 
0.879246 0.131678 
0.0950957 0.919246 
0.112696 0.907591 
0.964692 0.0467419 
0.271326 0.738876 
0.24219 0.77079 
0.935902 0.0750079 
0.661592 0.367194 
0.672225 0.35189 
0.639757 0.383764 
0.833963 0.189726 
0.707384 0.307521 
0.30155 0.708775 
0.849868 0.163639 
0.836287 0.173279 
0.149473 0.861187 
0.162026 0.853765 
0.2277 0.780424 
0.364035 0.645388 
0.313498 0.697651 
0.0226723 0.993212 
0.538339 0.477536 
0.678015 0.339069 
0.283357 0.725274 
0.620904 0.403159 
0.422631 0.587724 
0.530398 0.488752 
0.549055 0.466759 
0.0392941 0.990173 
0.69626 0.325982 
0.604561 0.413021 
0.650353 0.374997 
0.520418 0.499222 
0.626725 0.39544 
0.0878907 0.938005 
0.0632564 0.950684 
0.0767464 0.939161 
0.122605 0.893096 
0.180095 0.834532 
0.583428 0.453623 
0.252932 0.757739 
0.186978 0.819607 
0.171252 0.841676 
0.260773 0.751843 
0.354623 0.659239 
0.220178 0.789739 
0.0121249 1.00339 
0.712287 0.298185 
0.429524 0.576351 
0.383015 0.629986 
0.477868 0.537374 
0.209622 0.799159 
0.412359 0.59917 
0.589845 0.438955 
0.0472068 0.978992 
0.291286 0.71839 
0.491432 0.53046 
0.374421 0.638121 
0.817196 0.198481 
0.32209 0.688445 
0.949212 0.0640724 
0.513942 0.510967 
0.869472 0.151544 
0.866449 0.161987 
0.335942 0.670948 
0.000765553 1.05195 
0.690712 0.329729 
0.000846152 1.03306 
0.565702 0.465902 
0.330912 0.681188 
0.0478621 0.963478 
0.391102 0.619013 
0.346357 0.664742 
0.126708 0.883701 
0.472272 0.546936 
0.442357 0.571636 
0.572662 0.459454 
0.462267 0.552251 
0.405833 0.606069 
0.873547 0.136254 
0.812136 0.202021 
0.0557574 0.956001 
0.592176 0.427024 
0.507191 0.518783 
0.14061 0.873747 
0.402085 0.618589 
0.501139 0.526332 
0.00327244 1.01015 
0.197843 0.814753 
0.204944 0.810352 
0.452983 0.557029 
0.603318 0.424232 
0.449418 0.566158 
0.00127322 1.02022 
0.949212 0.0640724 
