0.998832 0.00313911 
0.00794886 1.0548 
0.604841 0.399623 
0.573021 0.477877 
0.183214 0.821386 
0.669422 0.349524 
0.697294 0.304644 
0.533858 0.478122 
0.00795864 1.00228 
0.496596 0.516372 
0.443116 0.574179 
0.844581 0.156492 
0.247723 0.775417 
0.320998 0.689491 
0.210299 0.796078 
0.214744 0.794237 
0.932373 0.0679747 
0.48079 0.543216 
0.35959 0.65677 
0.338776 0.675089 
0.954696 0.0486415 
0.165259 0.842615 
0.757657 0.244101 
0.248109 0.763988 
0.295077 0.706419 
0.820183 0.182073 
0.0527821 0.950521 
0.51299 0.490959 
0.420212 0.59501 
0.852254 0.147896 
0.0393564 0.97251 
0.868978 0.132002 
0.143068 0.873676 
0.80433 0.199403 
0.0709029 0.932136 
0.104517 0.920541 
0.264998 0.738442 
0.736452 0.26416 
0.282113 0.728581 
0.503637 0.497361 
0.626831 0.377302 
0.152816 0.867853 
0.45391 0.562069 
0.158584 0.851156 
0.611616 0.39004 
0.651064 0.349529 
0.0609702 0.9427 
0.968099 0.0326725 
0.390498 0.616742 
0.64061 0.360651 
0.725147 0.276054 
0.820168 0.183412 
0.576615 0.477877 
0.120972 0.882296 
0.32997 0.681777 
0.763384 0.237229 
0.105385 0.898206 
0.913832 0.0869975 
0.70573 0.297446 
0.795739 0.20478 
0.0304977 0.977065 
0.121433 0.881907 
0.369145 0.637621 
0.469365 0.54753 
0.380833 0.630916 
0.460242 0.553447 
0.0134225 0.989412 
0.0216369 0.986021 
0.960223 0.0413076 
0.714298 0.290067 
0.364767 0.645912 
0.900526 0.100703 
0.403362 0.606514 
0.622015 0.380105 
0.773131 0.227523 
0.265194 0.738401 
0.909163 0.0953723 
0.989869 0.0111012 
0.777954 0.224387 
0.881578 0.119227 
0.876381 0.124707 
0.089761 0.928715 
0.980279 0.0226389 
0.291458 0.722907 
0.719235 0.281622 
0.387694 0.625366 
0.416394 0.596426 
0.89011 0.112923 
0.405279 0.603263 
0.736286 0.26499 
0.0897889 0.926316 
0.893167 0.107598 
0.105224 0.898449 
0.977118 0.0233224 
0.642128 0.35829 
0.923614 0.0778447 
0.78638 0.214632 
0.291696 0.713221 
0.787134 0.213559 
0.924237 0.0765867 
