0.0286613 0.997252 
0.999302 0.00129175 
0.439388 0.602965 
0.488333 0.513206 
0.667812 0.333265 
0.62218 0.379064 
0.141768 0.865843 
0.371559 0.635907 
0.188139 0.818164 
0.281963 0.732686 
0.674692 0.325763 
0.244499 0.758038 
0.216672 0.790348 
0.756894 0.244326 
0.595461 0.41204 
0.244324 0.759061 
0.700294 0.301538 
0.565484 0.435265 
0.214362 0.791556 
0.190432 0.817134 
0.36628 0.662346 
0.0944889 0.909757 
0.942746 0.0580997 
0.926687 0.073504 
0.521617 0.479488 
0.741269 0.269858 
0.616028 0.386377 
0.719461 0.282064 
0.282954 0.721966 
0.805102 0.196792 
0.300261 0.711474 
0.60218 0.40018 
0.0710757 0.932144 
0.0294479 0.975776 
0.981629 0.018817 
0.512396 0.495681 
0.79461 0.205474 
0.330301 0.67472 
0.740022 0.270325 
0.85943 0.140834 
0.141264 0.876278 
0.781262 0.225747 
0.0615882 0.939787 
0.558373 0.449499 
0.971078 0.0297807 
0.108062 0.894973 
0.370894 0.638481 
0.955715 0.0448041 
0.323405 0.680536 
0.543391 0.462346 
0.704794 0.296972 
0.965187 0.0351127 
0.0532541 0.947658 
0.829077 0.173339 
0.301955 0.702425 
0.715382 0.286154 
0.127055 0.884792 
0.107474 0.897284 
0.548838 0.45303 
0.501132 0.499893 
0.868474 0.131812 
0.851723 0.149049 
0.878133 0.122143 
0.343617 0.662921 
0.0463288 0.954474 
0.815537 0.185771 
0.949636 0.050871 
0.496499 0.507239 
0.988593 0.0116776 
0.518543 0.482632 
0.343068 0.66578 
0.0382668 0.969192 
0.91738 0.0879648 
0.314687 0.696244 
0.315036 0.690752 
0.919821 0.0806272 
0.0814965 0.921725 
0.127055 0.884792 
0.0426437 0.963865 
0.543391 0.462346 
0.0814965 0.921725 
0.029098 0.996718 
0.836941 0.163995 
0.767114 0.23305 
0.781262 0.225747 
0.767047 0.233199 
0.815523 0.186134 
0.565122 0.436041 
0.994401 0.0056491 
0.846086 0.154459 
0.905121 0.0964403 
0.907316 0.0930369 
0.873123 0.127126 
0.795391 0.205228 
0.895274 0.105339 
0.897004 0.103532 
0.843444 0.161879 
0.59666 0.405173 
0.887062 0.114143 
0.830554 0.170913 
