4.75609e-05 1.08105 
1.25258 0.000140183 
1.16349 0.000142718 
1.07959 0.00015881 
1.132 0.000147204 
0.904572 0.138842 
0.726666 0.289377 
0.915818 0.110902 
0.724099 0.322503 
1.03366 0.000205845 
0.00012171 1.04148 
0.753339 0.2877 
0.552437 0.473869 
0.000366941 1.01374 
0.544016 0.501688 
0.440619 0.579519 
0.505533 0.532405 
0.771333 0.273694 
0.793166 0.250096 
0.426425 0.59454 
0.881442 0.143403 
0.174083 0.83227 
0.861716 0.151754 
0.16031 0.847693 
0.999995 0.0310479 
0.409307 0.602541 
0.647834 0.417479 
0.0127048 0.999342 
0.793808 0.222316 
0.513742 0.508584 
0.0516759 0.950482 
0.0647411 0.938049 
0.492388 0.541693 
0.147142 0.857581 
0.396435 0.615543 
1.00002 0.0038907 
0.649173 0.391448 
0.323317 0.684747 
0.772946 0.254441 
0.0445951 0.966476 
0.472966 0.549874 
0.231701 0.776704 
0.309842 0.696354 
0.848136 0.16346 
0.629787 0.421481 
0.388939 0.629715 
0.10901 0.898688 
0.136469 0.872421 
0.452592 0.564677 
0.375323 0.637791 
0.020108 0.984222 
0.928928 0.0825068 
0.664536 0.367357 
0.700026 0.322954 
0.334896 0.675066 
0.919191 0.0939561 
5.28239e-05 1.06927 
0.680498 0.325029 
0.607813 0.42353 
0.956862 0.0693757 
0.100303 0.914918 
0.0340743 0.977532 
0.242387 0.763955 
0.0794339 0.928792 
0.992815 0.045502 
0.18739 0.821887 
0.802021 0.211333 
0.299491 0.705568 
0.963194 0.0525996 
0.649918 0.375661 
0.9393 0.0710843 
0.290016 0.716901 
0.678291 0.343708 
0.359836 0.644864 
0.26873 0.734069 
0.808096 0.196849 
0.557822 0.459721 
0.259203 0.744252 
0.826451 0.196107 
0.280856 0.726403 
0.669988 0.352762 
0.219785 0.78615 
0.34321 0.661953 
0.571489 0.454272 
0.249455 0.753444 
0.830919 0.180822 
0.116166 0.88826 
0.127302 0.880761 
0.573961 0.43937 
0.525622 0.503419 
1.01671 0.00178512 
0.972738 0.0456446 
0.464065 0.559478 
0.193661 0.811307 
0.839732 0.173534 
0.202241 0.802385 
0.0872723 0.918966 
0.35064 0.653263 
0.211405 0.794608 
0.589707 0.426288 
