0.0177838 0.98295 
1.00353 0.00331458 
0.564061 0.51622 
0.474554 0.530205 
0.577732 0.509503 
0.58149 0.420296 
0.172008 0.848027 
0.192316 0.809361 
0.668177 0.338431 
0.250642 0.765051 
0.222429 0.797432 
0.29528 0.73775 
0.380574 0.62161 
0.354414 0.648751 
0.65541 0.346512 
0.850193 0.151595 
0.830486 0.173042 
0.8657 0.134529 
0.637801 0.363339 
0.687253 0.31481 
0.961081 0.0404075 
0.814562 0.187323 
0.0807163 0.924328 
0.94769 0.0536555 
0.263928 0.739598 
0.725266 0.276502 
0.93933 0.062968 
0.166141 0.857883 
0.98324 0.0177737 
0.206679 0.809057 
0.589532 0.411162 
0.717758 0.282696 
0.839506 0.160753 
0.92628 0.0758155 
0.327053 0.682279 
0.786256 0.215079 
0.348014 0.666218 
0.252979 0.764474 
0.142049 0.862997 
0.703852 0.296643 
0.604071 0.400907 
0.337327 0.673329 
0.308696 0.716268 
0.0704195 0.932352 
0.123714 0.880978 
0.0533044 0.950841 
0.0688423 0.949104 
0.457027 0.55929 
0.465642 0.547273 
0.889594 0.111611 
0.992499 0.00765594 
0.0267959 0.974305 
0.047377 0.963591 
0.272305 0.73951 
0.911309 0.09089 
0.775957 0.226204 
0.123714 0.880978 
0.107114 0.896689 
0.701896 0.304773 
0.422071 0.585154 
0.879391 0.121272 
0.03523 0.966054 
0.765204 0.238036 
0.795038 0.205588 
0.624455 0.378923 
0.739737 0.261005 
0.397694 0.613774 
0.91875 0.082712 
0.615495 0.385046 
0.312542 0.692044 
0.403164 0.608659 
0.143559 0.862753 
0.631004 0.369673 
0.750736 0.250254 
0.309748 0.715365 
0.0929433 0.909179 
0.0927677 0.910235 
0.222429 0.797432 
0.609235 0.393245 
0.902364 0.0992946 
0.873723 0.127023 
0.757786 0.249963 
0.107114 0.896689 
0.971419 0.0288546 
0.473149 0.540152 
0.444509 0.561726 
0.806904 0.194225 
0.899334 0.106135 
0.385502 0.621388 
0.688381 0.313184 
0.313029 0.689341 
0.352288 0.648799 
0.414013 0.596323 
0.441007 0.568821 
0.802792 0.200673 
0.413166 0.600063 
0.431445 0.572161 
0.77372 0.234957 
0.427021 0.577458 
0.969996 0.0311518 
