0.00321139 1.12942 
1.05188 0.00454629 
0.769743 0.254622 
0.715908 0.394817 
0.896465 0.204313 
0.80313 0.206576 
0.975983 0.083291 
0.896498 0.138669 
0.00352131 1.07855 
0.983842 0.0293867 
0.0253591 1.00682 
0.00456435 1.027 
0.117264 0.9359 
0.0447609 0.971558 
0.70023 0.396571 
0.654641 0.396879 
0.943167 0.0832914 
0.230794 0.811099 
0.123483 0.899117 
0.453388 0.583093 
0.557293 0.474787 
0.525131 0.54127 
0.00330324 1.11182 
0.495231 0.547053 
0.444236 0.596318 
0.610359 0.419778 
0.556097 0.509836 
0.472692 0.573823 
0.205476 0.816579 
0.314099 0.706219 
0.190466 0.846548 
0.199805 0.826538 
0.604609 0.443494 
0.0943447 0.936092 
0.143308 0.888467 
0.331668 0.693532 
0.256717 0.761453 
0.917702 0.090063 
0.286979 0.733654 
1.00905 0.00480192 
0.62058 0.410806 
0.247734 0.775307 
0.279417 0.748993 
0.635995 0.406021 
0.359873 0.663541 
0.901819 0.101912 
0.069093 0.965744 
0.42423 0.60172 
0.154887 0.879059 
0.474607 0.557089 
0.540772 0.521898 
0.166837 0.857688 
0.384992 0.639699 
0.265947 0.751891 
0.17672 0.847866 
0.584897 0.471872 
0.231182 0.78973 
0.531245 0.533443 
0.396474 0.630606 
0.0777864 0.938077 
0.369608 0.657169 
0.598936 0.466578 
0.160422 0.867962 
0.92452 0.083451 
0.350706 0.677082 
0.376155 0.645971 
0.571071 0.472926 
0.241146 0.785982 
0.491865 0.555738 
0.776134 0.236535 
0.128149 0.894474 
0.295385 0.723929 
0.898598 0.120319 
0.796688 0.21879 
0.787008 0.231982 
0.0750551 0.950781 
0.60348 0.457372 
0.650338 0.402055 
0.0107424 1.01692 
0.55125 0.517245 
0.415914 0.618888 
0.999499 0.0121236 
0.0447609 0.971558 
0.338305 0.688273 
0.422416 0.611978 
0.0135141 1.00784 
0.993312 0.0152395 
0.771635 0.247598 
0.307008 0.713378 
0.344833 0.681455 
0.984897 0.0218135 
1.03132 0.00479404 
0.792755 0.225033 
0.302503 0.718718 
1.04938 0.00476856 
0.898964 0.110099 
0.0695512 0.958426 
1.03132 0.00479404 
0.708775 0.395367 
0.401627 0.62184 
