0.526201 0.500985 
1.01027 0.00517904 
0.532405 0.47003 
0.610657 0.390126 
0.74157 0.25858 
0.706703 0.294738 
0.794036 0.206068 
0.665895 0.337502 
0.694736 0.310801 
0.829344 0.176119 
0.969949 0.0310396 
0.953031 0.0474143 
0.834727 0.166265 
0.829344 0.176119 
0.793403 0.209045 
0.778716 0.221574 
0.617821 0.382997 
0.91851 0.0819296 
0.629479 0.371005 
0.931122 0.0693763 
0.529453 0.480017 
0.991676 0.00886907 
0.635032 0.36566 
0.646012 0.35703 
0.661002 0.340072 
0.844539 0.155856 
0.528782 0.495525 
0.770245 0.230449 
0.75106 0.249865 
0.743664 0.257815 
0.652914 0.349988 
0.889516 0.113327 
0.760165 0.240074 
0.778697 0.221623 
0.979842 0.0203129 
0.972256 0.0283307 
0.695499 0.30768 
0.767659 0.232592 
0.868029 0.13211 
0.881312 0.119387 
0.902907 0.0979099 
0.896404 0.104446 
0.90953 0.091757 
0.861809 0.138488 
0.531786 0.47316 
0.903499 0.0972137 
0.941371 0.0588376 
0.649215 0.351765 
0.986193 0.014128 
0.986185 0.0156477 
0.703232 0.297999 
0.917977 0.0827993 
0.981096 0.0202495 
0.936183 0.0639844 
0.870976 0.132035 
0.946777 0.0540741 
0.894176 0.106996 
0.991159 0.00901249 
0.861627 0.138698 
0.948122 0.0527812 
0.873812 0.126483 
0.951857 0.0487861 
0.848869 0.151329 
0.942843 0.0583735 
0.878659 0.121547 
0.700797 0.300018 
0.61548 0.389486 
0.931269 0.0689268 
0.936167 0.0645563 
0.912849 0.0873409 
0.845225 0.155324 
0.616566 0.384791 
0.6348 0.368283 
0.647189 0.356115 
0.853106 0.148417 
0.873594 0.126778 
0.63112 0.370252 
0.854985 0.146474 
0.528159 0.499869 
0.856635 0.143822 
0.910489 0.0909183 
0.757119 0.243078 
0.662391 0.337875 
0.700797 0.300018 
0.850132 0.150018 
0.754392 0.248988 
0.706703 0.294738 
0.856585 0.143822 
0.758975 0.241426 
0.912736 0.0873411 
0.890858 0.110934 
0.755458 0.245435 
0.611286 0.38952 
0.652914 0.349988 
0.8907 0.110934 
0.971464 0.0288277 
0.895754 0.105036 
0.768647 0.231913 
0.87894 0.121472 
0.75466 0.246309 
