0.000174872 1.14433 
1.5913 0.00328062 
1.1208 0.00328254 
0.000223413 1.08734 
0.598355 0.487691 
0.000220437 1.14297 
0.71898 0.331352 
1.08041 0.0033676 
0.834058 0.199071 
0.372298 0.653262 
0.0282066 0.989302 
0.599021 0.45491 
0.304294 0.712845 
0.912466 0.126707 
0.0007871 1.05354 
0.601805 0.440608 
0.321959 0.699872 
0.697825 0.344097 
0.782241 0.240276 
0.545466 0.495787 
0.57405 0.49418 
0.604645 0.412174 
0.525712 0.505614 
0.00781194 1.00242 
0.366875 0.672104 
0.639689 0.382976 
0.432153 0.602864 
0.740204 0.322014 
0.889589 0.136389 
0.065983 0.955833 
0.102498 0.928248 
0.995148 0.0379433 
0.144354 0.878132 
0.995178 0.0186593 
0.450154 0.562819 
0.111637 0.912674 
0.672382 0.34411 
0.756052 0.280874 
0.668081 0.364323 
0.926751 0.0971296 
0.80469 0.234129 
0.509281 0.515689 
1.04975 0.00351603 
0.915862 0.107587 
0.223814 0.793325 
0.114254 0.894938 
0.157219 0.863748 
0.00101252 1.03369 
0.337661 0.69014 
0.28804 0.723844 
0.659116 0.375583 
0.348676 0.679905 
0.628061 0.396811 
0.407632 0.610329 
0.50923 0.533835 
0.134381 0.889433 
0.0367247 0.972973 
0.771779 0.256702 
0.0493914 0.966309 
0.845325 0.181892 
0.809398 0.206474 
0.3788 0.630401 
0.471961 0.558616 
0.259106 0.763469 
0.870921 0.139681 
0.9557 0.0613306 
1.01431 0.00988572 
0.21017 0.817557 
0.00403964 1.01673 
0.982686 0.0517685 
0.938616 0.0829249 
0.758944 0.261705 
0.240635 0.782195 
0.440168 0.577564 
0.19961 0.828872 
0.507279 0.552749 
0.000223413 1.0803 
0.756047 0.300873 
0.217224 0.805208 
0.949774 0.0780338 
0.084077 0.935075 
0.0785709 0.944851 
0.184945 0.8505 
0.264551 0.750348 
0.168555 0.85595 
0.755293 0.314424 
0.613379 0.403031 
0.188775 0.83672 
0.255582 0.780812 
1.02511 0.0035321 
0.859903 0.15193 
0.490313 0.554541 
0.438779 0.589329 
0.807157 0.217573 
0.39959 0.618037 
0.850305 0.172658 
0.967127 0.0536726 
0.856041 0.160458 
0.392017 0.62964 
0.280894 0.73511 
