1.0003 1.88386e-05 
0.0130269 0.987429 
0.536821 0.470973 
0.753042 0.250669 
0.700218 0.303286 
0.656486 0.345964 
0.461068 0.540669 
0.697356 0.30586 
0.461045 0.540669 
0.236024 0.777146 
0.335237 0.675253 
0.801093 0.199416 
0.594052 0.408374 
0.308256 0.699451 
0.602293 0.401653 
0.777807 0.22359 
0.206506 0.802482 
0.206044 0.806828 
0.434505 0.580268 
0.906341 0.0973119 
0.17665 0.829296 
0.925506 0.0747299 
0.62629 0.377509 
0.567559 0.433265 
0.985545 0.0183932 
0.854678 0.146504 
0.242344 0.762593 
0.387532 0.615098 
0.269634 0.743766 
0.17648 0.833146 
0.556381 0.449546 
0.965301 0.0368533 
0.0764996 0.926596 
0.153951 0.85182 
0.887004 0.11357 
0.153951 0.85182 
0.134184 0.871585 
0.977072 0.0251543 
0.824199 0.177193 
0.956752 0.0479505 
0.446505 0.555976 
0.848249 0.154525 
0.871983 0.130518 
0.0674449 0.934634 
0.401604 0.600788 
0.419903 0.585664 
1.00017 9.9074e-05 
0.116197 0.88619 
0.134184 0.871585 
0.282484 0.735142 
0.0602924 0.944183 
0.872256 0.130008 
0.649411 0.352077 
0.303744 0.707917 
0.83719 0.163147 
0.446725 0.555499 
0.286618 0.728356 
0.0514876 0.950739 
0.545392 0.456417 
0.116182 0.886194 
0.101109 0.899778 
0.414274 0.593301 
0.369682 0.639379 
0.353767 0.650147 
0.946098 0.054642 
0.56743 0.433387 
0.0282017 0.976242 
0.832575 0.168762 
0.640999 0.361292 
0.023848 0.985406 
0.101109 0.899778 
0.0880608 0.912793 
0.89846 0.103729 
0.0880608 0.912793 
0.0439877 0.957239 
0.636882 0.366359 
0.771787 0.231995 
0.813172 0.187548 
0.377497 0.624846 
0.0333399 0.967851 
0.542864 0.464927 
0.344874 0.662393 
0.343352 0.66254 
0.940658 0.0595866 
0.62818 0.373615 
0.269634 0.743766 
0.81374 0.187413 
0.891883 0.108801 
0.0383075 0.96286 
0.358203 0.647791 
0.241721 0.762617 
0.290649 0.713778 
0.406556 0.600668 
0.369202 0.644657 
0.379052 0.624494 
0.764814 0.235611 
0.292128 0.713471 
0.931823 0.0684096 
0.757221 0.245154 
0.935294 0.0658052 
