1.02372 0.0058067 
0.000118976 1.0846 
0.724612 0.371789 
0.62137 0.47862 
0.0809077 0.943473 
0.724672 0.317132 
0.65089 0.424918 
0.584716 0.488585 
0.0982437 0.916868 
0.0403687 1.00027 
0.835775 0.208149 
0.366731 0.669624 
0.644568 0.460017 
0.0548101 0.97903 
0.447991 0.596275 
0.807038 0.213438 
0.454701 0.58221 
0.266251 0.75439 
0.147787 0.878096 
0.283491 0.744118 
0.510789 0.545846 
0.6516 0.393627 
0.000129443 1.06058 
0.154267 0.858568 
0.21162 0.79728 
0.384921 0.657005 
0.493932 0.556914 
0.126499 0.880971 
0.227935 0.784264 
0.565493 0.51414 
0.522648 0.536272 
0.000171142 1.03439 
0.326197 0.698957 
0.481233 0.577739 
0.170341 0.851637 
0.122295 0.89927 
0.57357 0.500485 
0.340719 0.685191 
0.658005 0.381726 
0.780597 0.249341 
0.951723 0.105027 
0.798963 0.244961 
0.0638605 0.955587 
0.178417 0.83762 
0.63866 0.469015 
0.34216 0.670175 
0.107684 0.907495 
0.887009 0.137186 
0.560397 0.533795 
0.699028 0.372022 
0.544248 0.534122 
0.746724 0.283006 
0.870542 0.146769 
0.0194711 1.00228 
0.802909 0.229149 
0.191361 0.83031 
0.306336 0.711779 
1.0025 0.0216384 
0.252388 0.763142 
0.76844 0.25801 
1.01281 0.0105097 
0.729419 0.284824 
0.853833 0.174383 
0.675116 0.372908 
0.40565 0.616007 
0.728302 0.301715 
0.395348 0.633129 
0.905269 0.108347 
0.000951231 1.01457 
0.951946 0.0859285 
0.210008 0.815194 
0.431536 0.613599 
0.987329 0.022324 
0.985776 0.0392748 
0.384931 0.639822 
0.194973 0.815195 
0.962343 0.0491283 
0.977173 0.0468254 
0.851322 0.199989 
0.481832 0.564249 
0.297528 0.735936 
0.317433 0.707289 
0.303833 0.731625 
0.895695 0.130806 
0.0608722 0.965858 
0.897371 0.11508 
0.241494 0.781143 
0.00921176 1.00769 
0.957554 0.0608754 
0.75118 0.266157 
0.856912 0.158106 
0.957292 0.0752218 
0.930622 0.107955 
0.431078 0.613753 
0.247225 0.772699 
0.85318 0.192264 
0.401658 0.620526 
0.925296 0.108002 
0.754514 0.260067 
0.684744 0.372039 
