-18.9075 -0.286761 
-19.9589 0.0604744 
-18.934 -0.199062 
-18.9496 -0.159217 
-19.023 -0.010462 
-18.9535 -0.0462141 
-18.7617 -0.588924 
-18.7291 -0.7476 
-18.8665 -0.376248 
-18.8622 -0.380117 
-18.5244 -1.38322 
-18.5657 -1.23422 
-18.611 -0.943716 
-18.5368 -1.30842 
-18.6875 -0.941362 
-18.3718 -2.22518 
-18.333 -2.36048 
-18.434 -1.78035 
-18.384 -2.0963 
-18.5025 -1.5314 
-18.4861 -1.69173 
-18.2116 -3.03355 
-18.1829 -3.16667 
-18.1894 -3.15123 
-18.2694 -2.72985 
-18.2753 -2.54314 
-17.9905 -3.75953 
-18.0103 -3.66993 
-18.0284 -3.57914 
-18.0758 -3.47402 
-18.1293 -3.29223 
-18.1359 -3.20308 
-18.1076 -3.30761 
-17.9221 -3.85206 
-17.0559 -3.85791 
-16.8646 -4.22608 
-16.857 -4.23832 
-16.8854 -4.15214 
-16.9372 -4.0315 
-16.9197 -4.08128 
-16.9306 -4.0629 
-16.6441 -5.10542 
-16.6305 -5.15129 
-16.7264 -4.64922 
-16.7139 -4.72641 
-16.7616 -4.5986 
-16.7894 -4.43564 
-16.7737 -4.54113 
-16.4137 -6.2009 
-16.471 -5.86874 
-16.51 -5.75667 
-16.5048 -5.7647 
-16.5371 -5.62904 
-16.583 -5.39061 
-16.542 -5.44445 
-16.2388 -6.96194 
-16.2473 -6.79843 
-16.2906 -6.74508 
-16.3118 -6.58361 
-16.3676 -6.43704 
-16.322 -6.44297 
-16.3806 -6.37667 
-16.0738 -7.48109 
-16.1008 -7.37569 
-16.1203 -7.3597 
-16.2087 -6.97054 
-16.1966 -7.12853 
-16.0125 -7.57244 
-15.8984 -7.65781 
-15.8637 -7.68531 
-15.6495 -7.68939 
-15.4905 -8.18846 
-15.5481 -7.80811 
-15.6112 -7.79898 
-15.5462 -7.89186 
-15.6278 -7.73347 
-15.3423 -8.69022 
-15.3191 -8.71823 
-15.2838 -8.94622 
-15.4363 -8.38284 
-15.4508 -8.23325 
-15.0977 -9.80172 
-15.0925 -9.81689 
-15.1545 -9.48292 
-15.1084 -9.68249 
-15.2581 -9.10926 
-15.2169 -9.2522 
-14.9301 -10.382 
-14.9796 -10.2711 
-15.0167 -10.104 
-14.71 -11.109 
-14.6953 -11.2214 
-14.8438 -10.7734 
-14.84 -10.7811 
-14.8664 -10.5354 
-14.5155 -11.5645 
-14.54 -11.5571 
-14.5785 -11.4885 
-14.632 -11.284 
-14.4005 -11.5703 
