-18.9936 -0.0597956 
-19.9822 0.0298345 
-18.944 -0.193724 
-19.0139 -0.0427992 
-19.0165 -0.00963767 
-18.7905 -0.603687 
-18.7922 -0.580051 
-18.9046 -0.257077 
-18.85 -0.281142 
-18.5626 -1.41332 
-18.6283 -1.11154 
-18.6 -1.13538 
-18.6678 -0.712627 
-18.7417 -0.698082 
-18.3775 -2.23047 
-18.3764 -2.27718 
-18.4219 -1.92384 
-18.4356 -1.82263 
-18.4565 -1.7735 
-18.4856 -1.55726 
-18.1756 -3.15083 
-18.2032 -3.021 
-18.2656 -2.74602 
-18.2321 -2.80225 
-18.3294 -2.29502 
-18.3107 -2.53993 
-17.9854 -3.83173 
-17.9996 -3.80922 
-18.0346 -3.67159 
-18.0889 -3.53851 
-18.1205 -3.29023 
-18.1567 -3.2869 
-17.9121 -3.85511 
-17.9132 -3.84477 
-17.0404 -3.87876 
-16.8771 -4.22066 
-16.8638 -4.25087 
-16.9687 -3.97032 
-16.9158 -4.04923 
-16.653 -5.01229 
-16.6614 -4.99463 
-16.6748 -4.76594 
-16.703 -4.74092 
-16.6695 -4.88022 
-16.7944 -4.42412 
-16.7495 -4.57346 
-16.7741 -4.47484 
-16.4678 -5.91177 
-16.4787 -5.90361 
-16.5494 -5.52387 
-16.5179 -5.69534 
-16.6207 -5.1904 
-16.5908 -5.3178 
-16.2806 -6.75979 
-16.2984 -6.71468 
-16.3619 -6.45377 
-16.3089 -6.47936 
-16.3922 -6.15132 
-16.3967 -6.11128 
-16.0996 -7.41356 
-16.0856 -7.45007 
-16.1359 -7.32318 
-16.1462 -7.00555 
-16.225 -6.97508 
-16.2432 -6.82525 
-16.0753 -7.45295 
-16.0382 -7.46942 
-15.866 -7.74228 
-15.5107 -8.13748 
-15.5178 -7.91371 
-15.5515 -7.90722 
-15.6358 -7.77098 
-15.6229 -7.79593 
-15.3522 -8.62253 
-15.3432 -8.71859 
-15.3602 -8.54662 
-15.4682 -8.27241 
-15.3628 -8.50126 
-15.4954 -8.15918 
-15.1602 -9.52962 
-15.1676 -9.49034 
-15.2183 -9.06902 
-15.1945 -9.27118 
-15.3082 -8.85584 
-15.2963 -8.92951 
-14.9849 -10.2325 
-14.9523 -10.2529 
-15.0922 -9.82775 
-15.0637 -9.94302 
-15.1003 -9.63778 
-15.1209 -9.60574 
-14.7643 -11.0007 
-14.8021 -10.9251 
-14.9133 -10.5443 
-14.8192 -10.5744 
-14.596 -11.4536 
-14.6896 -11.2572 
-14.724 -11.0222 
-14.4887 -11.5747 
-14.4614 -11.6152 
