-19.9586 0.0574083 
-18.9331 -0.229587 
-18.9349 -0.16727 
-18.9862 -0.113113 
-18.9991 -0.025142 
-18.7486 -0.692364 
-18.7759 -0.624496 
-18.8044 -0.439766 
-18.8119 -0.420342 
-18.557 -1.40175 
-18.5764 -1.30893 
-18.6411 -0.988064 
-18.6654 -0.883535 
-18.6956 -0.806009 
-18.3545 -2.33177 
-18.3494 -2.33389 
-18.4173 -1.8951 
-18.3655 -1.96537 
-18.4853 -1.60575 
-18.5178 -1.53833 
-18.2084 -3.04612 
-18.1695 -3.23713 
-18.2842 -2.70487 
-18.2362 -2.79287 
-18.3077 -2.55094 
-18.3173 -2.48985 
-17.9956 -3.77713 
-17.9745 -3.79783 
-18.0135 -3.68068 
-18.0502 -3.5291 
-18.1336 -3.30877 
-17.9399 -3.86422 
-17.0074 -3.88738 
-16.8179 -4.29795 
-16.847 -4.2384 
-16.8902 -4.08432 
-16.953 -3.99598 
-16.8589 -4.11274 
-16.6251 -5.04606 
-16.6218 -5.06237 
-16.6253 -5.02446 
-16.6821 -4.80086 
-16.7356 -4.64705 
-16.7789 -4.5089 
-16.7821 -4.48132 
-16.5048 -5.79445 
-16.4523 -5.98034 
-16.5392 -5.60164 
-16.548 -5.55571 
-16.5781 -5.35278 
-16.5969 -5.31672 
-16.2249 -6.98693 
-16.2503 -6.88284 
-16.2717 -6.78962 
-16.4031 -6.23497 
-16.3557 -6.44646 
-16.2913 -6.45304 
-16.083 -7.42302 
-16.0475 -7.48813 
-16.1598 -7.15832 
-16.1912 -7.09041 
-16.1802 -7.09367 
-15.9931 -7.6018 
-15.9423 -7.60474 
-16.0066 -7.55746 
-15.6655 -7.68057 
-15.8059 -7.64745 
-15.4894 -8.1987 
-15.4977 -8.17732 
-15.5696 -7.93471 
-15.6352 -7.76958 
-15.6399 -7.6962 
-15.275 -9.00282 
-15.2635 -9.07427 
-15.3519 -8.71269 
-15.3592 -8.64261 
-15.436 -8.31199 
-15.4322 -8.40507 
-15.0915 -9.83309 
-15.0836 -9.86274 
-15.155 -9.50454 
-15.0957 -9.71399 
-15.2323 -9.21415 
-15.1953 -9.27523 
-14.9542 -10.2654 
-14.8887 -10.4948 
-14.8968 -10.3345 
-14.9829 -10.1635 
-15.0152 -10.083 
-15.0475 -9.99081 
-14.771 -11.022 
-14.7217 -11.044 
-14.7839 -10.9546 
-14.8234 -10.7416 
-14.8092 -10.9133 
-14.4936 -11.6027 
-14.5542 -11.5172 
-14.6537 -11.3141 
-14.6718 -11.1712 
-14.3959 -11.6066 
