-19.0552 -0.00459366 
-19.9598 0.0419192 
-19.9488 0.0342021 
-18.9558 -0.17459 
-19.0583 0.0340562 
-19.0234 -0.0639645 
-18.7446 -0.658951 
-18.7343 -0.765132 
-18.8831 -0.29799 
-18.8014 -0.507321 
-18.5933 -1.15528 
-18.5481 -1.33961 
-18.6972 -0.787045 
-18.655 -0.925425 
-18.3464 -2.16986 
-18.3461 -2.37377 
-18.4657 -1.81418 
-18.4331 -1.88637 
-18.5011 -1.59786 
-18.5165 -1.38433 
-18.1373 -3.21277 
-18.2012 -3.06325 
-18.2415 -2.74997 
-18.212 -2.80139 
-18.3067 -2.52447 
-18.2833 -2.54049 
-17.9635 -3.82434 
-18.1005 -3.45482 
-18.0567 -3.48507 
-18.123 -3.25264 
-18.1197 -3.3254 
-17.9035 -3.84182 
-17.9268 -3.8418 
-17.0328 -3.86079 
-16.9846 -3.96493 
-16.7983 -4.46304 
-16.8598 -4.18849 
-16.9563 -3.97927 
-16.883 -4.14927 
-16.6049 -5.24301 
-16.6431 -5.09439 
-16.7443 -4.63939 
-16.6814 -4.83887 
-16.6922 -4.70867 
-16.7678 -4.55012 
-16.7863 -4.48059 
-16.4072 -6.25586 
-16.4099 -6.21297 
-16.45 -5.85422 
-16.477 -5.79573 
-16.4189 -6.16435 
-16.5301 -5.60351 
-16.5435 -5.52234 
-16.5749 -5.34544 
-16.5859 -5.30993 
-16.2804 -6.75044 
-16.2307 -6.96732 
-16.296 -6.6811 
-16.3156 -6.5291 
-16.3576 -6.36266 
-16.0479 -7.48538 
-16.0415 -7.51718 
-16.0789 -7.35074 
-16.1907 -7.01038 
-15.8485 -7.72516 
-15.9549 -7.64705 
-15.6483 -7.73477 
-15.4678 -8.28544 
-15.4601 -8.30681 
-15.5737 -7.88694 
-15.561 -7.90182 
-15.5678 -7.89337 
-15.621 -7.7608 
-15.2697 -9.01453 
-15.2655 -9.05623 
-15.3212 -8.83176 
-15.3273 -8.81562 
-15.4216 -8.46783 
-15.3825 -8.56544 
-15.4001 -8.5113 
-15.064 -9.8977 
-15.1477 -9.5476 
-15.171 -9.41435 
-15.2208 -9.27839 
-14.8831 -10.6538 
-14.8694 -10.7154 
-14.9041 -10.478 
-14.982 -10.2596 
-15.0269 -10.101 
-14.6875 -11.2352 
-14.7565 -11.0723 
-14.7659 -10.8242 
-14.8481 -10.7428 
-14.7824 -10.7504 
-14.557 -11.5239 
-14.5488 -11.5248 
-14.6287 -11.4006 
-14.6609 -11.2486 
-14.385 -11.6026 
-14.434 -11.5616 
