-19.9592 0.0515169 
-18.9367 -0.158962 
-19.0592 0.0343576 
-18.9836 -0.0302358 
-18.753 -0.596213 
-18.7518 -0.633466 
-18.9091 -0.289381 
-18.7551 -0.423169 
-18.553 -1.38599 
-18.5348 -1.45751 
-18.6278 -1.07984 
-18.5992 -1.248 
-18.6842 -0.770732 
-18.3491 -2.36284 
-18.3624 -2.22893 
-18.431 -1.86842 
-18.4466 -1.86713 
-18.3942 -1.97645 
-18.4925 -1.56072 
-18.4677 -1.62791 
-18.18 -3.09541 
-18.1989 -3.01879 
-18.2124 -2.86694 
-18.2527 -2.67593 
-18.2876 -2.50088 
-17.977 -3.79555 
-17.9862 -3.78954 
-18.0319 -3.64332 
-18.0439 -3.63112 
-18.1354 -3.34386 
-17.9195 -3.80126 
-17.0388 -3.86202 
-16.8892 -4.17379 
-16.8655 -4.22218 
-16.9646 -3.95903 
-16.8905 -4.09174 
-16.991 -3.95081 
-16.6553 -5.05033 
-16.7289 -4.67151 
-16.6851 -4.77586 
-16.7569 -4.60595 
-16.8064 -4.35127 
-16.4702 -5.92798 
-16.4877 -5.88071 
-16.516 -5.72564 
-16.5271 -5.56093 
-16.5653 -5.48476 
-16.5726 -5.3599 
-16.5831 -5.3007 
-16.6313 -5.11748 
-16.2674 -6.77258 
-16.3192 -6.59236 
-16.2891 -6.65697 
-16.3247 -6.43065 
-16.3534 -6.4164 
-16.3798 -6.3663 
-16.4282 -6.00451 
-16.4204 -6.15032 
-16.4007 -6.15991 
-16.0724 -7.43622 
-16.1764 -7.17581 
-16.115 -7.33902 
-16.2461 -6.792 
-16.2289 -6.96078 
-16.0079 -7.61277 
-15.8749 -7.71722 
-16.0089 -7.46825 
-15.5026 -8.01509 
-15.565 -7.92287 
-15.6377 -7.76271 
-15.3469 -8.63299 
-15.3227 -8.85301 
-15.3559 -8.5265 
-15.4402 -8.31883 
-15.4294 -8.42255 
-15.1838 -9.4333 
-15.1672 -9.49342 
-15.145 -9.59904 
-15.1931 -9.37349 
-15.2311 -9.05583 
-15.2066 -9.23706 
-15.2902 -8.97326 
-14.9886 -10.2155 
-14.9743 -10.2687 
-14.9369 -10.3265 
-15.0881 -9.81248 
-15.006 -10.1898 
-15.0555 -9.87737 
-14.7633 -11.0278 
-14.8035 -10.8899 
-14.8569 -10.6985 
-14.9131 -10.5213 
-14.8996 -10.5919 
-14.5771 -11.4302 
-14.7028 -11.1996 
-14.6823 -11.2489 
-14.6759 -11.295 
-14.5131 -11.5603 
-14.5189 -11.5143 
-14.445 -11.6076 
