-19.9694 0.0439958 
-18.9465 -0.181095 
-19.0023 -0.0868487 
-19.0237 -0.0379785 
-18.7505 -0.63508 
-18.738 -0.670909 
-18.8671 -0.275608 
-18.8875 -0.262594 
-18.8079 -0.326089 
-18.5446 -1.43665 
-18.5421 -1.46026 
-18.5803 -1.22398 
-18.6144 -0.9909 
-18.6881 -0.793255 
-18.6769 -0.920511 
-18.3449 -2.26622 
-18.3647 -2.24258 
-18.4467 -1.87726 
-18.3721 -2.12455 
-18.4912 -1.53311 
-18.482 -1.60189 
-18.1906 -3.03545 
-18.1496 -3.31589 
-18.2544 -2.65623 
-18.1912 -2.67237 
-18.2966 -2.37485 
-18.3247 -2.29621 
-17.9769 -3.80764 
-17.9916 -3.78478 
-18.0404 -3.67961 
-18.0978 -3.40429 
-18.1211 -3.34609 
-17.9125 -3.80822 
-17.0175 -3.89146 
-17.049 -3.86812 
-16.8445 -4.26741 
-16.8332 -4.33832 
-16.9532 -4.02253 
-16.9285 -4.02818 
-16.8759 -4.14473 
-16.6613 -5.03915 
-16.6392 -5.12238 
-16.7093 -4.7998 
-16.7097 -4.72583 
-16.769 -4.5413 
-16.7696 -4.45497 
-16.46 -5.89029 
-16.4691 -5.78579 
-16.4916 -5.72127 
-16.5435 -5.4784 
-16.6019 -5.29528 
-16.5503 -5.30756 
-16.2428 -6.93852 
-16.2326 -6.95131 
-16.3012 -6.65132 
-16.3917 -6.19246 
-16.3426 -6.53251 
-16.4054 -6.05325 
-16.4059 -6.00366 
-16.3998 -6.15747 
-16.0799 -7.43546 
-16.0325 -7.5806 
-16.1133 -7.24956 
-16.1336 -7.23399 
-16.219 -6.95862 
-16.2133 -6.9744 
-15.8857 -7.70933 
-15.9856 -7.64181 
-15.4686 -8.26724 
-15.4912 -8.19858 
-15.5331 -7.88942 
-15.5542 -7.84978 
-15.5795 -7.77003 
-15.6375 -7.75078 
-15.2685 -9.08009 
-15.3146 -8.59934 
-15.2935 -8.95712 
-15.4073 -8.51126 
-15.3839 -8.58899 
-15.4073 -8.41472 
-15.116 -9.69664 
-15.1227 -9.6329 
-15.2129 -9.31336 
-15.2264 -9.20972 
-14.95 -10.3479 
-14.9356 -10.4292 
-15.024 -10.0815 
-15.0135 -10.1298 
-14.6924 -11.2629 
-14.7352 -11.1394 
-14.8037 -10.6578 
-14.7597 -10.9415 
-14.8745 -10.5086 
-14.8692 -10.5492 
-14.5021 -11.5972 
-14.5888 -11.485 
-14.6339 -11.3386 
-14.6637 -11.3178 
-14.3971 -11.6058 
-14.4401 -11.5981 
