0.704312 0.578094 
0.693891 0.586428 
0.690487 0.603135 
0.570957 0.736885 
0.756561 0.504105 
0.61192 0.69684 
0.480317 0.829902 
0.228634 0.992104 
0.486226 0.817718 
0.601003 0.70521 
0.589566 0.716586 
0.580751 0.726408 
0.748322 0.517612 
0.843393 0.373128 
0.681099 0.614211 
0.77423 0.479958 
0.791461 0.455253 
0.731469 0.541059 
0.836619 0.385814 
0.765992 0.493114 
0.820767 0.408347 
0.71376 0.566631 
0.25728 0.980664 
0.721483 0.554032 
0.944852 0.190106 
0.37048 0.916209 
0.418222 0.883781 
0.270307 0.974718 
0.407277 0.892269 
0.941429 0.206176 
0.917209 0.242532 
0.830155 0.39862 
0.456575 0.846996 
0.201566 1.00168 
0.932067 0.219074 
0.848514 0.357308 
0.627943 0.674849 
0.4324 0.873057 
0.213959 0.996314 
0.782746 0.467006 
0.439839 0.863993 
0.448247 0.854439 
0.869381 0.323735 
0.637079 0.661735 
0.925612 0.230862 
0.863466 0.334642 
0.663097 0.634626 
0.812804 0.418837 
0.740662 0.529966 
0.243049 0.986194 
0.961502 0.170106 
0.885584 0.299035 
0.185579 1.00735 
0.893837 0.285406 
0.618236 0.686242 
1.00199 0.0798018 
0.380055 0.910421 
0.673824 0.626295 
0.646503 0.653023 
0.169145 1.01077 
0.987204 0.115744 
1.00125 0.0915004 
0.799687 0.444632 
0.954899 0.178636 
0.96643 0.159352 
0.163914 1.01441 
0.877006 0.312681 
0.50069 0.808511 
0.805331 0.431654 
0.654893 0.64265 
0.855823 0.345698 
1.01952 0.0518624 
1.02052 0.0326698 
0.300628 0.959371 
0.52481 0.78398 
0.560987 0.750141 
0.514264 0.798611 
0.353421 0.921773 
0.980215 0.133008 
0.997584 0.107044 
0.899645 0.269139 
1.01144 0.0659518 
0.910501 0.257903 
0.473479 0.843438 
0.536916 0.772805 
0.975694 0.147604 
1.02688 0.0211379 
0.286292 0.967827 
0.314998 0.950098 
0.399537 0.907334 
0.548827 0.761475 
0.0223415 1.02065 
0.517349 0.793544 
0.0203595 1.03967 
0.328631 0.941344 
0.139266 1.01855 
0.343686 0.933866 
1.04067 0.0196528 
0.123967 1.0195 
0.0344019 1.02012 
