0.51789 0.808532 
0.846674 0.377357 
0.559983 0.765928 
0.860341 0.352331 
0.453578 0.856016 
0.441658 0.864914 
0.347446 0.930047 
0.688756 0.604867 
0.359629 0.923886 
0.567639 0.753196 
0.642226 0.657816 
0.723601 0.567645 
0.945376 0.199681 
0.692922 0.590184 
0.701476 0.580248 
0.390802 0.901077 
0.368972 0.91256 
0.763601 0.494215 
0.798106 0.452762 
0.815424 0.428808 
0.385674 0.912315 
0.739591 0.54382 
0.526209 0.797109 
0.228401 1.00679 
0.465979 0.848033 
0.831467 0.40087 
1.01581 0.0579453 
0.756752 0.505915 
0.771355 0.482745 
0.61537 0.690383 
0.625608 0.680785 
0.668672 0.624088 
0.75032 0.517521 
0.898782 0.290231 
0.536978 0.787108 
0.730357 0.549881 
0.595893 0.713972 
0.264974 0.982742 
0.893778 0.306066 
0.676824 0.614204 
0.903486 0.278807 
0.240836 0.996312 
0.251554 0.988119 
0.589155 0.725921 
0.886234 0.319649 
0.842193 0.391471 
0.409844 0.896717 
0.654173 0.64912 
0.987453 0.116878 
0.993398 0.102579 
0.415172 0.88323 
0.74464 0.530596 
0.867876 0.340902 
0.951222 0.187766 
0.214694 1.01192 
0.632536 0.669046 
0.788095 0.462775 
1.00163 0.0886279 
0.806922 0.440189 
1.02052 0.0446555 
0.713506 0.575306 
0.876273 0.330226 
0.660914 0.635332 
0.932744 0.224151 
1.0272 0.0331572 
1.03267 0.02269 
0.607398 0.70288 
0.925188 0.237935 
0.77923 0.471804 
0.91011 0.263702 
0.576507 0.741299 
0.917529 0.250635 
1.05115 0.0208091 
0.0376745 1.02148 
0.823607 0.414808 
0.29259 0.96563 
0.0562015 1.02081 
0.958608 0.173593 
0.965474 0.161011 
0.0221778 1.02773 
0.938941 0.212744 
0.334094 0.938377 
0.202096 1.01643 
1.00892 0.0742695 
0.852577 0.361812 
0.482422 0.841487 
0.492992 0.829645 
0.427794 0.872052 
0.548095 0.776081 
1.07357 0.0207293 
0.979409 0.130799 
0.319834 0.947116 
0.505097 0.818766 
0.0202737 1.04476 
1.0824 0.0207293 
0.0747749 1.02072 
0.189518 1.01989 
0.305979 0.956034 
0.276803 0.972355 
0.972727 0.146178 
