0.452022 0.859597 
0.810096 0.423517 
0.939182 0.201893 
0.947572 0.191058 
0.394315 0.903175 
0.367335 0.915547 
0.853136 0.348684 
0.440745 0.866247 
0.996781 0.0956436 
0.461679 0.850439 
0.604555 0.703491 
0.885384 0.302607 
0.841731 0.375569 
0.819116 0.41287 
0.583673 0.725111 
0.575201 0.737008 
0.869504 0.325989 
0.990758 0.108735 
0.847054 0.361092 
0.879426 0.316471 
0.353477 0.920396 
0.189475 1.00392 
0.651442 0.649821 
1.01796 0.0549976 
1.02341 0.0402438 
1.00418 0.083276 
0.205623 1.0018 
0.220204 0.995866 
0.524462 0.78334 
0.635239 0.672938 
0.73199 0.540015 
0.722958 0.55124 
0.481814 0.828584 
0.470075 0.837695 
0.493454 0.818063 
0.623466 0.682269 
0.933109 0.217286 
0.414773 0.884616 
1.0128 0.0719911 
0.86076 0.33669 
0.234569 0.989239 
0.677924 0.6122 
0.716249 0.565029 
0.404282 0.894593 
0.595126 0.715003 
0.83202 0.382505 
0.553645 0.757864 
0.266371 0.975671 
0.827803 0.400976 
0.279094 0.968826 
0.379734 0.908835 
0.785811 0.461615 
0.760576 0.499038 
0.769493 0.486788 
0.77802 0.473267 
0.803363 0.434788 
1.02573 0.0289203 
0.985222 0.121085 
0.564055 0.745829 
0.92532 0.231639 
0.917583 0.24514 
0.425967 0.873935 
0.341711 0.939584 
0.250737 0.982133 
0.61366 0.691207 
0.795202 0.448882 
0.693464 0.587873 
0.964004 0.160285 
0.0272336 1.02768 
0.890815 0.290073 
0.0423357 1.02444 
0.684143 0.599939 
1.03443 0.0237787 
0.667506 0.625061 
0.347085 0.931909 
0.547826 0.769728 
0.328636 0.949301 
0.113438 1.02226 
0.967856 0.149184 
1.04936 0.0231836 
0.294734 0.961615 
0.661817 0.639552 
0.504653 0.808504 
0.978143 0.137115 
0.157831 1.0153 
0.514469 0.794598 
0.900735 0.274248 
0.174699 1.01273 
0.0255025 1.04791 
0.0659294 1.02318 
0.310327 0.954379 
0.908459 0.258207 
0.706155 0.576996 
0.642341 0.65967 
1.06578 0.0231662 
0.956949 0.178376 
0.751918 0.511484 
0.534501 0.776002 
0.136853 1.01998 
0.74163 0.52563 
