0.734392 0.555219 
0.854391 0.366398 
0.403383 0.9063 
0.416227 0.89864 
0.441568 0.863848 
0.573946 0.738269 
1.00786 0.0822523 
0.986611 0.126166 
0.567966 0.751543 
0.555721 0.757715 
0.585907 0.72857 
0.594061 0.716119 
0.972661 0.157879 
0.234313 0.993905 
0.245198 0.986194 
1.0032 0.0983834 
0.391944 0.912686 
0.657182 0.645794 
0.116483 1.02058 
0.96503 0.169279 
0.7544 0.511559 
0.721964 0.559952 
0.262541 0.983928 
0.424989 0.883098 
0.278043 0.981125 
0.296818 0.966077 
0.698088 0.581325 
0.713556 0.574664 
0.504824 0.815796 
0.858785 0.351255 
0.282783 0.97123 
0.992659 0.111057 
0.315055 0.962105 
0.872618 0.319697 
0.88599 0.302703 
0.693414 0.593247 
0.865046 0.338167 
0.359115 0.923618 
0.319957 0.951091 
0.373791 0.917939 
0.807787 0.440069 
0.617599 0.692315 
0.495306 0.823959 
0.628723 0.684243 
0.845527 0.376821 
0.797077 0.451157 
0.54335 0.769168 
1.01355 0.0664567 
0.53834 0.782449 
0.815192 0.430606 
0.768727 0.491178 
0.759923 0.500257 
0.839657 0.384278 
0.525649 0.791877 
0.880888 0.316214 
0.34453 0.929735 
0.676384 0.619119 
0.688345 0.610418 
0.739919 0.543323 
0.74622 0.520443 
0.955523 0.181564 
0.744881 0.532017 
0.518643 0.801911 
0.435342 0.873249 
1.0187 0.0528142 
0.215071 0.99855 
0.94684 0.195577 
0.453524 0.853302 
0.335863 0.943001 
0.938011 0.214316 
0.946617 0.203835 
1.03411 0.0268125 
0.919392 0.241263 
0.178009 1.01121 
0.607447 0.706113 
0.139319 1.0199 
0.196113 1.00939 
0.776395 0.476205 
0.10967 1.02438 
0.467026 0.844062 
0.0295049 1.03008 
0.20926 1.00849 
0.157981 1.01484 
0.640456 0.673376 
0.980752 0.142581 
0.649468 0.658933 
0.928142 0.223525 
0.91108 0.256301 
0.92814 0.238569 
0.481902 0.83433 
0.893515 0.285861 
0.904323 0.273609 
0.827862 0.396166 
0.666852 0.632132 
1.02789 0.0398925 
1.05095 0.0244886 
0.0501032 1.02449 
0.824392 0.41601 
0.785704 0.462648 
0.0238802 1.03873 
