0.822711 0.411369 
0.485706 0.837237 
0.758885 0.501125 
0.618722 0.688553 
0.628752 0.681054 
0.832237 0.381979 
0.980146 0.13087 
0.992401 0.107924 
0.651449 0.646239 
0.676993 0.613346 
0.828163 0.397326 
0.65915 0.636575 
0.529651 0.782027 
0.464268 0.853528 
0.683761 0.600227 
0.953714 0.179409 
0.96046 0.167508 
1.00016 0.0944591 
0.591142 0.717313 
0.315873 0.950563 
0.728466 0.543035 
0.842227 0.371941 
0.643818 0.656893 
0.745667 0.52313 
0.439928 0.866311 
0.848342 0.358177 
0.452878 0.861245 
0.855461 0.344688 
0.711916 0.56516 
0.886833 0.299007 
0.721568 0.556345 
0.508946 0.799841 
0.87172 0.323656 
0.692154 0.586861 
0.812583 0.421791 
1.00594 0.0815165 
0.700723 0.576496 
0.428462 0.874066 
0.863809 0.332654 
0.329601 0.944039 
0.342775 0.936197 
0.500858 0.810095 
0.667036 0.625166 
0.778343 0.479801 
0.361401 0.914624 
0.768313 0.490055 
0.975172 0.143269 
0.232987 0.989908 
0.352025 0.925071 
0.806037 0.43392 
0.303296 0.957708 
0.611013 0.699362 
0.547198 0.759613 
0.540055 0.772556 
0.519083 0.79098 
0.166113 1.01616 
0.910515 0.259607 
0.881895 0.31443 
0.947519 0.194591 
0.802855 0.450218 
0.184189 1.00659 
0.599016 0.708269 
0.201053 1.00177 
0.798712 0.460112 
0.893854 0.28561 
0.968012 0.156674 
0.941528 0.201772 
0.27754 0.971878 
0.291903 0.967199 
0.218765 0.992503 
0.210261 0.999235 
0.475174 0.845794 
0.559738 0.750666 
0.491209 0.822207 
0.570267 0.739656 
0.174066 1.01001 
0.390737 0.901399 
0.580804 0.728576 
0.735251 0.537358 
0.417036 0.883989 
0.264378 0.978018 
0.025528 1.02799 
1.01188 0.0662744 
0.248254 0.983992 
0.92657 0.233202 
1.02567 0.0364682 
0.376394 0.90802 
0.751281 0.512137 
0.933952 0.218191 
0.403661 0.892348 
1.01716 0.0501861 
0.635125 0.666166 
0.790811 0.472938 
0.0304491 1.02234 
0.919356 0.246377 
0.902013 0.272336 
0.987158 0.119254 
0.0255228 1.04834 
1.03138 0.0222094 
0.145437 1.01963 
