0.487716 0.830055 
0.513536 0.795356 
0.504013 0.805868 
0.913499 0.252325 
0.283382 0.968879 
0.595324 0.718973 
0.60143 0.706335 
0.496676 0.818825 
0.297747 0.963159 
0.838304 0.371302 
0.525747 0.786789 
0.933347 0.219034 
0.767341 0.499778 
0.534949 0.776815 
0.962604 0.166051 
0.564631 0.747631 
0.926941 0.230319 
0.546202 0.766338 
0.908271 0.265272 
0.971021 0.15358 
0.946648 0.192666 
0.670749 0.625281 
0.226994 0.992483 
0.92026 0.239939 
0.215006 0.998099 
0.778989 0.479669 
0.308827 0.956247 
0.32154 0.949126 
0.677491 0.611167 
0.367351 0.912361 
0.632346 0.669986 
0.95484 0.180206 
0.556369 0.756678 
0.977652 0.138778 
0.660865 0.635352 
0.267254 0.975162 
1.01263 0.0662513 
0.258822 0.984252 
0.982935 0.123516 
0.641474 0.65883 
0.480024 0.842067 
0.333152 0.938549 
0.433814 0.879192 
0.759196 0.506072 
0.650402 0.647155 
0.794766 0.45058 
0.46383 0.847907 
0.940122 0.205025 
0.587125 0.730095 
0.822645 0.413549 
0.827924 0.39816 
0.834523 0.384372 
0.452354 0.871273 
0.462339 0.864939 
1.00532 0.0795401 
0.363431 0.928188 
0.815767 0.427756 
0.574092 0.736194 
0.855693 0.344906 
0.410851 0.887695 
0.347587 0.931659 
0.623357 0.683489 
0.877216 0.318398 
0.863854 0.333843 
0.2399 0.986847 
0.890442 0.291793 
0.613116 0.694354 
0.179743 1.00793 
0.803094 0.437168 
0.771666 0.486706 
0.420057 0.882431 
1.03163 0.0259774 
0.748488 0.518817 
0.698128 0.586851 
0.737591 0.531234 
0.716598 0.561242 
0.848359 0.358953 
0.710001 0.573344 
0.725408 0.553201 
0.736989 0.546844 
0.0342635 1.02562 
0.869502 0.325991 
0.882786 0.304078 
0.708765 0.583269 
0.990629 0.108549 
0.0223216 1.03541 
0.398006 0.896965 
0.898836 0.278278 
0.167567 1.01457 
0.688778 0.600064 
0.99808 0.0935006 
1.02246 0.0533107 
0.383296 0.90496 
0.156565 1.02216 
0.0507326 1.02234 
0.0222868 1.05806 
1.04578 0.0223409 
0.197871 1.0036 
0.784769 0.462839 
1.02789 0.0424421 
