0.210219 0.998283 
0.896663 0.284048 
0.88797 0.296354 
0.194264 1.00278 
0.513824 0.795538 
0.228605 0.994882 
0.347982 0.928169 
0.496509 0.812788 
0.664483 0.637879 
0.701862 0.579103 
0.254302 0.979401 
0.362137 0.921191 
0.671195 0.62686 
1.01019 0.0711208 
0.43416 0.874066 
0.505685 0.804218 
1.02114 0.0429213 
0.842739 0.372596 
0.408889 0.887551 
0.464632 0.84249 
1.01541 0.0559868 
0.337275 0.940866 
0.325125 0.946292 
0.476274 0.83359 
0.87212 0.321514 
0.297423 0.962375 
0.285371 0.967753 
0.636818 0.671506 
0.854157 0.343553 
0.575147 0.734242 
0.643786 0.661992 
0.623188 0.676239 
0.487911 0.825308 
0.587363 0.7236 
0.18136 1.00913 
0.712057 0.567141 
0.922163 0.239451 
0.455401 0.85461 
0.449088 0.868773 
0.848786 0.357212 
0.912924 0.254826 
0.683541 0.600586 
0.55881 0.759819 
1.02283 0.0285533 
0.165792 1.01262 
0.906458 0.269304 
0.864578 0.333803 
0.60069 0.714035 
0.881695 0.312492 
0.566872 0.74623 
0.933233 0.229538 
0.941538 0.202346 
0.421253 0.879407 
0.523151 0.784538 
0.945816 0.185965 
0.398043 0.898253 
1.00371 0.0842951 
0.69178 0.589169 
0.676947 0.613455 
0.022602 1.04069 
0.243584 0.986721 
0.0315755 1.03084 
0.831748 0.384518 
0.272271 0.975885 
0.310835 0.957544 
0.384763 0.906418 
0.533584 0.776559 
0.373695 0.914614 
0.962814 0.16407 
1.04135 0.025748 
0.75047 0.513988 
0.149924 1.01798 
0.93656 0.211972 
0.961524 0.179675 
0.824962 0.400569 
0.66139 0.655685 
0.0431759 1.02862 
0.987029 0.115458 
0.61643 0.688376 
0.104074 1.02534 
0.788568 0.457074 
0.547396 0.769886 
0.807348 0.429189 
0.722101 0.554049 
0.0222964 1.0653 
0.977143 0.129633 
0.769762 0.486006 
0.606532 0.700038 
0.760189 0.500044 
0.798813 0.44406 
0.73306 0.541682 
0.740585 0.526045 
0.0622778 1.02535 
0.137292 1.02069 
0.971068 0.147895 
1.05795 0.0253535 
0.995551 0.100503 
0.779408 0.471893 
0.125511 1.02158 
0.816024 0.414812 
