0.349691 0.926944 
0.71023 0.56981 
0.385784 0.906416 
0.721386 0.56089 
0.91322 0.25466 
0.510354 0.798363 
0.363351 0.920388 
0.677911 0.610196 
0.732207 0.551711 
0.663187 0.636215 
0.974418 0.151663 
0.670597 0.622881 
0.654744 0.64716 
0.96412 0.161397 
0.987673 0.120868 
0.529973 0.779822 
0.540236 0.770804 
0.631079 0.683059 
0.617384 0.690405 
0.839459 0.373497 
0.637829 0.670545 
0.684196 0.598764 
0.692657 0.588358 
0.498808 0.810527 
0.490457 0.820251 
0.597238 0.710178 
0.701385 0.57951 
0.846824 0.359202 
0.581733 0.733341 
0.853633 0.345009 
0.200876 1.00105 
0.519483 0.790062 
0.783809 0.470743 
0.936782 0.210763 
0.793573 0.462893 
0.907108 0.268597 
0.951199 0.187801 
0.944495 0.199622 
0.575136 0.747125 
0.801427 0.45376 
0.80886 0.429515 
0.808782 0.441979 
0.993896 0.106028 
0.774254 0.483195 
0.247139 0.989441 
0.589681 0.721882 
0.550162 0.759571 
0.814913 0.414683 
1.00134 0.0916946 
0.257143 0.979153 
0.274067 0.975425 
0.648367 0.658745 
0.888949 0.293617 
0.83232 0.386847 
0.281592 0.971767 
0.216648 0.995922 
0.561322 0.752708 
0.229342 0.991409 
0.899867 0.281387 
0.188155 1.00888 
0.928869 0.223555 
0.88132 0.305298 
0.0385023 1.01675 
0.026458 1.02335 
0.409051 0.888599 
1.02645 0.027617 
0.434701 0.868652 
0.447015 0.867408 
1.00776 0.0764631 
0.755431 0.506179 
0.764966 0.495487 
0.962018 0.178058 
0.312701 0.957396 
0.373566 0.912791 
0.40187 0.90102 
0.168921 1.01149 
1.03501 0.0167736 
0.862633 0.331589 
0.980348 0.135655 
0.337092 0.937225 
0.298392 0.965843 
0.921516 0.238377 
0.823475 0.400439 
0.481313 0.828892 
0.739647 0.535411 
0.606864 0.699256 
0.46976 0.844623 
0.45853 0.855365 
1.01345 0.0601729 
0.323932 0.94767 
0.151877 1.01671 
0.0246767 1.03856 
0.422007 0.879039 
1.02008 0.04312 
0.74871 0.522067 
1.06255 0.0167508 
0.0246767 1.05481 
0.0570653 1.01675 
0.422007 0.879039 
0.873302 0.319961 
