0.845789 0.364314 
0.601391 0.718911 
0.879405 0.310934 
0.823611 0.393496 
0.870017 0.323578 
0.390983 0.903349 
0.590304 0.727845 
1.01946 0.0290501 
0.400927 0.893823 
0.816748 0.409988 
0.626256 0.675101 
0.967336 0.165015 
0.621926 0.686131 
0.951263 0.186308 
0.466772 0.841652 
0.459174 0.849779 
0.500163 0.811922 
0.423515 0.87711 
0.896284 0.287077 
0.978636 0.154249 
0.413906 0.886396 
0.479298 0.833501 
0.761602 0.496842 
0.20266 0.997591 
0.667552 0.626681 
0.903107 0.274556 
0.660126 0.63915 
0.983692 0.141219 
0.793971 0.449145 
0.541052 0.769336 
0.530031 0.778942 
1.01058 0.0775912 
1.00438 0.0904689 
1.01437 0.0623184 
0.911495 0.262338 
0.835094 0.387932 
0.890307 0.301091 
0.222146 0.995009 
0.379912 0.911554 
1.02863 0.0221967 
0.769791 0.485503 
1.01931 0.0459629 
0.0308036 1.0222 
0.0180022 1.02538 
0.96113 0.179673 
0.493619 0.82709 
0.690558 0.581019 
0.615669 0.69634 
0.852628 0.349604 
0.017967 1.04291 
0.99538 0.105976 
0.612353 0.708884 
0.993407 0.11532 
0.985094 0.131124 
0.802308 0.436971 
0.28581 0.974515 
0.518655 0.789241 
0.235098 0.990681 
0.812749 0.42631 
0.341528 0.935527 
0.293938 0.964023 
0.309024 0.957274 
0.787889 0.460653 
0.704385 0.5753 
0.735454 0.535467 
0.860905 0.336563 
0.743759 0.522625 
0.509079 0.799697 
0.321217 0.948048 
0.650758 0.652193 
0.129827 1.01826 
0.946968 0.205282 
0.564672 0.74748 
0.921108 0.250672 
0.781621 0.475766 
0.841534 0.376081 
0.577586 0.737084 
0.437643 0.867741 
0.448441 0.85884 
0.940825 0.223039 
0.932387 0.237864 
0.146758 1.01757 
0.753895 0.511052 
0.368682 0.92342 
0.339579 0.943931 
0.717835 0.563505 
0.725772 0.549258 
0.553033 0.758431 
0.25122 0.985998 
0.017965 1.06003 
0.640431 0.663258 
0.186935 1.00494 
0.267618 0.980686 
0.123627 1.02197 
0.678529 0.614648 
0.682942 0.595224 
0.362374 0.928422 
1.04393 0.022193 
0.0467365 1.02219 
0.171943 1.01599 
