0.395659 0.900678 
0.957515 0.173136 
1.02165 0.0431935 
0.903371 0.277878 
0.937591 0.210797 
0.909243 0.264551 
0.99048 0.111321 
0.726745 0.547509 
1.00237 0.0844879 
0.996435 0.0963442 
1.01033 0.071606 
1.02407 0.0287999 
0.929591 0.224851 
0.976295 0.136755 
0.863827 0.337426 
0.291552 0.963749 
0.737636 0.539668 
0.638585 0.65862 
0.699157 0.583918 
0.696474 0.594903 
0.984174 0.124732 
0.923204 0.237723 
0.855186 0.348463 
0.607178 0.700669 
0.622686 0.68062 
0.615484 0.692895 
0.408169 0.893952 
0.368449 0.91534 
0.357353 0.924668 
0.969819 0.149596 
0.237392 0.988534 
0.246441 0.983569 
1.01865 0.0606055 
0.629292 0.669623 
0.421016 0.888356 
0.676842 0.613537 
0.383791 0.90981 
0.821798 0.42188 
0.888417 0.301564 
0.427483 0.878082 
0.84004 0.3756 
0.84637 0.362459 
0.833528 0.390108 
0.817231 0.435866 
0.649833 0.648398 
0.879153 0.314113 
0.747573 0.528771 
0.668343 0.627022 
0.870462 0.324814 
0.916931 0.251128 
0.543838 0.7727 
0.550217 0.76078 
0.557704 0.752229 
0.487711 0.832583 
1.03622 0.0231223 
0.509609 0.803754 
0.502629 0.816929 
0.497343 0.828548 
0.659443 0.6366 
0.964738 0.16111 
0.770294 0.485943 
0.483005 0.849413 
0.0218886 1.02693 
0.951 0.185193 
0.529428 0.780014 
0.778027 0.476799 
0.711028 0.575436 
0.473639 0.858236 
0.688307 0.604611 
0.896966 0.288454 
0.824295 0.402022 
0.33498 0.93907 
0.346966 0.932997 
0.942233 0.196566 
0.754091 0.514024 
0.80012 0.455253 
0.455597 0.860944 
0.221786 0.99504 
0.439495 0.866197 
0.305611 0.95587 
0.761213 0.498868 
0.809826 0.449363 
0.59546 0.713951 
0.204291 1.00137 
0.2779 0.969134 
0.519208 0.791454 
0.78752 0.46562 
0.585248 0.727172 
0.169612 1.01378 
0.57312 0.742009 
0.263744 0.977791 
0.021281 1.04905 
0.0349441 1.02644 
0.155319 1.02227 
0.320137 0.947329 
0.0211123 1.054 
1.05155 0.0231222 
0.0491708 1.02312 
0.186406 1.00724 
0.71673 0.558647 
