0.491042 0.82445 
0.582067 0.729706 
0.681534 0.607062 
0.69009 0.594972 
0.64618 0.651404 
0.797575 0.444814 
0.789255 0.455839 
0.571902 0.739045 
0.759187 0.50219 
0.592388 0.719634 
0.977721 0.137721 
0.601777 0.710433 
0.969455 0.149967 
0.781902 0.468513 
0.538573 0.770834 
0.674391 0.620047 
0.774416 0.479422 
0.551544 0.761276 
0.441063 0.864619 
0.620939 0.685068 
0.49991 0.81219 
0.383959 0.912039 
0.368678 0.915338 
0.359112 0.929305 
0.743788 0.524564 
0.33247 0.940386 
0.715597 0.560636 
0.532683 0.781531 
0.956069 0.178576 
0.420222 0.884408 
0.521273 0.792005 
0.560638 0.749109 
0.34486 0.934263 
0.218368 0.99246 
0.243299 0.985842 
0.232448 0.992424 
0.753462 0.515522 
0.628745 0.671571 
0.510922 0.800584 
0.766473 0.489738 
0.724265 0.549101 
0.659235 0.643244 
0.932655 0.214171 
0.948151 0.191795 
0.610472 0.697038 
0.702128 0.570001 
0.171912 1.01236 
0.941052 0.204894 
0.204426 1.00135 
0.391288 0.900078 
0.92814 0.231457 
0.0271205 1.02375 
0.306302 0.956903 
0.992627 0.107739 
1.0004 0.0937401 
0.0220532 1.04086 
0.839412 0.375403 
0.290498 0.964118 
0.018005 1.05174 
0.276533 0.971145 
0.428205 0.872166 
0.665017 0.632196 
0.96216 0.164876 
0.832038 0.389137 
0.475959 0.832736 
0.157906 1.0169 
0.136415 1.02044 
1.0427 0.0212479 
0.464704 0.84254 
0.407967 0.895708 
0.732694 0.537901 
0.260827 0.978127 
0.638942 0.663264 
0.188091 1.00599 
0.453686 0.854299 
0.911421 0.260135 
0.921515 0.246914 
0.0449182 1.02125 
0.901946 0.271393 
0.82538 0.404051 
0.318655 0.947663 
1.00413 0.0745719 
0.847788 0.360286 
1.03074 0.0300541 
0.874565 0.316431 
0.855644 0.344764 
0.893881 0.287675 
0.0598449 1.02125 
0.883457 0.301658 
0.806538 0.431018 
1.0144 0.0608094 
0.865425 0.331236 
0.816052 0.415795 
0.811848 0.431017 
0.986298 0.12356 
0.698391 0.586715 
0.0178675 1.07413 
1.02268 0.0444517 
1.06201 0.0212479 
0.127271 1.0211 
