0.366208 0.923526 
0.379903 0.919992 
1.02205 0.0636022 
1.01215 0.0876643 
0.987941 0.122904 
1.01738 0.0730462 
0.691068 0.594867 
0.689554 0.616647 
0.698976 0.582219 
0.648729 0.652349 
0.611253 0.696146 
0.670168 0.633786 
0.889921 0.292811 
0.973332 0.152076 
0.865595 0.332688 
0.682659 0.627144 
0.873185 0.318639 
0.53493 0.775535 
0.929746 0.228413 
0.728069 0.549775 
0.401097 0.903807 
0.392738 0.912425 
1.02477 0.0424309 
0.721561 0.564598 
0.921256 0.241 
0.640736 0.663745 
0.545038 0.764534 
0.658715 0.642187 
0.9648 0.161857 
0.936695 0.214642 
0.881397 0.3056 
0.716349 0.579793 
0.786873 0.472934 
0.440475 0.877296 
0.461108 0.85766 
0.452291 0.869519 
0.337034 0.937959 
1.02803 0.0254212 
0.794207 0.463817 
0.83904 0.374518 
0.799605 0.443888 
0.814192 0.422303 
0.825664 0.403288 
0.327 0.946073 
0.219282 0.995699 
0.805551 0.433147 
0.82299 0.414449 
0.190017 1.00377 
0.491511 0.822732 
0.179702 1.00854 
0.832638 0.387545 
0.354568 0.933556 
0.317096 0.958977 
0.75658 0.50799 
0.740521 0.538728 
0.414948 0.897518 
0.746408 0.527237 
0.961417 0.17202 
0.951204 0.184878 
0.943901 0.198735 
1.00325 0.101821 
0.749347 0.517849 
0.780867 0.487346 
0.915516 0.253618 
0.500125 0.810153 
0.511356 0.798204 
0.0255409 1.0316 
0.205813 1.0018 
0.979044 0.135224 
0.481444 0.832552 
0.0381065 1.02773 
0.994336 0.112522 
0.58993 0.719232 
0.233167 0.987866 
0.252601 0.982635 
0.633476 0.667229 
0.131126 1.02402 
0.269558 0.974594 
0.898303 0.278197 
0.286102 0.966246 
0.906269 0.266451 
0.164849 1.01714 
0.269365 0.982265 
0.6224 0.685347 
0.847332 0.360115 
0.426633 0.884816 
0.855875 0.345375 
0.299955 0.962359 
1.05021 0.0244055 
0.633096 0.681125 
0.522048 0.785947 
0.467913 0.840638 
0.566964 0.74114 
0.557716 0.754414 
0.146529 1.01913 
0.0228924 1.05376 
0.0531832 1.02423 
0.767671 0.496387 
0.579175 0.730423 
0.601316 0.708597 
