0.733991 0.537688 
0.898816 0.289349 
0.879741 0.3092 
0.976772 0.138646 
0.38656 0.905416 
0.467024 0.842951 
0.708602 0.571621 
0.71964 0.562413 
0.888199 0.296368 
0.963645 0.162964 
0.971354 0.151415 
0.373456 0.912856 
0.849719 0.35346 
0.551443 0.759401 
0.903851 0.27473 
0.838527 0.380129 
0.571922 0.743034 
0.409478 0.887294 
0.725113 0.547955 
0.910529 0.262008 
0.983017 0.124948 
0.686675 0.593165 
0.775633 0.476359 
0.86578 0.334197 
0.781133 0.461976 
0.924173 0.235526 
0.283585 0.969458 
0.671875 0.62001 
0.664064 0.630515 
0.485743 0.824518 
0.200346 1.002 
0.807091 0.431485 
0.477313 0.835074 
0.33631 0.937514 
0.254433 0.980541 
0.997819 0.0995226 
0.566143 0.75391 
0.456764 0.853655 
0.990387 0.112189 
0.655127 0.639857 
0.791987 0.453724 
0.817226 0.420001 
0.23006 0.993453 
0.244812 0.987522 
0.298623 0.966197 
0.823572 0.405842 
0.347723 0.929167 
1.00471 0.085602 
1.01116 0.0705258 
1.01625 0.0569796 
0.431475 0.873061 
0.60339 0.704379 
0.598012 0.71596 
0.648089 0.650131 
0.85736 0.343659 
0.307779 0.955734 
0.87336 0.320769 
0.843952 0.366909 
0.399955 0.89721 
0.956315 0.175785 
0.759932 0.501367 
0.918562 0.247924 
0.580483 0.731739 
0.505852 0.803151 
0.681242 0.60819 
0.74704 0.528977 
0.798684 0.441143 
0.360278 0.920461 
0.496864 0.815747 
0.752864 0.514658 
0.268872 0.975572 
0.69547 0.580481 
0.587998 0.72391 
0.419774 0.880173 
0.829167 0.39246 
0.767849 0.489543 
0.516919 0.792132 
0.626467 0.677262 
0.215108 0.997655 
0.165125 1.01318 
0.614842 0.690272 
0.322267 0.946505 
0.1822 1.00724 
0.940433 0.204821 
0.129196 1.02195 
1.02481 0.0425737 
0.528229 0.781352 
0.0305147 1.03062 
0.540679 0.771128 
0.948067 0.189567 
0.0734829 1.02219 
0.933051 0.220771 
0.638222 0.664404 
0.0266669 1.04394 
0.045015 1.02219 
1.02854 0.0305031 
0.148019 1.01858 
1.07038 0.0221937 
1.04777 0.0240057 
0.44419 0.863009 
