0 1
0.001001 0.96833
0.002002 0.95513
0.003003 0.944917
0.004004 0.93622
0.00500501 0.92847
0.00600601 0.921375
0.00700701 0.914762
0.00800801 0.908519
0.00900901 0.902568
0.01001 0.896854
0.011011 0.891333
0.012012 0.885975
0.013013 0.880752
0.014014 0.875647
0.015015 0.870641
0.016016 0.865723
0.017017 0.860881
0.018018 0.856106
0.019019 0.851391
0.02002 0.84673
0.021021 0.842119
0.022022 0.837553
0.023023 0.833029
0.024024 0.828544
0.025025 0.824098
0.026026 0.819687
0.027027 0.815313
0.028028 0.810973
0.029029 0.806667
0.03003 0.802397
0.031031 0.798162
0.032032 0.793962
0.033033 0.7898
0.034034 0.785675
0.035035 0.78159
0.036036 0.777545
0.037037 0.773542
0.038038 0.769583
0.039039 0.76567
0.04004 0.761804
0.041041 0.757988
0.042042 0.754223
0.043043 0.750513
0.044044 0.746858
0.045045 0.743261
0.046046 0.739725
0.047047 0.736252
0.048048 0.732844
0.049049 0.729503
0.0500501 0.726231
0.0510511 0.723032
0.0520521 0.719907
0.0530531 0.716858
0.0540541 0.713888
0.0550551 0.711
0.0560561 0.708194
0.0570571 0.705473
0.0580581 0.70284
0.0590591 0.700296
0.0600601 0.697843
0.0610611 0.695483
0.0620621 0.693218
0.0630631 0.69105
0.0640641 0.688979
0.0650651 0.687009
0.0660661 0.685139
0.0670671 0.683372
0.0680681 0.681708
0.0690691 0.680149
0.0700701 0.678695
0.0710711 0.677349
0.0720721 0.676109
0.0730731 0.674978
0.0740741 0.673955
0.0750751 0.673041
0.0760761 0.672236
0.0770771 0.671541
0.0780781 0.670954
0.0790791 0.670477
0.0800801 0.670109
0.0810811 0.669849
0.0820821 0.669697
0.0830831 0.669653
0.0840841 0.669714
0.0850851 0.669881
0.0860861 0.670153
0.0870871 0.670527
0.0880881 0.671003
0.0890891 0.671579
0.0900901 0.672253
0.0910911 0.673024
0.0920921 0.673889
0.0930931 0.674847
0.0940941 0.675894
0.0950951 0.67703
0.0960961 0.67825
0.0970971 0.679553
0.0980981 0.680936
0.0990991 0.682396
0.1001 0.683929
0.101101 0.685533
0.102102 0.687204
0.103103 0.688939
0.104104 0.690734
0.105105 0.692586
0.106106 0.69449
0.107107 0.696444
0.108108 0.698443
0.109109 0.700483
0.11011 0.70256
0.111111 0.704669
0.112112 0.706807
0.113113 0.708968
0.114114 0.711149
0.115115 0.713346
0.116116 0.715552
0.117117 0.717764
0.118118 0.719977
0.119119 0.722187
0.12012 0.724388
0.121121 0.726575
0.122122 0.728744
0.123123 0.73089
0.124124 0.733008
0.125125 0.735094
0.126126 0.737141
0.127127 0.739146
0.128128 0.741102
0.129129 0.743007
0.13013 0.744854
0.131131 0.746638
0.132132 0.748356
0.133133 0.750002
0.134134 0.751571
0.135135 0.753058
0.136136 0.75446
0.137137 0.755771
0.138138 0.756988
0.139139 0.758105
0.14014 0.759118
0.141141 0.760023
0.142142 0.760816
0.143143 0.761492
0.144144 0.762049
0.145145 0.762481
0.146146 0.762786
0.147147 0.762959
0.148148 0.762997
0.149149 0.762898
0.15015 0.762656
0.151151 0.762271
0.152152 0.761738
0.153153 0.761054
0.154154 0.760219
0.155155 0.759227
0.156156 0.758079
0.157157 0.756771
0.158158 0.755301
0.159159 0.753668
0.16016 0.75187
0.161161 0.749906
0.162162 0.747775
0.163163 0.745475
0.164164 0.743006
0.165165 0.740367
0.166166 0.737558
0.167167 0.734578
0.168168 0.731428
0.169169 0.728107
0.17017 0.724617
0.171171 0.720957
0.172172 0.717129
0.173173 0.713133
0.174174 0.708971
0.175175 0.704645
0.176176 0.700155
0.177177 0.695504
0.178178 0.690693
0.179179 0.685726
0.18018 0.680604
0.181181 0.675331
0.182182 0.669908
0.183183 0.66434
0.184184 0.658629
0.185185 0.652779
0.186186 0.646795
0.187187 0.640678
0.188188 0.634434
0.189189 0.628068
0.19019 0.621582
0.191191 0.614983
0.192192 0.608274
0.193193 0.601461
0.194194 0.594549
0.195195 0.587543
0.196196 0.580449
0.197197 0.573272
0.198198 0.566019
0.199199 0.558694
0.2002 0.551303
0.201201 0.543855
0.202202 0.536353
0.203203 0.528805
0.204204 0.521218
0.205205 0.513597
0.206206 0.50595
0.207207 0.498284
0.208208 0.490604
0.209209 0.482919
0.21021 0.475236
0.211211 0.467561
0.212212 0.459901
0.213213 0.452264
0.214214 0.444657
0.215215 0.437087
0.216216 0.429562
0.217217 0.422088
0.218218 0.414674
0.219219 0.407326
0.22022 0.400052
0.221221 0.392859
0.222222 0.385754
0.223223 0.378744
0.224224 0.371837
0.225225 0.36504
0.226226 0.358359
0.227227 0.351802
0.228228 0.345376
0.229229 0.339087
0.23023 0.332943
0.231231 0.326949
0.232232 0.321112
0.233233 0.31544
0.234234 0.309937
0.235235 0.30461
0.236236 0.299465
0.237237 0.294508
0.238238 0.289745
0.239239 0.285181
0.24024 0.280821
0.241241 0.276671
0.242242 0.272735
0.243243 0.269019
0.244244 0.265527
0.245245 0.262263
0.246246 0.259232
0.247247 0.256437
0.248248 0.253882
0.249249 0.251571
0.25025 0.249507
0.251251 0.247693
0.252252 0.246132
0.253253 0.244826
0.254254 0.243777
0.255255 0.242988
0.256256 0.24246
0.257257 0.242195
0.258258 0.242194
0.259259 0.242457
0.26026 0.242987
0.261261 0.243782
0.262262 0.244843
0.263263 0.24617
0.264264 0.247763
0.265265 0.24962
0.266266 0.25174
0.267267 0.254123
0.268268 0.256767
0.269269 0.259669
0.27027 0.262828
0.271271 0.266241
0.272272 0.269906
0.273273 0.273818
0.274274 0.277976
0.275275 0.282375
0.276276 0.287011
0.277277 0.291881
0.278278 0.296979
0.279279 0.302302
0.28028 0.307843
0.281281 0.313599
0.282282 0.319563
0.283283 0.325729
0.284284 0.332092
0.285285 0.338646
0.286286 0.345383
0.287287 0.352297
0.288288 0.359381
0.289289 0.366628
0.29029 0.374031
0.291291 0.381581
0.292292 0.389272
0.293293 0.397094
0.294294 0.405041
0.295295 0.413103
0.296296 0.421271
0.297297 0.429538
0.298298 0.437893
0.299299 0.446329
0.3003 0.454836
0.301301 0.463405
0.302302 0.472026
0.303303 0.480689
0.304304 0.489386
0.305305 0.498106
0.306306 0.506839
0.307307 0.515576
0.308308 0.524307
0.309309 0.533021
0.31031 0.541709
0.311311 0.55036
0.312312 0.558964
0.313313 0.567512
0.314314 0.575993
0.315315 0.584397
0.316316 0.592713
0.317317 0.600933
0.318318 0.609046
0.319319 0.617041
0.32032 0.624909
0.321321 0.632641
0.322322 0.640226
0.323323 0.647655
0.324324 0.654918
0.325325 0.662006
0.326326 0.668909
0.327327 0.67562
0.328328 0.682127
0.329329 0.688423
0.33033 0.6945
0.331331 0.700347
0.332332 0.705959
0.333333 0.711325
0.334334 0.716438
0.335335 0.721292
0.336336 0.725877
0.337337 0.730188
0.338338 0.734217
0.339339 0.737957
0.34034 0.741402
0.341341 0.744546
0.342342 0.747383
0.343343 0.749908
0.344344 0.752115
0.345345 0.753999
0.346346 0.755555
0.347347 0.75678
0.348348 0.757669
0.349349 0.758219
0.35035 0.758425
0.351351 0.758286
0.352352 0.757798
0.353353 0.756959
0.354354 0.755767
0.355355 0.754221
0.356356 0.752319
0.357357 0.75006
0.358358 0.747444
0.359359 0.744471
0.36036 0.74114
0.361361 0.737453
0.362362 0.73341
0.363363 0.729013
0.364364 0.724263
0.365365 0.719163
0.366366 0.713715
0.367367 0.707921
0.368368 0.701785
0.369369 0.695311
0.37037 0.688502
0.371371 0.681363
0.372372 0.673898
0.373373 0.666113
0.374374 0.658013
0.375375 0.649603
0.376376 0.64089
0.377377 0.63188
0.378378 0.62258
0.379379 0.612997
0.38038 0.603139
0.381381 0.593013
0.382382 0.582627
0.383383 0.57199
0.384384 0.56111
0.385385 0.549997
0.386386 0.53866
0.387387 0.527107
0.388388 0.51535
0.389389 0.503399
0.39039 0.491262
0.391391 0.478952
0.392392 0.466479
0.393393 0.453854
0.394394 0.441088
0.395395 0.428193
0.396396 0.41518
0.397397 0.402062
0.398398 0.388849
0.399399 0.375555
0.4004 0.362192
0.401401 0.348771
0.402402 0.335306
0.403403 0.321809
0.404404 0.308294
0.405405 0.294772
0.406406 0.281256
0.407407 0.267761
0.408408 0.254298
0.409409 0.24088
0.41041 0.227521
0.411411 0.214234
0.412412 0.201032
0.413413 0.187928
0.414414 0.174934
0.415415 0.162064
0.416416 0.14933
0.417417 0.136746
0.418418 0.124323
0.419419 0.112075
0.42042 0.100014
0.421421 0.0881523
0.422422 0.0765019
0.423423 0.065075
0.424424 0.0538835
0.425425 0.0429388
0.426426 0.0322526
0.427427 0.021836
0.428428 0.0117001
0.429429 0.0018557
0.43043 -0.00768673
0.431431 -0.0169169
0.432432 -0.0258248
0.433433 -0.0344006
0.434434 -0.0426351
0.435435 -0.050519
0.436436 -0.0580435
0.437437 -0.0652002
0.438438 -0.071981
0.439439 -0.0783779
0.44044 -0.0843837
0.441441 -0.0899912
0.442442 -0.0951937
0.443443 -0.099985
0.444444 -0.104359
0.445445 -0.10831
0.446446 -0.111834
0.447447 -0.114925
0.448448 -0.117579
0.449449 -0.119792
0.45045 -0.121561
0.451451 -0.122884
0.452452 -0.123756
0.453453 -0.124177
0.454454 -0.124144
0.455455 -0.123657
0.456456 -0.122714
0.457457 -0.121316
0.458458 -0.119463
0.459459 -0.117154
0.46046 -0.114392
0.461461 -0.111178
0.462462 -0.107514
0.463463 -0.103402
0.464464 -0.0988461
0.465465 -0.0938487
0.466466 -0.0884142
0.467467 -0.0825469
0.468468 -0.0762515
0.469469 -0.0695335
0.47047 -0.0623984
0.471471 -0.0548525
0.472472 -0.0469024
0.473473 -0.0385552
0.474474 -0.0298183
0.475475 -0.0206997
0.476476 -0.0112077
0.477477 -0.00135109
0.478478 0.00886105
0.479479 0.0194191
0.48048 0.0303132
0.481481 0.0415329
0.482482 0.0530676
0.483483 0.0649063
0.484484 0.0770374
0.485485 0.0894493
0.486486 0.10213
0.487487 0.115067
0.488488 0.128247
0.489489 0.141658
0.49049 0.155286
0.491491 0.169117
0.492492 0.183139
0.493493 0.197336
0.494494 0.211695
0.495495 0.2262
0.496496 0.240838
0.497497 0.255593
0.498498 0.27045
0.499499 0.285394
0.500501 0.300409
0.501502 0.31548
0.502503 0.330591
0.503504 0.345727
0.504505 0.360871
0.505506 0.376008
0.506507 0.391122
0.507508 0.406196
0.508509 0.421215
0.50951 0.436162
0.510511 0.451023
0.511512 0.465779
0.512513 0.480416
0.513514 0.494918
0.514515 0.509269
0.515516 0.523453
0.516517 0.537455
0.517518 0.551258
0.518519 0.564848
0.51952 0.57821
0.520521 0.591328
0.521522 0.604188
0.522523 0.616775
0.523524 0.629075
0.524525 0.641073
0.525526 0.652755
0.526527 0.664109
0.527528 0.67512
0.528529 0.685776
0.52953 0.696064
0.530531 0.705971
0.531532 0.715485
0.532533 0.724595
0.533534 0.733288
0.534535 0.741556
0.535536 0.749385
0.536537 0.756768
0.537538 0.763693
0.538539 0.770151
0.53954 0.776134
0.540541 0.781632
0.541542 0.786639
0.542543 0.791146
0.543544 0.795146
0.544545 0.798634
0.545546 0.801602
0.546547 0.804045
0.547548 0.805959
0.548549 0.807338
0.54955 0.808178
0.550551 0.808477
0.551552 0.808231
0.552553 0.807438
0.553554 0.806096
0.554555 0.804203
0.555556 0.801759
0.556557 0.798764
0.557558 0.795218
0.558559 0.791122
0.55956 0.786477
0.560561 0.781286
0.561562 0.77555
0.562563 0.769274
0.563564 0.762461
0.564565 0.755115
0.565566 0.74724
0.566567 0.738843
0.567568 0.72993
0.568569 0.720505
0.56957 0.710578
0.570571 0.700155
0.571572 0.689244
0.572573 0.677853
0.573574 0.665993
0.574575 0.653672
0.575576 0.640901
0.576577 0.62769
0.577578 0.61405
0.578579 0.599993
0.57958 0.58553
0.580581 0.570675
0.581582 0.55544
0.582583 0.539838
0.583584 0.523883
0.584585 0.507589
0.585586 0.490972
0.586587 0.474044
0.587588 0.456823
0.588589 0.439323
0.58959 0.42156
0.590591 0.403551
0.591592 0.385313
0.592593 0.366861
0.593594 0.348213
0.594595 0.329387
0.595596 0.310401
0.596597 0.291271
0.597598 0.272016
0.598599 0.252654
0.5996 0.233204
0.600601 0.213684
0.601602 0.194113
0.602603 0.174509
0.603604 0.154892
0.604605 0.135281
0.605606 0.115693
0.606607 0.0961496
0.607608 0.0766684
0.608609 0.0572688
0.60961 0.0379699
0.610611 0.0187906
0.611612 -0.000250102
0.612613 -0.0191333
0.613614 -0.0378402
0.614615 -0.0563523
0.615616 -0.0746509
0.616617 -0.0927177
0.617618 -0.110534
0.618619 -0.128083
0.61962 -0.145346
0.620621 -0.162306
0.621622 -0.178945
0.622623 -0.195246
0.623624 -0.211193
0.624625 -0.226769
0.625626 -0.241958
0.626627 -0.256744
0.627628 -0.271112
0.628629 -0.285046
0.62963 -0.298533
0.630631 -0.311557
0.631632 -0.324104
0.632633 -0.336163
0.633634 -0.347718
0.634635 -0.358759
0.635636 -0.369272
0.636637 -0.379247
0.637638 -0.388672
0.638639 -0.397537
0.63964 -0.405832
0.640641 -0.413546
0.641642 -0.420673
0.642643 -0.427202
0.643644 -0.433127
0.644645 -0.43844
0.645646 -0.443135
0.646647 -0.447205
0.647648 -0.450646
0.648649 -0.453451
0.64965 -0.455619
0.650651 -0.457144
0.651652 -0.458024
0.652653 -0.458257
0.653654 -0.457841
0.654655 -0.456775
0.655656 -0.455059
0.656657 -0.452694
0.657658 -0.449679
0.658659 -0.446018
0.65966 -0.441712
0.660661 -0.436764
0.661662 -0.431178
0.662663 -0.424958
0.663664 -0.418109
0.664665 -0.410636
0.665666 -0.402547
0.666667 -0.393847
0.667668 -0.384544
0.668669 -0.374647
0.66967 -0.364163
0.670671 -0.353103
0.671672 -0.341476
0.672673 -0.329293
0.673674 -0.316565
0.674675 -0.303304
0.675676 -0.289521
0.676677 -0.275231
0.677678 -0.260445
0.678679 -0.245179
0.67968 -0.229446
0.680681 -0.213261
0.681682 -0.196641
0.682683 -0.1796
0.683684 -0.162156
0.684685 -0.144325
0.685686 -0.126124
0.686687 -0.107572
0.687688 -0.0886853
0.688689 -0.0694837
0.68969 -0.0499857
0.690691 -0.0302105
0.691692 -0.0101777
0.692693 0.0100929
0.693694 0.030581
0.694695 0.0512663
0.695696 0.0721281
0.696697 0.0931455
0.697698 0.114297
0.698699 0.135562
0.6997 0.156918
0.700701 0.178345
0.701702 0.199819
0.702703 0.22132
0.703704 0.242825
0.704705 0.264311
0.705706 0.285759
0.706707 0.307144
0.707708 0.328444
0.708709 0.349639
0.70971 0.370705
0.710711 0.391621
0.711712 0.412365
0.712713 0.432914
0.713714 0.453248
0.714715 0.473345
0.715716 0.493184
0.716717 0.512743
0.717718 0.532001
0.718719 0.550938
0.71972 0.569534
0.720721 0.587769
0.721722 0.605622
0.722723 0.623074
0.723724 0.640106
0.724725 0.656699
0.725726 0.672836
0.726727 0.688497
0.727728 0.703666
0.728729 0.718325
0.72973 0.732458
0.730731 0.746049
0.731732 0.759082
0.732733 0.771542
0.733734 0.783414
0.734735 0.794684
0.735736 0.80534
0.736737 0.815367
0.737738 0.824754
0.738739 0.833489
0.73974 0.841561
0.740741 0.848959
0.741742 0.855674
0.742743 0.861697
0.743744 0.867019
0.744745 0.871632
0.745746 0.875529
0.746747 0.878705
0.747748 0.881153
0.748749 0.882868
0.74975 0.883846
0.750751 0.884083
0.751752 0.883577
0.752753 0.882326
0.753754 0.880329
0.754755 0.877584
0.755756 0.874092
0.756757 0.869854
0.757758 0.864871
0.758759 0.859147
0.75976 0.852684
0.760761 0.845486
0.761762 0.837557
0.762763 0.828904
0.763764 0.819533
0.764765 0.809449
0.765766 0.798662
0.766767 0.787178
0.767768 0.775008
0.768769 0.762161
0.76977 0.748648
0.770771 0.734479
0.771772 0.719667
0.772773 0.704224
0.773774 0.688163
0.774775 0.671498
0.775776 0.654244
0.776777 0.636416
0.777778 0.618029
0.778779 0.5991
0.77978 0.579645
0.780781 0.559683
0.781782 0.539231
0.782783 0.518307
0.783784 0.496932
0.784785 0.475124
0.785786 0.452903
0.786787 0.43029
0.787788 0.407307
0.788789 0.383973
0.78979 0.360312
0.790791 0.336346
0.791792 0.312096
0.792793 0.287586
0.793794 0.262839
0.794795 0.237879
0.795796 0.212729
0.796797 0.187413
0.797798 0.161956
0.798799 0.136382
0.7998 0.110715
0.800801 0.0849809
0.801802 0.0592042
0.802803 0.0334098
0.803804 0.00762282
0.804805 -0.0181315
0.805806 -0.0438281
0.806807 -0.0694416
0.807808 -0.0949471
0.808809 -0.120319
0.80981 -0.145533
0.810811 -0.170564
0.811812 -0.195386
0.812813 -0.219976
0.813814 -0.244308
0.814815 -0.268359
0.815816 -0.292104
0.816817 -0.31552
0.817818 -0.338582
0.818819 -0.361268
0.81982 -0.383555
0.820821 -0.40542
0.821822 -0.42684
0.822823 -0.447794
0.823824 -0.468261
0.824825 -0.488219
0.825826 -0.507648
0.826827 -0.526528
0.827828 -0.544839
0.828829 -0.562562
0.82983 -0.579679
0.830831 -0.596172
0.831832 -0.612022
0.832833 -0.627215
0.833834 -0.641732
0.834835 -0.65556
0.835836 -0.668682
0.836837 -0.681085
0.837838 -0.692755
0.838839 -0.70368
0.83984 -0.713847
0.840841 -0.723245
0.841842 -0.731863
0.842843 -0.739691
0.843844 -0.746721
0.844845 -0.752944
0.845846 -0.758352
0.846847 -0.762938
0.847848 -0.766697
0.848849 -0.769624
0.84985 -0.771713
0.850851 -0.772963
0.851852 -0.773369
0.852853 -0.77293
0.853854 -0.771646
0.854855 -0.769515
0.855856 -0.766539
0.856857 -0.762719
0.857858 -0.758057
0.858859 -0.752557
0.85986 -0.746224
0.860861 -0.73906
0.861862 -0.731073
0.862863 -0.72227
0.863864 -0.712656
0.864865 -0.702241
0.865866 -0.691034
0.866867 -0.679045
0.867868 -0.666283
0.868869 -0.652762
0.86987 -0.638492
0.870871 -0.623487
0.871872 -0.607761
0.872873 -0.591328
0.873874 -0.574204
0.874875 -0.556404
0.875876 -0.537946
0.876877 -0.518846
0.877878 -0.499123
0.878879 -0.478795
0.87988 -0.457882
0.880881 -0.436404
0.881882 -0.414381
0.882883 -0.391835
0.883884 -0.368788
0.884885 -0.345261
0.885886 -0.321278
0.886887 -0.296862
0.887888 -0.272037
0.888889 -0.246827
0.88989 -0.221257
0.890891 -0.195352
0.891892 -0.169137
0.892893 -0.14264
0.893894 -0.115885
0.894895 -0.088899
0.895896 -0.0617096
0.896897 -0.0343436
0.897898 -0.00682837
0.898899 0.0208086
0.8999 0.0485395
0.900901 0.0763365
0.901902 0.104171
0.902903 0.132016
0.903904 0.159843
0.904905 0.187623
0.905906 0.215328
0.906907 0.24293
0.907908 0.2704
0.908909 0.297712
0.90991 0.324835
0.910911 0.351744
0.911912 0.378409
0.912913 0.404803
0.913914 0.430899
0.914915 0.45667
0.915916 0.482089
0.916917 0.507129
0.917918 0.531765
0.918919 0.555969
0.91992 0.579717
0.920921 0.602983
0.921922 0.625743
0.922923 0.647973
0.923924 0.669648
0.924925 0.690746
0.925926 0.711244
0.926927 0.731119
0.927928 0.75035
0.928929 0.768915
0.92993 0.786795
0.930931 0.80397
0.931932 0.82042
0.932933 0.836128
0.933934 0.851074
0.934935 0.865243
0.935936 0.878619
0.936937 0.891184
0.937938 0.902926
0.938939 0.913829
0.93994 0.923881
0.940941 0.93307
0.941942 0.941383
0.942943 0.948811
0.943944 0.955343
0.944945 0.960971
0.945946 0.965687
0.946947 0.969483
0.947948 0.972353
0.948949 0.974292
0.94995 0.975295
0.950951 0.975359
0.951952 0.974482
0.952953 0.972662
0.953954 0.969898
0.954955 0.96619
0.955956 0.96154
0.956957 0.95595
0.957958 0.949423
0.958959 0.941962
0.95996 0.933573
0.960961 0.924262
0.961962 0.914036
0.962963 0.902901
0.963964 0.890868
0.964965 0.877945
0.965966 0.864144
0.966967 0.849475
0.967968 0.83395
0.968969 0.817584
0.96997 0.800389
0.970971 0.782381
0.971972 0.763576
0.972973 0.74399
0.973974 0.72364
0.974975 0.702545
0.975976 0.680723
0.976977 0.658195
0.977978 0.63498
0.978979 0.6111
0.97998 0.586577
0.980981 0.561433
0.981982 0.535691
0.982983 0.509376
0.983984 0.482512
0.984985 0.455124
0.985986 0.427237
0.986987 0.398878
0.987988 0.370073
0.988989 0.340851
0.98999 0.311237
0.990991 0.281262
0.991992 0.250952
0.992993 0.220338
0.993994 0.189448
0.994995 0.158312
0.995996 0.12696
0.996997 0.095422
0.997998 0.063729
0.998999 0.0319113
1 5.10151e-13
