0.280812 0.921165 
1 1.38053e-05 
0.451741 0.795957 
0.833192 0.305859 
0.789323 0.37706 
0.75368 0.432009 
0.709513 0.496674 
0.719559 0.482256 
0.46532 0.783521 
0.763052 0.417783 
0.315541 0.900457 
0.918803 0.155855 
0.366952 0.865392 
0.377216 0.857768 
0.440338 0.806133 
0.797695 0.363751 
0.616538 0.619959 
0.59141 0.650274 
0.387984 0.849523 
0.494426 0.755603 
0.989784 0.0203461 
0.336344 0.886889 
0.39751 0.842019 
0.600775 0.63911 
0.646453 0.582183 
0.503352 0.746694 
0.327793 0.892573 
0.695056 0.516925 
0.655066 0.57092 
0.607813 0.630601 
0.840983 0.292795 
0.739923 0.452559 
0.781634 0.389109 
0.639365 0.591303 
0.702624 0.506362 
0.983761 0.0322536 
0.407656 0.833881 
0.906925 0.177531 
0.58373 0.659288 
0.746622 0.442612 
0.348677 0.878464 
0.936711 0.12265 
0.977873 0.0437904 
0.732552 0.463391 
0.512045 0.737855 
0.631268 0.601519 
0.6247 0.609828 
0.824422 0.320345 
0.912121 0.168084 
0.804067 0.353497 
0.926119 0.142338 
0.355515 0.873632 
0.575791 0.668504 
0.68762 0.527203 
0.519653 0.730029 
0.879838 0.225934 
0.769695 0.40763 
0.726236 0.472609 
0.415908 0.827066 
0.864334 0.253012 
0.857425 0.264875 
0.527442 0.721888 
0.661844 0.562017 
0.668539 0.553094 
0.97213 0.0549856 
0.472147 0.777111 
0.304503 0.907329 
0.42444 0.819897 
0.846381 0.283671 
0.886493 0.214162 
0.951559 0.0945925 
0.432036 0.813394 
0.675205 0.544181 
0.967147 0.0646578 
0.775682 0.398379 
0.534787 0.714026 
0.942519 0.111726 
0.54179 0.706503 
0.996446 0.00712425 
0.930526 0.134157 
0.852513 0.273271 
0.681497 0.535586 
0.56884 0.676472 
0.548963 0.698717 
0.874793 0.234768 
0.562285 0.683885 
0.958096 0.0820796 
0.555505 0.691498 
0.869225 0.244567 
0.891067 0.206036 
0.89975 0.190496 
0.810419 0.343265 
0.289413 0.916263 
0.485088 0.764718 
0.814686 0.336308 
0.961549 0.075459 
0.48083 0.768847 
0.947376 0.102548 
0.82054 0.326752 
0.297369 0.911609 
