0.280775 4.45726 
1 1.77636e-15 
0.280775 0.921165 
0.280775 4.45726 
0.368056 0.864535 
0.978641 0.0424837 
0.438797 0.807457 
0.989108 0.022053 
0.887204 0.212868 
0.723676 0.476292 
0.427776 0.817008 
0.401672 0.838874 
0.634302 0.597661 
0.534684 0.714112 
0.644368 0.58479 
0.356027 0.873245 
0.865107 0.25159 
0.306319 0.906169 
0.411927 0.830317 
0.823267 0.322321 
0.448539 0.798813 
0.832307 0.307265 
0.680978 0.536269 
0.483167 0.76655 
0.714859 0.488977 
0.612238 0.625164 
0.732892 0.462869 
0.747528 0.441202 
0.378148 0.857004 
0.896433 0.196409 
0.392485 0.845956 
0.543825 0.704254 
0.75507 0.429869 
0.672904 0.5472 
0.878891 0.227551 
0.316036 0.900121 
0.597167 0.643391 
0.289865 0.915978 
0.933127 0.129274 
0.762628 0.418398 
0.6891 0.525141 
0.856802 0.26589 
0.957646 0.0830374 
0.739481 0.453168 
0.492108 0.75783 
0.665554 0.557038 
0.297645 0.911407 
0.604376 0.63473 
0.419478 0.824038 
0.525686 0.723686 
0.796638 0.365368 
0.872646 0.238489 
0.803528 0.354342 
0.970316 0.0584859 
0.707721 0.499131 
0.901843 0.18668 
0.769799 0.407661 
0.62076 0.614657 
0.909831 0.172339 
0.789225 0.377123 
0.475106 0.774274 
0.563442 0.682533 
0.77647 0.397094 
0.658026 0.567002 
0.965343 0.0681137 
0.456322 0.791771 
0.651809 0.575145 
0.588871 0.653231 
0.810507 0.343078 
0.626578 0.607789 
0.839055 0.295986 
0.951443 0.0947564 
0.926022 0.142484 
0.384913 0.851842 
0.816495 0.333646 
0.505682 0.744285 
0.783139 0.386693 
0.512629 0.737212 
0.940178 0.116166 
0.498852 0.751473 
0.570876 0.674101 
0.519316 0.730311 
0.550687 0.696744 
0.556733 0.690329 
0.323192 0.895547 
0.845146 0.286138 
0.850828 0.276092 
0.336192 0.887281 
0.343092 0.882288 
0.576576 0.66756 
0.945304 0.106836 
0.583385 0.659662 
0.995803 0.00837557 
0.700741 0.509194 
0.349577 0.877796 
0.329632 0.891343 
0.920696 0.152318 
0.695951 0.515652 
0.915062 0.162661 
0.462984 0.785646 
