1 2.56171e-05 
0.280775 0.921207 
0.479429 0.770185 
0.557849 0.688885 
0.490545 0.759408 
0.616762 0.61964 
0.897923 0.193785 
0.467644 0.781438 
0.905421 0.180281 
0.993944 0.0121255 
0.415332 0.827642 
0.794815 0.368356 
0.971997 0.0552769 
0.523279 0.726241 
0.546731 0.701132 
0.329212 0.891642 
0.837636 0.298442 
0.712714 0.492107 
0.685473 0.530257 
0.606546 0.632272 
0.440686 0.805952 
0.45225 0.795493 
0.829666 0.311738 
0.677121 0.541545 
0.773691 0.401459 
0.787506 0.379885 
0.293771 0.913718 
0.964216 0.0703481 
0.386317 0.850827 
0.823999 0.321145 
0.780925 0.390359 
0.530222 0.719094 
0.539987 0.708473 
0.40374 0.837016 
0.753461 0.432375 
0.874175 0.235869 
0.359079 0.871126 
0.850569 0.276612 
0.720239 0.481392 
0.499656 0.75048 
0.844001 0.287716 
0.340812 0.883874 
0.586248 0.656359 
0.890699 0.206686 
0.56658 0.679106 
0.986491 0.0269278 
0.424253 0.820126 
0.656921 0.568524 
0.766747 0.412139 
0.746379 0.442963 
0.760346 0.421937 
0.368192 0.864471 
0.816202 0.333927 
0.935139 0.125566 
0.377469 0.857558 
0.692888 0.519983 
0.511783 0.738143 
0.802512 0.356005 
0.726856 0.471753 
0.704734 0.503468 
0.348852 0.878463 
0.39667 0.842684 
0.867598 0.247494 
0.733509 0.462029 
0.318948 0.898322 
0.739986 0.452621 
0.624584 0.61006 
0.433088 0.812468 
0.856958 0.2657 
0.664173 0.55892 
0.880391 0.22499 
0.594101 0.647133 
0.649589 0.578105 
0.670278 0.550775 
0.459206 0.789183 
0.97758 0.0444104 
0.637151 0.594074 
0.940525 0.115461 
0.928779 0.13744 
0.630741 0.602208 
0.310626 0.90356 
0.912292 0.167793 
0.643723 0.585685 
0.862258 0.256651 
0.302069 0.908777 
0.699267 0.511103 
0.885503 0.215938 
0.945319 0.106403 
0.950401 0.0968347 
0.5786 0.665402 
0.60009 0.639929 
0.955087 0.0880056 
0.959673 0.0791227 
0.573594 0.671052 
0.982299 0.0351793 
0.920891 0.152035 
0.507416 0.742565 
0.915797 0.161501 
0.807493 0.348007 
0.811281 0.341923 
