0.280775 5.11699 
0.999999 0.0479794 
0.280784 0.960307 
0.280776 4.22406 
0.280776 4.22406 
0.481778 0.83327 
0.347078 0.938119 
0.282738 0.951376 
0.576385 0.701855 
0.561877 0.729973 
0.439863 0.848808 
0.516435 0.772931 
0.606132 0.681556 
0.402709 0.871655 
0.374525 0.893017 
0.416662 0.865277 
0.538319 0.753098 
0.516435 0.772931 
0.538319 0.753098 
0.758971 0.487606 
0.743257 0.490836 
0.786453 0.434245 
0.632879 0.646054 
0.738739 0.502828 
0.725557 0.518167 
0.799652 0.404658 
0.699155 0.550353 
0.67164 0.58569 
0.68895 0.573969 
0.774829 0.443354 
0.374525 0.893017 
0.810415 0.398429 
0.794248 0.425496 
0.612586 0.665052 
0.359424 0.907049 
0.351719 0.918992 
0.638247 0.635062 
0.42791 0.85696 
0.879914 0.275146 
0.72163 0.530869 
0.93343 0.185386 
0.619374 0.65572 
0.402709 0.871655 
0.873598 0.282259 
0.860085 0.308114 
0.977834 0.0974831 
0.697462 0.566986 
0.831806 0.349062 
0.939621 0.175306 
0.926738 0.191293 
0.431103 0.853359 
0.995406 0.0612 
0.712035 0.531593 
0.948996 0.149091 
0.972765 0.108292 
0.922487 0.201436 
0.967995 0.119055 
0.906545 0.227133 
0.913362 0.216997 
0.712035 0.531593 
0.825938 0.359826 
0.962207 0.123178 
0.646666 0.627207 
0.892075 0.253023 
0.65491 0.612152 
0.770035 0.451271 
0.983218 0.0839144 
0.916139 0.206892 
0.989994 0.0695929 
0.663878 0.600664 
0.955056 0.138818 
0.854542 0.31254 
0.764302 0.468109 
0.822373 0.36878 
0.896224 0.245558 
0.814352 0.382145 
0.817407 0.373972 
0.867117 0.300683 
0.359424 0.907049 
0.844531 0.333853 
0.68895 0.573969 
0.837629 0.347004 
0.67164 0.58569 
0.439863 0.848808 
0.663878 0.600664 
0.957575 0.131701 
0.648914 0.625598 
0.867535 0.29076 
0.98654 0.0779316 
0.851705 0.32443 
0.840453 0.343053 
0.900511 0.238284 
0.886381 0.260529 
0.848323 0.330607 
0.765401 0.458464 
0.619374 0.65572 
0.654654 0.617918 
0.943191 0.159916 
0.902683 0.230759 
0.945042 0.159392 
