0.280805 0.921169 
1 1.10726e-05 
0.428235 0.816654 
0.646024 0.582669 
0.940188 0.11607 
0.292553 0.914426 
0.59519 0.645802 
0.397596 0.842008 
0.880196 0.225268 
0.947661 0.101951 
0.305543 0.906686 
0.992325 0.0153296 
0.604611 0.634478 
0.586132 0.656487 
0.692659 0.520249 
0.354525 0.874331 
0.415475 0.82744 
0.871691 0.240253 
0.898647 0.192459 
0.981438 0.0368063 
0.463442 0.785244 
0.668266 0.553446 
0.655068 0.570906 
0.677415 0.541135 
0.472938 0.776341 
0.799209 0.361299 
0.683765 0.532488 
0.920907 0.151954 
0.316006 0.900173 
0.954144 0.0896206 
0.527748 0.721515 
0.519591 0.730066 
0.79171 0.373206 
0.932837 0.129855 
0.635906 0.595642 
0.719303 0.482626 
0.454416 0.793538 
0.577748 0.666232 
0.438833 0.807437 
0.726247 0.472578 
0.343759 0.881851 
0.570418 0.674645 
0.536335 0.712382 
0.386493 0.850643 
0.891572 0.205118 
0.959943 0.0785295 
0.408126 0.833497 
0.927928 0.138978 
0.326022 0.893721 
0.489362 0.760555 
0.763357 0.417302 
0.481736 0.767951 
0.97379 0.0517626 
0.733199 0.46248 
0.712071 0.492978 
0.562112 0.684084 
0.904992 0.181027 
0.739599 0.453086 
0.365186 0.866666 
0.832602 0.306793 
0.699802 0.510301 
0.986451 0.0269478 
0.612535 0.624832 
0.80586 0.350616 
0.498117 0.751892 
0.838576 0.296809 
0.88641 0.214313 
0.335281 0.887606 
0.661795 0.562043 
0.510931 0.739019 
0.855421 0.268324 
0.866394 0.249423 
0.445849 0.801229 
0.785662 0.382747 
0.756746 0.427348 
0.705901 0.501739 
0.915114 0.162609 
0.860391 0.259739 
0.848977 0.279261 
0.965859 0.0671299 
0.779864 0.39186 
0.74622 0.443227 
0.816391 0.333519 
0.54372 0.704399 
0.910297 0.171389 
0.624059 0.610561 
0.844367 0.287064 
0.811308 0.341795 
0.769884 0.407322 
0.630933 0.601945 
0.826531 0.316862 
0.822426 0.323643 
0.55545 0.691505 
0.7513 0.435573 
0.504683 0.745332 
0.379323 0.856136 
0.618605 0.617337 
0.37225 0.861454 
0.774199 0.400663 
0.549708 0.697839 
