1 1.84632 
0.280811 2.2731 
0.386967 2.21951 
0.427714 2.20405 
0.569911 2.14191 
0.366091 2.22936 
0.463911 2.18997 
0.627309 2.11956 
0.538369 2.15796 
0.447399 2.19922 
0.332587 2.2365 
0.728713 2.05219 
0.280839 2.25712 
0.586068 2.13585 
0.55549 2.14943 
0.739049 2.04501 
0.490801 2.17916 
0.31901 2.24011 
0.59316 2.13338 
0.307809 2.24338 
0.720789 2.05701 
0.608573 2.12396 
0.507398 2.17469 
0.347089 2.23346 
0.472831 2.1869 
0.527165 2.16282 
0.711925 2.06229 
0.549857 2.15209 
0.607016 2.12712 
0.483409 2.18211 
0.698434 2.07091 
0.909196 1.92217 
0.64867 2.10195 
0.769354 2.02616 
0.689938 2.07583 
0.963601 1.87764 
0.787564 2.01388 
0.775842 2.02057 
0.797248 2.00877 
0.707666 2.06829 
0.66766 2.0899 
0.970926 1.87169 
0.810943 1.99614 
0.655436 2.09625 
0.296308 2.24685 
0.980541 1.8633 
0.640105 2.10501 
0.903221 1.92697 
0.35465 2.2301 
0.943574 1.89437 
0.745992 2.04053 
0.94957 1.88944 
0.993649 1.85186 
0.818762 1.99058 
0.751247 2.03702 
0.806924 1.99991 
0.630756 2.11137 
0.800159 2.00453 
0.683702 2.07947 
0.916328 1.91679 
0.975064 1.86798 
0.92601 1.90901 
0.28093 2.25047 
0.859832 1.96057 
0.864745 1.95675 
0.781977 2.01676 
0.661312 2.0931 
0.889314 1.93852 
0.985937 1.85871 
0.919513 1.91408 
0.958885 1.88174 
0.938813 1.89829 
0.758063 2.03281 
0.762157 2.03014 
0.879474 1.94597 
0.884013 1.94209 
0.934143 1.90222 
0.954124 1.88552 
0.898349 1.93119 
0.845062 1.9714 
0.854537 1.96447 
0.836349 1.97784 
0.675736 2.08507 
0.869812 1.95277 
0.289869 2.2485 
0.893867 1.93439 
0.511316 2.17177 
0.850283 1.96783 
0.874205 1.94958 
0.433134 2.20236 
0.633493 2.1085 
0.822361 1.98798 
0.929624 1.90607 
0.840459 1.97494 
0.442132 2.2004 
0.830623 1.98202 
0.989805 1.85527 
0.519716 2.16599 
0.82764 1.98421 
0.518714 2.16872 
