0.280775 0.921165 
1 1.77636e-15 
0.872721 0.238358 
0.465388 0.783414 
0.377875 0.85721 
0.477112 0.772364 
0.521908 0.727612 
0.532469 0.716477 
0.864344 0.25291 
0.504038 0.745946 
0.494885 0.755089 
0.950288 0.09733 
0.916721 0.159622 
0.389106 0.848597 
0.892061 0.204227 
0.957309 0.0835594 
0.548587 0.699052 
0.513757 0.736054 
0.88075 0.224279 
0.329865 0.891385 
0.992635 0.0146755 
0.899884 0.190208 
0.963188 0.0722697 
0.679274 0.538587 
0.600787 0.639055 
0.485089 0.764688 
0.670603 0.550292 
0.608618 0.629584 
0.557768 0.688895 
0.407405 0.834181 
0.340125 0.884315 
0.299782 0.910131 
0.592475 0.648973 
0.31926 0.898073 
0.858374 0.263193 
0.457047 0.791108 
0.970087 0.0596092 
0.5404 0.707967 
0.630923 0.601936 
0.839114 0.295888 
0.367343 0.865059 
0.398334 0.84133 
0.349544 0.877819 
0.760786 0.421204 
0.309774 0.90404 
0.785857 0.382429 
0.846611 0.28325 
0.754155 0.431328 
0.448027 0.799271 
0.62307 0.611784 
0.616497 0.619932 
0.692732 0.520123 
0.923575 0.14701 
0.779668 0.392118 
0.416902 0.826193 
0.717904 0.484613 
0.792638 0.371725 
0.910034 0.171838 
0.685829 0.529638 
0.651792 0.575167 
0.928432 0.138406 
0.359095 0.87105 
0.289172 0.91638 
0.644139 0.585085 
0.851543 0.274875 
0.82201 0.3243 
0.773277 0.402421 
0.440152 0.806266 
0.767442 0.411293 
0.711013 0.494461 
0.827985 0.31444 
0.944099 0.10911 
0.886191 0.214665 
0.934904 0.125954 
0.804306 0.353093 
0.816017 0.334117 
0.57159 0.673285 
0.81042 0.343492 
0.747575 0.441132 
0.431977 0.813531 
0.638045 0.592898 
0.798417 0.362531 
0.585136 0.657616 
0.564868 0.680924 
0.730032 0.467054 
0.724265 0.475441 
0.699432 0.510794 
0.66431 0.558693 
0.578884 0.664894 
0.982754 0.034195 
0.83392 0.304949 
0.736361 0.457773 
0.657942 0.567112 
0.987623 0.024601 
0.424465 0.819957 
0.905168 0.180671 
0.705083 0.502858 
0.74191 0.44957 
0.939258 0.117794 
0.97748 0.0445334 
