0.28078 0.92119 
1 2.16872e-05 
0.443694 0.803158 
0.884034 0.218527 
0.36625 0.865936 
0.857503 0.264757 
0.516217 0.733625 
0.816896 0.332765 
0.685662 0.529943 
0.676877 0.541875 
0.73479 0.460225 
0.379868 0.855749 
0.415169 0.827692 
0.454434 0.793528 
0.945949 0.105218 
0.432702 0.812789 
0.403739 0.837111 
0.780766 0.390515 
0.892147 0.204177 
0.586169 0.656474 
0.726694 0.471958 
0.693146 0.519653 
0.915484 0.161955 
0.876868 0.23127 
0.647115 0.581281 
0.742276 0.449146 
0.602361 0.637204 
0.624125 0.61052 
0.594267 0.646902 
0.773543 0.40168 
0.662273 0.561469 
0.864975 0.251914 
0.910124 0.171718 
0.989243 0.0214857 
0.654078 0.572253 
0.526139 0.72322 
0.902718 0.18516 
0.577616 0.666414 
0.766653 0.412382 
0.934978 0.12587 
0.700913 0.508764 
0.638438 0.592495 
0.669393 0.551969 
0.30835 0.90495 
0.563228 0.68281 
0.849599 0.278225 
0.349165 0.878105 
0.423959 0.820281 
0.96858 0.0619478 
0.50722 0.742776 
0.927274 0.140203 
0.55437 0.692726 
0.923152 0.14784 
0.788226 0.378884 
0.477643 0.771888 
0.982713 0.0344061 
0.632147 0.600448 
0.952928 0.0919933 
0.962836 0.0730167 
0.870736 0.241905 
0.994741 0.010537 
0.707461 0.499606 
0.539664 0.708916 
0.547803 0.699949 
0.610451 0.62751 
0.570212 0.674887 
0.939538 0.117305 
0.719855 0.481892 
0.825295 0.318953 
0.749303 0.438638 
0.616309 0.620219 
0.499969 0.750052 
0.463233 0.785489 
0.394916 0.844087 
0.356782 0.872745 
0.810415 0.343324 
0.713981 0.490293 
0.799759 0.360464 
0.759827 0.422766 
0.29099 0.915344 
0.793619 0.37024 
0.486288 0.763557 
0.298682 0.910824 
0.89752 0.19461 
0.834319 0.304016 
0.337734 0.885954 
0.469904 0.779242 
0.957303 0.0836144 
0.533011 0.716044 
0.839699 0.294964 
0.492248 0.757725 
0.387282 0.850112 
0.80527 0.351585 
0.974418 0.050565 
0.318845 0.898376 
0.844854 0.286336 
0.754696 0.430494 
0.324055 0.895022 
0.977993 0.0435621 
0.332812 0.889267 
