0.280878 0.941865 
1 0.00467927 
0.477312 0.782636 
0.3904 0.850382 
0.442312 0.807303 
0.432483 0.836118 
0.607867 0.63459 
0.4964 0.758438 
0.533966 0.718684 
0.630762 0.616366 
0.571516 0.688099 
0.518619 0.734381 
0.350586 0.881006 
0.373988 0.871956 
0.556047 0.694796 
0.686556 0.532079 
0.339941 0.89592 
0.587004 0.677212 
0.696115 0.519312 
0.6531 0.578886 
0.437128 0.821328 
0.661684 0.56886 
0.598542 0.649996 
0.713012 0.503217 
0.281591 0.925378 
0.368258 0.876456 
0.331042 0.902068 
0.678956 0.544533 
0.910481 0.177263 
0.702932 0.509198 
0.76632 0.416792 
0.822845 0.327718 
0.760528 0.42973 
0.735582 0.463053 
0.312072 0.909823 
0.815944 0.338805 
0.99478 0.0164192 
0.64464 0.589781 
0.887968 0.216053 
0.858402 0.268356 
0.728279 0.473991 
0.894671 0.204791 
0.718303 0.489418 
0.743319 0.456473 
0.833125 0.310197 
0.903726 0.188352 
0.774896 0.410586 
0.298603 0.917946 
0.798342 0.371705 
0.316164 0.904435 
0.839971 0.298706 
0.748378 0.44531 
0.753865 0.437849 
0.506876 0.748985 
0.864802 0.256848 
0.828701 0.317569 
0.547326 0.707135 
0.882974 0.225172 
0.632145 0.604264 
0.639352 0.596713 
0.67057 0.560925 
0.989819 0.0276019 
0.512517 0.748109 
0.810415 0.347776 
0.916205 0.166353 
0.590882 0.667378 
0.292985 0.917987 
0.868977 0.250819 
0.928837 0.14439 
0.953905 0.0982587 
0.786091 0.396973 
0.853026 0.2768 
0.874524 0.240623 
0.726505 0.486286 
0.900456 0.197513 
0.778367 0.399311 
0.97805 0.0506578 
0.593133 0.655573 
0.673612 0.554265 
0.923444 0.1526 
0.848677 0.284382 
0.941214 0.120289 
0.973789 0.0573267 
0.932436 0.135539 
0.936863 0.128049 
0.878063 0.233999 
0.792955 0.389562 
0.966513 0.0736146 
0.958843 0.0884262 
0.982279 0.0402304 
0.945539 0.112493 
0.802932 0.35983 
0.969556 0.0664401 
0.844064 0.292057 
0.949706 0.105284 
0.793377 0.38027 
0.961082 0.0815132 
0.548085 0.706195 
0.919712 0.159568 
0.98551 0.0342989 
