0.482718 0.888571 0.0294437 
1.06635 0.864527 7.1947e-05 
0.00306108 0.00102654 1.0021 
2.3011 0.283727 0.0496508 
0.00213858 0.0468164 0.956786 
1.78142 0.279232 0.0509298 
1.2475 0.864326 0.000338441 
1.63511 0.280658 0.0502381 
0.786281 0.296697 0.00703959 
0.951063 0.599741 0.0036466 
1.46902 0.271906 0.0550264 
0.0251883 0.420019 0.705766 
0.954007 0.611697 0.000612699 
0.518352 0.186508 0.345809 
0.478465 0.827739 0.031908 
0.442985 0.162795 0.467782 
0.186801 0.740755 0.278836 
0.648838 0.233125 0.161111 
0.333888 0.780656 0.14949 
0.328983 0.794572 0.18093 
1.06372 0.865818 0.000242729 
0.674787 0.244326 0.119096 
0.216104 0.492119 0.417669 
0.700892 0.261836 0.091735 
1.37078 0.277648 0.0513369 
0.266391 0.664908 0.271895 
0.129681 0.512821 0.427916 
0.285107 0.593916 0.310003 
1.45671 0.277648 0.0513369 
0.180235 0.696001 0.317553 
0.316227 0.731294 0.205944 
0.485968 0.197011 0.387599 
0.599042 0.0161055 0.512403 
0.165227 0.63992 0.356967 
0.422392 0.11782 0.500347 
0.0240734 0.451136 0.562138 
0.61969 0.250651 0.221934 
0.775597 0.288194 0.0328449 
0.108123 0.454464 0.481174 
0.123637 0.400502 0.578673 
0.404008 0.812336 0.031908 
0.332519 0.788345 0.131895 
0.247433 0.622814 0.276522 
0.0826678 0.564099 0.528667 
0.172642 0.55146 0.336481 
0.132545 0.470615 0.45698 
0.190147 0.576138 0.317238 
0.040703 0.226162 0.76905 
0.139126 0.35128 0.572553 
0.30292 0.645941 0.247309 
0.0381171 0.159392 0.831569 
0.131253 0.212715 0.793367 
0.112007 0.370803 0.598475 
0.0708879 0.318882 0.669301 
0.749233 0.217059 0.232156 
0.562588 0.0854491 0.370719 
0.579263 0.268799 0.267287 
0.128661 0.0449657 0.855953 
0.253538 0.706036 0.251032 
0.378319 0.0890785 0.654114 
0.18888 0.709309 0.288067 
0.664849 0.240386 0.149192 
0.315354 0.73439 0.19325 
0.137 0.484667 0.439187 
0.531472 0.0231025 0.490263 
0.719687 0.281274 0.0698688 
0.0493145 0.109827 0.939728 
0.284495 0.224539 0.714554 
0.685961 0.145521 0.294904 
0.229464 0.148943 0.783604 
0.0296677 0.127107 0.881615 
0.321322 0.678463 0.242148 
0.0453789 0.254525 0.730162 
0.124753 0.220401 0.812998 
0.0876812 0.334691 0.633707 
0.317942 0.681228 0.216215 
0.541239 0.0765947 0.444375 
0.707288 0.266025 0.0863205 
1.37078 0.277648 0.0513369 
0.362109 0.137556 0.541587 
0.459375 0.1517 0.403231 
0.0560014 0.141195 0.865868 
0.166086 0.390686 0.526391 
0.0908956 0.0407639 0.896962 
0.100214 0.302322 0.663907 
0.0899053 0.308452 0.688794 
0.148151 0.0680447 0.824716 
0.334221 0.119787 0.615847 
0.452588 0.875315 0.0316017 
0.0140829 0.00843775 0.995442 
0.169476 0.520199 0.416956 
0.233431 0.0563494 0.745507 
0.554184 0.204214 0.291126 
0.174366 0.542513 0.338987 
0.296304 0.1062 0.646327 
0.0615524 0.0157518 0.976491 
0.352331 0.13214 0.554142 
0.109494 0.384234 0.605732 
0.0749976 0.338813 0.627609 
0.0781708 0.0377203 0.911463 
0.172185 0.532806 0.362616 
0.0373559 0.362088 0.693525 
0.18842 0.528634 0.395894 
0.00931604 0.0313584 0.988266 
0.265203 0.0731526 0.738004 
0.0544961 0.097024 0.930993 
0.0640273 0.101297 0.921605 
0.019838 0.472763 0.563993 
0.125921 0.324338 0.586499 
0.110421 0.0595199 0.885349 
0.740886 0.278799 0.0618724 
0.046 0.0366043 0.968087 
0.0224781 0.282046 0.750531 
0.528273 0.0304902 0.592211 
0.0641409 0.311418 0.693865 
0.39883 0.10527 0.581986 
0.0499215 0.193951 0.822226 
0.200049 0.0822597 0.822703 
0.463155 0.0399221 0.623862 
0.3547 0.0927125 0.607081 
