1.2432 0.067959 0.282998 
0.772398 1.03201 4.35075e-05 
0.000281956 0.0233207 1.76295 
0.000240213 0.323127 1.01195 
0.161974 1.42405 0.0758384 
0.775172 0.000201998 1.2627 
0.000279339 0.0322421 1.50642 
0.757722 0.000201999 1.26608 
0.169796 1.4194 0.0767155 
0.418086 1.24462 0.0131105 
0.861557 0.122789 0.185243 
0.418086 1.1858 0.013563 
1.04479 0.800648 0.11307 
0.667148 0.992946 0.00616385 
0.433613 1.10215 0.013563 
0.794415 0.0848685 0.248836 
0.40804 0.940689 0.0878223 
0.961569 0.746626 0.147201 
0.498469 0.528168 0.407582 
1.22924 0.723245 0.184402 
1.19331 0.814769 0.0886251 
0.232196 1.07174 0.122559 
0.393154 0.231672 0.512147 
0.907603 0.0605546 0.326783 
0.533496 0.181138 0.32788 
1.14801 0.814769 0.0967099 
0.149292 0.479956 0.455045 
0.405534 0.996637 0.0585193 
0.152291 0.580369 0.312154 
0.113522 0.46114 0.469984 
0.0752428 0.191672 0.789679 
0.0497557 0.438992 0.578898 
0.158201 0.787722 0.239436 
0.350237 0.687438 0.252121 
0.132583 0.333138 0.601108 
0.588799 0.0970484 0.392393 
0.414286 0.894355 0.0186524 
0.690842 0.302884 0.28405 
0.934966 0.72342 0.175648 
0.375333 0.775947 0.163429 
0.154308 0.410849 0.566178 
0.565581 0.0635477 0.421997 
0.51388 0.164628 0.433048 
0.472991 0.114065 0.47825 
0.0897806 0.37774 0.595531 
0.137196 0.506203 0.41798 
0.411963 0.883687 0.0285155 
0.188619 0.659814 0.267692 
1.12005 0.814285 0.0967099 
0.417353 1.24462 0.013459 
0.465451 0.849602 0.0922727 
0.87114 0.0518544 0.375164 
0.64003 0.0513795 0.436055 
0.174603 0.395903 0.531742 
0.0535132 0.149031 0.830276 
0.0802834 0.636626 0.355135 
0.258396 0.0325546 0.738995 
0.141865 0.563325 0.33491 
1.06126 0.837284 0.101348 
0.733766 0.0583748 0.370223 
0.955271 0.736695 0.160741 
0.960429 0.750371 0.147201 
0.0154433 0.248897 0.774956 
0.129631 0.0106114 0.906558 
0.0277722 0.166311 0.849753 
1.06817 0.800648 0.11307 
0.138585 0.549694 0.381712 
0.707734 0.298793 0.281981 
0.309922 0.108874 0.609343 
0.0651812 0.167272 0.807796 
0.276628 0.0893146 0.668303 
0.162191 0.620281 0.301635 
0.100234 0.67577 0.298981 
0.0608586 0.310767 0.676779 
0.0964814 0.265446 0.659149 
0.401957 0.0217364 0.751492 
0.447425 0.103658 0.5025 
0.754509 0.0647458 0.346684 
0.772398 1.03201 4.35075e-05 
0.08665 0.016937 0.945092 
0.210727 0.0537039 0.875804 
0.216912 0.0453565 0.892255 
0.104286 0.281981 0.639771 
1.0972 0.814769 0.0949231 
0.23566 0.0456283 0.818866 
0.362112 0.0369969 0.647227 
0.0344408 0.136804 0.884546 
0.424888 0.0289713 0.624237 
0.433613 0.867132 0.0183569 
0.163428 0.378875 0.54666 
0.717338 0.0584591 0.360311 
0.607252 0.0629201 0.423493 
0.614684 0.0524268 0.39667 
0.109514 0.831588 0.263326 
0.087882 0.041422 0.924313 
0.264615 0.0779431 0.709468 
0.301164 0.0263535 0.704751 
0.422058 0.139705 0.496426 
0.020601 0.0499983 0.958791 
0.168459 1.07574 0.0767155 
0.0401908 0.00853845 0.991524 
0.631023 0.0711659 0.357929 
0.0771685 0.255302 0.725436 
0.387241 0.796625 0.147854 
1.10649 0.819529 0.0895333 
0.330903 0.119146 0.586217 
0.438306 0.107509 0.523556 
0.20118 0.0688005 0.785156 
0.324673 0.117095 0.587214 
0.000425009 0.000972615 1.00359 
0.292601 0.0374307 0.691834 
0.0635524 0.282157 0.71981 
0.292511 0.102997 0.653623 
1.10493 0.731891 0.17475 
0.0100772 0.0539132 0.968915 
0.34878 0.0556845 0.668476 
0.040353 0.0398258 0.976672 
0.38124 0.119841 0.55409 
0.178656 0.0805109 0.821268 
0.190406 0.073421 0.777034 
