0.927075 1.07623 0.00122515 
4.15769e-05 0.00747444 1.00588 
4.60718e-05 9.6661e-05 1.66233 
1.09725 1.02312 0.0018559 
0.918759 1.07803 0.00286284 
6.92347e-05 8.74249e-05 1.00013 
4.60719e-05 9.66612e-05 1.20028 
4.60719e-05 9.6661e-05 1.65862 
0.504717 0.92727 0.00985081 
0.714495 0.212317 0.378278 
1.02808 0.871583 0.0589573 
0.825053 0.351459 0.175109 
0.794345 0.357594 0.14927 
0.877588 0.353385 0.171986 
0.371331 0.693172 0.179456 
0.348097 0.70891 0.199554 
0.917351 1.07603 0.00335151 
0.255324 0.673823 0.208429 
0.202585 0.56618 0.351892 
0.68193 0.316591 0.258714 
0.772638 1.03018 0.00372973 
0.76982 1.03018 0.0039142 
0.316862 0.0923583 0.630365 
0.973234 0.797617 0.101025 
0.886887 0.401872 0.138816 
0.939895 0.734595 0.123217 
0.581412 0.285852 0.365513 
1.05204 0.89309 0.029021 
0.604804 0.303948 0.321626 
0.626022 0.295412 0.29511 
0.264719 0.0517373 0.694118 
0.221881 0.596303 0.290835 
0.290303 0.0855789 0.650948 
0.935181 0.771445 0.133228 
0.599063 0.2638 0.337037 
0.492592 0.635189 0.233465 
0.13933 0.532449 0.370735 
1.0045 0.815172 0.0776495 
0.102851 0.450227 0.466251 
0.102051 0.43243 0.49495 
0.551019 0.277623 0.386562 
0.452118 0.199116 0.47607 
0.0433957 0.41895 0.56534 
0.0351625 0.0421625 0.969644 
0.212087 0.613038 0.275624 
0.0292587 0.234938 0.779642 
0.0856741 0.348763 0.610815 
0.388237 0.118961 0.532824 
0.209094 0.644554 0.283814 
0.428186 0.624838 0.246405 
0.538905 0.279536 0.398463 
0.162349 0.524749 0.358791 
0.140811 0.367309 0.547419 
0.358613 0.107456 0.58268 
0.511032 0.252838 0.433883 
0.190208 0.509422 0.392363 
0.413552 0.125993 0.510534 
0.0580755 0.273195 0.73836 
0.175512 0.254687 0.774044 
0.48204 0.219121 0.448297 
0.209117 0.577946 0.307761 
0.10597 0.465335 0.439545 
0.123739 0.498 0.413083 
0.46223 0.189324 0.499755 
1.04688 0.806588 0.032813 
0.277477 0.0958581 0.643235 
0.073757 0.0222848 0.924181 
1.07404 0.907167 0.003523 
0.467771 0.849488 0.0865414 
0.0526543 0.0143543 0.949256 
1.04237 0.514124 0.104996 
0.129307 0.0321511 0.893614 
0.462432 0.83527 0.0923325 
0.233417 0.784439 0.217998 
0.475015 0.855324 0.0707605 
0.645309 0.292246 0.306686 
0.955439 0.780755 0.113195 
0.660889 0.313802 0.265469 
0.2301 0.160392 0.792455 
0.404565 0.146715 0.529242 
1.06751 0.822934 0.0228976 
0.542096 0.250795 0.407787 
0.0223637 0.121688 0.875185 
0.195683 0.259487 0.762427 
0.237864 0.070879 0.7094 
0.652062 0.325056 0.267859 
0.0206433 0.071459 0.934697 
0.288888 0.0585235 0.669964 
0.241394 0.746065 0.199667 
0.33377 0.112654 0.587442 
1.00735 0.81805 0.0707484 
0.151012 0.059905 0.812405 
0.00537924 0.0264438 0.980943 
0.0249569 0.152938 0.850465 
0.439245 0.801863 0.138012 
0.424773 0.133005 0.503045 
0.32758 0.0974475 0.601563 
0.0823126 0.0339793 0.911015 
0.961596 0.742982 0.114011 
0.153951 0.483102 0.416753 
0.0449053 0.220573 0.806809 
0.505245 0.927269 0.00994289 
0.0543798 0.3118 0.724198 
0.134931 0.408273 0.489729 
0.0252557 0.140702 0.844557 
0.134798 0.387439 0.528776 
0.0650227 0.288986 0.660179 
0.114339 0.478691 0.42896 
0.118531 0.337435 0.576618 
0.0144141 0.171984 0.825638 
1.07517 0.821909 0.0222562 
0.156733 0.378792 0.521996 
0.251643 0.640346 0.254069 
0.0589934 0.472332 0.541921 
1.09353 1.02312 0.00158253 
0.0498961 0.20427 0.791672 
0.0799016 0.376465 0.592223 
0.0129741 0.00434263 0.991653 
0.0144141 0.171829 0.826359 
0.241664 0.055911 0.765806 
