0.000208669 0.000790483 1.00112 
1.67114 0.781909 0.0102001 
1.04922 1.05346 0.00123139 
1.06247 0.86598 0.000138429 
0.000238882 0.000765082 1.00104 
1.4976 0.781909 0.00738908 
0.132131 0.903845 0.249012 
1.28014 0.781909 0.0102001 
1.05983 1.04909 0.00610635 
0.905468 0.175668 0.193408 
1.17732 0.781909 0.00832456 
1.09836 0.783079 0.0100949 
0.756764 0.309293 0.105314 
0.699712 0.237435 0.137923 
0.620902 0.21407 0.264727 
0.628324 0.253513 0.213678 
0.44216 0.0653655 0.534888 
1.22443 0.781909 0.00749291 
0.330375 0.0354169 0.650904 
0.889286 0.289798 0.0372249 
0.0640465 0.628298 0.39025 
0.0535894 0.554253 0.423404 
0.350263 0.118205 0.567445 
0.266448 0.81374 0.0863433 
0.85306 0.430422 0.0122312 
0.11802 0.649657 0.335665 
0.748551 0.109275 0.314139 
0.256521 0.744301 0.100124 
0.0116101 0.19232 0.833118 
0.108966 0.444919 0.50172 
0.843457 0.381453 0.0185137 
0.249969 0.727247 0.154228 
0.874407 0.300428 0.0290237 
0.070288 0.200488 0.757905 
0.0424127 0.270344 0.775994 
0.132932 0.890263 0.246474 
0.695339 0.234392 0.198158 
0.184662 0.477253 0.415468 
0.0579674 0.399042 0.584747 
0.57017 0.18778 0.294219 
0.696663 0.147111 0.236333 
0.829133 0.372624 0.0450684 
0.78809 0.181038 0.161819 
0.207341 0.533491 0.316665 
0.231687 0.579966 0.289245 
0.247142 0.773853 0.0962087 
0.0530339 0.568119 0.436678 
0.269302 0.831468 0.0690619 
0.161102 0.792646 0.243045 
0.299186 0.0998526 0.624925 
0.125773 0.0464963 0.854888 
0.0320706 0.0854769 0.926201 
0.519712 0.173038 0.348626 
0.0552137 0.36091 0.633209 
0.589494 0.0966803 0.451699 
0.265978 0.842936 0.0769996 
0.0846952 0.493547 0.455655 
0.169329 0.452644 0.444622 
0.207377 0.11667 0.781689 
0.198287 0.522667 0.358621 
0.0912364 0.416117 0.523311 
0.0799507 0.228558 0.736492 
0.0696454 0.47017 0.479616 
0.489741 0.166968 0.369645 
0.0634968 0.678233 0.30519 
0.198755 0.0959568 0.796624 
0.379167 0.125096 0.516084 
0.0409296 0.514962 0.600017 
0.535672 0.138141 0.400264 
0.815893 0.189734 0.144375 
0.549367 0.15518 0.392498 
0.656772 0.249271 0.185378 
0.504662 0.0919829 0.470562 
0.123826 0.0775634 0.876499 
0.66026 0.260614 0.168667 
0.0889076 0.394664 0.547884 
0.391632 0.128466 0.494312 
0.295945 0.0332183 0.697583 
0.26495 0.0944949 0.679513 
0.157137 0.0424165 0.891107 
0.822629 0.406778 0.0565273 
0.42796 0.0563589 0.554763 
0.0665681 0.607652 0.37813 
0.779777 0.29732 0.092688 
0.0826248 0.242182 0.717128 
0.129577 0.0254194 0.936927 
0.0829181 0.707035 0.277718 
0.374605 0.0401533 0.612694 
0.0440111 0.102151 0.908562 
1.06382 0.837689 0.00189735 
0.190515 0.507859 0.403235 
0.280328 0.0566382 0.711375 
0.0947175 0.693613 0.277826 
0.827976 0.343375 0.0609444 
0.243227 0.107939 0.751013 
0.127922 0.00584152 0.971813 
0.0795399 0.0142683 0.960271 
0.101759 0.661385 0.340189 
0.235147 0.67408 0.170206 
0.0193138 0.0122504 0.992024 
0.649471 0.133534 0.283605 
0.0857248 0.666678 0.326437 
0.472531 0.159209 0.391934 
0.0558324 0.324851 0.667469 
0.0242215 0.162656 0.868367 
0.0346288 0.0189285 0.982002 
0.0973072 0.0319386 0.949063 
0.482597 0.0787889 0.488365 
0.0358372 0.229754 0.816058 
0.41212 0.132217 0.465749 
0.0263632 0.222306 0.823876 
0.0995733 0.737301 0.273336 
0.147154 0.0513492 0.819652 
0.0679154 0.598737 0.37813 
0.169517 0.0385159 0.901536 
0.412644 0.0646091 0.564315 
0.0555809 0.589229 0.408842 
0.0510572 0.348304 0.658335 
0.0558324 0.328218 0.664297 
0.0957967 0.353628 0.608265 
