2.26899e-05 0.00017908 1.00014 
0.862495 1.06568 0.000449627 
1.0331 0.052515 0.00306103 
2.26934e-05 0.000157435 1.00013 
2.26898e-05 0.00017908 1.00013 
0.275984 0.888688 0.0501125 
0.689585 0.241689 0.270494 
0.0537976 0.803852 0.292231 
0.635636 0.97214 0.00455188 
0.731153 0.0847015 0.232016 
0.754796 1.025 0.00389747 
0.18073 0.434215 0.457129 
0.276325 0.911901 0.0407412 
0.536165 0.0788945 0.40162 
0.42637 0.135809 0.510271 
0.0601858 0.204486 0.772944 
0.939484 0.0647907 0.0831255 
0.267866 0.682762 0.144822 
0.221704 0.61259 0.241934 
0.624573 0.204249 0.308698 
0.39095 0.0360489 0.6621 
0.787045 0.11031 0.152391 
0.571329 0.178459 0.325024 
0.699046 0.0710317 0.256396 
0.0569916 0.290029 0.698047 
0.977123 0.0715543 0.0727469 
0.886192 0.15256 0.055823 
0.235553 0.579924 0.298855 
0.576039 0.0868388 0.364137 
0.157955 0.450439 0.42859 
0.520949 0.157314 0.370334 
0.675463 0.0637396 0.284009 
0.503701 0.147652 0.378897 
0.265976 0.704802 0.187548 
0.812626 0.128233 0.121418 
0.862296 1.06252 0.000500229 
0.0819287 0.0301403 0.953384 
0.00618101 0.361422 0.648432 
0.0762685 0.479402 0.500047 
0.839286 0.118367 0.0940433 
0.32131 0.75025 0.0778026 
0.244067 0.730242 0.127381 
0.118896 0.0272619 0.878102 
0.237794 0.634265 0.206956 
0.46785 0.138888 0.4411 
0.2808 0.942133 0.0214291 
0.205513 0.540998 0.315709 
0.225786 0.583019 0.24998 
0.114611 0.196303 0.797723 
0.763109 0.0873739 0.172301 
0.437929 0.14069 0.477595 
0.91861 0.062327 0.110405 
0.458551 0.168672 0.468632 
0.480826 0.13945 0.411044 
0.340868 0.0946498 0.59443 
0.249337 0.743441 0.119182 
0.627213 0.95933 0.019143 
0.329459 0.0889317 0.614927 
0.196514 0.504111 0.3494 
0.131166 0.00571816 0.976676 
0.099196 0.0484031 0.915335 
0.0947739 0.306972 0.623101 
0.146455 0.339685 0.578509 
0.0447427 0.294833 0.677929 
0.110977 0.659632 0.473925 
0.118802 0.402917 0.490792 
0.894926 0.0927913 0.158305 
0.0100159 0.519133 0.493762 
1.00271 0.0541239 0.0225788 
0.2466 0.663367 0.192069 
0.989093 0.0693817 0.0712403 
0.0157838 0.1664 0.859065 
0.0323512 0.319058 0.739329 
0.0171786 0.419567 0.626418 
0.758484 1.03042 0.00184036 
0.829459 0.119087 0.102212 
0.0739094 0.0501058 0.934314 
0.0717057 0.190432 0.807851 
0.170292 0.0428873 0.812444 
0.354089 0.107847 0.569025 
0.282081 0.0991013 0.636616 
0.00783356 0.76193 0.363413 
0.102316 0.027755 0.898521 
0.206479 0.540354 0.313613 
0.373309 0.0212442 0.671737 
0.24332 0.891056 0.181525 
0.160331 0.376787 0.549854 
0.0074994 0.493153 0.543068 
0.490464 0.143337 0.394256 
0.653728 0.121539 0.327873 
0.023429 0.268554 0.767789 
0.0389634 0.251578 0.735317 
0.103152 0.345679 0.559601 
0.022418 0.779807 0.3353 
0.229814 0.629412 0.220223 
0.494483 0.113841 0.532058 
0.0413481 0.27058 0.728166 
0.00962989 0.713526 0.350549 
0.0131001 0.459443 0.554234 
0.908361 0.129909 0.0118725 
0.114003 0.384519 0.522653 
1.01213 0.0538785 0.010059 
0.0188064 0.326582 0.710976 
0.29369 0.0515807 0.715708 
0.00608513 0.0148719 0.995512 
0.0958483 0.171958 0.833617 
0.336452 0.783786 0.0503447 
0.232235 0.621053 0.20986 
0.300603 0.0277395 0.729998 
0.159965 0.0102829 0.846756 
0.0495188 0.391412 0.585857 
0.0468274 0.00816356 0.965547 
0.651146 0.087206 0.343786 
0.152811 0.335271 0.588336 
0.0339305 0.0253111 0.97948 
0.380612 0.104414 0.55673 
0.0601838 0.175916 0.82119 
0.0537976 0.800807 0.292231 
0.201431 0.066354 0.752631 
0.360743 0.0489373 0.663847 
