0.969951 0.481402 0.291745 
0.886087 1.0685 6.40008e-05 
0.00163662 0.000234388 1.0195 
0.861692 1.10567 0.00166777 
0.000848431 0.01825 1.00908 
0.692786 0.870232 0.00615287 
0.86006 1.05934 0.00315007 
0.764864 0.358246 0.320784 
0.296524 0.669642 0.185761 
0.266105 0.714524 0.141996 
0.806353 0.0496528 0.342359 
0.79218 0.420686 0.309037 
0.213833 0.607612 0.25528 
0.120544 0.251296 0.70464 
0.662238 0.0372351 0.378721 
0.387824 0.0802398 0.576256 
0.464861 0.00607044 0.543047 
0.329654 0.826014 0.03268 
0.860053 1.05935 0.00315007 
0.230102 0.766562 0.22994 
0.566238 0.865401 0.00875892 
0.276449 0.743347 0.101406 
0.281063 0.740568 0.0909451 
0.634229 0.0399757 0.388651 
0.091955 0.212041 0.759229 
0.309797 0.788064 0.0520249 
0.346585 0.829546 0.0129556 
0.202451 0.599113 0.269561 
0.337237 0.797498 0.0192836 
0.174982 0.643084 0.329576 
0.0587303 0.0222162 0.940329 
0.167281 0.442212 0.452555 
0.408662 0.171531 0.538993 
0.73454 0.0380736 0.352429 
0.615343 0.338137 0.37641 
0.0318078 0.612871 0.413266 
0.370713 0.131931 0.566951 
0.295078 0.733256 0.119839 
0.274451 0.674685 0.222044 
0.439424 0.0908199 0.523525 
0.402823 0.182238 0.53624 
0.247937 0.793262 0.21111 
0.0762273 0.388843 0.690801 
0.428902 0.00880842 0.580631 
0.141631 0.0659252 0.855948 
0.240954 0.0304966 0.789634 
0.721969 0.0277905 0.354061 
0.0847396 0.222582 0.728039 
0.26851 0.656997 0.233512 
0.0633802 0.197654 0.768499 
0.107485 0.349886 0.559361 
0.159514 0.813713 0.335943 
0.536467 0.327563 0.427474 
0.627722 0.380876 0.347198 
0.495297 0.112313 0.486308 
0.580952 0.324524 0.405876 
0.299757 0.767835 0.0628814 
0.599359 0.0540299 0.4194 
0.0248412 0.0713222 0.971251 
0.697237 0.0328342 0.360676 
0.198702 0.560219 0.292779 
0.0275543 0.103805 0.886565 
0.0235747 0.118179 0.920709 
0.196311 0.584543 0.281486 
0.521486 0.0551251 0.466479 
0.552716 0.0522172 0.44069 
0.126129 0.319327 0.599013 
0.0106045 0.026984 0.99441 
0.0126736 0.271677 0.73566 
0.130845 0.397603 0.506586 
0.506194 0.0454991 0.476118 
0.0587576 0.152519 0.804904 
0.153574 0.0407041 0.871668 
0.323731 0.0697499 0.639762 
0.682916 0.0359593 0.365862 
0.0947142 0.294721 0.671611 
0.567573 0.342947 0.398895 
0.10354 0.236719 0.718054 
0.192789 0.571073 0.308899 
0.268001 0.702923 0.211791 
0.25725 0.0886541 0.712701 
0.0379962 0.091136 0.904439 
0.0121825 0.494399 0.527027 
0.26778 0.730421 0.138804 
0.0764052 0.0131355 0.960371 
0.513855 0.310299 0.462553 
0.48658 0.0463761 0.496872 
0.347199 0.127814 0.58843 
0.115012 0.308427 0.614862 
0.0996844 0.282475 0.665151 
0.0499187 0.230554 0.816843 
0.189897 0.0521551 0.843781 
0.172548 0.456934 0.423987 
0.0520416 0.157506 0.807245 
0.0767662 0.769899 0.368249 
0.0353137 0.404178 0.62248 
0.321761 0.0482286 0.740191 
0.0658634 0.191928 0.765514 
0.184265 0.510252 0.342825 
0.358018 0.068633 0.662367 
0.474344 0.0527005 0.514643 
0.176328 0.519827 0.333166 
0.313207 0.0690827 0.656064 
0.862224 1.07293 0.000714189 
0.0467987 0.546092 0.511476 
0.168748 0.474186 0.405648 
0.238578 0.367383 0.538759 
0.193433 0.534874 0.322851 
0.1488 0.408288 0.491128 
0.302657 0.133797 0.676712 
0.862296 1.06208 0.00053447 
0.0351983 0.0974355 0.897258 
0.0228223 0.591439 0.442457 
0.307025 0.121629 0.610701 
0.290208 0.0640196 0.679442 
0.287829 0.662699 0.21591 
0.886087 1.0685 6.40008e-05 
0.0161273 0.00306252 1.00122 
0.150125 0.0542332 0.828099 
0.1818 0.544189 0.312363 
