0.17442 0.871194 0.00690911 
1.06238 0.863124 0.000324726 
0.000217846 0.000582223 1.00192 
0.00147615 0.000495336 1.00141 
1.06396 0.862662 0.000746349 
0.826921 0.112072 0.522837 
1.02026 0.817431 0.0409681 
0.635755 0.233701 0.205956 
0.573071 0.192416 0.253539 
0.69548 0.249748 0.16287 
0.780757 0.320191 0.0785747 
0.149143 0.736923 0.175783 
0.742536 0.279495 0.104627 
0.802289 0.334781 0.0574248 
0.135545 0.6657 0.237471 
0.547094 0.183975 0.303752 
0.189923 0.697559 0.219942 
0.268693 0.108948 0.690128 
0.349238 0.0671307 0.604668 
0.674873 0.261002 0.149474 
0.160856 0.465598 0.429772 
0.796257 0.306006 0.0672546 
0.690828 0.264271 0.138358 
0.270481 0.727822 0.1903 
0.74278 0.283337 0.102781 
0.511173 0.167863 0.331592 
0.53335 0.148687 0.372015 
0.163579 0.77072 0.14083 
0.504155 0.139089 0.390425 
0.12568 0.453551 0.43989 
0.326144 0.102619 0.585933 
0.282798 0.0452091 0.709869 
0.298248 0.0769892 0.653944 
0.180808 0.773399 0.119661 
0.648559 0.237237 0.203812 
0.127203 0.376956 0.543337 
0.0925123 0.636427 0.352666 
0.201061 0.531888 0.319558 
0.0237251 0.213039 0.815552 
0.0706686 0.31555 0.642161 
0.212903 0.0596665 0.741223 
0.43912 0.141412 0.450504 
0.144353 0.64013 0.276241 
0.561864 0.185637 0.266885 
0.0466892 0.0223497 0.949116 
0.05921 0.613613 0.362801 
1.0493 0.825614 0.0203775 
0.0360712 0.199551 0.84453 
0.0158696 0.0611617 0.929377 
0.245852 0.0673083 0.715092 
0.0237251 0.211005 0.815552 
0.664611 0.242474 0.182636 
0.30816 0.0481814 0.669785 
0.19553 0.713611 0.215379 
0.110047 0.514985 0.426947 
0.469236 0.122566 0.425047 
0.227364 0.0642465 0.730994 
0.196516 0.559032 0.282809 
0.0752994 0.0288325 0.917021 
0.406047 0.129089 0.483024 
0.394751 0.0849856 0.553821 
0.175359 0.782672 0.090228 
0.0899045 0.365757 0.562603 
0.135798 0.42502 0.472512 
0.417028 0.131504 0.459447 
0.137331 0.0415777 0.832603 
0.335982 0.0540477 0.622912 
0.42742 0.115228 0.520217 
0.380247 0.0699191 0.571429 
0.0563628 0.587193 0.378257 
0.0805249 0.338774 0.590525 
0.451896 0.14482 0.418956 
0.103209 0.392207 0.546137 
0.375955 0.134834 0.524008 
0.0824689 0.492907 0.511637 
0.187445 0.500308 0.365685 
0.0683128 0.287074 0.680097 
0.0981579 0.0171648 0.897424 
0.0887679 0.658957 0.324567 
0.206781 0.0495544 0.758203 
0.051412 0.176208 0.78936 
0.0385579 0.0136336 0.959408 
0.166109 0.788736 0.109641 
1.05863 0.84607 0.00593155 
0.0124484 0.244326 0.769656 
0.118194 0.0381442 0.854641 
0.0885495 0.441906 0.49582 
0.0642199 0.350948 0.612807 
0.075866 0.409109 0.551161 
0.130285 0.566573 0.342935 
0.0553256 0.297779 0.664767 
0.399685 0.0977565 0.528256 
0.146551 0.48439 0.418311 
0.198369 0.57327 0.261769 
0.131077 0.399812 0.501808 
0.0637593 0.60468 0.356483 
0.293262 0.100216 0.626572 
1.03299 0.838708 0.0304568 
0.483967 0.126351 0.406962 
1.03771 0.813595 0.0322703 
0.236136 0.0518966 0.723963 
1.02251 0.797473 0.0471656 
0.14467 0.701549 0.232012 
0.478724 0.16115 0.414014 
0.00339884 0.0226659 0.984597 
0.126265 0.544649 0.380814 
0.033714 0.00836119 0.97126 
0.10804 0.03371 0.869348 
0.116978 0.434703 0.468937 
0.0111791 0.156708 0.890184 
0.194222 0.803048 0.081085 
0.200213 0.552862 0.313627 
0.487117 0.172399 0.376867 
1.02576 0.832028 0.0373335 
0.00791208 0.00762525 0.995777 
0.113568 0.030354 0.876494 
0.211699 0.608621 0.252767 
1.05344 0.822928 0.00760809 
0.0874066 0.355414 0.570779 
0.0302739 0.0906826 0.894282 
