0.108312 0.931864 0.27646 
0.00768319 0.000105837 1.02427 
1.06653 0.864575 0.000129781 
0.00895498 9.82274e-05 1.00709 
1.31883 0.251593 0.0820604 
0.000425219 0.000999688 1.0004 
0.0828123 0.776401 0.287324 
1.16892 0.228646 0.107917 
1.06438 0.862275 0.00263222 
0.789084 0.275854 0.0395194 
0.108356 0.923415 0.279582 
0.069573 0.733052 0.367271 
0.939973 0.618938 0.0371338 
0.907447 0.218515 0.253853 
0.642423 0.247589 0.222974 
0.603316 0.0896955 0.391129 
0.0739079 0.704108 0.326207 
0.627151 0.23955 0.234834 
0.567225 0.234725 0.293771 
0.741047 0.260134 0.0609215 
1.12298 0.240651 0.0942095 
0.222354 0.066304 0.718116 
0.533023 0.187477 0.313305 
0.987221 0.641474 0.00299991 
0.719222 0.52242 0.108938 
0.0862115 0.407256 0.574572 
0.328212 0.104657 0.58665 
0.756729 0.0733743 0.415552 
0.662978 0.230409 0.189346 
0.686741 0.569715 0.146856 
0.154459 0.45441 0.440572 
0.517819 0.301642 0.342587 
0.973572 0.674224 0.00772028 
0.145729 0.334241 0.60776 
0.248029 0.0568699 0.73643 
0.172699 0.440348 0.506597 
0.696184 0.486614 0.143003 
0.0692198 0.687566 0.476364 
0.152017 0.469396 0.463674 
0.652021 0.247757 0.178508 
0.0879018 0.658795 0.377536 
0.736224 0.538322 0.100197 
0.894568 0.22098 0.270218 
0.946444 0.602544 0.0270122 
0.166109 0.0330446 0.822795 
1.11267 0.0310107 0.853746 
0.107908 0.556063 0.437271 
0.032546 0.26391 0.780344 
0.495654 0.17915 0.347909 
1.00051 0.613476 0.0132905 
0.832654 0.224024 0.130985 
0.66913 0.0945601 0.360695 
0.575804 0.0661026 0.427934 
0.234681 0.350103 0.598579 
0.130883 0.0450832 0.845458 
1.021 0.217546 0.138869 
0.0905356 0.291704 0.652932 
0.0966414 0.153739 0.87072 
0.463425 0.170524 0.407186 
0.703359 0.501103 0.125781 
1.08952 0.231555 0.114883 
0.0767757 0.197373 0.749474 
0.197826 0.0614833 0.757211 
0.257474 0.141776 0.701671 
0.402154 0.136281 0.496098 
0.186741 0.316962 0.629002 
0.125399 0.389658 0.527682 
0.365893 0.121591 0.534361 
0.355328 0.134532 0.536334 
0.98179 0.220081 0.154343 
0.0678146 0.0869815 0.926801 
0.0636147 0.507439 0.668111 
0.804354 0.126652 0.320384 
0.483133 0.061841 0.55456 
0.0161361 0.015818 0.992238 
0.0735021 0.119615 0.883869 
0.0843621 0.727794 0.313539 
0.391056 0.093491 0.550446 
0.0276951 0.0120762 0.976281 
0.06561 0.0177035 0.940719 
0.120429 0.535218 0.48499 
0.865754 0.232268 0.120492 
0.313966 0.137391 0.620605 
0.103878 0.371398 0.633097 
0.0599993 0.18972 0.791395 
0.110791 0.0647248 0.900168 
0.427478 0.150561 0.454452 
0.268174 0.113544 0.68174 
0.0430262 0.0256486 0.9625 
0.476967 0.159035 0.381986 
0.960254 0.609954 0.0224582 
1.1189 0.581349 0.021011 
0.135789 0.415144 0.510874 
0.148823 0.10284 0.835913 
0.421835 0.145762 0.461032 
0.0572891 0.183711 0.805751 
0.100043 0.0297064 0.910221 
0.303804 0.356967 0.593434 
0.139577 0.428989 0.508006 
0.233449 0.324809 0.623728 
0.127871 0.382247 0.520194 
0.816389 0.25623 0.12405 
0.0394077 0.00521413 0.979361 
1.05823 0.224193 0.116989 
1.03165 0.219688 0.129585 
0.19422 0.113085 0.813036 
0.455296 0.167362 0.419035 
0.285568 0.206301 0.639492 
0.0631062 0.589414 0.687566 
0.273967 0.172144 0.656867 
0.871992 0.251234 0.107751 
0.0500398 0.0323396 0.953937 
0.135543 0.308026 0.6451 
0.477007 0.0806339 0.546598 
0.257474 0.208379 0.690231 
0.436115 0.129405 0.523353 
0.507566 0.0548587 0.508396 
0.0442707 0.222899 0.767709 
0.450879 0.134 0.48874 
0.292212 0.0689498 0.664292 
