0.000285953 0.00468089 1.0001 
0.0540891 0.000687746 0.972755 
1.02683 0.0424858 0.0234142 
0.000905286 0.00255293 1.02147 
0.130959 0.874738 0.000531429 
0.0221032 1.02578 0.0277037 
0.0390668 0.989778 0.052541 
0.755453 0.0921015 0.199012 
0.784895 0.08398 0.15222 
0.484165 0.231185 0.477214 
0.0167063 0.904224 0.128286 
0.0912048 0.92956 0.033696 
0.0255442 0.258798 0.776185 
0.997221 0.0309372 0.043585 
0.632451 0.0717697 0.334691 
0.441136 0.10684 0.499724 
0.0150941 0.960342 0.103585 
0.141059 0.58794 0.347969 
0.269023 0.074082 0.723759 
0.297648 0.051298 0.670503 
0.560276 0.0261275 0.446193 
0.799707 0.0774263 0.143318 
0.107533 0.767141 0.180006 
0.0703063 0.222183 0.752107 
0.828643 0.247913 0.130789 
0.917902 0.101013 0.0395847 
0.606828 0.0515373 0.351705 
0.527351 0.0300933 0.481489 
0.088215 0.793759 0.228613 
0.840192 0.402879 0.12837 
0.863299 0.0902114 0.0924395 
0.143467 0.473994 0.432389 
0.317142 0.118381 0.607662 
0.127255 0.380445 0.54311 
0.385168 0.0396283 0.645898 
0.0450511 0.329494 0.64033 
0.151643 0.725354 0.167934 
0.522722 0.0207735 0.503617 
0.740951 0.240128 0.24183 
0.0170277 0.147009 0.923008 
0.124408 0.622097 0.291653 
0.266869 0.489129 0.377668 
0.674448 0.0775275 0.280108 
0.356506 0.0437768 0.682763 
0.159605 0.0367506 0.8864 
0.199433 0.0663841 0.786297 
0.0816025 0.313938 0.653142 
0.346178 0.217489 0.580045 
0.0406251 0.55192 0.458128 
0.966871 0.115438 0.0155898 
0.0160206 0.171953 0.843942 
0.0987301 0.277191 0.710581 
0.250307 0.0639562 0.738617 
0.0211379 0.192134 0.799574 
0.0193075 0.181687 0.819454 
0.891603 0.0889072 0.0711623 
0.18495 0.714798 0.182023 
0.10111 0.459382 0.524189 
0.584361 0.0557899 0.376568 
0.937857 0.013075 0.135109 
0.188735 0.797403 0.0894986 
0.0754763 0.73652 0.301369 
0.0829971 0.375342 0.563587 
0.154716 0.44443 0.443923 
0.214391 0.844476 0.0653822 
0.115336 0.824489 0.114156 
0.137885 0.645681 0.255157 
0.0272061 0.136189 0.903163 
0.0499304 0.354243 0.62407 
0.0764825 0.817563 0.218987 
0.474646 0.212342 0.477237 
0.134506 0.347097 0.627932 
0.0424334 0.301605 0.665556 
0.69812 0.0813109 0.261453 
0.228665 0.850257 0.0616913 
0.176438 0.518426 0.357035 
0.573146 0.197913 0.445446 
0.128266 0.404417 0.51162 
0.42906 0.155728 0.527797 
0.23934 0.864082 0.0374879 
0.0588125 0.752292 0.295977 
0.690227 0.489857 0.266273 
0.0313398 0.162529 0.85921 
0.415219 0.0945278 0.593833 
0.0238054 1.0248 0.0277037 
0.00915454 0.0218275 0.984677 
0.117762 0.506044 0.418327 
0.0946227 0.967284 0.00987584 
0.39653 0.0311464 0.612851 
0.0305928 0.0968519 0.939499 
0.459037 0.0183174 0.589183 
0.121931 0.565778 0.399261 
0.165394 0.664513 0.248688 
0.942551 0.0179741 0.0773795 
0.169753 0.501131 0.398086 
0.0502277 0.579618 0.409212 
0.222645 0.0241371 0.827449 
0.244359 0.832009 0.0804103 
0.973891 0.115781 0.00665362 
0.106992 0.685868 0.312975 
0.0636441 0.53837 0.4718 
0.0922479 0.70027 0.366786 
0.0580274 0.0578861 0.960103 
0.657585 0.0691577 0.290792 
0.719399 0.242812 0.243521 
0.40686 0.155728 0.535719 
0.250096 0.130382 0.701664 
0.65015 0.0591352 0.313497 
0.130748 0.634469 0.271525 
0.10393 0.673548 0.329627 
0.0427318 0.286552 0.676314 
0.119662 0.0459643 0.864833 
0.724396 0.137733 0.249012 
0.0984042 0.70459 0.213406 
0.157958 0.429017 0.469291 
0.170883 0.529368 0.321978 
0.333014 0.130495 0.584333 
0.323551 0.0187293 0.68834 
0.146035 0.425112 0.48059 
0.883903 0.0970084 0.0628914 
