1.08168 0.0992149 0.182331 
0.0058463 0.000224349 1.0055 
3.9908e-05 0.00194063 1.00051 
0.862314 1.0626 9.05266e-05 
0.851582 1.06513 0.00113696 
0.718683 0.995472 0.0105995 
1.03286 0.100214 0.118223 
0.922976 0.898553 0.00727171 
0.163364 0.907682 0.0295927 
1.05283 1.05928 0.00602645 
0.04056 0.431556 0.569655 
0.696302 0.185579 0.145808 
0.151898 0.653273 0.233027 
0.204612 0.0763114 0.76231 
0.0178546 0.322216 0.71932 
0.667625 0.172868 0.174936 
0.830368 0.00972711 0.255493 
0.344196 0.589007 0.336092 
0.139451 0.402605 0.490508 
0.18551 0.556877 0.373534 
0.294195 0.716847 0.135714 
0.237854 0.52821 0.413296 
0.519179 0.0160148 0.496568 
0.532682 0.176689 0.319537 
0.0865372 0.29119 0.665632 
0.401722 0.145852 0.519938 
0.159612 0.447007 0.439258 
0.750119 0.198363 0.0954974 
0.0977514 0.478417 0.464642 
0.646875 0.194847 0.223934 
0.771884 0.238397 0.0520148 
0.881317 0.0267922 0.209319 
0.0323979 0.0876462 0.903848 
0.134019 0.688365 0.29456 
0.298974 0.739414 0.0841231 
0.8035 0.266498 0.0206815 
0.418676 0.0502842 0.59017 
0.610798 0.245568 0.25707 
0.306884 0.704424 0.193192 
0.333301 0.108417 0.605068 
0.0244391 0.38482 0.616437 
0.0619319 0.122798 0.878543 
0.085071 0.509484 0.429336 
0.59418 0.235366 0.276356 
0.107702 0.0668149 0.892142 
0.145513 0.626609 0.265189 
0.0992208 0.547182 0.388242 
0.891754 0.0186883 0.219282 
0.119244 0.334014 0.587273 
0.382371 0.0587677 0.62504 
0.212711 0.775581 0.167009 
0.24438 0.807896 0.161319 
0.627273 0.0365859 0.418246 
0.433755 0.141282 0.541064 
0.141133 0.850122 0.0776709 
0.564023 0.027869 0.47645 
0.0501163 0.156789 0.834693 
0.129635 0.372473 0.52868 
0.36876 0.0790551 0.638042 
0.158182 0.67037 0.217196 
0.26362 0.0335678 0.809591 
0.09539 0.498743 0.442428 
0.166825 0.812107 0.116307 
0.274956 0.14408 0.677395 
0.0689509 0.201086 0.78789 
0.111269 0.040771 0.863074 
0.459946 0.170648 0.403773 
0.28872 0.118275 0.647505 
0.81088 0.218104 0.01711 
0.140525 0.608585 0.284011 
0.0879588 0.0569596 0.923863 
0.492144 0.180835 0.361906 
0.31982 0.796005 0.0461616 
0.302036 0.750951 0.0717966 
0.396641 0.130257 0.548069 
0.139157 0.831982 0.0927012 
0.0198183 0.113286 0.977272 
0.0738117 0.02813 0.934535 
0.122138 0.632506 0.341084 
0.578917 0.170745 0.349912 
0.357901 0.789047 0.051366 
0.126625 0.0457891 0.849075 
0.448927 0.165871 0.421674 
0.221893 0.0840165 0.731691 
0.0304676 0.281478 0.725434 
0.503031 0.168624 0.369864 
0.737642 0.0419748 0.378487 
1.07195 0.865479 0.00353822 
1.06281 0.869458 0.00899198 
0.174942 0.767953 0.188327 
0.308062 0.762667 0.0629139 
0.0781316 0.222132 0.739374 
0.021513 0.346866 0.656031 
0.790135 0.210024 0.0380237 
0.715451 0.894437 0.0123107 
0.253636 0.0830309 0.70241 
0.922976 0.898553 0.00727171 
0.328395 0.538633 0.354862 
0.0456006 0.00643053 0.991824 
0.788804 0.255092 0.029846 
0.46848 0.0224315 0.557602 
0.132948 0.577381 0.353599 
0.362856 0.821058 0.0271202 
0.726691 0.198382 0.124256 
0.00899612 0.234276 0.801287 
0.155566 0.886037 0.04054 
0.131216 0.600242 0.307396 
0.480463 0.0167865 0.55955 
0.0856106 0.485814 0.453987 
0.123249 0.36139 0.54536 
0.439046 0.152904 0.458396 
0.54719 0.19105 0.304289 
0.0413366 0.011139 0.959879 
0.161304 0.0527312 0.819851 
0.311508 0.0597551 0.75405 
0.251685 0.126682 0.696086 
0.556466 0.202332 0.300789 
0.018958 0.343442 0.683631 
0.0152514 0.25245 0.745532 
0.0262673 0.0592195 0.952908 
