0.0123461 0.000603737 2.05206 
0.827174 1.09741 0.0205368 
0.0123458 0.0006042 2.11029 
1.14488 0.162275 0.0347759 
0.99983 1.09547 0.000234333 
0.000625673 0.00714255 0.996965 
0.00155567 0.00357142 1.02139 
1.08268 0.151159 0.0536104 
0.0307343 0.938703 0.114989 
0.827214 1.05466 0.0241261 
0.94712 0.161567 0.0356696 
0.0173559 0.823982 0.208645 
0.285035 0.697747 0.323477 
0.0836015 0.877655 0.0612196 
0.908336 0.110705 0.210488 
0.300023 0.506287 0.43709 
0.127383 0.888 0.0536595 
0.19521 0.800276 0.153613 
0.0921715 0.921587 0.0248225 
0.168238 0.763288 0.202474 
0.4326 0.0351105 0.549635 
0.994964 1.08612 0.000241856 
0.0174364 0.664031 0.347599 
0.150905 0.564108 0.340257 
0.353844 0.0756324 0.653039 
0.173834 0.400409 0.52644 
0.712368 0.187699 0.232465 
0.465162 0.0328012 0.530306 
0.136762 0.528822 0.378291 
0.0735858 0.741837 0.299379 
0.111307 0.462491 0.450744 
0.0237052 0.126799 0.891498 
0.0586843 0.473835 0.632183 
0.629432 0.17155 0.321256 
0.0447622 0.615878 0.40446 
0.131012 0.325405 0.590239 
0.818034 0.427151 0.0780217 
0.651234 0.146268 0.274983 
0.0348652 0.204243 0.844165 
0.737136 0.356961 0.179207 
0.617365 0.0462736 0.372361 
0.104591 0.77757 0.177313 
0.134623 0.542067 0.357702 
0.846756 0.38106 0.0706822 
0.332635 0.15327 0.667086 
0.841087 0.446052 0.0516254 
0.598887 0.0504223 0.38717 
0.0980058 0.791196 0.262389 
0.55643 0.0409337 0.421695 
0.315977 0.0879148 0.680018 
0.0354956 0.497437 0.502701 
0.571369 0.0693227 0.411819 
0.671076 0.0553063 0.361355 
0.403262 0.0372583 0.597093 
0.244464 0.0972016 0.706458 
0.0462964 0.59092 0.40446 
0.79572 0.36897 0.0984501 
0.375617 0.0941081 0.611966 
0.0224784 0.285097 0.871597 
0.856254 1.06909 0.00556084 
0.267512 0.0321188 0.736442 
0.0395442 0.631013 0.389515 
0.733971 0.0660548 0.252199 
0.0330954 0.301408 0.775993 
0.0894522 0.271536 0.66678 
0.200692 0.421531 0.483635 
0.0169565 0.648711 0.358978 
0.225341 0.0873152 0.750219 
0.494131 0.221528 0.479721 
0.476133 0.0320033 0.514433 
0.214994 0.0357642 0.787917 
0.542023 0.145173 0.397883 
0.810671 0.165376 0.087505 
0.583619 0.142837 0.333336 
0.683733 0.0784191 0.289281 
0.0803719 0.311676 0.642888 
0.887626 0.16943 0.0073176 
0.792908 0.162515 0.130772 
0.771958 0.36451 0.113917 
0.182036 0.0797072 0.814791 
0.383126 0.0330002 0.626724 
0.145977 0.105444 0.865731 
0.0302315 0.0764118 0.926521 
0.745155 0.338295 0.160008 
0.0322532 0.713878 0.306255 
0.0519896 0.14157 0.83219 
0.419553 0.0332794 0.564998 
0.878451 0.192107 0.0175304 
0.0818071 0.242353 0.71672 
0.752952 0.377135 0.13049 
0.171561 0.748297 0.243707 
0.419523 0.0283724 0.603178 
0.527378 0.0382823 0.472906 
0.508005 0.0866301 0.511773 
0.259725 0.094938 0.690821 
0.00664017 0.0214556 0.984914 
0.0239093 0.340274 0.673606 
0.863508 0.237122 0.0114935 
0.520907 0.101295 0.508815 
0.0396145 0.115117 0.879402 
0.201675 0.080715 0.803496 
0.078533 0.221294 0.755839 
0.834704 0.0921117 0.217665 
0.770237 0.180186 0.167432 
0.872874 0.228822 0.0114935 
0.171485 0.452326 0.493561 
0.0320753 0.578493 0.456062 
0.695891 0.0539669 0.27818 
0.766464 0.36451 0.125976 
0.00937079 0.157515 0.945153 
0.0845367 0.256043 0.692932 
0.701261 0.0601419 0.272263 
0.0667174 0.224473 0.763982 
0.0628251 0.574402 0.429392 
0.063698 0.258773 0.701722 
0.288805 0.0834267 0.71078 
0.0536161 0.0385326 0.964362 
0.995368 1.07823 0.00111366 
0.0479859 0.0179174 0.991111 
0.0322532 0.713878 0.305283 
