1.3539 0.282244 0.00738316 
0.000192789 0.0116066 1.00294 
1.26043 0.760013 0.000167249 
1.00212 1.09033 0.00127942 
0.000261634 5.60596e-05 1.05397 
0.173616 0.861833 0.12632 
1.07763 0.988448 0.000343337 
1.14729 0.171364 0.0354475 
0.161787 0.829617 0.13953 
0.825642 0.0963959 0.283285 
1.07516 1.01142 0.000287844 
0.141731 0.802079 0.158948 
0.874447 0.0553398 0.190061 
0.140015 0.743957 0.204523 
1.02974 0.131916 0.0700975 
0.739616 1.03704 0.00634035 
0.0380624 0.0831428 0.901221 
0.909669 0.0786828 0.158171 
1.10852 0.186236 0.0423922 
0.761266 0.256268 0.0139945 
0.0489981 0.321858 0.682772 
0.076049 0.421451 0.549709 
0.0669301 0.630924 0.380451 
0.99017 0.0780742 0.175278 
0.19534 0.579815 0.29064 
0.0722701 0.657685 0.343117 
0.132549 0.405956 0.558813 
0.195008 0.603024 0.298757 
0.931876 0.089873 0.114223 
0.710675 0.242576 0.0844378 
0.667788 0.223269 0.128643 
0.417694 0.146294 0.513646 
0.225836 0.0598261 0.750598 
0.0474676 0.212178 0.873811 
0.849056 0.158497 0.240673 
0.151089 0.358331 0.573679 
0.0961495 0.387862 0.614124 
0.295104 0.683434 0.218681 
0.184268 0.533369 0.348033 
1.12336 0.172675 0.0258465 
0.647119 0.0658174 0.394934 
0.0812513 0.49771 0.455246 
0.526663 0.173434 0.358557 
0.101168 0.376492 0.636094 
0.000252439 5.60755e-05 1.00738 
0.181824 0.51014 0.388189 
0.126638 0.712854 0.232529 
0.119256 0.767993 0.291234 
0.23779 0.349377 0.641024 
0.0188238 0.0190016 0.985778 
0.278788 0.0257674 0.70571 
0.623383 0.224488 0.223566 
0.734434 0.25392 0.0580855 
0.255617 0.701005 0.24174 
0.114267 0.0378261 0.859054 
0.568687 0.199189 0.295538 
0.552527 0.193186 0.315554 
0.198329 0.616518 0.263699 
0.0934552 0.441799 0.518444 
0.508067 0.107553 0.438923 
0.162308 0.308781 0.666591 
0.970412 0.127942 0.093736 
0.259856 0.0237275 0.924173 
0.0842592 0.486413 0.478291 
1.08208 0.992172 0.000276342 
0.971009 0.291369 0.00527738 
0.243542 0.0725322 0.714523 
0.129823 0.274764 0.785462 
0.190622 0.545369 0.331191 
0.0596934 0.232932 0.803899 
0.472836 0.101538 0.471654 
0.12614 0.672264 0.320732 
0.718377 0.0674697 0.368611 
0.441264 0.0327641 0.589577 
0.188717 0.551629 0.344229 
0.367787 0.0625147 0.605287 
0.0598014 0.120908 0.882142 
0.0859954 0.473032 0.500148 
0.581386 0.0526342 0.42458 
0.409951 0.0846238 0.537952 
0.54423 0.0454253 0.437993 
0.237336 0.153713 0.729302 
0.12194 0.689621 0.270079 
0.585447 0.0464623 0.411075 
0.953462 0.135621 0.109434 
0.695554 0.229978 0.107205 
0.0897963 0.260676 0.792199 
0.338935 0.136683 0.583106 
0.489207 0.0695247 0.50294 
0.0916559 0.459149 0.522759 
0.211272 0.0543009 0.766321 
0.144066 0.25038 0.736373 
0.302068 0.0182853 0.933813 
1.02723 0.756895 0.000433357 
0.609381 0.0480515 0.406992 
0.313464 0.117478 0.62594 
0.319933 0.0930306 0.647414 
0.205626 0.098589 0.820304 
0.389411 0.0370283 0.655153 
0.100106 0.177025 0.832193 
0.0546257 0.0102354 0.96797 
0.4593 0.100779 0.490749 
0.446139 0.16537 0.447626 
0.265516 0.110879 0.665248 
0.0127875 0.0353197 0.973134 
0.0500323 0.0385717 0.953626 
0.0930364 0.165003 0.840833 
0.403079 0.0519545 0.5687 
0.358294 0.0490624 0.69654 
0.381815 0.0486039 0.674318 
0.126638 0.710844 0.256773 
0.688614 0.0564078 0.385262 
0.0667187 0.0157186 0.944732 
0.0171145 0.00177561 1.00294 
0.205593 0.191633 0.771962 
0.357342 0.0781014 0.594942 
0.480146 0.0655589 0.525459 
0.739542 1.0364 0.00645705 
0.338786 0.0928491 0.62781 
0.461305 0.157443 0.405237 
