0.853458 1.06748 0.000417804 
0.000130765 0.000263661 1.00012 
0.000297982 3.01463e-05 1.0005 
1.10472 0.969481 0.00959109 
0.000297981 3.01564e-05 1.0005 
0.654152 0.931438 0.120173 
1.02322 0.730035 0.0557298 
0.988877 0.789959 0.0969825 
0.587335 0.868026 0.182415 
0.804064 0.355638 0.157019 
0.523082 0.211476 0.366256 
0.62646 0.192358 0.30565 
0.888497 0.378799 0.123549 
1.05507 0.836865 0.0541094 
0.147645 0.514568 0.436293 
0.568533 0.248913 0.328847 
0.188931 0.66215 0.259212 
1.00466 0.730035 0.0549087 
0.281396 0.0955699 0.652166 
0.733728 0.283796 0.175017 
0.600402 0.232843 0.328236 
0.125465 0.464965 0.467017 
1.08904 0.768651 0.0334189 
0.168559 0.627726 0.286111 
0.483047 0.165573 0.407224 
0.163514 0.549137 0.422079 
0.698283 0.286573 0.196224 
0.313002 0.104722 0.601349 
0.120086 0.395229 0.503885 
0.935066 0.698518 0.11592 
0.372474 0.127622 0.517047 
0.915451 1.03832 0.0384472 
1.04647 0.938083 0.0465571 
0.825722 1.03259 0.0395994 
0.400326 0.142726 0.48637 
0.860091 0.309873 0.163967 
0.256751 0.0875423 0.682933 
0.969576 0.686968 0.112013 
0.492597 0.202262 0.389601 
0.15514 0.580707 0.337548 
0.78195 1.02362 0.0431805 
0.442128 0.148445 0.442927 
0.760577 1.04399 0.0207049 
0.214771 0.0719659 0.733948 
0.672328 0.2158 0.27033 
0.460173 0.0597817 0.528171 
0.0651707 0.650854 0.356057 
0.0620821 0.562555 0.494359 
0.741748 0.267878 0.202168 
0.163679 0.617143 0.306378 
0.231791 0.0811329 0.714808 
0.251223 0.0794671 0.70656 
0.767581 0.252477 0.20854 
0.147779 0.441679 0.461256 
0.204275 0.681991 0.236683 
0.0861817 0.368579 0.567293 
1.04015 0.979191 0.0437149 
0.689658 0.224463 0.247664 
1.06289 0.853723 0.0153187 
0.51087 0.178576 0.393835 
0.0349883 0.429011 0.578985 
0.0549897 0.602649 0.414941 
0.432245 0.138921 0.45325 
0.355818 0.0377303 0.670703 
0.201179 0.0168192 0.820898 
0.341629 0.121896 0.555194 
0.69677 0.235644 0.227053 
0.88499 0.407432 0.117921 
0.207126 0.497468 0.423721 
1.0984 0.773777 0.0328818 
0.945317 0.698518 0.11418 
0.0746348 0.332123 0.622829 
0.738177 1.00184 0.0529227 
0.332656 0.0536341 0.695837 
0.988442 0.789101 0.0980315 
0.847476 1.06346 0.00765122 
0.294521 0.0683162 0.744721 
0.467649 0.0496139 0.587172 
0.138914 0.0354354 0.857915 
0.0242224 0.244712 0.765173 
0.136598 0.351796 0.555472 
0.0464435 0.594046 0.47384 
0.0325123 0.185 0.795304 
0.0491142 0.157146 0.806856 
0.0278888 0.415334 0.593716 
0.105534 0.292438 0.659751 
0.0102415 0.0448223 0.980934 
0.419569 0.131441 0.471952 
0.181533 0.0120969 0.833606 
0.149743 0.019182 0.873301 
0.0129542 0.15839 0.843483 
0.51087 0.180894 0.381002 
0.0662844 0.0415482 0.942464 
1.07385 1.01148 0.000590543 
0.0194559 0.133018 0.891084 
0.972618 0.482638 0.117744 
0.113725 0.0106459 0.908184 
0.388939 0.0295543 0.608165 
0.0756909 0.0337084 0.928756 
0.33454 0.0824079 0.639062 
0.0959064 0.378041 0.564234 
0.103744 0.30207 0.619681 
0.768779 1.05256 0.0114709 
0.0647348 0.314289 0.628878 
0.0402636 0.0309385 0.963204 
0.0813761 0.227968 0.721232 
0.666224 0.313089 0.285052 
0.00643851 0.101633 0.915249 
0.112372 0.0272371 0.882229 
0.037807 0.486377 0.539911 
0.210384 0.576758 0.356439 
0.0722005 0.223633 0.752204 
0.352091 0.125673 0.543856 
0.587784 0.860725 0.181314 
0.175247 0.0565352 0.776171 
0.00978314 0.00449404 0.993627 
0.302189 0.101848 0.610789 
0.0337376 0.0639423 0.955893 
0.020083 0.217815 0.780093 
0.0740055 0.273143 0.687494 
