0.000546392 0.429005 1.00594 
0.000666971 0.000959142 1.02651 
0.921874 1.09352 0.00240717 
1.15982 0.753184 0.00326332 
0.111405 0.000878553 1.00792 
1.05084 1.0723 0.00130954 
0.182802 0.932844 0.288599 
1.15591 0.753038 0.00342069 
1.06149 0.864224 0.00595683 
0.00219387 0.764572 1.00217 
1.07591 1.0289 0.00310014 
0.189874 0.685338 0.234671 
1.08243 1.03006 0.00258435 
0.98264 0.188346 0.0692033 
0.160416 0.567557 0.324979 
0.564431 0.200875 0.312528 
0.722135 0.522829 0.144921 
0.644978 0.229425 0.219738 
0.838248 0.358338 0.0303089 
1.02798 1.0587 0.0158508 
0.663357 0.327306 0.195185 
1.02717 0.156004 0.204274 
0.481929 0.115068 0.443352 
0.223891 0.618772 0.287459 
0.175084 0.504553 0.409648 
0.808214 0.302961 0.0520458 
0.746242 0.315075 0.0895784 
0.865644 0.383983 0.0168039 
0.462491 0.11282 0.465641 
0.153177 0.471424 0.496885 
0.102203 0.605215 0.548531 
0.153303 0.480881 0.425932 
0.782548 0.273308 0.150084 
0.0478986 0.445946 0.599623 
0.930196 1.07928 0.00183693 
0.140795 0.531021 0.38449 
0.126156 0.654963 0.543944 
0.967707 0.184402 0.0787272 
0.533497 0.130295 0.376029 
0.115436 0.33034 0.657023 
0.703008 0.134013 0.279325 
0.765092 0.109714 0.253081 
0.435548 0.089951 0.508306 
0.398908 0.0338065 0.805874 
0.360054 0.0835552 0.574893 
1.06104 0.891811 0.00595683 
0.188426 0.638343 0.26201 
0.285629 0.0511552 0.745775 
0.184687 0.581064 0.3234 
0.811385 0.172297 0.113696 
0.524832 0.0955886 0.484041 
0.120488 0.433742 0.613774 
0.736646 0.396198 0.0832107 
0.251917 0.0435024 0.772962 
0.340968 0.163397 0.560186 
0.690813 0.263733 0.164542 
0.311434 0.0993323 0.643367 
0.624969 0.215097 0.269713 
0.0839112 0.274309 0.717014 
0.0565413 0.0206587 0.968564 
0.146667 0.367165 0.636335 
0.242884 0.0808007 0.70589 
0.0913743 0.0449759 0.908218 
0.0351934 0.115533 0.879929 
0.884739 0.200526 0.0554768 
0.908014 0.200425 0.0765782 
0.851148 0.156256 0.159212 
0.380217 0.186942 0.53124 
0.29781 0.108779 0.624101 
0.212507 0.0714447 0.733964 
0.49215 0.124967 0.414619 
0.0764857 0.242624 0.717825 
0.673945 0.263733 0.172869 
0.592237 0.126802 0.365273 
0.61921 0.196387 0.294866 
0.188566 0.67116 0.242211 
0.388842 0.0560533 0.588132 
0.875588 0.315465 0.0393201 
0.0212072 0.0731166 0.922247 
0.674067 0.0404547 0.698412 
0.611746 0.105068 0.356166 
1.06313 0.886584 0.00450303 
0.037553 0.257582 0.7863 
0.51112 0.187314 0.390387 
0.324585 0.106159 0.595352 
0.0703749 0.0281421 0.958708 
0.809207 0.259272 0.119771 
0.416098 0.102869 0.526653 
0.269415 0.0294177 0.899062 
0.34924 0.120776 0.565778 
0.156513 0.0625296 0.817267 
0.10409 0.307053 0.678987 
0.271471 0.0925455 0.683215 
0.264798 0.105915 0.663666 
0.602757 0.220618 0.239487 
0.142227 0.514471 0.400342 
0.579656 0.207706 0.291667 
0.4623 0.0729739 0.518296 
0.0433208 0.402469 0.723072 
0.82529 0.359733 0.0443473 
0.0154281 0.00832065 1.0115 
0.820553 0.167078 0.21562 
0.0287213 0.212066 0.827426 
0.0659749 0.208439 0.79452 
0.0389788 0.146327 0.860352 
0.0127751 0.123617 0.94597 
0.0183643 0.131479 0.933947 
0.13364 0.0579214 0.838276 
0.201691 0.0699144 0.760497 
0.136724 0.0379269 0.862886 
0.423046 0.086155 0.515029 
0.0318924 0.411913 0.710873 
0.51832 0.179741 0.34072 
0.0524459 0.0386771 0.981869 
0.289534 0.143448 0.639406 
0.010322 0.0151932 0.999617 
0.0411954 0.126436 0.844129 
0.0311595 0.0145733 0.987945 
0.142819 0.418616 0.511334 
0.518588 0.179846 0.340042 
