0.851563 -0.771565 
0 1.00299 
0.625 -0.230589 
0.824219 -0.474565 
0.652346 -0.456301 
0.454102 -0.122259 
0.258057 0.244784 
0.410156 0.233518 
0.0822754 0.672398 
0.185547 0.65349 
0.433594 -0.0335957 
0.427734 0.0209694 
0.826172 -0.512327 
0.833984 -0.642059 
0.439453 -0.0763188 
0.831055 -0.597899 
0.224609 0.371938 
0.628906 -0.286973 
0.626953 -0.259566 
0.415527 0.163242 
0.630859 -0.31244 
0.418945 0.120487 
0.421875 0.0853054 
0.632813 -0.336283 
0.0393066 0.768226 
0.836914 -0.679404 
0.0205078 0.848144 
0.193359 0.602714 
0.189453 0.629104 
0.0664063 0.687777 
0.424805 0.0524962 
0.417969 0.132485 
0.634766 -0.357895 
0.828125 -0.548099 
0.232422 0.322745 
0.0341797 0.788786 
0.0742188 0.677413 
0.000976563 0.971587 
0.0175781 0.86151 
0.214844 0.442452 
0.830078 -0.581869 
0.228516 0.346038 
0.0585938 0.704637 
0.0253906 0.826168 
0.00976563 0.901716 
0.84668 -0.759502 
0.0449219 0.74669 
0.835938 -0.667849 
0.242188 0.275602 
0.236328 0.301649 
0.201172 0.546732 
0.441406 -0.0875416 
0.00390625 0.940644 
0.84375 -0.743995 
0.414063 0.181977 
0.841797 -0.729333 
0.246094 0.262878 
0.839844 -0.712117 
0.0512695 0.725443 
0.646484 -0.444397 
0.211914 0.464394 
0.207275 0.500901 
0.828613 -0.556727 
0.412109 0.207264 
0.203613 0.528923 
0.00195313 0.958837 
0.216797 0.428027 
0.21875 0.413769 
0.199219 0.561362 
0.208984 0.48746 
0.00585938 0.925914 
0.642578 -0.424588 
0.22168 0.392834 
0.205078 0.517344 
0.63916 -0.399499 
0.636719 -0.377994 
0.0507813 0.727155 
0.0429688 0.754443 
0.0605469 0.700025 
0.625244 -0.234157 
0.1875 0.641869 
0.0078125 0.912765 
0.22998 0.337735 
0.03125 0.80038 
0.4104 0.230334 
0.412842 0.197868 
0.210938 0.472391 
0.0136719 0.881006 
0.0136728 0.880743 
0.197266 0.575161 
0.220703 0.39956 
0.637695 -0.386753 
0.445343 -0.105436 
0.422852 0.0741009 
0.423828 0.0631851 
0.23877 0.290165 
0.0292969 0.808978 
0.250977 0.251052 
0.641113 -0.414892 
0.648438 -0.450511 
