0 1.00101 
0.851563 -0.772901 
0.823486 -0.460859 
0.652344 -0.457718 
0.619141 -0.13646 
0.454102 -0.123495 
0.410156 0.231476 
0.257813 0.242835 
0.083252 0.670571 
0.182617 0.668285 
0.0195313 0.850013 
0.445313 -0.107228 
0.438477 -0.0715884 
0.427002 0.0268988 
0.837891 -0.69278 
0.0664063 0.685322 
0.0266113 0.818081 
0.423828 0.0612973 
0.834106 -0.645035 
0.841797 -0.730907 
0.421875 0.083472 
0.222656 0.383455 
0.419189 0.115487 
0.414307 0.178278 
0.435547 -0.0506391 
0.0556641 0.710125 
0.829102 -0.566794 
0.835938 -0.669283 
0.209229 0.483492 
0.429932 -0.0023029 
0.0351563 0.782103 
0.630859 -0.313867 
0.0302734 0.802287 
0.632813 -0.337683 
0.195801 0.584104 
0.217773 0.41875 
0.201172 0.544952 
0.238281 0.290417 
0.832031 -0.611889 
0.416992 0.142789 
0.624023 -0.216669 
0.831055 -0.599279 
0.0136719 0.878228 
0.234375 0.309929 
0.198486 0.564654 
0.625977 -0.246572 
0.206299 0.506094 
0.0734863 0.675621 
0.204102 0.522824 
0.214111 0.446346 
0.000976563 0.969789 
0.211914 0.462967 
0.00585938 0.923392 
0.185547 0.651432 
0.641602 -0.419695 
0.84375 -0.745504 
0.621094 -0.169587 
0.638672 -0.397204 
0.0410156 0.758951 
0.847656 -0.765503 
0.824707 -0.485325 
0.646484 -0.44602 
0.226563 0.356828 
0.00317383 0.944437 
0.62915 -0.29145 
0.634766 -0.359494 
0.432617 -0.0268181 
0.0537109 0.715833 
0.229492 0.338264 
0.827148 -0.531921 
0.248047 0.25517 
0.828125 -0.549598 
0.046875 0.737979 
0.231445 0.326893 
0.619629 -0.144891 
0.643799 -0.433335 
0.0478516 0.734343 
0.626953 -0.260891 
0.826172 -0.51374 
0.62207 -0.185538 
0.0390625 0.76648 
0.216919 0.425103 
0.623047 -0.201364 
0.628174 -0.278079 
0.224609 0.36994 
0.452148 -0.122173 
0.00830078 0.907817 
0.189453 0.627154 
0.253174 0.245728 
0.188477 0.633427 
0.417969 0.133825 
0.825439 -0.499498 
0.411133 0.218634 
0.192627 0.606144 
0.637207 -0.384024 
0.242188 0.273713 
0.413086 0.192822 
0.431641 -0.0180546 
0.0100098 0.897846 
0.00195313 0.956897 
