0 1.00077 
0.851563 -0.772967 
0.453125 -0.123438 
0.625 -0.23188 
0.652344 -0.457784 
0.824219 -0.47569 
0.255859 0.243309 
0.410156 0.231514 
0.183594 0.662767 
0.0820313 0.67052 
0.636719 -0.37942 
0.0605469 0.697591 
0.43042 -0.00678624 
0.628906 -0.288269 
0.240479 0.280644 
0.0703125 0.67955 
0.630859 -0.313922 
0.414063 0.180079 
0.210938 0.470389 
0.214844 0.440704 
0.626953 -0.260923 
0.427979 0.0173023 
0.236328 0.299775 
0.835938 -0.669463 
0.199707 0.555859 
0.0117188 0.888425 
0.834106 -0.645022 
0.21875 0.411397 
0.433594 -0.0350624 
0.441406 -0.0891714 
0.421875 0.083493 
0.0507813 0.72472 
0.425781 0.0397839 
0.207031 0.500309 
0.837891 -0.692802 
0.419922 0.106682 
0.192383 0.607725 
0.423828 0.0610635 
0.0236816 0.831093 
0.246094 0.26041 
0.633179 -0.34102 
0.418213 0.127883 
0.0273438 0.814614 
0.0549316 0.712249 
0.230469 0.332253 
0.00830078 0.908265 
0.84375 -0.745538 
0.0390625 0.766443 
0.839844 -0.713385 
0.195313 0.587428 
0.828125 -0.549611 
0.847656 -0.765521 
0.0449219 0.744985 
0.832031 -0.614421 
0.00195313 0.956616 
0.824707 -0.485386 
0.189453 0.627221 
0.638672 -0.397044 
0.00390625 0.938016 
0.015625 0.868586 
0.0195313 0.850157 
0.197266 0.573445 
0.841797 -0.730904 
0.826416 -0.518372 
0.445313 -0.106917 
0.00585938 0.923246 
0.222656 0.383537 
0.208984 0.485447 
0.203613 0.526487 
0.828613 -0.558228 
0.203125 0.53017 
0.216797 0.426014 
0.25 0.250581 
0.640625 -0.41285 
0.03125 0.798321 
0.646484 -0.446165 
0.826172 -0.513713 
0.416016 0.155129 
0.0351563 0.782046 
0.437988 -0.0682946 
0.830109 -0.583796 
0.83252 -0.621804 
0.435547 -0.0504068 
0.2229 0.381862 
0.226563 0.357168 
0.076416 0.673071 
0.625488 -0.239097 
0.226685 0.356232 
0.447754 -0.114894 
0.1875 0.639576 
0.642578 -0.426059 
0.632813 -0.337682 
0.416504 0.149322 
0.185547 0.651697 
0.412231 0.204553 
0.412109 0.206007 
0.410278 0.2304 
0.232544 0.320263 
0.830078 -0.583088 
0.644531 -0.437261 
