0 1.00069 
0.851563 -0.772993 
0.453247 -0.123704 
0.625 -0.232135 
0.824219 -0.475791 
0.652344 -0.457844 
0.257813 0.242624 
0.410156 0.231438 
0.0825195 0.670227 
0.183594 0.662489 
0.015625 0.86826 
0.634766 -0.359763 
0.638672 -0.397429 
0.224609 0.369728 
0.043457 0.749646 
0.0234375 0.83182 
0.839844 -0.71352 
0.626953 -0.261029 
0.0292969 0.806163 
0.205078 0.51519 
0.0351563 0.78169 
0.412109 0.205511 
0.414063 0.179946 
0.835938 -0.669619 
0.630859 -0.314029 
0.417969 0.130386 
0.201172 0.544662 
0.214844 0.440444 
0.84375 -0.745691 
0.419922 0.10648 
0.833984 -0.643443 
0.197266 0.573285 
0.632813 -0.337877 
0.421875 0.0832995 
0.193359 0.600831 
0.238281 0.29012 
0.25 0.250551 
0.443359 -0.0991165 
0.641113 -0.416494 
0.837891 -0.692973 
0.423828 0.0610361 
0.826172 -0.513862 
0.00195313 0.956399 
0.220703 0.397118 
0.425781 0.0396107 
0.228516 0.344161 
0.0390625 0.766198 
0.00037384 0.981323 
0.427734 0.0191359 
0.186035 0.648278 
0.439453 -0.0779697 
0.429688 -0.00018255 
0.189453 0.626937 
0.447266 -0.113894 
0.0585938 0.702207 
0.845703 -0.757173 
0.431641 -0.0183372 
0.0117188 0.888189 
0.0507813 0.724547 
0.234375 0.3097 
0.824707 -0.485504 
0.210938 0.470205 
0.00390625 0.937742 
0.0742188 0.674454 
0.21875 0.411465 
0.433594 -0.0352721 
0.827148 -0.532074 
0.244141 0.266553 
0.0512695 0.723036 
0.435547 -0.0508897 
0.212891 0.455262 
0.0253906 0.823118 
0.828674 -0.559324 
0.199219 0.559121 
0.650391 -0.454928 
0.830078 -0.583456 
0.242188 0.273476 
0.00585938 0.923344 
0.4375 -0.0651795 
0.830566 -0.591448 
0.832031 -0.614564 
0.20752 0.496459 
0.191406 0.614133 
0.208984 0.489003 
0.0605469 0.697305 
0.625015 -0.232294 
0.83252 -0.622112 
0.0078125 0.910362 
0.0664063 0.6852 
0.230469 0.331992 
0.628906 -0.288376 
0.828125 -0.549667 
0.232422 0.320634 
0.00976563 0.898964 
0.410217 0.231274 
0.644592 -0.437625 
0.628908 -0.288377 
0.416016 0.154961 
0.416023 0.154894 
0.644531 -0.437282 
