0 1.00141 
0.851563 -0.77253 
0.453125 -0.123078 
0.625 -0.231666 
0.652344 -0.457364 
0.824219 -0.47537 
0.257813 0.243269 
0.410156 0.231961 
0.0820313 0.670906 
0.183594 0.663219 
0.03125 0.798546 
0.423828 0.061712 
0.0234375 0.832503 
0.203125 0.530404 
0.197266 0.573984 
0.427734 0.0196924 
0.0371094 0.774565 
0.439453 -0.0774485 
0.830078 -0.583004 
0.414063 0.180397 
0.233643 0.31434 
0.238281 0.290632 
0.416016 0.155467 
0.417969 0.130854 
0.626953 -0.260549 
0.0703125 0.679613 
0.419922 0.107081 
0.435547 -0.0503696 
0.015625 0.869068 
0.632813 -0.337375 
0.421875 0.0838399 
0.0195313 0.85032 
0.222656 0.383806 
0.25 0.251168 
0.640625 -0.412403 
0.837891 -0.692578 
0.226563 0.35724 
0.0507813 0.72521 
0.835938 -0.669134 
0.634766 -0.359238 
0.00195313 0.957326 
0.000488281 0.979445 
0.0644531 0.689685 
0.839844 -0.713064 
0.630859 -0.313466 
0.636719 -0.379177 
0.429688 0.000403186 
0.644531 -0.436921 
0.0117188 0.889013 
0.431641 -0.0177716 
0.628906 -0.287818 
0.046875 0.73838 
0.825195 -0.494609 
0.00390625 0.938327 
0.443359 -0.098633 
0.638672 -0.396963 
0.826172 -0.513434 
0.230469 0.332624 
0.433594 -0.0346295 
0.841797 -0.730657 
0.827148 -0.531674 
0.832031 -0.614285 
0.847656 -0.765215 
0.244141 0.267166 
0.0566406 0.707884 
0.208984 0.485803 
0.210938 0.470761 
0.207031 0.500813 
0.212891 0.45587 
0.828857 -0.562177 
0.205078 0.515725 
0.214844 0.441083 
0.216797 0.426396 
0.21875 0.41197 
0.646484 -0.445694 
0.220703 0.397753 
0.833984 -0.643012 
0.195313 0.587885 
0.242188 0.274057 
0.00585938 0.923851 
0.193359 0.601713 
0.0429688 0.752152 
0.0585938 0.70295 
0.828125 -0.54932 
0.191406 0.614672 
0.189453 0.627601 
0.625488 -0.239053 
0.832275 -0.61786 
0.228516 0.344776 
0.447266 -0.113378 
0.1875 0.639947 
0.185547 0.65185 
0.0078125 0.911242 
0.00976563 0.900851 
0.834473 -0.649386 
0.412109 0.206046 
0.410156 0.231953 
0.412125 0.205971 
0.629883 -0.297523 
0.844238 -0.748472 
