0 1.00121 
0.851563 -0.772637 
0.625 -0.231714 
0.454102 -0.123425 
0.652344 -0.457539 
0.824219 -0.475526 
0.410156 0.231566 
0.257813 0.24314 
0.0820313 0.67072 
0.183594 0.662951 
0.826172 -0.513518 
0.635742 -0.369626 
0.421875 0.0836679 
0.207031 0.500464 
0.632813 -0.331692 
0.0742188 0.67486 
0.25 0.251038 
0.0625 0.693308 
0.0507813 0.724974 
0.412598 0.199517 
0.828125 -0.549391 
0.644531 -0.437086 
0.203125 0.530186 
0.0585938 0.702473 
0.199219 0.55958 
0.418945 0.11871 
0.21875 0.411849 
0.836914 -0.681254 
0.195313 0.588805 
0.22168 0.390654 
0.638672 -0.397058 
0.4375 -0.0648437 
0.84668 -0.761589 
0.423828 0.0613566 
0.842773 -0.738426 
0.234375 0.310128 
0.226563 0.356943 
0.425781 0.0400176 
0.838867 -0.703322 
0.0332031 0.790205 
0.046875 0.738092 
0.427734 0.0195741 
0.213867 0.448408 
0.00689697 0.916633 
0.21582 0.433533 
0.238281 0.290438 
0.44043 -0.0834966 
0.0195313 0.850226 
0.429688 0.000274512 
0.24231 0.273414 
0.0420074 0.755398 
0.0224609 0.836785 
0.447266 -0.11346 
0.834961 -0.656426 
0.443359 -0.0986588 
0.224609 0.370315 
0.0274048 0.815006 
0.431641 -0.0180079 
0.84082 -0.722368 
0.416016 0.155435 
0.417969 0.130888 
0.19043 0.621005 
0.193359 0.601354 
0.82428 -0.476643 
0.00292969 0.946799 
0.0390625 0.766874 
0.000976563 0.970037 
0.230469 0.332508 
0.00585938 0.923703 
0.0117188 0.888693 
0.210938 0.470693 
0.209961 0.478219 
0.829102 -0.566578 
0.201172 0.544969 
0.434586 -0.0427864 
0.630859 -0.313665 
0.648926 -0.453326 
0.414063 0.180297 
0.830078 -0.583104 
0.831055 -0.59901 
0.0351563 0.782039 
0.832047 -0.614647 
0.625977 -0.245988 
0.626953 -0.260715 
0.833008 -0.629114 
0.640686 -0.413181 
0.0263672 0.819535 
0.1875 0.639764 
0.833984 -0.643143 
0.18457 0.657374 
0.62793 -0.274461 
0.231445 0.326888 
0.628906 -0.287936 
0.629883 -0.300512 
6.10352e-05 0.993569 
0.415039 0.167879 
0.015625 0.86892 
0.0117798 0.888556 
0.00195313 0.957099 
0.015686 0.868429 
