0 1.00128 
0.851563 -0.772674 
0.625 -0.231763 
0.454102 -0.123351 
0.652344 -0.457535 
0.824219 -0.47552 
0.257813 0.243056 
0.410156 0.231738 
0.183594 0.662966 
0.0830078 0.670674 
0.419922 0.106825 
0.0488281 0.731342 
0.427734 0.0194994 
0.0139771 0.876938 
0.431641 -0.0179902 
0.636719 -0.379271 
0.627258 -0.265124 
0.644531 -0.43715 
0.0585938 0.702609 
0.416077 0.154464 
0.250977 0.249181 
0.244202 0.270272 
0.191406 0.614574 
0.630859 -0.313706 
0.195557 0.586082 
0.632813 -0.337552 
0.199219 0.559435 
0.837891 -0.692675 
0.438477 -0.0713758 
0.640625 -0.412626 
0.234375 0.310191 
0.00976563 0.89947 
0.828125 -0.549476 
0.425781 0.039898 
0.227539 0.350694 
0.634766 -0.35937 
0.441422 -0.0890736 
0.000976563 0.97002 
0.832031 -0.614414 
0.0351563 0.782271 
0.833984 -0.642543 
0.0391235 0.766546 
0.435547 -0.0504795 
0.216797 0.426225 
0.839844 -0.713182 
0.844238 -0.748639 
0.412109 0.205836 
0.414063 0.180373 
0.224609 0.370222 
0.835938 -0.669258 
0.0742188 0.674932 
0.825195 -0.494772 
0.0195313 0.850139 
0.187012 0.642788 
0.433594 -0.0349257 
0.238281 0.290546 
0.421143 0.0924144 
0.826599 -0.521613 
0.847656 -0.765299 
0.423828 0.061438 
0.0253906 0.823673 
0.212891 0.455765 
0.207031 0.500626 
0.205078 0.515573 
0.0022583 0.953469 
0.829102 -0.566589 
0.214844 0.440789 
0.0273438 0.81504 
0.00390625 0.938205 
0.193359 0.601272 
0.219727 0.404576 
0.422852 0.0725208 
0.830078 -0.583129 
0.222656 0.383632 
0.0214844 0.841122 
0.831055 -0.599013 
0.203125 0.530436 
0.210938 0.470702 
0.0429688 0.751858 
0.45314 -0.123244 
7.62939e-06 0.998515 
0.0605469 0.697863 
0.0449219 0.744885 
0.641602 -0.419607 
0.445557 -0.107841 
0.240234 0.281834 
0.0078125 0.914427 
0.230469 0.332449 
0.00585938 0.923564 
0.0664063 0.685657 
0.834961 -0.656516 
0.231445 0.326707 
0.411133 0.218758 
0.826172 -0.513503 
0.62915 -0.290832 
0.628906 -0.288026 
0.415039 0.16772 
0.445313 -0.106926 
0.186523 0.645759 
0.220703 0.397608 
