0 1.00101 
0.851563 -0.772825 
0.454102 -0.123584 
0.625 -0.231937 
0.823486 -0.460896 
0.652344 -0.457689 
0.257813 0.242879 
0.409424 0.241396 
0.0820313 0.670577 
0.182617 0.668213 
0.0734863 0.675345 
0.0273438 0.814984 
0.423828 0.0612211 
0.830078 -0.583262 
0.226563 0.356868 
0.216797 0.425973 
0.230469 0.332284 
0.195313 0.587522 
0.222656 0.38349 
0.441406 -0.0891656 
0.824463 -0.480546 
0.234375 0.3099 
0.0588379 0.701732 
0.210938 0.470428 
0.835938 -0.669461 
0.207031 0.500439 
0.431641 -0.018117 
0.212921 0.455338 
0.199219 0.559468 
0.219727 0.404407 
0.632813 -0.337668 
0.420288 0.102241 
0.417969 0.130588 
0.412476 0.200835 
0.0195618 0.849881 
0.4375 -0.0649759 
0.41626 0.152009 
0.634766 -0.359522 
0.636719 -0.379446 
0.0345459 0.784468 
0.0078125 0.910695 
0.0117188 0.8884 
0.410645 0.225206 
0.837891 -0.69279 
0.628296 -0.279879 
0.839844 -0.708106 
0.03125 0.798125 
0.826172 -0.51373 
0.832031 -0.614542 
0.238281 0.290319 
0.000976563 0.969812 
0.630859 -0.31394 
0.844727 -0.751658 
0.250977 0.248938 
0.246094 0.260459 
0.433838 -0.0370841 
0.0390625 0.766538 
0.826538 -0.520591 
0.428741 0.00928905 
0.629883 -0.30106 
0.183838 0.661449 
0.0532227 0.717301 
0.644531 -0.437218 
0.626953 -0.26084 
0.0166016 0.863921 
0.205078 0.515404 
0.828369 -0.553934 
0.1875 0.639498 
0.203125 0.530148 
0.201172 0.544859 
0.828125 -0.54961 
0.445313 -0.107133 
0.648438 -0.452331 
0.435547 -0.0506922 
0.00585938 0.923278 
0.192383 0.608109 
0.447266 -0.113714 
0.0140381 0.876606 
0.0412598 0.758055 
0.0507813 0.724792 
0.191406 0.614437 
3.05176e-05 0.996101 
0.641602 -0.419806 
0.188477 0.633475 
0.419922 0.106627 
0.625977 -0.246557 
0.83252 -0.62194 
0.044922 0.744649 
0.046875 0.737686 
0.425781 0.0398098 
0.00195313 0.956704 
0.414551 0.173892 
0.428223 0.0145548 
0.834015 -0.643672 
0.42627 0.0346666 
0.0585938 0.702289 
0.841797 -0.730935 
0.841805 -0.730961 
0.639038 -0.400343 
0.414063 0.180182 
