0.851563 -0.772605 
0 1.00129 
0.824219 -0.475489 
0.619141 -0.136271 
0.652344 -0.457402 
0.454102 -0.123336 
0.257813 0.243177 
0.410156 0.231948 
0.183594 0.662939 
0.0830078 0.670807 
0.0195313 0.850335 
0.21875 0.411752 
0.00195313 0.95702 
0.234375 0.310147 
0.839844 -0.713184 
0.222656 0.383803 
0.0117188 0.88875 
0.445313 -0.106802 
0.0664063 0.685731 
0.412109 0.206006 
0.638672 -0.3969 
0.414063 0.180316 
0.439453 -0.0776038 
0.00585938 0.923698 
0.835938 -0.669312 
0.0429688 0.752009 
0.214844 0.44086 
0.84375 -0.745347 
0.419922 0.106845 
0.631836 -0.325831 
0.421875 0.0837625 
0.238281 0.290572 
0.826172 -0.513558 
0.837891 -0.692643 
0.423828 0.061579 
0.225586 0.363749 
0.0234375 0.832391 
0.0273438 0.815262 
0.425781 0.0399728 
0.417969 0.130629 
0.0742188 0.675085 
0.03125 0.798385 
0.000488281 0.979246 
0.427734 0.019625 
0.1875 0.639853 
0.210938 0.470629 
0.204102 0.522994 
0.202148 0.537883 
0.229492 0.338528 
0.833984 -0.642714 
0.199219 0.559664 
0.621094 -0.169326 
0.242188 0.274126 
0.635254 -0.364339 
0.429688 0.000217331 
0.634766 -0.359278 
0.629028 -0.289613 
0.845703 -0.756776 
0.832031 -0.614289 
0.431641 -0.0178696 
0.0585938 0.702827 
0.630859 -0.313556 
0.248535 0.254231 
0.626953 -0.26057 
0.433594 -0.0347473 
0.0528564 0.718701 
0.82666 -0.522562 
0.0078125 0.911045 
0.644531 -0.436811 
0.208008 0.493294 
0.435547 -0.050027 
0.207031 0.500756 
0.640625 -0.412632 
0.648438 -0.451937 
0.197266 0.573903 
0.416016 0.155342 
0.0351563 0.782265 
0.621582 -0.177321 
0.4375 -0.0647684 
0.195313 0.587806 
0.623047 -0.201031 
0.829102 -0.566564 
0.830566 -0.59091 
0.193359 0.60135 
0.0371094 0.774636 
0.449219 -0.118395 
0.623535 -0.208645 
0.191406 0.614558 
0.625 -0.231473 
0.189453 0.627482 
0.62793 -0.274421 
0.228516 0.344593 
0.625488 -0.238451 
0.246094 0.260792 
0.046875 0.738248 
0.833008 -0.628935 
0.642578 -0.425861 
0.828125 -0.549336 
0.0488281 0.731646 
0.0107422 0.894135 
