16.772 5.77338e-09 
1 25 
2.06735 3.13248 
2.02897 20.9382 
9.23061 0.525742 
9.7471 0.452278 
11.4967 0.254859 
8.73849 0.596187 
5.91222 1.07972 
1.07547 23.6031 
9.43665 0.492148 
11.9094 0.21473 
6.63699 0.935346 
3.37767 2.02793 
1.84434 21.255 
10.0147 0.419327 
7.38298 0.798258 
6.30914 1.02106 
10.2068 0.414076 
1.01212 24.5069 
16.4781 0.000510653 
13.0666 0.122382 
1.20214 22.9459 
7.04436 0.860833 
1.2423 22.7476 
8.03993 0.69195 
15.9495 0.00379904 
1.49196 21.9939 
2.9773 2.04377 
5.17361 1.25324 
7.68889 0.747202 
2.02772 20.9402 
13.3622 0.0974835 
1.61278 21.7083 
14.0852 0.0484735 
7.04461 0.860789 
8.29956 0.651548 
10.6906 0.34038 
3.58114 1.74642 
2.17479 2.72504 
1.33886 22.4737 
15.6914 0.00630544 
4.5522 1.43621 
2.26005 2.6215 
1.47532 22.1409 
7.4785 0.788718 
2.45846 2.44429 
1.00014 24.9304 
15.2004 0.0150711 
2.12917 2.97277 
1.0752 23.6822 
1.02787 24.1003 
2.37928 2.51325 
12.6538 0.148273 
3.75315 1.68169 
13.8445 0.0678665 
4.76956 1.3612 
11.3418 0.270741 
16.7482 3.22527e-06 
10.453 0.372626 
16.2889 0.00122043 
12.925 0.133638 
12.79 0.137008 
13.6891 0.0715268 
1.65694 21.6534 
6.33979 1.0149 
12.0255 0.203763 
5.37468 1.20192 
8.50817 0.621936 
12.5008 0.169317 
14.2759 0.0394888 
14.5335 0.0299992 
6.54946 0.963865 
15.6081 0.00795777 
14.7661 0.022311 
3.37798 1.83381 
10.4679 0.372213 
4.12633 1.55669 
4.96255 1.30607 
1.20214 22.9459 
8.07038 0.686512 
8.67785 0.598066 
1.41761 22.409 
12.3684 0.172676 
1.78325 21.3884 
14.9201 0.0190565 
14.5335 0.0299992 
4.10358 1.5619 
7.68593 0.747685 
11.2203 0.287906 
15.3844 0.0131175 
4.31264 1.49024 
4.80033 1.35303 
15.432 0.0104649 
3.92695 1.61749 
10.9283 0.327437 
11.1208 0.293593 
3.92738 1.61734 
12.1745 0.198606 
2.57922 2.31321 
