16.7724 2.70896e-11 
1 25.0001 
2.02895 20.9383 
2.06735 3.13478 
13.3885 0.0916823 
9.52415 0.510099 
12.9527 0.131389 
9.91812 0.434431 
7.91654 0.711076 
5.60973 1.14696 
7.63856 0.787782 
1.87765 21.2011 
5.28029 1.26407 
12.8202 0.134687 
10.5861 0.354668 
1.19144 22.9601 
14.0666 0.0505213 
13.8098 0.0722279 
12.4519 0.165765 
5.89512 1.11439 
3.83746 1.64918 
9.29939 0.51607 
3.47472 1.80685 
1.00129 24.7927 
15.8532 0.00472096 
6.19962 1.05812 
4.65726 1.39683 
1.50705 21.9476 
16.1196 0.00215135 
8.17108 0.703511 
4.84987 1.37631 
7.40267 0.795156 
8.7815 0.587013 
8.40429 0.636645 
2.6425 2.23379 
2.58401 2.46246 
16.2693 0.00135167 
1.30264 22.5305 
14.276 0.0391148 
1.37326 22.319 
1.24551 22.7362 
1.76638 21.3969 
11.9302 0.217495 
1.01623 24.3198 
4.46559 1.44602 
15.571 0.007709 
2.78392 2.13919 
2.8989 2.09462 
7.24372 0.82239 
1.71016 21.5359 
8.83692 0.585341 
15.3054 0.0129896 
6.95146 0.874359 
1.047 23.8624 
1.01937 24.2496 
3.45775 1.80772 
3.20769 1.90907 
14.7084 0.0238359 
10.333 0.383965 
5.77248 1.11884 
6.55957 0.948138 
1.0991 23.4382 
10.0533 0.414704 
3.92589 1.63077 
12.2036 0.18748 
1.11909 23.3132 
2.36218 2.47329 
15.0225 0.0181275 
11.2944 0.297865 
4.09023 1.57324 
15.6856 0.00659006 
2.22305 2.67171 
11.499 0.254897 
1.60413 21.7287 
8.29669 0.652356 
14.4397 0.0321723 
1.0636 23.7046 
9.09148 0.560604 
15.3447 0.0121892 
10.8353 0.326849 
10.3593 0.382761 
12.3706 0.172471 
16.599 0.00016203 
11.0465 0.304084 
4.36477 1.48336 
16.5104 0.000341648 
4.16308 1.55064 
14.8589 0.0201433 
9.09327 0.560553 
2.11433 3.12686 
6.74361 0.912741 
3.05076 2.02298 
6.94785 0.875015 
2.38685 2.46631 
3.08584 2.02176 
1.62134 21.6912 
11.0464 0.304087 
10.8353 0.326849 
13.6026 0.0771018 
6.40769 1.01274 
