1 25.0002 
16.7725 1.12764e-10 
2.02897 20.9382 
2.06735 3.13444 
16.0647 0.00255343 
4.25817 1.51014 
16.5559 0.000392954 
15.5218 0.00843533 
3.85228 1.64503 
1.0564 24.1406 
11.45 0.259538 
13.7139 0.0764306 
4.74577 1.36471 
3.04382 1.99582 
1.74804 21.4323 
14.0563 0.0512709 
11.9038 0.224722 
13.0198 0.119026 
12.609 0.152305 
9.7257 0.46052 
13.2882 0.112752 
9.23547 0.548745 
11.0593 0.300251 
12.8379 0.143715 
7.07294 0.857374 
1.57186 21.7971 
2.47296 2.37708 
3.24506 1.89186 
1.17908 23.0601 
8.08305 0.713247 
15.1827 0.0140832 
2.31136 2.53286 
9.95875 0.454493 
8.39731 0.642448 
5.29376 1.22522 
7.73157 0.742638 
1.93915 21.0883 
1.00702 24.6056 
8.09538 0.687282 
1.44739 22.0963 
13.7952 0.0656225 
8.75416 0.599935 
4.46536 1.46668 
11.6887 0.245019 
10.08 0.421179 
5.10142 1.2704 
2.88521 2.13046 
14.2656 0.0396641 
1.38664 22.2718 
7.50123 0.779008 
2.14562 2.79662 
10.4383 0.385184 
9.45157 0.493338 
8.62111 0.604002 
8.9739 0.564975 
3.76818 1.68442 
15.8073 0.00485665 
2.78902 2.13692 
1.52164 21.9177 
9.52235 0.491251 
5.55153 1.16394 
7.32765 0.809904 
6.01526 1.05871 
14.8509 0.0205174 
1.05837 23.7733 
12.3943 0.170518 
5.43664 1.20559 
1.24267 22.7372 
6.58525 0.942715 
5.79956 1.12063 
13.2834 0.113362 
9.03924 0.555929 
1.85196 21.2462 
3.61387 1.75634 
1.24227 22.7607 
1.32446 22.4524 
12.3453 0.175695 
12.1379 0.203287 
10.263 0.389535 
15.8275 0.00470836 
10.8104 0.329286 
1.00608 24.6333 
5.79996 1.12061 
6.37816 0.98361 
7.72756 0.743291 
1.09889 23.4305 
11.0562 0.32313 
6.94223 0.882724 
8.43814 0.630785 
11.5694 0.248152 
2.63007 2.24274 
6.76598 0.915332 
3.42729 1.81314 
14.6367 0.0256217 
4.45997 1.46779 
3.36825 1.863 
10.6343 0.349876 
12.1489 0.202073 
3.5474 1.76005 
6.27056 1.00613 
