16.7659 2.17693e-07 
1 25.0001 
2.06734 20.8781 
2.06735 3.13455 
2.23558 2.63376 
2.56955 2.31972 
4.44172 1.45449 
4.73901 1.38089 
5.97718 1.0862 
15.8831 0.00461913 
6.35399 0.993735 
8.24519 0.664846 
13.4015 0.0908983 
7.18235 0.870441 
16.5059 0.000356163 
12.391 0.171108 
14.9479 0.0181964 
3.22901 1.90239 
9.6867 0.461329 
7.97152 0.721114 
3.83149 1.6932 
15.6868 0.00704238 
12.2046 0.187895 
4.11628 1.55772 
2.79185 2.2336 
15.4561 0.00960882 
14.4867 0.0303924 
16.2032 0.00162875 
6.76052 0.911628 
6.40533 0.977768 
1.26795 22.6451 
4.17205 1.55507 
1.60791 21.7192 
1.0167 24.3267 
10.6307 0.358783 
11.4568 0.274135 
1.7309 21.4988 
1.10306 23.4024 
9.57197 0.487019 
3.39381 1.8299 
10.5 0.383928 
13.2232 0.103686 
3.74236 1.82604 
1.85113 21.2724 
5.48515 1.21806 
3.04703 1.99646 
13.6805 0.0842471 
5.36297 1.22239 
9.35678 0.514368 
9.98459 0.434842 
15.1737 0.0145415 
10.1675 0.404358 
7.85428 0.747498 
1.43527 22.1322 
12.629 0.1503 
1.20755 22.8795 
1.00481 24.6086 
2.91022 2.0633 
1.51791 21.921 
14.1059 0.0474272 
11.9894 0.21356 
12.8583 0.139972 
4.66799 1.3855 
9.08804 0.551623 
13.9453 0.0561536 
15.2676 0.0121182 
8.74766 0.592991 
2.07765 3.13259 
13.7267 0.0712306 
11.6772 0.240711 
2.05763 20.8939 
2.6394 2.31033 
2.13877 2.79802 
11.3292 0.27733 
6.94409 0.885853 
11.0754 0.304116 
8.40275 0.650438 
5.84455 1.09445 
1.76966 21.396 
16.7517 1.11451e-05 
1.07265 23.7319 
7.35688 0.804406 
11.0646 0.304404 
1.40048 22.2351 
1.00133 24.7893 
14.7327 0.0230143 
1.06085 23.7443 
10.8353 0.330135 
13.067 0.119202 
8.9591 0.556251 
1.92946 21.1047 
1.32897 22.4502 
12.6926 0.149403 
8.70004 0.597362 
7.57297 0.769505 
1.03072 24.0591 
10.8343 0.330238 
12.9896 0.121162 
5.69742 1.21223 
14.3026 0.0396796 
