0.98167 1.49831e-07 
1.5632e-07 0.981707 
0.931343 0.131106 
0.858102 0.309159 
0.848695 0.327218 
0.665691 0.598608 
0.360949 0.831544 
0.763617 0.477436 
0.937933 0.108003 
0.805506 0.409216 
0.839911 0.34291 
0.793691 0.425816 
0.948948 0.0738624 
0.108274 0.937149 
0.303327 0.859553 
0.954899 0.0591421 
0.424253 0.794245 
0.942327 0.0939829 
0.590132 0.673023 
0.410445 0.802458 
0.75191 0.490233 
0.127707 0.93065 
0.342793 0.841964 
0.963595 0.0422073 
0.485802 0.757176 
0.677549 0.585024 
0.577321 0.683977 
0.786474 0.437999 
0.865576 0.288907 
0.468305 0.766246 
0.522437 0.73521 
0.197431 0.90854 
0.974203 0.0133208 
0.239389 0.887498 
0.818903 0.381833 
0.504779 0.743272 
0.439292 0.7861 
0.601692 0.663455 
0.652497 0.611238 
0.319021 0.851348 
0.212509 0.899093 
0.811638 0.395658 
0.0388862 0.960967 
0.396781 0.811461 
0.050646 0.957346 
0.0225213 0.969353 
0.967118 0.0278305 
0.557276 0.700698 
0.093006 0.94287 
0.832186 0.358741 
0.923515 0.148791 
0.776785 0.45214 
0.0689395 0.951295 
0.374499 0.823554 
0.223567 0.893831 
0.773241 0.463356 
0.253415 0.881655 
0.154528 0.920838 
0.266399 0.876071 
0.896129 0.217428 
0.685465 0.575058 
0.876873 0.266106 
0.546184 0.71164 
0.16841 0.915165 
0.566966 0.693093 
0.141025 0.925679 
0.82657 0.368587 
0.743391 0.501473 
0.183088 0.912492 
0.718058 0.539317 
0.612246 0.653387 
0.883169 0.254059 
0.0116152 0.97334 
0.709344 0.548624 
0.386735 0.818846 
0.288185 0.867097 
0.871011 0.278977 
0.644928 0.619526 
0.698147 0.568236 
0.62842 0.636093 
0.908925 0.197739 
0.618924 0.645488 
0.332358 0.847023 
0.635881 0.62866 
0.891542 0.231089 
0.494242 0.748784 
0.724888 0.528666 
0.450188 0.778415 
0.0802619 0.948432 
0.901688 0.203678 
0.91297 0.181246 
0.532148 0.727731 
0.889105 0.243338 
0.920382 0.158887 
0.701667 0.557365 
0.279407 0.86995 
0.736703 0.510738 
0.458437 0.772728 
0.538533 0.719009 
0.915597 0.171949 
