1.30918e-08 0.981683 
0.981731 1.01387e-06 
0.705796 0.552149 
0.869085 0.283034 
0.906639 0.191514 
0.84933 0.328338 
0.424071 0.794563 
0.91393 0.171958 
0.0998489 0.942227 
0.159092 0.919049 
0.944516 0.0877823 
0.410774 0.805143 
0.693093 0.567196 
0.760237 0.479597 
0.441312 0.786237 
0.875499 0.266719 
0.229977 0.8916 
0.0787483 0.949497 
0.776056 0.453344 
0.748294 0.495407 
0.126799 0.930373 
0.608467 0.656422 
0.452176 0.777012 
0.145586 0.924435 
0.181531 0.913631 
0.719483 0.538493 
0.259476 0.879118 
0.300784 0.860154 
0.938692 0.107627 
0.861123 0.303642 
0.537417 0.716201 
0.83827 0.344926 
0.90037 0.208906 
0.595017 0.668357 
0.618048 0.647041 
0.273621 0.872938 
0.552996 0.706246 
0.883631 0.252428 
0.767171 0.468554 
0.244325 0.886954 
0.320432 0.854572 
0.825251 0.37046 
0.889045 0.238188 
0.675225 0.587369 
0.951886 0.074765 
0.499145 0.74681 
0.894673 0.221972 
0.630682 0.636326 
0.797988 0.419181 
0.288772 0.866178 
0.350863 0.836505 
0.211753 0.899495 
0.806503 0.404897 
0.647755 0.617329 
0.784391 0.441056 
0.734197 0.515986 
0.112918 0.936176 
0.466634 0.767904 
0.835921 0.357395 
0.485811 0.75686 
0.685285 0.577397 
0.95741 0.0598006 
0.664711 0.598159 
0.367457 0.830329 
0.726353 0.529262 
0.854864 0.311485 
0.818834 0.381948 
0.528068 0.723852 
0.657059 0.606517 
0.639048 0.627874 
0.930679 0.134587 
0.921029 0.158154 
0.791493 0.429935 
0.813981 0.395654 
0.933297 0.119446 
0.375002 0.823337 
0.740848 0.504919 
0.517122 0.732225 
0.963356 0.033907 
0.0189461 0.970487 
0.5624 0.698988 
0.395235 0.811645 
0.064851 0.952268 
0.923618 0.145709 
0.972463 0.0121063 
0.570339 0.689892 
0.5081 0.738442 
0.0529118 0.956968 
0.3403 0.843073 
0.391224 0.819205 
0.959072 0.0446092 
0.0311104 0.966875 
0.0407298 0.960444 
0.329932 0.847651 
0.970214 0.0212041 
0.192383 0.908746 
0.585714 0.67609 
0.476031 0.762178 
0.00687151 0.976689 
0.579876 0.683748 
