1.63289e-07 0.981698 
0.98168 1.85729e-07 
0.425421 0.795055 
0.838924 0.345459 
0.738584 0.509478 
0.952933 0.0641181 
0.539331 0.719059 
0.210672 0.899016 
0.229915 0.891918 
0.278296 0.871328 
0.483354 0.756528 
0.687065 0.57311 
0.86149 0.299651 
0.244681 0.884994 
0.263851 0.878539 
0.660882 0.612779 
0.849207 0.327798 
0.883304 0.253937 
0.676467 0.585551 
0.946649 0.0846595 
0.409113 0.803644 
0.552298 0.706209 
0.779194 0.448293 
0.869884 0.28229 
0.643222 0.622165 
0.078301 0.948098 
0.604922 0.66064 
0.7488 0.494282 
0.29821 0.865241 
0.667841 0.59999 
0.582625 0.6794 
0.910217 0.182117 
0.6177 0.647525 
0.155146 0.921625 
0.0607751 0.953627 
0.875237 0.26883 
0.770882 0.463778 
0.173825 0.914319 
0.899075 0.211929 
0.595106 0.668708 
0.90532 0.195681 
0.0944569 0.943373 
0.854156 0.313901 
0.44294 0.785585 
0.926413 0.139273 
0.830612 0.359719 
0.728873 0.523973 
0.91676 0.164757 
0.524923 0.728175 
0.0237088 0.968217 
0.888682 0.236023 
0.971806 0.0136134 
0.698186 0.559917 
0.93533 0.127996 
0.563052 0.697263 
0.721384 0.53189 
0.4679 0.767206 
0.958172 0.0467263 
0.574194 0.690438 
0.375952 0.822666 
0.00982417 0.973224 
0.941135 0.097978 
0.808673 0.405198 
0.329878 0.845892 
0.711096 0.543858 
0.787347 0.435639 
0.194469 0.905568 
0.936423 0.111561 
0.80143 0.414033 
0.794585 0.426923 
0.365874 0.829803 
0.51501 0.733639 
0.920955 0.153566 
0.634412 0.630712 
0.756001 0.483285 
0.893239 0.225125 
0.762669 0.473511 
0.495742 0.74759 
0.353217 0.835566 
0.814177 0.389709 
0.317845 0.852978 
0.109659 0.938995 
0.341992 0.840192 
0.625702 0.63933 
0.504111 0.742964 
0.824802 0.371014 
0.0372811 0.961849 
0.131669 0.929758 
0.396465 0.811689 
0.307224 0.857359 
0.450614 0.780109 
0.966998 0.0240544 
0.0467339 0.958342 
0.143529 0.926069 
0.962269 0.0358743 
0.388854 0.815419 
0.118883 0.933936 
0.461502 0.772332 
0.184769 0.909505 
0.820958 0.383233 
