1.16519e-08 0.981682 
0.981671 4.86125e-08 
0.588867 0.67861 
0.777895 0.451429 
0.570091 0.689884 
0.525349 0.727862 
0.33117 0.845197 
0.312923 0.855674 
0.110497 0.937544 
0.744847 0.504207 
0.240107 0.887819 
0.487002 0.753292 
0.255189 0.881782 
0.652074 0.612597 
0.731248 0.517686 
0.618411 0.646499 
0.767449 0.466765 
0.474986 0.76654 
0.847462 0.329716 
0.60005 0.665299 
0.632006 0.63249 
0.00994079 0.973258 
0.0913602 0.946194 
0.438433 0.786096 
0.0287499 0.966694 
0.426543 0.79411 
0.510061 0.736817 
0.707092 0.549491 
0.813341 0.392146 
0.884058 0.251002 
0.22103 0.894703 
0.27251 0.87347 
0.557667 0.700803 
0.413178 0.803198 
0.299592 0.864986 
0.916451 0.171658 
0.789145 0.43485 
0.671948 0.591415 
0.662593 0.600869 
0.822656 0.377122 
0.541107 0.715211 
0.752084 0.490732 
0.346887 0.837756 
0.875869 0.266015 
0.909206 0.186186 
0.641097 0.625252 
0.940455 0.103595 
0.499713 0.74449 
0.841366 0.344919 
0.933917 0.116882 
0.760096 0.478708 
0.696241 0.563809 
0.968187 0.0219528 
0.723327 0.528122 
0.944079 0.0873959 
0.399747 0.809166 
0.854583 0.313519 
0.950133 0.0743749 
0.870563 0.27794 
0.889135 0.237208 
0.903506 0.198943 
0.929955 0.132527 
0.682411 0.579519 
0.14931 0.92299 
0.714584 0.540015 
0.954111 0.0590482 
0.807158 0.403741 
0.609269 0.654959 
0.865108 0.293611 
0.452805 0.777156 
0.284015 0.868595 
0.800147 0.416414 
0.0405659 0.961035 
0.974637 0.00740466 
0.16279 0.918524 
0.188521 0.909935 
0.174557 0.913123 
0.833703 0.355398 
0.920787 0.156067 
0.0772676 0.94786 
0.387341 0.815817 
0.129078 0.933322 
0.898132 0.21325 
0.95863 0.0453648 
0.962911 0.0347415 
0.378056 0.821007 
0.89559 0.224218 
0.463853 0.775091 
0.827549 0.365367 
0.924771 0.14574 
0.0541074 0.95658 
0.0643599 0.9528 
0.200316 0.903823 
0.547903 0.709612 
0.13438 0.927952 
0.368234 0.829669 
0.8597 0.303546 
0.209778 0.89956 
0.691375 0.572968 
0.795531 0.427645 
