1.38693e-07 0.981678 
0.981688 3.10503e-08 
0.0589178 0.953856 
0.928238 0.137793 
0.962519 0.0354885 
0.790812 0.431891 
0.956793 0.0591044 
0.0816518 0.948645 
0.310623 0.858195 
0.51408 0.737785 
0.921307 0.159173 
0.0404813 0.962838 
0.728473 0.522101 
0.718064 0.535843 
0.799934 0.415705 
0.949632 0.0715446 
0.552185 0.705662 
0.828732 0.363946 
0.278489 0.870509 
0.293043 0.864275 
0.528533 0.723988 
0.88989 0.236883 
0.708727 0.548377 
0.73884 0.510401 
0.943161 0.0909212 
0.933561 0.11745 
0.238452 0.897586 
0.253033 0.883867 
0.821084 0.380926 
0.672361 0.592151 
0.165675 0.916764 
0.659194 0.604522 
0.124203 0.931493 
0.417217 0.801545 
0.747845 0.497512 
0.538923 0.718218 
0.698394 0.560251 
0.780482 0.447061 
0.025428 0.966677 
0.183263 0.910969 
0.641667 0.622525 
0.971165 0.0219992 
0.896718 0.21969 
0.573132 0.688243 
0.326497 0.850305 
0.0143785 0.978256 
0.430164 0.791254 
0.403232 0.806959 
0.690057 0.571486 
0.108594 0.938267 
0.604122 0.660185 
0.262888 0.878658 
0.501588 0.744447 
0.565141 0.699001 
0.679798 0.581891 
0.857447 0.307819 
0.586832 0.679448 
0.630204 0.634142 
0.914708 0.171471 
0.61541 0.653101 
0.0962897 0.943408 
0.807163 0.402698 
0.47077 0.764678 
0.389904 0.814552 
0.139543 0.926498 
0.594051 0.671167 
0.938398 0.10414 
0.152433 0.923075 
0.815652 0.39413 
0.650781 0.613356 
0.207551 0.901685 
0.873354 0.27282 
0.909143 0.184594 
0.224874 0.89915 
0.884355 0.251666 
0.358762 0.831193 
0.83798 0.352787 
0.851243 0.321857 
0.758841 0.488336 
0.348465 0.838961 
0.459168 0.773176 
0.490231 0.752582 
0.626117 0.644767 
0.196624 0.9063 
0.864441 0.296859 
0.336581 0.843189 
0.440915 0.784874 
0.867487 0.28447 
0.975237 0.00690108 
0.768938 0.467565 
0.879827 0.261568 
0.775106 0.457931 
0.369764 0.825532 
0.480846 0.75761 
0.380008 0.820645 
0.900724 0.206439 
0.761405 0.47664 
0.904464 0.196424 
0.840536 0.341071 
0.455572 0.783477 
