0 4
1.60064e-07 3.9984
6.40256e-07 3.9968
1.44058e-06 3.9952
2.56102e-06 3.9936
4.0016e-06 3.992
5.7623e-06 3.9904
7.84314e-06 3.98881
1.02441e-05 3.98721
1.29652e-05 3.98561
1.60064e-05 3.98401
1.93677e-05 3.98242
2.30492e-05 3.98082
2.70508e-05 3.97922
3.13725e-05 3.97763
3.60144e-05 3.97603
4.09764e-05 3.97444
4.62585e-05 3.97284
5.18607e-05 3.97125
5.77831e-05 3.96965
6.40256e-05 3.96806
7.05882e-05 3.96646
7.7471e-05 3.96487
8.46739e-05 3.96328
9.21969e-05 3.96168
0.00010004 3.96009
0.000108203 3.9585
0.000116687 3.95691
0.00012549 3.95532
0.000134614 3.95373
0.000144058 3.95213
0.000153822 3.95054
0.000163906 3.94895
0.00017431 3.94736
0.000185034 3.94577
0.000196078 3.94418
0.000207443 3.9426
0.000219128 3.94101
0.000231132 3.93942
0.000243457 3.93783
0.000256102 3.93624
0.000269068 3.93466
0.000282353 3.93307
0.000295958 3.93148
0.000309884 3.9299
0.00032413 3.92831
0.000338695 3.92672
0.000353581 3.92514
0.000368788 3.92355
0.000384314 3.92197
0.00040016 3.92038
0.000416327 3.9188
0.000432813 3.91722
0.00044962 3.91563
0.000466747 3.91405
0.000484194 3.91247
0.000501961 3.91088
0.000520048 3.9093
0.000538455 3.90772
0.000557183 3.90614
0.00057623 3.90456
0.000595598 3.90298
0.000615286 3.9014
0.000635294 3.89982
0.000655622 3.89824
0.00067627 3.89666
0.000697239 3.89508
0.000718527 3.8935
0.000740136 3.89192
0.000762065 3.89034
0.000784314 3.88876
0.000806883 3.88718
0.000829772 3.88561
0.000852981 3.88403
0.000876511 3.88245
0.00090036 3.88088
0.00092453 3.8793
0.00094902 3.87772
0.000973829 3.87615
0.00099896 3.87457
0.00102441 3.873
0.00105018 3.87142
0.00107627 3.86985
0.00110268 3.86828
0.00112941 3.8667
0.00115646 3.86513
0.00118383 3.86356
0.00121152 3.86198
0.00123954 3.86041
0.00126787 3.85884
0.00129652 3.85727
0.00132549 3.8557
0.00135478 3.85413
0.00138439 3.85255
0.00141433 3.85098
0.00144458 3.84941
0.00147515 3.84784
0.00150604 3.84627
0.00153725 3.84471
0.00156879 3.84314
0.00160064 3.84157
0.00163281 3.84
0.00166531 3.83843
0.00169812 3.83687
0.00173125 3.8353
0.00176471 3.83373
0.00179848 3.83216
0.00183257 3.8306
0.00186699 3.82903
0.00190172 3.82747
0.00193677 3.8259
0.00197215 3.82434
0.00200784 3.82277
0.00204386 3.82121
0.00208019 3.81964
0.00211685 3.81808
0.00215382 3.81652
0.00219112 3.81495
0.00222873 3.81339
0.00226667 3.81183
0.00230492 3.81027
0.0023435 3.8087
0.00238239 3.80714
0.00242161 3.80558
0.00246114 3.80402
0.002501 3.80246
0.00254118 3.8009
0.00258167 3.79934
0.00262249 3.79778
0.00266363 3.79622
0.00270508 3.79466
0.00274686 3.7931
0.00278896 3.79155
0.00283137 3.78999
0.00287411 3.78843
0.00291717 3.78687
0.00296054 3.78532
0.00300424 3.78376
0.00304826 3.7822
0.0030926 3.78065
0.00313725 3.77909
0.00318223 3.77754
0.00322753 3.77598
0.00327315 3.77443
0.00331909 3.77287
0.00336535 3.77132
0.00341192 3.76977
0.00345882 3.76821
0.00350604 3.76666
0.00355358 3.76511
0.00360144 3.76355
0.00364962 3.762
0.00369812 3.76045
0.00374694 3.7589
0.00379608 3.75735
0.00384554 3.7558
0.00389532 3.75425
0.00394542 3.7527
0.00399584 3.75115
0.00404658 3.7496
0.00409764 3.74805
0.00414902 3.7465
0.00420072 3.74495
0.00425274 3.7434
0.00430508 3.74185
0.00435774 3.7403
0.00441072 3.73876
0.00446403 3.73721
0.00451765 3.73566
0.00457159 3.73412
0.00462585 3.73257
0.00468043 3.73103
0.00473533 3.72948
0.00479056 3.72794
0.0048461 3.72639
0.00490196 3.72485
0.00495814 3.7233
0.00501465 3.72176
0.00507147 3.72021
0.00512861 3.71867
0.00518607 3.71713
0.00524386 3.71559
0.00530196 3.71404
0.00536038 3.7125
0.00541913 3.71096
0.00547819 3.70942
0.00553757 3.70788
0.00559728 3.70634
0.0056573 3.7048
0.00571765 3.70326
0.00577831 3.70172
0.0058393 3.70018
0.0059006 3.69864
0.00596222 3.6971
0.00602417 3.69556
0.00608643 3.69402
0.00614902 3.69249
0.00621192 3.69095
0.00627515 3.68941
0.0063387 3.68788
0.00640256 3.68634
0.00646675 3.6848
0.00653125 3.68327
0.00659608 3.68173
0.00666122 3.6802
0.00672669 3.67866
0.00679248 3.67713
0.00685858 3.67559
0.00692501 3.67406
0.00699176 3.67252
0.00705882 3.67099
0.00712621 3.66946
0.00719392 3.66793
0.00726194 3.66639
0.00733029 3.66486
0.00739896 3.66333
0.00746795 3.6618
0.00753725 3.66027
0.00760688 3.65874
0.00767683 3.65721
0.0077471 3.65568
0.00781769 3.65415
0.0078886 3.65262
0.00795982 3.65109
0.00803137 3.64956
0.00810324 3.64803
0.00817543 3.6465
0.00824794 3.64498
0.00832077 3.64345
0.00839392 3.64192
0.00846739 3.64039
0.00854118 3.63887
0.00861529 3.63734
0.00868972 3.63582
0.00876447 3.63429
0.00883954 3.63276
0.00891493 3.63124
0.00899064 3.62971
0.00906667 3.62819
0.00914302 3.62667
0.00921969 3.62514
0.00929668 3.62362
0.00937399 3.6221
0.00945162 3.62057
0.00952957 3.61905
0.00960784 3.61753
0.00968643 3.61601
0.00976535 3.61449
0.00984458 3.61297
0.00992413 3.61144
0.010004 3.60992
0.0100842 3.6084
0.0101647 3.60688
0.0102455 3.60536
0.0103267 3.60385
0.0104082 3.60233
0.01049 3.60081
0.0105721 3.59929
0.0106545 3.59777
0.0107373 3.59625
0.0108203 3.59474
0.0109037 3.59322
0.0109874 3.5917
0.0110715 3.59019
0.0111558 3.58867
0.0112405 3.58716
0.0113255 3.58564
0.0114108 3.58413
0.0114964 3.58261
0.0115824 3.5811
0.0116687 3.57958
0.0117553 3.57807
0.0118422 3.57656
0.0119294 3.57504
0.012017 3.57353
0.0121048 3.57202
0.012193 3.5705
0.0122816 3.56899
0.0123704 3.56748
0.0124595 3.56597
0.012549 3.56446
0.0126388 3.56295
0.0127289 3.56144
0.0128194 3.55993
0.0129101 3.55842
0.0130012 3.55691
0.0130926 3.5554
0.0131843 3.55389
0.0132764 3.55238
0.0133687 3.55088
0.0134614 3.54937
0.0135544 3.54786
0.0136477 3.54635
0.0137413 3.54485
0.0138353 3.54334
0.0139296 3.54184
0.0140242 3.54033
0.0141191 3.53882
0.0142143 3.53732
0.0143099 3.53581
0.0144058 3.53431
0.014502 3.53281
0.0145985 3.5313
0.0146953 3.5298
0.0147925 3.5283
0.01489 3.52679
0.0149878 3.52529
0.0150859 3.52379
0.0151843 3.52229
0.0152831 3.52078
0.0153822 3.51928
0.0154816 3.51778
0.0155813 3.51628
0.0156813 3.51478
0.0157817 3.51328
0.0158824 3.51178
0.0159834 3.51028
0.0160847 3.50878
0.0161863 3.50728
0.0162883 3.50579
0.0163906 3.50429
0.0164932 3.50279
0.0165961 3.50129
0.0166993 3.4998
0.0168029 3.4983
0.0169068 3.4968
0.017011 3.49531
0.0171155 3.49381
0.0172203 3.49232
0.0173255 3.49082
0.017431 3.48933
0.0175368 3.48783
0.0176429 3.48634
0.0177493 3.48484
0.0178561 3.48335
0.0179632 3.48186
0.0180706 3.48036
0.0181783 3.47887
0.0182864 3.47738
0.0183947 3.47589
0.0185034 3.47439
0.0186124 3.4729
0.0187217 3.47141
0.0188314 3.46992
0.0189413 3.46843
0.0190516 3.46694
0.0191622 3.46545
0.0192731 3.46396
0.0193844 3.46247
0.019496 3.46098
0.0196078 3.4595
0.01972 3.45801
0.0198326 3.45652
0.0199454 3.45503
0.0200586 3.45355
0.0201721 3.45206
0.0202859 3.45057
0.0204 3.44909
0.0205144 3.4476
0.0206292 3.44611
0.0207443 3.44463
0.0208597 3.44314
0.0209754 3.44166
0.0210915 3.44018
0.0212078 3.43869
0.0213245 3.43721
0.0214415 3.43572
0.0215589 3.43424
0.0216765 3.43276
0.0217945 3.43128
0.0219128 3.42979
0.0220314 3.42831
0.0221503 3.42683
0.0222695 3.42535
0.0223891 3.42387
0.022509 3.42239
0.0226292 3.42091
0.0227497 3.41943
0.0228706 3.41795
0.0229918 3.41647
0.0231132 3.41499
0.0232351 3.41351
0.0233572 3.41203
0.0234796 3.41056
0.0236024 3.40908
0.0237255 3.4076
0.0238489 3.40613
0.0239726 3.40465
0.0240967 3.40317
0.024221 3.4017
0.0243457 3.40022
0.0244707 3.39875
0.0245961 3.39727
0.0247217 3.3958
0.0248477 3.39432
0.024974 3.39285
0.0251006 3.39137
0.0252275 3.3899
0.0253548 3.38843
0.0254824 3.38695
0.0256102 3.38548
0.0257385 3.38401
0.025867 3.38254
0.0259958 3.38107
0.026125 3.3796
0.0262545 3.37812
0.0263843 3.37665
0.0265144 3.37518
0.0266449 3.37371
0.0267757 3.37224
0.0269068 3.37078
0.0270382 3.36931
0.0271699 3.36784
0.027302 3.36637
0.0274343 3.3649
0.027567 3.36343
0.0277 3.36197
0.0278334 3.3605
0.027967 3.35903
0.028101 3.35757
0.0282353 3.3561
0.0283699 3.35464
0.0285048 3.35317
0.0286401 3.3517
0.0287757 3.35024
0.0289116 3.34878
0.0290478 3.34731
0.0291843 3.34585
0.0293212 3.34438
0.0294583 3.34292
0.0295958 3.34146
0.0297337 3.34
0.0298718 3.33853
0.0300102 3.33707
0.030149 3.33561
0.0302881 3.33415
0.0304275 3.33269
0.0305673 3.33123
0.0307073 3.32977
0.0308477 3.32831
0.0309884 3.32685
0.0311294 3.32539
0.0312707 3.32393
0.0314124 3.32247
0.0315544 3.32101
0.0316967 3.31955
0.0318393 3.3181
0.0319822 3.31664
0.0321255 3.31518
0.0322691 3.31373
0.032413 3.31227
0.0325572 3.31081
0.0327017 3.30936
0.0328466 3.3079
0.0329918 3.30645
0.0331373 3.30499
0.0332831 3.30354
0.0334292 3.30208
0.0335757 3.30063
0.0337224 3.29918
0.0338695 3.29772
0.034017 3.29627
0.0341647 3.29482
0.0343128 3.29336
0.0344611 3.29191
0.0346098 3.29046
0.0347589 3.28901
0.0349082 3.28756
0.0350579 3.28611
0.0352078 3.28466
0.0353581 3.28321
0.0355088 3.28176
0.0356597 3.28031
0.035811 3.27886
0.0359625 3.27741
0.0361144 3.27596
0.0362667 3.27451
0.0364192 3.27307
0.0365721 3.27162
0.0367252 3.27017
0.0368788 3.26873
0.0370326 3.26728
0.0371867 3.26583
0.0373412 3.26439
0.037496 3.26294
0.0376511 3.2615
0.0378065 3.26005
0.0379622 3.25861
0.0381183 3.25716
0.0382747 3.25572
0.0384314 3.25427
0.0385884 3.25283
0.0387457 3.25139
0.0389034 3.24995
0.0390614 3.2485
0.0392197 3.24706
0.0393783 3.24562
0.0395373 3.24418
0.0396965 3.24274
0.0398561 3.2413
0.040016 3.23986
0.0401762 3.23842
0.0403368 3.23698
0.0404976 3.23554
0.0406588 3.2341
0.0408203 3.23266
0.0409822 3.23122
0.0411443 3.22978
0.0413068 3.22834
0.0414695 3.22691
0.0416327 3.22547
0.0417961 3.22403
0.0419598 3.2226
0.0421239 3.22116
0.0422883 3.21972
0.042453 3.21829
0.042618 3.21685
0.0427834 3.21542
0.042949 3.21398
0.043115 3.21255
0.0432813 3.21111
0.0434479 3.20968
0.0436149 3.20825
0.0437822 3.20681
0.0439497 3.20538
0.0441176 3.20395
0.0442859 3.20252
0.0444544 3.20109
0.0446233 3.19965
0.0447925 3.19822
0.044962 3.19679
0.0451318 3.19536
0.045302 3.19393
0.0454724 3.1925
0.0456432 3.19107
0.0458143 3.18964
0.0459858 3.18821
0.0461575 3.18679
0.0463296 3.18536
0.046502 3.18393
0.0466747 3.1825
0.0468477 3.18107
0.047021 3.17965
0.0471947 3.17822
0.0473687 3.17679
0.047543 3.17537
0.0477176 3.17394
0.0478926 3.17252
0.0480679 3.17109
0.0482435 3.16967
0.0484194 3.16824
0.0485956 3.16682
0.0487721 3.1654
0.048949 3.16397
0.0491262 3.16255
0.0493037 3.16113
0.0494816 3.1597
0.0496597 3.15828
0.0498382 3.15686
0.050017 3.15544
0.0501961 3.15402
0.0503755 3.1526
0.0505553 3.15118
0.0507353 3.14976
0.0509157 3.14834
0.0510964 3.14692
0.0512775 3.1455
0.0514588 3.14408
0.0516405 3.14266
0.0518225 3.14124
0.0520048 3.13982
0.0521874 3.1384
0.0523704 3.13699
0.0525537 3.13557
0.0527373 3.13415
0.0529212 3.13274
0.0531054 3.13132
0.05329 3.12991
0.0534748 3.12849
0.05366 3.12707
0.0538455 3.12566
0.0540314 3.12425
0.0542175 3.12283
0.054404 3.12142
0.0545908 3.12
0.0547779 3.11859
0.0549653 3.11718
0.0551531 3.11577
0.0553412 3.11435
0.0555296 3.11294
0.0557183 3.11153
0.0559073 3.11012
0.0560967 3.10871
0.0562864 3.1073
0.0564763 3.10589
0.0566667 3.10448
0.0568573 3.10307
0.0570483 3.10166
0.0572395 3.10025
0.0574311 3.09884
0.057623 3.09743
0.0578153 3.09602
0.0580078 3.09462
0.0582007 3.09321
0.0583939 3.0918
0.0585874 3.09039
0.0587813 3.08899
0.0589754 3.08758
0.0591699 3.08618
0.0593647 3.08477
0.0595598 3.08336
0.0597553 3.08196
0.059951 3.08056
0.0601471 3.07915
0.0603435 3.07775
0.0605402 3.07634
0.0607373 3.07494
0.0609346 3.07354
0.0611323 3.07213
0.0613303 3.07073
0.0615286 3.06933
0.0617272 3.06793
0.0619262 3.06653
0.0621255 3.06513
0.0623251 3.06373
0.062525 3.06232
0.0627252 3.06092
0.0629258 3.05953
0.0631267 3.05813
0.0633279 3.05673
0.0635294 3.05533
0.0637312 3.05393
0.0639334 3.05253
0.0641359 3.05113
0.0643387 3.04974
0.0645418 3.04834
0.0647453 3.04694
0.064949 3.04555
0.0651531 3.04415
0.0653575 3.04275
0.0655622 3.04136
0.0657673 3.03996
0.0659726 3.03857
0.0661783 3.03717
0.0663843 3.03578
0.0665906 3.03438
0.0667973 3.03299
0.0670042 3.0316
0.0672115 3.0302
0.0674191 3.02881
0.067627 3.02742
0.0678353 3.02603
0.0680439 3.02464
0.0682527 3.02324
0.0684619 3.02185
0.0686715 3.02046
0.0688813 3.01907
0.0690915 3.01768
0.069302 3.01629
0.0695128 3.0149
0.0697239 3.01351
0.0699353 3.01212
0.0701471 3.01074
0.0703592 3.00935
0.0705716 3.00796
0.0707843 3.00657
0.0709974 3.00518
0.0712107 3.0038
0.0714244 3.00241
0.0716384 3.00102
0.0718527 2.99964
0.0720674 2.99825
0.0722824 2.99687
0.0724976 2.99548
0.0727132 2.9941
0.0729292 2.99271
0.0731454 2.99133
0.073362 2.98995
0.0735789 2.98856
0.0737961 2.98718
0.0740136 2.9858
0.0742314 2.98441
0.0744496 2.98303
0.0746681 2.98165
0.0748869 2.98027
0.075106 2.97889
0.0753255 2.97751
0.0755453 2.97613
0.0757653 2.97475
0.0759858 2.97337
0.0762065 2.97199
0.0764275 2.97061
0.0766489 2.96923
0.0768706 2.96785
0.0770926 2.96647
0.0773149 2.96509
0.0775376 2.96371
0.0777605 2.96234
0.0779838 2.96096
0.0782074 2.95958
0.0784314 2.95821
0.0786556 2.95683
0.0788802 2.95546
0.0791051 2.95408
0.0793303 2.9527
0.0795558 2.95133
0.0797817 2.94996
0.0800078 2.94858
0.0802343 2.94721
0.0804611 2.94583
0.0806883 2.94446
0.0809157 2.94309
0.0811435 2.94172
0.0813716 2.94034
0.0816 2.93897
0.0818287 2.9376
0.0820578 2.93623
0.0822872 2.93486
0.0825168 2.93349
0.0827469 2.93212
0.0829772 2.93075
0.0832078 2.92938
0.0834388 2.92801
0.0836701 2.92664
0.0839017 2.92527
0.0841337 2.9239
0.0843659 2.92253
0.0845985 2.92117
0.0848314 2.9198
0.0850646 2.91843
0.0852981 2.91706
0.085532 2.9157
0.0857661 2.91433
0.0860006 2.91297
0.0862355 2.9116
0.0864706 2.91024
0.086706 2.90887
0.0869418 2.90751
0.0871779 2.90614
0.0874143 2.90478
0.0876511 2.90341
0.0878881 2.90205
0.0881255 2.90069
0.0883632 2.89933
0.0886012 2.89796
0.0888395 2.8966
0.0890782 2.89524
0.0893172 2.89388
0.0895565 2.89252
0.0897961 2.89116
0.090036 2.8898
0.0902763 2.88844
0.0905168 2.88708
0.0907577 2.88572
0.090999 2.88436
0.0912405 2.883
0.0914823 2.88164
0.0917245 2.88028
0.091967 2.87892
0.0922098 2.87757
0.092453 2.87621
0.0926964 2.87485
0.0929402 2.8735
0.0931843 2.87214
0.0934287 2.87078
0.0936735 2.86943
0.0939185 2.86807
0.0941639 2.86672
0.0944096 2.86536
0.0946556 2.86401
0.094902 2.86266
0.0951486 2.8613
0.0953956 2.85995
0.0956429 2.8586
0.0958905 2.85724
0.0961385 2.85589
0.0963867 2.85454
0.0966353 2.85319
0.0968842 2.85184
0.0971334 2.85048
0.0973829 2.84913
0.0976328 2.84778
0.097883 2.84643
0.0981335 2.84508
0.0983843 2.84373
0.0986355 2.84238
0.0988869 2.84104
0.0991387 2.83969
0.0993908 2.83834
0.0996432 2.83699
0.099896 2.83564
0.100149 2.8343
0.100402 2.83295
0.100656 2.8316
0.10091 2.83026
0.101164 2.82891
0.101419 2.82756
0.101674 2.82622
0.101929 2.82487
0.102185 2.82353
0.102441 2.82218
0.102697 2.82084
0.102954 2.8195
0.103211 2.81815
0.103468 2.81681
0.103725 2.81547
0.103983 2.81413
0.104242 2.81278
0.1045 2.81144
0.104759 2.8101
0.105018 2.80876
0.105277 2.80742
0.105537 2.80608
0.105797 2.80474
0.106058 2.8034
0.106319 2.80206
0.10658 2.80072
0.106841 2.79938
0.107103 2.79804
0.107365 2.7967
0.107627 2.79536
0.10789 2.79403
0.108153 2.79269
0.108416 2.79135
0.10868 2.79002
0.108944 2.78868
0.109208 2.78734
0.109472 2.78601
0.109737 2.78467
0.110003 2.78334
0.110268 2.782
0.110534 2.78067
0.1108 2.77933
0.111067 2.778
0.111333 2.77667
0.111601 2.77533
0.111868 2.774
0.112136 2.77267
0.112404 2.77134
0.112672 2.77
0.112941 2.76867
0.11321 2.76734
0.11348 2.76601
0.113749 2.76468
0.114019 2.76335
0.11429 2.76202
0.11456 2.76069
0.114831 2.75936
0.115103 2.75803
0.115374 2.7567
0.115646 2.75537
0.115919 2.75405
0.116191 2.75272
0.116464 2.75139
0.116737 2.75006
0.117011 2.74874
0.117285 2.74741
0.117559 2.74608
0.117833 2.74476
0.118108 2.74343
0.118383 2.74211
0.118659 2.74078
0.118935 2.73946
0.119211 2.73813
0.119487 2.73681
0.119764 2.73549
0.120041 2.73416
0.120318 2.73284
0.120596 2.73152
0.120874 2.7302
0.121152 2.72887
0.121431 2.72755
0.12171 2.72623
0.121989 2.72491
0.122269 2.72359
0.122549 2.72227
0.122829 2.72095
0.12311 2.71963
0.123391 2.71831
0.123672 2.71699
0.123954 2.71567
0.124235 2.71435
0.124518 2.71304
0.1248 2.71172
0.125083 2.7104
0.125366 2.70908
0.12565 2.70777
0.125933 2.70645
0.126218 2.70513
0.126502 2.70382
0.126787 2.7025
0.127072 2.70119
0.127357 2.69987
0.127643 2.69856
0.127929 2.69724
0.128215 2.69593
0.128502 2.69462
0.128789 2.6933
0.129076 2.69199
0.129364 2.69068
0.129652 2.68936
0.12994 2.68805
0.130229 2.68674
0.130518 2.68543
0.130807 2.68412
0.131096 2.68281
0.131386 2.6815
0.131677 2.68019
0.131967 2.67888
0.132258 2.67757
0.132549 2.67626
0.13284 2.67495
0.133132 2.67364
0.133424 2.67233
0.133717 2.67102
0.13401 2.66972
0.134303 2.66841
0.134596 2.6671
0.13489 2.6658
0.135184 2.66449
0.135478 2.66318
0.135773 2.66188
0.136068 2.66057
0.136363 2.65927
0.136659 2.65796
0.136955 2.65666
0.137251 2.65535
0.137548 2.65405
0.137845 2.65275
0.138142 2.65144
0.138439 2.65014
0.138737 2.64884
0.139035 2.64754
0.139334 2.64624
0.139633 2.64493
0.139932 2.64363
0.140231 2.64233
0.140531 2.64103
0.140831 2.63973
0.141132 2.63843
0.141433 2.63713
0.141734 2.63583
0.142035 2.63453
0.142337 2.63323
0.142639 2.63194
0.142941 2.63064
0.143244 2.62934
0.143547 2.62804
0.14385 2.62675
0.144154 2.62545
0.144458 2.62415
0.144762 2.62286
0.145067 2.62156
0.145372 2.62027
0.145677 2.61897
0.145982 2.61768
0.146288 2.61638
0.146594 2.61509
0.146901 2.61379
0.147208 2.6125
0.147515 2.61121
0.147822 2.60991
0.14813 2.60862
0.148438 2.60733
0.148747 2.60604
0.149056 2.60475
0.149365 2.60346
0.149674 2.60216
0.149984 2.60087
0.150294 2.59958
0.150604 2.59829
0.150915 2.597
0.151226 2.59571
0.151537 2.59443
0.151849 2.59314
0.152161 2.59185
0.152473 2.59056
0.152786 2.58927
0.153099 2.58799
0.153412 2.5867
0.153725 2.58541
0.154039 2.58413
0.154354 2.58284
0.154668 2.58155
0.154983 2.58027
0.155298 2.57898
0.155614 2.5777
0.155929 2.57641
0.156246 2.57513
0.156562 2.57385
0.156879 2.57256
0.157196 2.57128
0.157513 2.57
0.157831 2.56871
0.158149 2.56743
0.158467 2.56615
0.158786 2.56487
0.159105 2.56359
0.159424 2.5623
0.159744 2.56102
0.160064 2.55974
0.160384 2.55846
0.160705 2.55718
0.161026 2.5559
0.161347 2.55463
0.161669 2.55335
0.161991 2.55207
0.162313 2.55079
0.162635 2.54951
0.162958 2.54824
0.163281 2.54696
0.163605 2.54568
0.163929 2.5444
0.164253 2.54313
0.164577 2.54185
0.164902 2.54058
0.165227 2.5393
0.165552 2.53803
0.165878 2.53675
0.166204 2.53548
0.166531 2.5342
0.166857 2.53293
0.167184 2.53166
0.167512 2.53038
0.167839 2.52911
0.168167 2.52784
0.168496 2.52657
0.168824 2.5253
0.169153 2.52402
0.169482 2.52275
0.169812 2.52148
0.170142 2.52021
0.170472 2.51894
0.170803 2.51767
0.171133 2.5164
0.171465 2.51513
0.171796 2.51386
0.172128 2.5126
0.17246 2.51133
0.172792 2.51006
0.173125 2.50879
0.173458 2.50753
0.173792 2.50626
0.174125 2.50499
0.17446 2.50373
0.174794 2.50246
0.175129 2.50119
0.175464 2.49993
0.175799 2.49866
0.176135 2.4974
0.176471 2.49613
0.176807 2.49487
0.177143 2.49361
0.17748 2.49234
0.177818 2.49108
0.178155 2.48982
0.178493 2.48856
0.178831 2.48729
0.17917 2.48603
0.179509 2.48477
0.179848 2.48351
0.180187 2.48225
0.180527 2.48099
0.180867 2.47973
0.181208 2.47847
0.181549 2.47721
0.18189 2.47595
0.182231 2.47469
0.182573 2.47343
0.182915 2.47217
0.183257 2.47091
0.1836 2.46966
0.183943 2.4684
0.184286 2.46714
0.18463 2.46589
0.184974 2.46463
0.185318 2.46337
0.185663 2.46212
0.186008 2.46086
0.186353 2.45961
0.186699 2.45835
0.187045 2.4571
0.187391 2.45584
0.187737 2.45459
0.188084 2.45334
0.188431 2.45208
0.188779 2.45083
0.189127 2.44958
0.189475 2.44833
0.189823 2.44707
0.190172 2.44582
0.190521 2.44457
0.190871 2.44332
0.19122 2.44207
0.19157 2.44082
0.191921 2.43957
0.192271 2.43832
0.192622 2.43707
0.192974 2.43582
0.193325 2.43457
0.193677 2.43333
0.19403 2.43208
0.194382 2.43083
0.194735 2.42958
0.195089 2.42834
0.195442 2.42709
0.195796 2.42584
0.19615 2.4246
0.196505 2.42335
0.19686 2.4221
0.197215 2.42086
0.19757 2.41961
0.197926 2.41837
0.198282 2.41713
0.198639 2.41588
0.198996 2.41464
0.199353 2.4134
0.19971 2.41215
0.200068 2.41091
0.200426 2.40967
0.200784 2.40843
0.201143 2.40718
0.201502 2.40594
0.201861 2.4047
0.202221 2.40346
0.202581 2.40222
0.202941 2.40098
0.203302 2.39974
0.203663 2.3985
0.204024 2.39726
0.204386 2.39602
0.204748 2.39479
0.20511 2.39355
0.205472 2.39231
0.205835 2.39107
0.206198 2.38984
0.206562 2.3886
0.206926 2.38736
0.20729 2.38613
0.207654 2.38489
0.208019 2.38365
0.208384 2.38242
0.20875 2.38118
0.209115 2.37995
0.209482 2.37872
0.209848 2.37748
0.210215 2.37625
0.210582 2.37501
0.210949 2.37378
0.211317 2.37255
0.211685 2.37132
0.212053 2.37008
0.212422 2.36885
0.212791 2.36762
0.21316 2.36639
0.213529 2.36516
0.213899 2.36393
0.21427 2.3627
0.21464 2.36147
0.215011 2.36024
0.215382 2.35901
0.215754 2.35778
0.216125 2.35655
0.216498 2.35533
0.21687 2.3541
0.217243 2.35287
0.217616 2.35164
0.217989 2.35042
0.218363 2.34919
0.218737 2.34796
0.219112 2.34674
0.219486 2.34551
0.219861 2.34429
0.220237 2.34306
0.220612 2.34184
0.220988 2.34061
0.221365 2.33939
0.221741 2.33816
0.222118 2.33694
0.222496 2.33572
0.222873 2.3345
0.223251 2.33327
0.223629 2.33205
0.224008 2.33083
0.224387 2.32961
0.224766 2.32839
0.225145 2.32717
0.225525 2.32595
0.225905 2.32473
0.226286 2.32351
0.226667 2.32229
0.227048 2.32107
0.227429 2.31985
0.227811 2.31863
0.228193 2.31741
0.228575 2.31619
0.228958 2.31498
0.229341 2.31376
0.229725 2.31254
0.230108 2.31132
0.230492 2.31011
0.230877 2.30889
0.231261 2.30768
0.231646 2.30646
0.232031 2.30525
0.232417 2.30403
0.232803 2.30282
0.233189 2.3016
0.233576 2.30039
0.233963 2.29918
0.23435 2.29796
0.234737 2.29675
0.235125 2.29554
0.235513 2.29432
0.235902 2.29311
0.236291 2.2919
0.23668 2.29069
0.237069 2.28948
0.237459 2.28827
0.237849 2.28706
0.238239 2.28585
0.23863 2.28464
0.239021 2.28343
0.239412 2.28222
0.239804 2.28101
0.240196 2.2798
0.240588 2.2786
0.240981 2.27739
0.241374 2.27618
0.241767 2.27497
0.242161 2.27377
0.242555 2.27256
0.242949 2.27135
0.243344 2.27015
0.243738 2.26894
0.244134 2.26774
0.244529 2.26653
0.244925 2.26533
0.245321 2.26412
0.245718 2.26292
0.246114 2.26172
0.246512 2.26051
0.246909 2.25931
0.247307 2.25811
0.247705 2.25691
0.248103 2.2557
0.248502 2.2545
0.248901 2.2533
0.2493 2.2521
0.2497 2.2509
0.2501 2.2497
0.2505 2.2485
0.250901 2.2473
0.251302 2.2461
0.251703 2.2449
0.252105 2.2437
0.252507 2.2425
0.252909 2.24131
0.253312 2.24011
0.253714 2.23891
0.254118 2.23771
0.254521 2.23652
0.254925 2.23532
0.255329 2.23412
0.255734 2.23293
0.256138 2.23173
0.256544 2.23054
0.256949 2.22934
0.257355 2.22815
0.257761 2.22695
0.258167 2.22576
0.258574 2.22457
0.258981 2.22337
0.259388 2.22218
0.259796 2.22099
0.260204 2.2198
0.260612 2.2186
0.261021 2.21741
0.26143 2.21622
0.261839 2.21503
0.262249 2.21384
0.262659 2.21265
0.263069 2.21146
0.26348 2.21027
0.263891 2.20908
0.264302 2.20789
0.264713 2.2067
0.265125 2.20551
0.265537 2.20433
0.26595 2.20314
0.266363 2.20195
0.266776 2.20076
0.267189 2.19958
0.267603 2.19839
0.268017 2.1972
0.268431 2.19602
0.268846 2.19483
0.269261 2.19365
0.269676 2.19246
0.270092 2.19128
0.270508 2.19009
0.270925 2.18891
0.271341 2.18772
0.271758 2.18654
0.272175 2.18536
0.272593 2.18418
0.273011 2.18299
0.273429 2.18181
0.273848 2.18063
0.274267 2.17945
0.274686 2.17827
0.275105 2.17709
0.275525 2.17591
0.275945 2.17473
0.276366 2.17355
0.276787 2.17237
0.277208 2.17119
0.277629 2.17001
0.278051 2.16883
0.278473 2.16765
0.278896 2.16647
0.279318 2.1653
0.279741 2.16412
0.280165 2.16294
0.280588 2.16176
0.281012 2.16059
0.281437 2.15941
0.281861 2.15824
0.282286 2.15706
0.282712 2.15589
0.283137 2.15471
0.283563 2.15354
0.283989 2.15236
0.284416 2.15119
0.284843 2.15002
0.28527 2.14884
0.285698 2.14767
0.286125 2.1465
0.286554 2.14533
0.286982 2.14415
0.287411 2.14298
0.28784 2.14181
0.28827 2.14064
0.288699 2.13947
0.289129 2.1383
0.28956 2.13713
0.289991 2.13596
0.290422 2.13479
0.290853 2.13362
0.291285 2.13245
0.291717 2.13128
0.292149 2.13012
0.292582 2.12895
0.293015 2.12778
0.293448 2.12661
0.293882 2.12545
0.294315 2.12428
0.29475 2.12312
0.295184 2.12195
0.295619 2.12078
0.296054 2.11962
0.29649 2.11845
0.296926 2.11729
0.297362 2.11613
0.297798 2.11496
0.298235 2.1138
0.298672 2.11264
0.29911 2.11147
0.299548 2.11031
0.299986 2.10915
0.300424 2.10799
0.300863 2.10682
0.301302 2.10566
0.301741 2.1045
0.302181 2.10334
0.302621 2.10218
0.303061 2.10102
0.303502 2.09986
0.303943 2.0987
0.304384 2.09754
0.304826 2.09638
0.305268 2.09523
0.30571 2.09407
0.306153 2.09291
0.306596 2.09175
0.307039 2.0906
0.307482 2.08944
0.307926 2.08828
0.30837 2.08713
0.308815 2.08597
0.30926 2.08481
0.309705 2.08366
0.31015 2.0825
0.310596 2.08135
0.311042 2.0802
0.311489 2.07904
0.311935 2.07789
0.312382 2.07674
0.31283 2.07558
0.313277 2.07443
0.313725 2.07328
0.314174 2.07213
0.314622 2.07097
0.315071 2.06982
0.315521 2.06867
0.31597 2.06752
0.31642 2.06637
0.316871 2.06522
0.317321 2.06407
0.317772 2.06292
0.318223 2.06177
0.318675 2.06062
0.319127 2.05947
0.319579 2.05833
0.320031 2.05718
0.320484 2.05603
0.320937 2.05488
0.321391 2.05374
0.321845 2.05259
0.322299 2.05144
0.322753 2.0503
0.323208 2.04915
0.323663 2.04801
0.324118 2.04686
0.324574 2.04572
0.32503 2.04457
0.325486 2.04343
0.325943 2.04229
0.3264 2.04114
0.326857 2.04
0.327315 2.03886
0.327773 2.03771
0.328231 2.03657
0.32869 2.03543
0.329149 2.03429
0.329608 2.03315
0.330067 2.03201
0.330527 2.03087
0.330987 2.02973
0.331448 2.02859
0.331909 2.02745
0.33237 2.02631
0.332831 2.02517
0.333293 2.02403
0.333755 2.02289
0.334218 2.02176
0.33468 2.02062
0.335143 2.01948
0.335607 2.01834
0.336071 2.01721
0.336535 2.01607
0.336999 2.01493
0.337464 2.0138
0.337929 2.01266
0.338394 2.01153
0.33886 2.01039
0.339325 2.00926
0.339792 2.00813
0.340258 2.00699
0.340725 2.00586
0.341192 2.00473
0.34166 2.00359
0.342128 2.00246
0.342596 2.00133
0.343065 2.0002
0.343533 1.99906
0.344003 1.99793
0.344472 1.9968
0.344942 1.99567
0.345412 1.99454
0.345882 1.99341
0.346353 1.99228
0.346824 1.99115
0.347296 1.99002
0.347767 1.9889
0.348239 1.98777
0.348712 1.98664
0.349184 1.98551
0.349657 1.98438
0.350131 1.98326
0.350604 1.98213
0.351078 1.981
0.351552 1.97988
0.352027 1.97875
0.352502 1.97763
0.352977 1.9765
0.353453 1.97538
0.353929 1.97425
0.354405 1.97313
0.354881 1.972
0.355358 1.97088
0.355835 1.96976
0.356313 1.96864
0.356791 1.96751
0.357269 1.96639
0.357747 1.96527
0.358226 1.96415
0.358705 1.96303
0.359184 1.9619
0.359664 1.96078
0.360144 1.95966
0.360624 1.95854
0.361105 1.95742
0.361586 1.95631
0.362067 1.95519
0.362549 1.95407
0.363031 1.95295
0.363513 1.95183
0.363996 1.95071
0.364479 1.9496
0.364962 1.94848
0.365446 1.94736
0.365929 1.94625
0.366414 1.94513
0.366898 1.94401
0.367383 1.9429
0.367868 1.94178
0.368354 1.94067
0.368839 1.93955
0.369325 1.93844
0.369812 1.93733
0.370299 1.93621
0.370786 1.9351
0.371273 1.93399
0.371761 1.93287
0.372249 1.93176
0.372737 1.93065
0.373226 1.92954
0.373715 1.92843
0.374204 1.92731
0.374694 1.9262
0.375184 1.92509
0.375674 1.92398
0.376165 1.92287
0.376656 1.92176
0.377147 1.92066
0.377638 1.91955
0.37813 1.91844
0.378622 1.91733
0.379115 1.91622
0.379608 1.91511
0.380101 1.91401
0.380594 1.9129
0.381088 1.91179
0.381582 1.91069
0.382077 1.90958
0.382572 1.90848
0.383067 1.90737
0.383562 1.90627
0.384058 1.90516
0.384554 1.90406
0.38505 1.90295
0.385547 1.90185
0.386044 1.90075
0.386541 1.89964
0.387039 1.89854
0.387537 1.89744
0.388035 1.89634
0.388534 1.89523
0.389033 1.89413
0.389532 1.89303
0.390031 1.89193
0.390531 1.89083
0.391031 1.88973
0.391532 1.88863
0.392033 1.88753
0.392534 1.88643
0.393035 1.88533
0.393537 1.88424
0.394039 1.88314
0.394542 1.88204
0.395045 1.88094
0.395548 1.87984
0.396051 1.87875
0.396555 1.87765
0.397059 1.87655
0.397563 1.87546
0.398068 1.87436
0.398573 1.87327
0.399078 1.87217
0.399584 1.87108
0.40009 1.86998
0.400596 1.86889
0.401103 1.8678
0.40161 1.8667
0.402117 1.86561
0.402624 1.86452
0.403132 1.86342
0.40364 1.86233
0.404149 1.86124
0.404658 1.86015
0.405167 1.85906
0.405676 1.85797
0.406186 1.85688
0.406696 1.85579
0.407207 1.8547
0.407718 1.85361
0.408229 1.85252
0.40874 1.85143
0.409252 1.85034
0.409764 1.84925
0.410276 1.84816
0.410789 1.84708
0.411302 1.84599
0.411815 1.8449
0.412329 1.84382
0.412843 1.84273
0.413357 1.84164
0.413872 1.84056
0.414387 1.83947
0.414902 1.83839
0.415418 1.8373
0.415933 1.83622
0.41645 1.83513
0.416966 1.83405
0.417483 1.83297
0.418 1.83188
0.418518 1.8308
0.419035 1.82972
0.419554 1.82864
0.420072 1.82755
0.420591 1.82647
0.42111 1.82539
0.421629 1.82431
0.422149 1.82323
0.422669 1.82215
0.423189 1.82107
0.42371 1.81999
0.424231 1.81891
0.424752 1.81783
0.425274 1.81675
0.425796 1.81567
0.426318 1.8146
0.426841 1.81352
0.427364 1.81244
0.427887 1.81136
0.428411 1.81029
0.428935 1.80921
0.429459 1.80813
0.429983 1.80706
0.430508 1.80598
0.431033 1.80491
0.431559 1.80383
0.432085 1.80276
0.432611 1.80168
0.433137 1.80061
0.433664 1.79954
0.434191 1.79846
0.434719 1.79739
0.435246 1.79632
0.435774 1.79525
0.436303 1.79417
0.436831 1.7931
0.43736 1.79203
0.43789 1.79096
0.438419 1.78989
0.438949 1.78882
0.43948 1.78775
0.44001 1.78668
0.440541 1.78561
0.441072 1.78454
0.441604 1.78347
0.442136 1.7824
0.442668 1.78134
0.443201 1.78027
0.443733 1.7792
0.444267 1.77813
0.4448 1.77707
0.445334 1.776
0.445868 1.77493
0.446403 1.77387
0.446937 1.7728
0.447472 1.77174
0.448008 1.77067
0.448544 1.76961
0.44908 1.76854
0.449616 1.76748
0.450153 1.76642
0.45069 1.76535
0.451227 1.76429
0.451765 1.76323
0.452303 1.76216
0.452841 1.7611
0.45338 1.76004
0.453919 1.75898
0.454458 1.75792
0.454997 1.75686
0.455537 1.7558
0.456077 1.75474
0.456618 1.75368
0.457159 1.75262
0.4577 1.75156
0.458242 1.7505
0.458783 1.74944
0.459325 1.74838
0.459868 1.74733
0.460411 1.74627
0.460954 1.74521
0.461497 1.74415
0.462041 1.7431
0.462585 1.74204
0.463129 1.74098
0.463674 1.73993
0.464219 1.73887
0.464764 1.73782
0.46531 1.73676
0.465856 1.73571
0.466402 1.73466
0.466949 1.7336
0.467496 1.73255
0.468043 1.7315
0.468591 1.73044
0.469139 1.72939
0.469687 1.72834
0.470235 1.72729
0.470784 1.72624
0.471333 1.72518
0.471883 1.72413
0.472433 1.72308
0.472983 1.72203
0.473533 1.72098
0.474084 1.71993
0.474635 1.71888
0.475187 1.71784
0.475738 1.71679
0.47629 1.71574
0.476843 1.71469
0.477396 1.71364
0.477949 1.7126
0.478502 1.71155
0.479056 1.7105
0.47961 1.70946
0.480164 1.70841
0.480719 1.70736
0.481273 1.70632
0.481829 1.70527
0.482384 1.70423
0.48294 1.70318
0.483496 1.70214
0.484053 1.7011
0.48461 1.70005
0.485167 1.69901
0.485725 1.69797
0.486282 1.69692
0.48684 1.69588
0.487399 1.69484
0.487958 1.6938
0.488517 1.69276
0.489076 1.69172
0.489636 1.69068
0.490196 1.68964
0.490756 1.6886
0.491317 1.68756
0.491878 1.68652
0.49244 1.68548
0.493001 1.68444
0.493563 1.6834
0.494125 1.68236
0.494688 1.68133
0.495251 1.68029
0.495814 1.67925
0.496378 1.67821
0.496942 1.67718
0.497506 1.67614
0.498071 1.67511
0.498635 1.67407
0.499201 1.67304
0.499766 1.672
0.500332 1.67097
0.500898 1.66993
0.501465 1.6689
0.502031 1.66786
0.502598 1.66683
0.503166 1.6658
0.503734 1.66477
0.504302 1.66373
0.50487 1.6627
0.505439 1.66167
0.506008 1.66064
0.506577 1.65961
0.507147 1.65858
0.507717 1.65755
0.508287 1.65652
0.508858 1.65549
0.509429 1.65446
0.51 1.65343
0.510572 1.6524
0.511143 1.65137
0.511716 1.65034
0.512288 1.64932
0.512861 1.64829
0.513434 1.64726
0.514008 1.64623
0.514582 1.64521
0.515156 1.64418
0.51573 1.64316
0.516305 1.64213
0.51688 1.64111
0.517456 1.64008
0.518031 1.63906
0.518607 1.63803
0.519184 1.63701
0.519761 1.63598
0.520338 1.63496
0.520915 1.63394
0.521493 1.63291
0.522071 1.63189
0.522649 1.63087
0.523228 1.62985
0.523806 1.62883
0.524386 1.62781
0.524965 1.62679
0.525545 1.62577
0.526125 1.62475
0.526706 1.62373
0.527287 1.62271
0.527868 1.62169
0.52845 1.62067
0.529031 1.61965
0.529614 1.61863
0.530196 1.61761
0.530779 1.6166
0.531362 1.61558
0.531945 1.61456
0.532529 1.61355
0.533113 1.61253
0.533698 1.61151
0.534282 1.6105
0.534867 1.60948
0.535453 1.60847
0.536038 1.60745
0.536624 1.60644
0.537211 1.60542
0.537797 1.60441
0.538384 1.6034
0.538972 1.60238
0.539559 1.60137
0.540147 1.60036
0.540735 1.59935
0.541324 1.59834
0.541913 1.59732
0.542502 1.59631
0.543091 1.5953
0.543681 1.59429
0.544271 1.59328
0.544862 1.59227
0.545453 1.59126
0.546044 1.59025
0.546635 1.58924
0.547227 1.58824
0.547819 1.58723
0.548412 1.58622
0.549004 1.58521
0.549597 1.5842
0.550191 1.5832
0.550784 1.58219
0.551378 1.58118
0.551973 1.58018
0.552567 1.57917
0.553162 1.57817
0.553757 1.57716
0.554353 1.57616
0.554949 1.57515
0.555545 1.57415
0.556142 1.57315
0.556739 1.57214
0.557336 1.57114
0.557933 1.57014
0.558531 1.56913
0.559129 1.56813
0.559728 1.56713
0.560327 1.56613
0.560926 1.56513
0.561525 1.56413
0.562125 1.56313
0.562725 1.56212
0.563325 1.56113
0.563926 1.56013
0.564527 1.55913
0.565129 1.55813
0.56573 1.55713
0.566332 1.55613
0.566935 1.55513
0.567537 1.55413
0.56814 1.55314
0.568743 1.55214
0.569347 1.55114
0.569951 1.55015
0.570555 1.54915
0.57116 1.54816
0.571765 1.54716
0.57237 1.54616
0.572975 1.54517
0.573581 1.54418
0.574187 1.54318
0.574794 1.54219
0.575401 1.54119
0.576008 1.5402
0.576615 1.53921
0.577223 1.53822
0.577831 1.53722
0.57844 1.53623
0.579048 1.53524
0.579657 1.53425
0.580267 1.53326
0.580876 1.53227
0.581486 1.53128
0.582097 1.53029
0.582707 1.5293
0.583318 1.52831
0.58393 1.52732
0.584541 1.52633
0.585153 1.52534
0.585765 1.52435
0.586378 1.52337
0.586991 1.52238
0.587604 1.52139
0.588218 1.5204
0.588831 1.51942
0.589446 1.51843
0.59006 1.51745
0.590675 1.51646
0.59129 1.51547
0.591905 1.51449
0.592521 1.51351
0.593137 1.51252
0.593754 1.51154
0.59437 1.51055
0.594987 1.50957
0.595605 1.50859
0.596222 1.5076
0.59684 1.50662
0.597459 1.50564
0.598077 1.50466
0.598696 1.50368
0.599316 1.5027
0.599935 1.50172
0.600555 1.50074
0.601175 1.49976
0.601796 1.49878
0.602417 1.4978
0.603038 1.49682
0.60366 1.49584
0.604282 1.49486
0.604904 1.49388
0.605526 1.4929
0.606149 1.49193
0.606772 1.49095
0.607396 1.48997
0.608019 1.489
0.608643 1.48802
0.609268 1.48704
0.609893 1.48607
0.610518 1.48509
0.611143 1.48412
0.611769 1.48314
0.612395 1.48217
0.613021 1.48119
0.613648 1.48022
0.614275 1.47925
0.614902 1.47827
0.61553 1.4773
0.616157 1.47633
0.616786 1.47536
0.617414 1.47439
0.618043 1.47341
0.618672 1.47244
0.619302 1.47147
0.619932 1.4705
0.620562 1.46953
0.621192 1.46856
0.621823 1.46759
0.622454 1.46662
0.623086 1.46565
0.623718 1.46469
0.62435 1.46372
0.624982 1.46275
0.625615 1.46178
0.626248 1.46081
0.626881 1.45985
0.627515 1.45888
0.628149 1.45791
0.628783 1.45695
0.629418 1.45598
0.630053 1.45502
0.630688 1.45405
0.631324 1.45309
0.63196 1.45212
0.632596 1.45116
0.633233 1.4502
0.63387 1.44923
0.634507 1.44827
0.635144 1.44731
0.635782 1.44634
0.63642 1.44538
0.637059 1.44442
0.637698 1.44346
0.638337 1.4425
0.638976 1.44154
0.639616 1.44058
0.640256 1.43962
0.640896 1.43866
0.641537 1.4377
0.642178 1.43674
0.64282 1.43578
0.643461 1.43482
0.644103 1.43386
0.644746 1.4329
0.645388 1.43195
0.646031 1.43099
0.646675 1.43003
0.647318 1.42907
0.647962 1.42812
0.648606 1.42716
0.649251 1.42621
0.649896 1.42525
0.650541 1.4243
0.651187 1.42334
0.651833 1.42239
0.652479 1.42143
0.653125 1.42048
0.653772 1.41953
0.654419 1.41857
0.655067 1.41762
0.655714 1.41667
0.656363 1.41571
0.657011 1.41476
0.65766 1.41381
0.658309 1.41286
0.658958 1.41191
0.659608 1.41096
0.660258 1.41001
0.660908 1.40906
0.661559 1.40811
0.66221 1.40716
0.662861 1.40621
0.663513 1.40526
0.664165 1.40431
0.664817 1.40336
0.66547 1.40242
0.666122 1.40147
0.666776 1.40052
0.667429 1.39958
0.668083 1.39863
0.668737 1.39768
0.669392 1.39674
0.670047 1.39579
0.670702 1.39485
0.671357 1.3939
0.672013 1.39296
0.672669 1.39201
0.673325 1.39107
0.673982 1.39013
0.674639 1.38918
0.675297 1.38824
0.675954 1.3873
0.676612 1.38635
0.677271 1.38541
0.677929 1.38447
0.678588 1.38353
0.679248 1.38259
0.679907 1.38165
0.680567 1.38071
0.681228 1.37977
0.681888 1.37883
0.682549 1.37789
0.68321 1.37695
0.683872 1.37601
0.684534 1.37507
0.685196 1.37413
0.685858 1.3732
0.686521 1.37226
0.687184 1.37132
0.687848 1.37038
0.688512 1.36945
0.689176 1.36851
0.68984 1.36758
0.690505 1.36664
0.69117 1.3657
0.691835 1.36477
0.692501 1.36384
0.693167 1.3629
0.693833 1.36197
0.6945 1.36103
0.695167 1.3601
0.695834 1.35917
0.696502 1.35823
0.69717 1.3573
0.697838 1.35637
0.698507 1.35544
0.699176 1.35451
0.699845 1.35358
0.700514 1.35264
0.701184 1.35171
0.701854 1.35078
0.702525 1.34985
0.703196 1.34892
0.703867 1.348
0.704538 1.34707
0.70521 1.34614
0.705882 1.34521
0.706555 1.34428
0.707228 1.34335
0.707901 1.34243
0.708574 1.3415
0.709248 1.34057
0.709922 1.33965
0.710596 1.33872
0.711271 1.3378
0.711946 1.33687
0.712621 1.33595
0.713297 1.33502
0.713973 1.3341
0.714649 1.33317
0.715325 1.33225
0.716002 1.33133
0.71668 1.3304
0.717357 1.32948
0.718035 1.32856
0.718713 1.32764
0.719392 1.32671
0.720071 1.32579
0.72075 1.32487
0.721429 1.32395
0.722109 1.32303
0.722789 1.32211
0.72347 1.32119
0.72415 1.32027
0.724831 1.31935
0.725513 1.31843
0.726194 1.31751
0.726876 1.31659
0.727559 1.31568
0.728242 1.31476
0.728925 1.31384
0.729608 1.31292
0.730291 1.31201
0.730975 1.31109
0.73166 1.31018
0.732344 1.30926
0.733029 1.30834
0.733714 1.30743
0.7344 1.30651
0.735086 1.3056
0.735772 1.30469
0.736459 1.30377
0.737145 1.30286
0.737833 1.30195
0.73852 1.30103
0.739208 1.30012
0.739896 1.29921
0.740584 1.2983
0.741273 1.29738
0.741962 1.29647
0.742652 1.29556
0.743341 1.29465
0.744031 1.29374
0.744722 1.29283
0.745412 1.29192
0.746103 1.29101
0.746795 1.2901
0.747486 1.28919
0.748178 1.28829
0.748871 1.28738
0.749563 1.28647
0.750256 1.28556
0.750949 1.28466
0.751643 1.28375
0.752337 1.28284
0.753031 1.28194
0.753725 1.28103
0.75442 1.28013
0.755115 1.27922
0.755811 1.27832
0.756507 1.27741
0.757203 1.27651
0.757899 1.2756
0.758596 1.2747
0.759293 1.2738
0.759991 1.27289
0.760688 1.27199
0.761386 1.27109
0.762085 1.27019
0.762783 1.26928
0.763482 1.26838
0.764182 1.26748
0.764881 1.26658
0.765581 1.26568
0.766282 1.26478
0.766982 1.26388
0.767683 1.26298
0.768384 1.26208
0.769086 1.26118
0.769788 1.26029
0.77049 1.25939
0.771192 1.25849
0.771895 1.25759
0.772598 1.2567
0.773302 1.2558
0.774006 1.2549
0.77471 1.25401
0.775414 1.25311
0.776119 1.25221
0.776824 1.25132
0.77753 1.25042
0.778235 1.24953
0.778941 1.24864
0.779648 1.24774
0.780354 1.24685
0.781061 1.24595
0.781769 1.24506
0.782476 1.24417
0.783184 1.24328
0.783893 1.24238
0.784601 1.24149
0.78531 1.2406
0.786019 1.23971
0.786729 1.23882
0.787439 1.23793
0.788149 1.23704
0.78886 1.23615
0.78957 1.23526
0.790282 1.23437
0.790993 1.23348
0.791705 1.23259
0.792417 1.2317
0.793129 1.23082
0.793842 1.22993
0.794555 1.22904
0.795269 1.22816
0.795982 1.22727
0.796696 1.22638
0.797411 1.2255
0.798125 1.22461
0.79884 1.22373
0.799556 1.22284
0.800271 1.22196
0.800987 1.22107
0.801704 1.22019
0.80242 1.2193
0.803137 1.21842
0.803854 1.21754
0.804572 1.21665
0.80529 1.21577
0.806008 1.21489
0.806727 1.21401
0.807446 1.21313
0.808165 1.21225
0.808884 1.21136
0.809604 1.21048
0.810324 1.2096
0.811045 1.20872
0.811765 1.20784
0.812486 1.20697
0.813208 1.20609
0.81393 1.20521
0.814652 1.20433
0.815374 1.20345
0.816097 1.20257
0.81682 1.2017
0.817543 1.20082
0.818267 1.19994
0.818991 1.19907
0.819715 1.19819
0.82044 1.19731
0.821164 1.19644
0.82189 1.19556
0.822615 1.19469
0.823341 1.19382
0.824067 1.19294
0.824794 1.19207
0.825521 1.19119
0.826248 1.19032
0.826975 1.18945
0.827703 1.18858
0.828431 1.1877
0.82916 1.18683
0.829889 1.18596
0.830618 1.18509
0.831347 1.18422
0.832077 1.18335
0.832807 1.18248
0.833537 1.18161
0.834268 1.18074
0.834999 1.17987
0.83573 1.179
0.836462 1.17813
0.837194 1.17726
0.837926 1.17639
0.838659 1.17553
0.839392 1.17466
0.840125 1.17379
0.840859 1.17292
0.841592 1.17206
0.842327 1.17119
0.843061 1.17033
0.843796 1.16946
0.844531 1.1686
0.845267 1.16773
0.846003 1.16687
0.846739 1.166
0.847475 1.16514
0.848212 1.16428
0.848949 1.16341
0.849686 1.16255
0.850424 1.16169
0.851162 1.16082
0.851901 1.15996
0.852639 1.1591
0.853378 1.15824
0.854118 1.15738
0.854857 1.15652
0.855597 1.15566
0.856338 1.1548
0.857078 1.15394
0.857819 1.15308
0.85856 1.15222
0.859302 1.15136
0.860044 1.1505
0.860786 1.14964
0.861529 1.14879
0.862271 1.14793
0.863015 1.14707
0.863758 1.14621
0.864502 1.14536
0.865246 1.1445
0.865991 1.14365
0.866735 1.14279
0.86748 1.14194
0.868226 1.14108
0.868972 1.14023
0.869718 1.13937
0.870464 1.13852
0.871211 1.13766
0.871958 1.13681
0.872705 1.13596
0.873453 1.13511
0.874201 1.13425
0.874949 1.1334
0.875698 1.13255
0.876447 1.1317
0.877196 1.13085
0.877945 1.13
0.878695 1.12915
0.879446 1.1283
0.880196 1.12745
0.880947 1.1266
0.881698 1.12575
0.88245 1.1249
0.883201 1.12405
0.883954 1.1232
0.884706 1.12235
0.885459 1.12151
0.886212 1.12066
0.886965 1.11981
0.887719 1.11897
0.888473 1.11812
0.889227 1.11727
0.889982 1.11643
0.890737 1.11558
0.891493 1.11474
0.892248 1.11389
0.893004 1.11305
0.893761 1.1122
0.894517 1.11136
0.895274 1.11052
0.896031 1.10967
0.896789 1.10883
0.897547 1.10799
0.898305 1.10715
0.899064 1.10631
0.899822 1.10546
0.900582 1.10462
0.901341 1.10378
0.902101 1.10294
0.902861 1.1021
0.903622 1.10126
0.904382 1.10042
0.905143 1.09958
0.905905 1.09874
0.906667 1.0979
0.907429 1.09707
0.908191 1.09623
0.908954 1.09539
0.909717 1.09455
0.91048 1.09372
0.911244 1.09288
0.912008 1.09204
0.912772 1.09121
0.913537 1.09037
0.914302 1.08954
0.915067 1.0887
0.915833 1.08787
0.916598 1.08703
0.917365 1.0862
0.918131 1.08536
0.918898 1.08453
0.919665 1.0837
0.920433 1.08287
0.921201 1.08203
0.921969 1.0812
0.922737 1.08037
0.923506 1.07954
0.924275 1.07871
0.925045 1.07788
0.925814 1.07704
0.926584 1.07621
0.927355 1.07538
0.928125 1.07455
0.928896 1.07373
0.929668 1.0729
0.930439 1.07207
0.931211 1.07124
0.931984 1.07041
0.932756 1.06958
0.933529 1.06876
0.934303 1.06793
0.935076 1.0671
0.93585 1.06628
0.936624 1.06545
0.937399 1.06462
0.938174 1.0638
0.938949 1.06297
0.939724 1.06215
0.9405 1.06132
0.941276 1.0605
0.942053 1.05968
0.94283 1.05885
0.943607 1.05803
0.944384 1.05721
0.945162 1.05638
0.94594 1.05556
0.946718 1.05474
0.947497 1.05392
0.948276 1.0531
0.949056 1.05228
0.949835 1.05146
0.950615 1.05064
0.951396 1.04982
0.952176 1.049
0.952957 1.04818
0.953738 1.04736
0.95452 1.04654
0.955302 1.04572
0.956084 1.0449
0.956867 1.04408
0.95765 1.04327
0.958433 1.04245
0.959216 1.04163
0.96 1.04082
0.960784 1.04
0.961569 1.03918
0.962354 1.03837
0.963139 1.03755
0.963924 1.03674
0.96471 1.03592
0.965496 1.03511
0.966282 1.0343
0.967069 1.03348
0.967856 1.03267
0.968643 1.03186
0.969431 1.03104
0.970219 1.03023
0.971007 1.02942
0.971796 1.02861
0.972585 1.0278
0.973374 1.02698
0.974164 1.02617
0.974954 1.02536
0.975744 1.02455
0.976535 1.02374
0.977325 1.02293
0.978117 1.02213
0.978908 1.02132
0.9797 1.02051
0.980492 1.0197
0.981285 1.01889
0.982077 1.01808
0.982871 1.01728
0.983664 1.01647
0.984458 1.01566
0.985252 1.01486
0.986046 1.01405
0.986841 1.01325
0.987636 1.01244
0.988431 1.01164
0.989227 1.01083
0.990023 1.01003
0.990819 1.00922
0.991616 1.00842
0.992413 1.00762
0.99321 1.00681
0.994008 1.00601
0.994806 1.00521
0.995604 1.00441
0.996403 1.0036
0.997201 1.0028
0.998001 1.002
0.9988 1.0012
0.9996 1.0004
1.0004 0.9996
1.0012 0.9988
1.002 0.998001
1.0028 0.997201
1.0036 0.996403
1.00441 0.995604
1.00521 0.994806
1.00601 0.994008
1.00681 0.99321
1.00762 0.992413
1.00842 0.991616
1.00922 0.990819
1.01003 0.990023
1.01083 0.989227
1.01164 0.988431
1.01244 0.987636
1.01325 0.986841
1.01405 0.986046
1.01486 0.985252
1.01566 0.984458
1.01647 0.983664
1.01728 0.982871
1.01808 0.982077
1.01889 0.981285
1.0197 0.980492
1.02051 0.9797
1.02132 0.978908
1.02213 0.978117
1.02293 0.977325
1.02374 0.976535
1.02455 0.975744
1.02536 0.974954
1.02617 0.974164
1.02698 0.973374
1.0278 0.972585
1.02861 0.971796
1.02942 0.971007
1.03023 0.970219
1.03104 0.969431
1.03186 0.968643
1.03267 0.967856
1.03348 0.967069
1.0343 0.966282
1.03511 0.965496
1.03592 0.96471
1.03674 0.963924
1.03755 0.963139
1.03837 0.962354
1.03918 0.961569
1.04 0.960784
1.04082 0.96
1.04163 0.959216
1.04245 0.958433
1.04327 0.95765
1.04408 0.956867
1.0449 0.956084
1.04572 0.955302
1.04654 0.95452
1.04736 0.953738
1.04818 0.952957
1.049 0.952176
1.04982 0.951396
1.05064 0.950615
1.05146 0.949835
1.05228 0.949056
1.0531 0.948276
1.05392 0.947497
1.05474 0.946718
1.05556 0.94594
1.05638 0.945162
1.05721 0.944384
1.05803 0.943607
1.05885 0.94283
1.05968 0.942053
1.0605 0.941276
1.06132 0.9405
1.06215 0.939724
1.06297 0.938949
1.0638 0.938174
1.06462 0.937399
1.06545 0.936624
1.06628 0.93585
1.0671 0.935076
1.06793 0.934303
1.06876 0.933529
1.06958 0.932756
1.07041 0.931984
1.07124 0.931211
1.07207 0.930439
1.0729 0.929668
1.07373 0.928896
1.07455 0.928125
1.07538 0.927355
1.07621 0.926584
1.07704 0.925814
1.07788 0.925045
1.07871 0.924275
1.07954 0.923506
1.08037 0.922737
1.0812 0.921969
1.08203 0.921201
1.08287 0.920433
1.0837 0.919665
1.08453 0.918898
1.08536 0.918131
1.0862 0.917365
1.08703 0.916598
1.08787 0.915833
1.0887 0.915067
1.08954 0.914302
1.09037 0.913537
1.09121 0.912772
1.09204 0.912008
1.09288 0.911244
1.09372 0.91048
1.09455 0.909717
1.09539 0.908954
1.09623 0.908191
1.09707 0.907429
1.0979 0.906667
1.09874 0.905905
1.09958 0.905143
1.10042 0.904382
1.10126 0.903622
1.1021 0.902861
1.10294 0.902101
1.10378 0.901341
1.10462 0.900582
1.10546 0.899822
1.10631 0.899064
1.10715 0.898305
1.10799 0.897547
1.10883 0.896789
1.10967 0.896031
1.11052 0.895274
1.11136 0.894517
1.1122 0.893761
1.11305 0.893004
1.11389 0.892248
1.11474 0.891493
1.11558 0.890737
1.11643 0.889982
1.11727 0.889227
1.11812 0.888473
1.11897 0.887719
1.11981 0.886965
1.12066 0.886212
1.12151 0.885459
1.12235 0.884706
1.1232 0.883954
1.12405 0.883201
1.1249 0.88245
1.12575 0.881698
1.1266 0.880947
1.12745 0.880196
1.1283 0.879446
1.12915 0.878695
1.13 0.877945
1.13085 0.877196
1.1317 0.876447
1.13255 0.875698
1.1334 0.874949
1.13425 0.874201
1.13511 0.873453
1.13596 0.872705
1.13681 0.871958
1.13766 0.871211
1.13852 0.870464
1.13937 0.869718
1.14023 0.868972
1.14108 0.868226
1.14194 0.86748
1.14279 0.866735
1.14365 0.865991
1.1445 0.865246
1.14536 0.864502
1.14621 0.863758
1.14707 0.863015
1.14793 0.862271
1.14879 0.861529
1.14964 0.860786
1.1505 0.860044
1.15136 0.859302
1.15222 0.85856
1.15308 0.857819
1.15394 0.857078
1.1548 0.856338
1.15566 0.855597
1.15652 0.854857
1.15738 0.854118
1.15824 0.853378
1.1591 0.852639
1.15996 0.851901
1.16082 0.851162
1.16169 0.850424
1.16255 0.849686
1.16341 0.848949
1.16428 0.848212
1.16514 0.847475
1.166 0.846739
1.16687 0.846003
1.16773 0.845267
1.1686 0.844531
1.16946 0.843796
1.17033 0.843061
1.17119 0.842327
1.17206 0.841592
1.17292 0.840859
1.17379 0.840125
1.17466 0.839392
1.17553 0.838659
1.17639 0.837926
1.17726 0.837194
1.17813 0.836462
1.179 0.83573
1.17987 0.834999
1.18074 0.834268
1.18161 0.833537
1.18248 0.832807
1.18335 0.832077
1.18422 0.831347
1.18509 0.830618
1.18596 0.829889
1.18683 0.82916
1.1877 0.828431
1.18858 0.827703
1.18945 0.826975
1.19032 0.826248
1.19119 0.825521
1.19207 0.824794
1.19294 0.824067
1.19382 0.823341
1.19469 0.822615
1.19556 0.82189
1.19644 0.821164
1.19731 0.82044
1.19819 0.819715
1.19907 0.818991
1.19994 0.818267
1.20082 0.817543
1.2017 0.81682
1.20257 0.816097
1.20345 0.815374
1.20433 0.814652
1.20521 0.81393
1.20609 0.813208
1.20697 0.812486
1.20784 0.811765
1.20872 0.811045
1.2096 0.810324
1.21048 0.809604
1.21136 0.808884
1.21225 0.808165
1.21313 0.807446
1.21401 0.806727
1.21489 0.806008
1.21577 0.80529
1.21665 0.804572
1.21754 0.803854
1.21842 0.803137
1.2193 0.80242
1.22019 0.801704
1.22107 0.800987
1.22196 0.800271
1.22284 0.799556
1.22373 0.79884
1.22461 0.798125
1.2255 0.797411
1.22638 0.796696
1.22727 0.795982
1.22816 0.795269
1.22904 0.794555
1.22993 0.793842
1.23082 0.793129
1.2317 0.792417
1.23259 0.791705
1.23348 0.790993
1.23437 0.790282
1.23526 0.78957
1.23615 0.78886
1.23704 0.788149
1.23793 0.787439
1.23882 0.786729
1.23971 0.786019
1.2406 0.78531
1.24149 0.784601
1.24238 0.783893
1.24328 0.783184
1.24417 0.782476
1.24506 0.781769
1.24595 0.781061
1.24685 0.780354
1.24774 0.779648
1.24864 0.778941
1.24953 0.778235
1.25042 0.77753
1.25132 0.776824
1.25221 0.776119
1.25311 0.775414
1.25401 0.77471
1.2549 0.774006
1.2558 0.773302
1.2567 0.772598
1.25759 0.771895
1.25849 0.771192
1.25939 0.77049
1.26029 0.769788
1.26118 0.769086
1.26208 0.768384
1.26298 0.767683
1.26388 0.766982
1.26478 0.766282
1.26568 0.765581
1.26658 0.764881
1.26748 0.764182
1.26838 0.763482
1.26928 0.762783
1.27019 0.762085
1.27109 0.761386
1.27199 0.760688
1.27289 0.759991
1.2738 0.759293
1.2747 0.758596
1.2756 0.757899
1.27651 0.757203
1.27741 0.756507
1.27832 0.755811
1.27922 0.755115
1.28013 0.75442
1.28103 0.753725
1.28194 0.753031
1.28284 0.752337
1.28375 0.751643
1.28466 0.750949
1.28556 0.750256
1.28647 0.749563
1.28738 0.748871
1.28829 0.748178
1.28919 0.747486
1.2901 0.746795
1.29101 0.746103
1.29192 0.745412
1.29283 0.744722
1.29374 0.744031
1.29465 0.743341
1.29556 0.742652
1.29647 0.741962
1.29738 0.741273
1.2983 0.740584
1.29921 0.739896
1.30012 0.739208
1.30103 0.73852
1.30195 0.737833
1.30286 0.737145
1.30377 0.736459
1.30469 0.735772
1.3056 0.735086
1.30651 0.7344
1.30743 0.733714
1.30834 0.733029
1.30926 0.732344
1.31018 0.73166
1.31109 0.730975
1.31201 0.730291
1.31292 0.729608
1.31384 0.728925
1.31476 0.728242
1.31568 0.727559
1.31659 0.726876
1.31751 0.726194
1.31843 0.725513
1.31935 0.724831
1.32027 0.72415
1.32119 0.72347
1.32211 0.722789
1.32303 0.722109
1.32395 0.721429
1.32487 0.72075
1.32579 0.720071
1.32671 0.719392
1.32764 0.718713
1.32856 0.718035
1.32948 0.717357
1.3304 0.71668
1.33133 0.716002
1.33225 0.715325
1.33317 0.714649
1.3341 0.713973
1.33502 0.713297
1.33595 0.712621
1.33687 0.711946
1.3378 0.711271
1.33872 0.710596
1.33965 0.709922
1.34057 0.709248
1.3415 0.708574
1.34243 0.707901
1.34335 0.707228
1.34428 0.706555
1.34521 0.705882
1.34614 0.70521
1.34707 0.704538
1.348 0.703867
1.34892 0.703196
1.34985 0.702525
1.35078 0.701854
1.35171 0.701184
1.35264 0.700514
1.35358 0.699845
1.35451 0.699176
1.35544 0.698507
1.35637 0.697838
1.3573 0.69717
1.35823 0.696502
1.35917 0.695834
1.3601 0.695167
1.36103 0.6945
1.36197 0.693833
1.3629 0.693167
1.36384 0.692501
1.36477 0.691835
1.3657 0.69117
1.36664 0.690505
1.36758 0.68984
1.36851 0.689176
1.36945 0.688512
1.37038 0.687848
1.37132 0.687184
1.37226 0.686521
1.3732 0.685858
1.37413 0.685196
1.37507 0.684534
1.37601 0.683872
1.37695 0.68321
1.37789 0.682549
1.37883 0.681888
1.37977 0.681228
1.38071 0.680567
1.38165 0.679907
1.38259 0.679248
1.38353 0.678588
1.38447 0.677929
1.38541 0.677271
1.38635 0.676612
1.3873 0.675954
1.38824 0.675297
1.38918 0.674639
1.39013 0.673982
1.39107 0.673325
1.39201 0.672669
1.39296 0.672013
1.3939 0.671357
1.39485 0.670702
1.39579 0.670047
1.39674 0.669392
1.39768 0.668737
1.39863 0.668083
1.39958 0.667429
1.40052 0.666776
1.40147 0.666122
1.40242 0.66547
1.40336 0.664817
1.40431 0.664165
1.40526 0.663513
1.40621 0.662861
1.40716 0.66221
1.40811 0.661559
1.40906 0.660908
1.41001 0.660258
1.41096 0.659608
1.41191 0.658958
1.41286 0.658309
1.41381 0.65766
1.41476 0.657011
1.41571 0.656363
1.41667 0.655714
1.41762 0.655067
1.41857 0.654419
1.41953 0.653772
1.42048 0.653125
1.42143 0.652479
1.42239 0.651833
1.42334 0.651187
1.4243 0.650541
1.42525 0.649896
1.42621 0.649251
1.42716 0.648606
1.42812 0.647962
1.42907 0.647318
1.43003 0.646675
1.43099 0.646031
1.43195 0.645388
1.4329 0.644746
1.43386 0.644103
1.43482 0.643461
1.43578 0.64282
1.43674 0.642178
1.4377 0.641537
1.43866 0.640896
1.43962 0.640256
1.44058 0.639616
1.44154 0.638976
1.4425 0.638337
1.44346 0.637698
1.44442 0.637059
1.44538 0.63642
1.44634 0.635782
1.44731 0.635144
1.44827 0.634507
1.44923 0.63387
1.4502 0.633233
1.45116 0.632596
1.45212 0.63196
1.45309 0.631324
1.45405 0.630688
1.45502 0.630053
1.45598 0.629418
1.45695 0.628783
1.45791 0.628149
1.45888 0.627515
1.45985 0.626881
1.46081 0.626248
1.46178 0.625615
1.46275 0.624982
1.46372 0.62435
1.46469 0.623718
1.46565 0.623086
1.46662 0.622454
1.46759 0.621823
1.46856 0.621192
1.46953 0.620562
1.4705 0.619932
1.47147 0.619302
1.47244 0.618672
1.47341 0.618043
1.47439 0.617414
1.47536 0.616786
1.47633 0.616157
1.4773 0.61553
1.47827 0.614902
1.47925 0.614275
1.48022 0.613648
1.48119 0.613021
1.48217 0.612395
1.48314 0.611769
1.48412 0.611143
1.48509 0.610518
1.48607 0.609893
1.48704 0.609268
1.48802 0.608643
1.489 0.608019
1.48997 0.607396
1.49095 0.606772
1.49193 0.606149
1.4929 0.605526
1.49388 0.604904
1.49486 0.604282
1.49584 0.60366
1.49682 0.603038
1.4978 0.602417
1.49878 0.601796
1.49976 0.601175
1.50074 0.600555
1.50172 0.599935
1.5027 0.599316
1.50368 0.598696
1.50466 0.598077
1.50564 0.597459
1.50662 0.59684
1.5076 0.596222
1.50859 0.595605
1.50957 0.594987
1.51055 0.59437
1.51154 0.593754
1.51252 0.593137
1.51351 0.592521
1.51449 0.591905
1.51547 0.59129
1.51646 0.590675
1.51745 0.59006
1.51843 0.589446
1.51942 0.588831
1.5204 0.588218
1.52139 0.587604
1.52238 0.586991
1.52337 0.586378
1.52435 0.585765
1.52534 0.585153
1.52633 0.584541
1.52732 0.58393
1.52831 0.583318
1.5293 0.582707
1.53029 0.582097
1.53128 0.581486
1.53227 0.580876
1.53326 0.580267
1.53425 0.579657
1.53524 0.579048
1.53623 0.57844
1.53722 0.577831
1.53822 0.577223
1.53921 0.576615
1.5402 0.576008
1.54119 0.575401
1.54219 0.574794
1.54318 0.574187
1.54418 0.573581
1.54517 0.572975
1.54616 0.57237
1.54716 0.571765
1.54816 0.57116
1.54915 0.570555
1.55015 0.569951
1.55114 0.569347
1.55214 0.568743
1.55314 0.56814
1.55413 0.567537
1.55513 0.566935
1.55613 0.566332
1.55713 0.56573
1.55813 0.565129
1.55913 0.564527
1.56013 0.563926
1.56113 0.563325
1.56212 0.562725
1.56313 0.562125
1.56413 0.561525
1.56513 0.560926
1.56613 0.560327
1.56713 0.559728
1.56813 0.559129
1.56913 0.558531
1.57014 0.557933
1.57114 0.557336
1.57214 0.556739
1.57315 0.556142
1.57415 0.555545
1.57515 0.554949
1.57616 0.554353
1.57716 0.553757
1.57817 0.553162
1.57917 0.552567
1.58018 0.551973
1.58118 0.551378
1.58219 0.550784
1.5832 0.550191
1.5842 0.549597
1.58521 0.549004
1.58622 0.548412
1.58723 0.547819
1.58824 0.547227
1.58924 0.546635
1.59025 0.546044
1.59126 0.545453
1.59227 0.544862
1.59328 0.544271
1.59429 0.543681
1.5953 0.543091
1.59631 0.542502
1.59732 0.541913
1.59834 0.541324
1.59935 0.540735
1.60036 0.540147
1.60137 0.539559
1.60238 0.538972
1.6034 0.538384
1.60441 0.537797
1.60542 0.537211
1.60644 0.536624
1.60745 0.536038
1.60847 0.535453
1.60948 0.534867
1.6105 0.534282
1.61151 0.533698
1.61253 0.533113
1.61355 0.532529
1.61456 0.531945
1.61558 0.531362
1.6166 0.530779
1.61761 0.530196
1.61863 0.529614
1.61965 0.529031
1.62067 0.52845
1.62169 0.527868
1.62271 0.527287
1.62373 0.526706
1.62475 0.526125
1.62577 0.525545
1.62679 0.524965
1.62781 0.524386
1.62883 0.523806
1.62985 0.523228
1.63087 0.522649
1.63189 0.522071
1.63291 0.521493
1.63394 0.520915
1.63496 0.520338
1.63598 0.519761
1.63701 0.519184
1.63803 0.518607
1.63906 0.518031
1.64008 0.517456
1.64111 0.51688
1.64213 0.516305
1.64316 0.51573
1.64418 0.515156
1.64521 0.514582
1.64623 0.514008
1.64726 0.513434
1.64829 0.512861
1.64932 0.512288
1.65034 0.511716
1.65137 0.511143
1.6524 0.510572
1.65343 0.51
1.65446 0.509429
1.65549 0.508858
1.65652 0.508287
1.65755 0.507717
1.65858 0.507147
1.65961 0.506577
1.66064 0.506008
1.66167 0.505439
1.6627 0.50487
1.66373 0.504302
1.66477 0.503734
1.6658 0.503166
1.66683 0.502598
1.66786 0.502031
1.6689 0.501465
1.66993 0.500898
1.67097 0.500332
1.672 0.499766
1.67304 0.499201
1.67407 0.498635
1.67511 0.498071
1.67614 0.497506
1.67718 0.496942
1.67821 0.496378
1.67925 0.495814
1.68029 0.495251
1.68133 0.494688
1.68236 0.494125
1.6834 0.493563
1.68444 0.493001
1.68548 0.49244
1.68652 0.491878
1.68756 0.491317
1.6886 0.490756
1.68964 0.490196
1.69068 0.489636
1.69172 0.489076
1.69276 0.488517
1.6938 0.487958
1.69484 0.487399
1.69588 0.48684
1.69692 0.486282
1.69797 0.485725
1.69901 0.485167
1.70005 0.48461
1.7011 0.484053
1.70214 0.483496
1.70318 0.48294
1.70423 0.482384
1.70527 0.481829
1.70632 0.481273
1.70736 0.480719
1.70841 0.480164
1.70946 0.47961
1.7105 0.479056
1.71155 0.478502
1.7126 0.477949
1.71364 0.477396
1.71469 0.476843
1.71574 0.47629
1.71679 0.475738
1.71784 0.475187
1.71888 0.474635
1.71993 0.474084
1.72098 0.473533
1.72203 0.472983
1.72308 0.472433
1.72413 0.471883
1.72518 0.471333
1.72624 0.470784
1.72729 0.470235
1.72834 0.469687
1.72939 0.469139
1.73044 0.468591
1.7315 0.468043
1.73255 0.467496
1.7336 0.466949
1.73466 0.466402
1.73571 0.465856
1.73676 0.46531
1.73782 0.464764
1.73887 0.464219
1.73993 0.463674
1.74098 0.463129
1.74204 0.462585
1.7431 0.462041
1.74415 0.461497
1.74521 0.460954
1.74627 0.460411
1.74733 0.459868
1.74838 0.459325
1.74944 0.458783
1.7505 0.458242
1.75156 0.4577
1.75262 0.457159
1.75368 0.456618
1.75474 0.456077
1.7558 0.455537
1.75686 0.454997
1.75792 0.454458
1.75898 0.453919
1.76004 0.45338
1.7611 0.452841
1.76216 0.452303
1.76323 0.451765
1.76429 0.451227
1.76535 0.45069
1.76642 0.450153
1.76748 0.449616
1.76854 0.44908
1.76961 0.448544
1.77067 0.448008
1.77174 0.447472
1.7728 0.446937
1.77387 0.446403
1.77493 0.445868
1.776 0.445334
1.77707 0.4448
1.77813 0.444267
1.7792 0.443733
1.78027 0.443201
1.78134 0.442668
1.7824 0.442136
1.78347 0.441604
1.78454 0.441072
1.78561 0.440541
1.78668 0.44001
1.78775 0.43948
1.78882 0.438949
1.78989 0.438419
1.79096 0.43789
1.79203 0.43736
1.7931 0.436831
1.79417 0.436303
1.79525 0.435774
1.79632 0.435246
1.79739 0.434719
1.79846 0.434191
1.79954 0.433664
1.80061 0.433137
1.80168 0.432611
1.80276 0.432085
1.80383 0.431559
1.80491 0.431033
1.80598 0.430508
1.80706 0.429983
1.80813 0.429459
1.80921 0.428935
1.81029 0.428411
1.81136 0.427887
1.81244 0.427364
1.81352 0.426841
1.8146 0.426318
1.81567 0.425796
1.81675 0.425274
1.81783 0.424752
1.81891 0.424231
1.81999 0.42371
1.82107 0.423189
1.82215 0.422669
1.82323 0.422149
1.82431 0.421629
1.82539 0.42111
1.82647 0.420591
1.82755 0.420072
1.82864 0.419554
1.82972 0.419035
1.8308 0.418518
1.83188 0.418
1.83297 0.417483
1.83405 0.416966
1.83513 0.41645
1.83622 0.415933
1.8373 0.415418
1.83839 0.414902
1.83947 0.414387
1.84056 0.413872
1.84164 0.413357
1.84273 0.412843
1.84382 0.412329
1.8449 0.411815
1.84599 0.411302
1.84708 0.410789
1.84816 0.410276
1.84925 0.409764
1.85034 0.409252
1.85143 0.40874
1.85252 0.408229
1.85361 0.407718
1.8547 0.407207
1.85579 0.406696
1.85688 0.406186
1.85797 0.405676
1.85906 0.405167
1.86015 0.404658
1.86124 0.404149
1.86233 0.40364
1.86342 0.403132
1.86452 0.402624
1.86561 0.402117
1.8667 0.40161
1.8678 0.401103
1.86889 0.400596
1.86998 0.40009
1.87108 0.399584
1.87217 0.399078
1.87327 0.398573
1.87436 0.398068
1.87546 0.397563
1.87655 0.397059
1.87765 0.396555
1.87875 0.396051
1.87984 0.395548
1.88094 0.395045
1.88204 0.394542
1.88314 0.394039
1.88424 0.393537
1.88533 0.393035
1.88643 0.392534
1.88753 0.392033
1.88863 0.391532
1.88973 0.391031
1.89083 0.390531
1.89193 0.390031
1.89303 0.389532
1.89413 0.389033
1.89523 0.388534
1.89634 0.388035
1.89744 0.387537
1.89854 0.387039
1.89964 0.386541
1.90075 0.386044
1.90185 0.385547
1.90295 0.38505
1.90406 0.384554
1.90516 0.384058
1.90627 0.383562
1.90737 0.383067
1.90848 0.382572
1.90958 0.382077
1.91069 0.381582
1.91179 0.381088
1.9129 0.380594
1.91401 0.380101
1.91511 0.379608
1.91622 0.379115
1.91733 0.378622
1.91844 0.37813
1.91955 0.377638
1.92066 0.377147
1.92176 0.376656
1.92287 0.376165
1.92398 0.375674
1.92509 0.375184
1.9262 0.374694
1.92731 0.374204
1.92843 0.373715
1.92954 0.373226
1.93065 0.372737
1.93176 0.372249
1.93287 0.371761
1.93399 0.371273
1.9351 0.370786
1.93621 0.370299
1.93733 0.369812
1.93844 0.369325
1.93955 0.368839
1.94067 0.368354
1.94178 0.367868
1.9429 0.367383
1.94401 0.366898
1.94513 0.366414
1.94625 0.365929
1.94736 0.365446
1.94848 0.364962
1.9496 0.364479
1.95071 0.363996
1.95183 0.363513
1.95295 0.363031
1.95407 0.362549
1.95519 0.362067
1.95631 0.361586
1.95742 0.361105
1.95854 0.360624
1.95966 0.360144
1.96078 0.359664
1.9619 0.359184
1.96303 0.358705
1.96415 0.358226
1.96527 0.357747
1.96639 0.357269
1.96751 0.356791
1.96864 0.356313
1.96976 0.355835
1.97088 0.355358
1.972 0.354881
1.97313 0.354405
1.97425 0.353929
1.97538 0.353453
1.9765 0.352977
1.97763 0.352502
1.97875 0.352027
1.97988 0.351552
1.981 0.351078
1.98213 0.350604
1.98326 0.350131
1.98438 0.349657
1.98551 0.349184
1.98664 0.348712
1.98777 0.348239
1.9889 0.347767
1.99002 0.347296
1.99115 0.346824
1.99228 0.346353
1.99341 0.345882
1.99454 0.345412
1.99567 0.344942
1.9968 0.344472
1.99793 0.344003
1.99906 0.343533
2.0002 0.343065
2.00133 0.342596
2.00246 0.342128
2.00359 0.34166
2.00473 0.341192
2.00586 0.340725
2.00699 0.340258
2.00813 0.339792
2.00926 0.339325
2.01039 0.33886
2.01153 0.338394
2.01266 0.337929
2.0138 0.337464
2.01493 0.336999
2.01607 0.336535
2.01721 0.336071
2.01834 0.335607
2.01948 0.335143
2.02062 0.33468
2.02176 0.334218
2.02289 0.333755
2.02403 0.333293
2.02517 0.332831
2.02631 0.33237
2.02745 0.331909
2.02859 0.331448
2.02973 0.330987
2.03087 0.330527
2.03201 0.330067
2.03315 0.329608
2.03429 0.329149
2.03543 0.32869
2.03657 0.328231
2.03771 0.327773
2.03886 0.327315
2.04 0.326857
2.04114 0.3264
2.04229 0.325943
2.04343 0.325486
2.04457 0.32503
2.04572 0.324574
2.04686 0.324118
2.04801 0.323663
2.04915 0.323208
2.0503 0.322753
2.05144 0.322299
2.05259 0.321845
2.05374 0.321391
2.05488 0.320937
2.05603 0.320484
2.05718 0.320031
2.05833 0.319579
2.05947 0.319127
2.06062 0.318675
2.06177 0.318223
2.06292 0.317772
2.06407 0.317321
2.06522 0.316871
2.06637 0.31642
2.06752 0.31597
2.06867 0.315521
2.06982 0.315071
2.07097 0.314622
2.07213 0.314174
2.07328 0.313725
2.07443 0.313277
2.07558 0.31283
2.07674 0.312382
2.07789 0.311935
2.07904 0.311489
2.0802 0.311042
2.08135 0.310596
2.0825 0.31015
2.08366 0.309705
2.08481 0.30926
2.08597 0.308815
2.08713 0.30837
2.08828 0.307926
2.08944 0.307482
2.0906 0.307039
2.09175 0.306596
2.09291 0.306153
2.09407 0.30571
2.09523 0.305268
2.09638 0.304826
2.09754 0.304384
2.0987 0.303943
2.09986 0.303502
2.10102 0.303061
2.10218 0.302621
2.10334 0.302181
2.1045 0.301741
2.10566 0.301302
2.10682 0.300863
2.10799 0.300424
2.10915 0.299986
2.11031 0.299548
2.11147 0.29911
2.11264 0.298672
2.1138 0.298235
2.11496 0.297798
2.11613 0.297362
2.11729 0.296926
2.11845 0.29649
2.11962 0.296054
2.12078 0.295619
2.12195 0.295184
2.12312 0.29475
2.12428 0.294315
2.12545 0.293882
2.12661 0.293448
2.12778 0.293015
2.12895 0.292582
2.13012 0.292149
2.13128 0.291717
2.13245 0.291285
2.13362 0.290853
2.13479 0.290422
2.13596 0.289991
2.13713 0.28956
2.1383 0.289129
2.13947 0.288699
2.14064 0.28827
2.14181 0.28784
2.14298 0.287411
2.14415 0.286982
2.14533 0.286554
2.1465 0.286125
2.14767 0.285698
2.14884 0.28527
2.15002 0.284843
2.15119 0.284416
2.15236 0.283989
2.15354 0.283563
2.15471 0.283137
2.15589 0.282712
2.15706 0.282286
2.15824 0.281861
2.15941 0.281437
2.16059 0.281012
2.16176 0.280588
2.16294 0.280165
2.16412 0.279741
2.1653 0.279318
2.16647 0.278896
2.16765 0.278473
2.16883 0.278051
2.17001 0.277629
2.17119 0.277208
2.17237 0.276787
2.17355 0.276366
2.17473 0.275945
2.17591 0.275525
2.17709 0.275105
2.17827 0.274686
2.17945 0.274267
2.18063 0.273848
2.18181 0.273429
2.18299 0.273011
2.18418 0.272593
2.18536 0.272175
2.18654 0.271758
2.18772 0.271341
2.18891 0.270925
2.19009 0.270508
2.19128 0.270092
2.19246 0.269676
2.19365 0.269261
2.19483 0.268846
2.19602 0.268431
2.1972 0.268017
2.19839 0.267603
2.19958 0.267189
2.20076 0.266776
2.20195 0.266363
2.20314 0.26595
2.20433 0.265537
2.20551 0.265125
2.2067 0.264713
2.20789 0.264302
2.20908 0.263891
2.21027 0.26348
2.21146 0.263069
2.21265 0.262659
2.21384 0.262249
2.21503 0.261839
2.21622 0.26143
2.21741 0.261021
2.2186 0.260612
2.2198 0.260204
2.22099 0.259796
2.22218 0.259388
2.22337 0.258981
2.22457 0.258574
2.22576 0.258167
2.22695 0.257761
2.22815 0.257355
2.22934 0.256949
2.23054 0.256544
2.23173 0.256138
2.23293 0.255734
2.23412 0.255329
2.23532 0.254925
2.23652 0.254521
2.23771 0.254118
2.23891 0.253714
2.24011 0.253312
2.24131 0.252909
2.2425 0.252507
2.2437 0.252105
2.2449 0.251703
2.2461 0.251302
2.2473 0.250901
2.2485 0.2505
2.2497 0.2501
2.2509 0.2497
2.2521 0.2493
2.2533 0.248901
2.2545 0.248502
2.2557 0.248103
2.25691 0.247705
2.25811 0.247307
2.25931 0.246909
2.26051 0.246512
2.26172 0.246114
2.26292 0.245718
2.26412 0.245321
2.26533 0.244925
2.26653 0.244529
2.26774 0.244134
2.26894 0.243738
2.27015 0.243344
2.27135 0.242949
2.27256 0.242555
2.27377 0.242161
2.27497 0.241767
2.27618 0.241374
2.27739 0.240981
2.2786 0.240588
2.2798 0.240196
2.28101 0.239804
2.28222 0.239412
2.28343 0.239021
2.28464 0.23863
2.28585 0.238239
2.28706 0.237849
2.28827 0.237459
2.28948 0.237069
2.29069 0.23668
2.2919 0.236291
2.29311 0.235902
2.29432 0.235513
2.29554 0.235125
2.29675 0.234737
2.29796 0.23435
2.29918 0.233963
2.30039 0.233576
2.3016 0.233189
2.30282 0.232803
2.30403 0.232417
2.30525 0.232031
2.30646 0.231646
2.30768 0.231261
2.30889 0.230877
2.31011 0.230492
2.31132 0.230108
2.31254 0.229725
2.31376 0.229341
2.31498 0.228958
2.31619 0.228575
2.31741 0.228193
2.31863 0.227811
2.31985 0.227429
2.32107 0.227048
2.32229 0.226667
2.32351 0.226286
2.32473 0.225905
2.32595 0.225525
2.32717 0.225145
2.32839 0.224766
2.32961 0.224387
2.33083 0.224008
2.33205 0.223629
2.33327 0.223251
2.3345 0.222873
2.33572 0.222496
2.33694 0.222118
2.33816 0.221741
2.33939 0.221365
2.34061 0.220988
2.34184 0.220612
2.34306 0.220237
2.34429 0.219861
2.34551 0.219486
2.34674 0.219112
2.34796 0.218737
2.34919 0.218363
2.35042 0.217989
2.35164 0.217616
2.35287 0.217243
2.3541 0.21687
2.35533 0.216498
2.35655 0.216125
2.35778 0.215754
2.35901 0.215382
2.36024 0.215011
2.36147 0.21464
2.3627 0.21427
2.36393 0.213899
2.36516 0.213529
2.36639 0.21316
2.36762 0.212791
2.36885 0.212422
2.37008 0.212053
2.37132 0.211685
2.37255 0.211317
2.37378 0.210949
2.37501 0.210582
2.37625 0.210215
2.37748 0.209848
2.37872 0.209482
2.37995 0.209115
2.38118 0.20875
2.38242 0.208384
2.38365 0.208019
2.38489 0.207654
2.38613 0.20729
2.38736 0.206926
2.3886 0.206562
2.38984 0.206198
2.39107 0.205835
2.39231 0.205472
2.39355 0.20511
2.39479 0.204748
2.39602 0.204386
2.39726 0.204024
2.3985 0.203663
2.39974 0.203302
2.40098 0.202941
2.40222 0.202581
2.40346 0.202221
2.4047 0.201861
2.40594 0.201502
2.40718 0.201143
2.40843 0.200784
2.40967 0.200426
2.41091 0.200068
2.41215 0.19971
2.4134 0.199353
2.41464 0.198996
2.41588 0.198639
2.41713 0.198282
2.41837 0.197926
2.41961 0.19757
2.42086 0.197215
2.4221 0.19686
2.42335 0.196505
2.4246 0.19615
2.42584 0.195796
2.42709 0.195442
2.42834 0.195089
2.42958 0.194735
2.43083 0.194382
2.43208 0.19403
2.43333 0.193677
2.43457 0.193325
2.43582 0.192974
2.43707 0.192622
2.43832 0.192271
2.43957 0.191921
2.44082 0.19157
2.44207 0.19122
2.44332 0.190871
2.44457 0.190521
2.44582 0.190172
2.44707 0.189823
2.44833 0.189475
2.44958 0.189127
2.45083 0.188779
2.45208 0.188431
2.45334 0.188084
2.45459 0.187737
2.45584 0.187391
2.4571 0.187045
2.45835 0.186699
2.45961 0.186353
2.46086 0.186008
2.46212 0.185663
2.46337 0.185318
2.46463 0.184974
2.46589 0.18463
2.46714 0.184286
2.4684 0.183943
2.46966 0.1836
2.47091 0.183257
2.47217 0.182915
2.47343 0.182573
2.47469 0.182231
2.47595 0.18189
2.47721 0.181549
2.47847 0.181208
2.47973 0.180867
2.48099 0.180527
2.48225 0.180187
2.48351 0.179848
2.48477 0.179509
2.48603 0.17917
2.48729 0.178831
2.48856 0.178493
2.48982 0.178155
2.49108 0.177818
2.49234 0.17748
2.49361 0.177143
2.49487 0.176807
2.49613 0.176471
2.4974 0.176135
2.49866 0.175799
2.49993 0.175464
2.50119 0.175129
2.50246 0.174794
2.50373 0.17446
2.50499 0.174125
2.50626 0.173792
2.50753 0.173458
2.50879 0.173125
2.51006 0.172792
2.51133 0.17246
2.5126 0.172128
2.51386 0.171796
2.51513 0.171465
2.5164 0.171133
2.51767 0.170803
2.51894 0.170472
2.52021 0.170142
2.52148 0.169812
2.52275 0.169482
2.52402 0.169153
2.5253 0.168824
2.52657 0.168496
2.52784 0.168167
2.52911 0.167839
2.53038 0.167512
2.53166 0.167184
2.53293 0.166857
2.5342 0.166531
2.53548 0.166204
2.53675 0.165878
2.53803 0.165552
2.5393 0.165227
2.54058 0.164902
2.54185 0.164577
2.54313 0.164253
2.5444 0.163929
2.54568 0.163605
2.54696 0.163281
2.54824 0.162958
2.54951 0.162635
2.55079 0.162313
2.55207 0.161991
2.55335 0.161669
2.55463 0.161347
2.5559 0.161026
2.55718 0.160705
2.55846 0.160384
2.55974 0.160064
2.56102 0.159744
2.5623 0.159424
2.56359 0.159105
2.56487 0.158786
2.56615 0.158467
2.56743 0.158149
2.56871 0.157831
2.57 0.157513
2.57128 0.157196
2.57256 0.156879
2.57385 0.156562
2.57513 0.156246
2.57641 0.155929
2.5777 0.155614
2.57898 0.155298
2.58027 0.154983
2.58155 0.154668
2.58284 0.154354
2.58413 0.154039
2.58541 0.153725
2.5867 0.153412
2.58799 0.153099
2.58927 0.152786
2.59056 0.152473
2.59185 0.152161
2.59314 0.151849
2.59443 0.151537
2.59571 0.151226
2.597 0.150915
2.59829 0.150604
2.59958 0.150294
2.60087 0.149984
2.60216 0.149674
2.60346 0.149365
2.60475 0.149056
2.60604 0.148747
2.60733 0.148438
2.60862 0.14813
2.60991 0.147822
2.61121 0.147515
2.6125 0.147208
2.61379 0.146901
2.61509 0.146594
2.61638 0.146288
2.61768 0.145982
2.61897 0.145677
2.62027 0.145372
2.62156 0.145067
2.62286 0.144762
2.62415 0.144458
2.62545 0.144154
2.62675 0.14385
2.62804 0.143547
2.62934 0.143244
2.63064 0.142941
2.63194 0.142639
2.63323 0.142337
2.63453 0.142035
2.63583 0.141734
2.63713 0.141433
2.63843 0.141132
2.63973 0.140831
2.64103 0.140531
2.64233 0.140231
2.64363 0.139932
2.64493 0.139633
2.64624 0.139334
2.64754 0.139035
2.64884 0.138737
2.65014 0.138439
2.65144 0.138142
2.65275 0.137845
2.65405 0.137548
2.65535 0.137251
2.65666 0.136955
2.65796 0.136659
2.65927 0.136363
2.66057 0.136068
2.66188 0.135773
2.66318 0.135478
2.66449 0.135184
2.6658 0.13489
2.6671 0.134596
2.66841 0.134303
2.66972 0.13401
2.67102 0.133717
2.67233 0.133424
2.67364 0.133132
2.67495 0.13284
2.67626 0.132549
2.67757 0.132258
2.67888 0.131967
2.68019 0.131677
2.6815 0.131386
2.68281 0.131096
2.68412 0.130807
2.68543 0.130518
2.68674 0.130229
2.68805 0.12994
2.68936 0.129652
2.69068 0.129364
2.69199 0.129076
2.6933 0.128789
2.69462 0.128502
2.69593 0.128215
2.69724 0.127929
2.69856 0.127643
2.69987 0.127357
2.70119 0.127072
2.7025 0.126787
2.70382 0.126502
2.70513 0.126218
2.70645 0.125933
2.70777 0.12565
2.70908 0.125366
2.7104 0.125083
2.71172 0.1248
2.71304 0.124518
2.71435 0.124235
2.71567 0.123954
2.71699 0.123672
2.71831 0.123391
2.71963 0.12311
2.72095 0.122829
2.72227 0.122549
2.72359 0.122269
2.72491 0.121989
2.72623 0.12171
2.72755 0.121431
2.72887 0.121152
2.7302 0.120874
2.73152 0.120596
2.73284 0.120318
2.73416 0.120041
2.73549 0.119764
2.73681 0.119487
2.73813 0.119211
2.73946 0.118935
2.74078 0.118659
2.74211 0.118383
2.74343 0.118108
2.74476 0.117833
2.74608 0.117559
2.74741 0.117285
2.74874 0.117011
2.75006 0.116737
2.75139 0.116464
2.75272 0.116191
2.75405 0.115919
2.75537 0.115646
2.7567 0.115374
2.75803 0.115103
2.75936 0.114831
2.76069 0.11456
2.76202 0.11429
2.76335 0.114019
2.76468 0.113749
2.76601 0.11348
2.76734 0.11321
2.76867 0.112941
2.77 0.112672
2.77134 0.112404
2.77267 0.112136
2.774 0.111868
2.77533 0.111601
2.77667 0.111333
2.778 0.111067
2.77933 0.1108
2.78067 0.110534
2.782 0.110268
2.78334 0.110003
2.78467 0.109737
2.78601 0.109472
2.78734 0.109208
2.78868 0.108944
2.79002 0.10868
2.79135 0.108416
2.79269 0.108153
2.79403 0.10789
2.79536 0.107627
2.7967 0.107365
2.79804 0.107103
2.79938 0.106841
2.80072 0.10658
2.80206 0.106319
2.8034 0.106058
2.80474 0.105797
2.80608 0.105537
2.80742 0.105277
2.80876 0.105018
2.8101 0.104759
2.81144 0.1045
2.81278 0.104242
2.81413 0.103983
2.81547 0.103725
2.81681 0.103468
2.81815 0.103211
2.8195 0.102954
2.82084 0.102697
2.82218 0.102441
2.82353 0.102185
2.82487 0.101929
2.82622 0.101674
2.82756 0.101419
2.82891 0.101164
2.83026 0.10091
2.8316 0.100656
2.83295 0.100402
2.8343 0.100149
2.83564 0.099896
2.83699 0.0996432
2.83834 0.0993908
2.83969 0.0991387
2.84104 0.0988869
2.84238 0.0986355
2.84373 0.0983843
2.84508 0.0981335
2.84643 0.097883
2.84778 0.0976328
2.84913 0.0973829
2.85048 0.0971334
2.85184 0.0968842
2.85319 0.0966353
2.85454 0.0963867
2.85589 0.0961385
2.85724 0.0958905
2.8586 0.0956429
2.85995 0.0953956
2.8613 0.0951486
2.86266 0.094902
2.86401 0.0946556
2.86536 0.0944096
2.86672 0.0941639
2.86807 0.0939185
2.86943 0.0936735
2.87078 0.0934287
2.87214 0.0931843
2.8735 0.0929402
2.87485 0.0926964
2.87621 0.092453
2.87757 0.0922098
2.87892 0.091967
2.88028 0.0917245
2.88164 0.0914823
2.883 0.0912405
2.88436 0.090999
2.88572 0.0907577
2.88708 0.0905168
2.88844 0.0902763
2.8898 0.090036
2.89116 0.0897961
2.89252 0.0895565
2.89388 0.0893172
2.89524 0.0890782
2.8966 0.0888395
2.89796 0.0886012
2.89933 0.0883632
2.90069 0.0881255
2.90205 0.0878881
2.90341 0.0876511
2.90478 0.0874143
2.90614 0.0871779
2.90751 0.0869418
2.90887 0.086706
2.91024 0.0864706
2.9116 0.0862355
2.91297 0.0860006
2.91433 0.0857661
2.9157 0.085532
2.91706 0.0852981
2.91843 0.0850646
2.9198 0.0848314
2.92117 0.0845985
2.92253 0.0843659
2.9239 0.0841337
2.92527 0.0839017
2.92664 0.0836701
2.92801 0.0834388
2.92938 0.0832078
2.93075 0.0829772
2.93212 0.0827469
2.93349 0.0825168
2.93486 0.0822872
2.93623 0.0820578
2.9376 0.0818287
2.93897 0.0816
2.94034 0.0813716
2.94172 0.0811435
2.94309 0.0809157
2.94446 0.0806883
2.94583 0.0804611
2.94721 0.0802343
2.94858 0.0800078
2.94996 0.0797817
2.95133 0.0795558
2.9527 0.0793303
2.95408 0.0791051
2.95546 0.0788802
2.95683 0.0786556
2.95821 0.0784314
2.95958 0.0782074
2.96096 0.0779838
2.96234 0.0777605
2.96371 0.0775376
2.96509 0.0773149
2.96647 0.0770926
2.96785 0.0768706
2.96923 0.0766489
2.97061 0.0764275
2.97199 0.0762065
2.97337 0.0759858
2.97475 0.0757653
2.97613 0.0755453
2.97751 0.0753255
2.97889 0.075106
2.98027 0.0748869
2.98165 0.0746681
2.98303 0.0744496
2.98441 0.0742314
2.9858 0.0740136
2.98718 0.0737961
2.98856 0.0735789
2.98995 0.073362
2.99133 0.0731454
2.99271 0.0729292
2.9941 0.0727132
2.99548 0.0724976
2.99687 0.0722824
2.99825 0.0720674
2.99964 0.0718527
3.00102 0.0716384
3.00241 0.0714244
3.0038 0.0712107
3.00518 0.0709974
3.00657 0.0707843
3.00796 0.0705716
3.00935 0.0703592
3.01074 0.0701471
3.01212 0.0699353
3.01351 0.0697239
3.0149 0.0695128
3.01629 0.069302
3.01768 0.0690915
3.01907 0.0688813
3.02046 0.0686715
3.02185 0.0684619
3.02324 0.0682527
3.02464 0.0680439
3.02603 0.0678353
3.02742 0.067627
3.02881 0.0674191
3.0302 0.0672115
3.0316 0.0670042
3.03299 0.0667973
3.03438 0.0665906
3.03578 0.0663843
3.03717 0.0661783
3.03857 0.0659726
3.03996 0.0657673
3.04136 0.0655622
3.04275 0.0653575
3.04415 0.0651531
3.04555 0.064949
3.04694 0.0647453
3.04834 0.0645418
3.04974 0.0643387
3.05113 0.0641359
3.05253 0.0639334
3.05393 0.0637312
3.05533 0.0635294
3.05673 0.0633279
3.05813 0.0631267
3.05953 0.0629258
3.06092 0.0627252
3.06232 0.062525
3.06373 0.0623251
3.06513 0.0621255
3.06653 0.0619262
3.06793 0.0617272
3.06933 0.0615286
3.07073 0.0613303
3.07213 0.0611323
3.07354 0.0609346
3.07494 0.0607373
3.07634 0.0605402
3.07775 0.0603435
3.07915 0.0601471
3.08056 0.059951
3.08196 0.0597553
3.08336 0.0595598
3.08477 0.0593647
3.08618 0.0591699
3.08758 0.0589754
3.08899 0.0587813
3.09039 0.0585874
3.0918 0.0583939
3.09321 0.0582007
3.09462 0.0580078
3.09602 0.0578153
3.09743 0.057623
3.09884 0.0574311
3.10025 0.0572395
3.10166 0.0570483
3.10307 0.0568573
3.10448 0.0566667
3.10589 0.0564763
3.1073 0.0562864
3.10871 0.0560967
3.11012 0.0559073
3.11153 0.0557183
3.11294 0.0555296
3.11435 0.0553412
3.11577 0.0551531
3.11718 0.0549653
3.11859 0.0547779
3.12 0.0545908
3.12142 0.054404
3.12283 0.0542175
3.12425 0.0540314
3.12566 0.0538455
3.12707 0.05366
3.12849 0.0534748
3.12991 0.05329
3.13132 0.0531054
3.13274 0.0529212
3.13415 0.0527373
3.13557 0.0525537
3.13699 0.0523704
3.1384 0.0521874
3.13982 0.0520048
3.14124 0.0518225
3.14266 0.0516405
3.14408 0.0514588
3.1455 0.0512775
3.14692 0.0510964
3.14834 0.0509157
3.14976 0.0507353
3.15118 0.0505553
3.1526 0.0503755
3.15402 0.0501961
3.15544 0.050017
3.15686 0.0498382
3.15828 0.0496597
3.1597 0.0494816
3.16113 0.0493037
3.16255 0.0491262
3.16397 0.048949
3.1654 0.0487721
3.16682 0.0485956
3.16824 0.0484194
3.16967 0.0482435
3.17109 0.0480679
3.17252 0.0478926
3.17394 0.0477176
3.17537 0.047543
3.17679 0.0473687
3.17822 0.0471947
3.17965 0.047021
3.18107 0.0468477
3.1825 0.0466747
3.18393 0.046502
3.18536 0.0463296
3.18679 0.0461575
3.18821 0.0459858
3.18964 0.0458143
3.19107 0.0456432
3.1925 0.0454724
3.19393 0.045302
3.19536 0.0451318
3.19679 0.044962
3.19822 0.0447925
3.19965 0.0446233
3.20109 0.0444544
3.20252 0.0442859
3.20395 0.0441176
3.20538 0.0439497
3.20681 0.0437822
3.20825 0.0436149
3.20968 0.0434479
3.21111 0.0432813
3.21255 0.043115
3.21398 0.042949
3.21542 0.0427834
3.21685 0.042618
3.21829 0.042453
3.21972 0.0422883
3.22116 0.0421239
3.2226 0.0419598
3.22403 0.0417961
3.22547 0.0416327
3.22691 0.0414695
3.22834 0.0413068
3.22978 0.0411443
3.23122 0.0409822
3.23266 0.0408203
3.2341 0.0406588
3.23554 0.0404976
3.23698 0.0403368
3.23842 0.0401762
3.23986 0.040016
3.2413 0.0398561
3.24274 0.0396965
3.24418 0.0395373
3.24562 0.0393783
3.24706 0.0392197
3.2485 0.0390614
3.24995 0.0389034
3.25139 0.0387457
3.25283 0.0385884
3.25427 0.0384314
3.25572 0.0382747
3.25716 0.0381183
3.25861 0.0379622
3.26005 0.0378065
3.2615 0.0376511
3.26294 0.037496
3.26439 0.0373412
3.26583 0.0371867
3.26728 0.0370326
3.26873 0.0368788
3.27017 0.0367252
3.27162 0.0365721
3.27307 0.0364192
3.27451 0.0362667
3.27596 0.0361144
3.27741 0.0359625
3.27886 0.035811
3.28031 0.0356597
3.28176 0.0355088
3.28321 0.0353581
3.28466 0.0352078
3.28611 0.0350579
3.28756 0.0349082
3.28901 0.0347589
3.29046 0.0346098
3.29191 0.0344611
3.29336 0.0343128
3.29482 0.0341647
3.29627 0.034017
3.29772 0.0338695
3.29918 0.0337224
3.30063 0.0335757
3.30208 0.0334292
3.30354 0.0332831
3.30499 0.0331373
3.30645 0.0329918
3.3079 0.0328466
3.30936 0.0327017
3.31081 0.0325572
3.31227 0.032413
3.31373 0.0322691
3.31518 0.0321255
3.31664 0.0319822
3.3181 0.0318393
3.31955 0.0316967
3.32101 0.0315544
3.32247 0.0314124
3.32393 0.0312707
3.32539 0.0311294
3.32685 0.0309884
3.32831 0.0308477
3.32977 0.0307073
3.33123 0.0305673
3.33269 0.0304275
3.33415 0.0302881
3.33561 0.030149
3.33707 0.0300102
3.33853 0.0298718
3.34 0.0297337
3.34146 0.0295958
3.34292 0.0294583
3.34438 0.0293212
3.34585 0.0291843
3.34731 0.0290478
3.34878 0.0289116
3.35024 0.0287757
3.3517 0.0286401
3.35317 0.0285048
3.35464 0.0283699
3.3561 0.0282353
3.35757 0.028101
3.35903 0.027967
3.3605 0.0278334
3.36197 0.0277
3.36343 0.027567
3.3649 0.0274343
3.36637 0.027302
3.36784 0.0271699
3.36931 0.0270382
3.37078 0.0269068
3.37224 0.0267757
3.37371 0.0266449
3.37518 0.0265144
3.37665 0.0263843
3.37812 0.0262545
3.3796 0.026125
3.38107 0.0259958
3.38254 0.025867
3.38401 0.0257385
3.38548 0.0256102
3.38695 0.0254824
3.38843 0.0253548
3.3899 0.0252275
3.39137 0.0251006
3.39285 0.024974
3.39432 0.0248477
3.3958 0.0247217
3.39727 0.0245961
3.39875 0.0244707
3.40022 0.0243457
3.4017 0.024221
3.40317 0.0240967
3.40465 0.0239726
3.40613 0.0238489
3.4076 0.0237255
3.40908 0.0236024
3.41056 0.0234796
3.41203 0.0233572
3.41351 0.0232351
3.41499 0.0231132
3.41647 0.0229918
3.41795 0.0228706
3.41943 0.0227497
3.42091 0.0226292
3.42239 0.022509
3.42387 0.0223891
3.42535 0.0222695
3.42683 0.0221503
3.42831 0.0220314
3.42979 0.0219128
3.43128 0.0217945
3.43276 0.0216765
3.43424 0.0215589
3.43572 0.0214415
3.43721 0.0213245
3.43869 0.0212078
3.44018 0.0210915
3.44166 0.0209754
3.44314 0.0208597
3.44463 0.0207443
3.44611 0.0206292
3.4476 0.0205144
3.44909 0.0204
3.45057 0.0202859
3.45206 0.0201721
3.45355 0.0200586
3.45503 0.0199454
3.45652 0.0198326
3.45801 0.01972
3.4595 0.0196078
3.46098 0.019496
3.46247 0.0193844
3.46396 0.0192731
3.46545 0.0191622
3.46694 0.0190516
3.46843 0.0189413
3.46992 0.0188314
3.47141 0.0187217
3.4729 0.0186124
3.47439 0.0185034
3.47589 0.0183947
3.47738 0.0182864
3.47887 0.0181783
3.48036 0.0180706
3.48186 0.0179632
3.48335 0.0178561
3.48484 0.0177493
3.48634 0.0176429
3.48783 0.0175368
3.48933 0.017431
3.49082 0.0173255
3.49232 0.0172203
3.49381 0.0171155
3.49531 0.017011
3.4968 0.0169068
3.4983 0.0168029
3.4998 0.0166993
3.50129 0.0165961
3.50279 0.0164932
3.50429 0.0163906
3.50579 0.0162883
3.50728 0.0161863
3.50878 0.0160847
3.51028 0.0159834
3.51178 0.0158824
3.51328 0.0157817
3.51478 0.0156813
3.51628 0.0155813
3.51778 0.0154816
3.51928 0.0153822
3.52078 0.0152831
3.52229 0.0151843
3.52379 0.0150859
3.52529 0.0149878
3.52679 0.01489
3.5283 0.0147925
3.5298 0.0146953
3.5313 0.0145985
3.53281 0.014502
3.53431 0.0144058
3.53581 0.0143099
3.53732 0.0142143
3.53882 0.0141191
3.54033 0.0140242
3.54184 0.0139296
3.54334 0.0138353
3.54485 0.0137413
3.54635 0.0136477
3.54786 0.0135544
3.54937 0.0134614
3.55088 0.0133687
3.55238 0.0132764
3.55389 0.0131843
3.5554 0.0130926
3.55691 0.0130012
3.55842 0.0129101
3.55993 0.0128194
3.56144 0.0127289
3.56295 0.0126388
3.56446 0.012549
3.56597 0.0124595
3.56748 0.0123704
3.56899 0.0122816
3.5705 0.012193
3.57202 0.0121048
3.57353 0.012017
3.57504 0.0119294
3.57656 0.0118422
3.57807 0.0117553
3.57958 0.0116687
3.5811 0.0115824
3.58261 0.0114964
3.58413 0.0114108
3.58564 0.0113255
3.58716 0.0112405
3.58867 0.0111558
3.59019 0.0110715
3.5917 0.0109874
3.59322 0.0109037
3.59474 0.0108203
3.59625 0.0107373
3.59777 0.0106545
3.59929 0.0105721
3.60081 0.01049
3.60233 0.0104082
3.60385 0.0103267
3.60536 0.0102455
3.60688 0.0101647
3.6084 0.0100842
3.60992 0.010004
3.61144 0.00992413
3.61297 0.00984458
3.61449 0.00976535
3.61601 0.00968643
3.61753 0.00960784
3.61905 0.00952957
3.62057 0.00945162
3.6221 0.00937399
3.62362 0.00929668
3.62514 0.00921969
3.62667 0.00914302
3.62819 0.00906667
3.62971 0.00899064
3.63124 0.00891493
3.63276 0.00883954
3.63429 0.00876447
3.63582 0.00868972
3.63734 0.00861529
3.63887 0.00854118
3.64039 0.00846739
3.64192 0.00839392
3.64345 0.00832077
3.64498 0.00824794
3.6465 0.00817543
3.64803 0.00810324
3.64956 0.00803137
3.65109 0.00795982
3.65262 0.0078886
3.65415 0.00781769
3.65568 0.0077471
3.65721 0.00767683
3.65874 0.00760688
3.66027 0.00753725
3.6618 0.00746795
3.66333 0.00739896
3.66486 0.00733029
3.66639 0.00726194
3.66793 0.00719392
3.66946 0.00712621
3.67099 0.00705882
3.67252 0.00699176
3.67406 0.00692501
3.67559 0.00685858
3.67713 0.00679248
3.67866 0.00672669
3.6802 0.00666122
3.68173 0.00659608
3.68327 0.00653125
3.6848 0.00646675
3.68634 0.00640256
3.68788 0.0063387
3.68941 0.00627515
3.69095 0.00621192
3.69249 0.00614902
3.69402 0.00608643
3.69556 0.00602417
3.6971 0.00596222
3.69864 0.0059006
3.70018 0.0058393
3.70172 0.00577831
3.70326 0.00571765
3.7048 0.0056573
3.70634 0.00559728
3.70788 0.00553757
3.70942 0.00547819
3.71096 0.00541913
3.7125 0.00536038
3.71404 0.00530196
3.71559 0.00524386
3.71713 0.00518607
3.71867 0.00512861
3.72021 0.00507147
3.72176 0.00501465
3.7233 0.00495814
3.72485 0.00490196
3.72639 0.0048461
3.72794 0.00479056
3.72948 0.00473533
3.73103 0.00468043
3.73257 0.00462585
3.73412 0.00457159
3.73566 0.00451765
3.73721 0.00446403
3.73876 0.00441072
3.7403 0.00435774
3.74185 0.00430508
3.7434 0.00425274
3.74495 0.00420072
3.7465 0.00414902
3.74805 0.00409764
3.7496 0.00404658
3.75115 0.00399584
3.7527 0.00394542
3.75425 0.00389532
3.7558 0.00384554
3.75735 0.00379608
3.7589 0.00374694
3.76045 0.00369812
3.762 0.00364962
3.76355 0.00360144
3.76511 0.00355358
3.76666 0.00350604
3.76821 0.00345882
3.76977 0.00341192
3.77132 0.00336535
3.77287 0.00331909
3.77443 0.00327315
3.77598 0.00322753
3.77754 0.00318223
3.77909 0.00313725
3.78065 0.0030926
3.7822 0.00304826
3.78376 0.00300424
3.78532 0.00296054
3.78687 0.00291717
3.78843 0.00287411
3.78999 0.00283137
3.79155 0.00278896
3.7931 0.00274686
3.79466 0.00270508
3.79622 0.00266363
3.79778 0.00262249
3.79934 0.00258167
3.8009 0.00254118
3.80246 0.002501
3.80402 0.00246114
3.80558 0.00242161
3.80714 0.00238239
3.8087 0.0023435
3.81027 0.00230492
3.81183 0.00226667
3.81339 0.00222873
3.81495 0.00219112
3.81652 0.00215382
3.81808 0.00211685
3.81964 0.00208019
3.82121 0.00204386
3.82277 0.00200784
3.82434 0.00197215
3.8259 0.00193677
3.82747 0.00190172
3.82903 0.00186699
3.8306 0.00183257
3.83216 0.00179848
3.83373 0.00176471
3.8353 0.00173125
3.83687 0.00169812
3.83843 0.00166531
3.84 0.00163281
3.84157 0.00160064
3.84314 0.00156879
3.84471 0.00153725
3.84627 0.00150604
3.84784 0.00147515
3.84941 0.00144458
3.85098 0.00141433
3.85255 0.00138439
3.85413 0.00135478
3.8557 0.00132549
3.85727 0.00129652
3.85884 0.00126787
3.86041 0.00123954
3.86198 0.00121152
3.86356 0.00118383
3.86513 0.00115646
3.8667 0.00112941
3.86828 0.00110268
3.86985 0.00107627
3.87142 0.00105018
3.873 0.00102441
3.87457 0.00099896
3.87615 0.000973829
3.87772 0.00094902
3.8793 0.00092453
3.88088 0.00090036
3.88245 0.000876511
3.88403 0.000852981
3.88561 0.000829772
3.88718 0.000806883
3.88876 0.000784314
3.89034 0.000762065
3.89192 0.000740136
3.8935 0.000718527
3.89508 0.000697239
3.89666 0.00067627
3.89824 0.000655622
3.89982 0.000635294
3.9014 0.000615286
3.90298 0.000595598
3.90456 0.00057623
3.90614 0.000557183
3.90772 0.000538455
3.9093 0.000520048
3.91088 0.000501961
3.91247 0.000484194
3.91405 0.000466747
3.91563 0.00044962
3.91722 0.000432813
3.9188 0.000416327
3.92038 0.00040016
3.92197 0.000384314
3.92355 0.000368788
3.92514 0.000353581
3.92672 0.000338695
3.92831 0.00032413
3.9299 0.000309884
3.93148 0.000295958
3.93307 0.000282353
3.93466 0.000269068
3.93624 0.000256102
3.93783 0.000243457
3.93942 0.000231132
3.94101 0.000219128
3.9426 0.000207443
3.94418 0.000196078
3.94577 0.000185034
3.94736 0.00017431
3.94895 0.000163906
3.95054 0.000153822
3.95213 0.000144058
3.95373 0.000134614
3.95532 0.00012549
3.95691 0.000116687
3.9585 0.000108203
3.96009 0.00010004
3.96168 9.21969e-05
3.96328 8.46739e-05
3.96487 7.7471e-05
3.96646 7.05882e-05
3.96806 6.40256e-05
3.96965 5.77831e-05
3.97125 5.18607e-05
3.97284 4.62585e-05
3.97444 4.09764e-05
3.97603 3.60144e-05
3.97763 3.13725e-05
3.97922 2.70508e-05
3.98082 2.30492e-05
3.98242 1.93677e-05
3.98401 1.60064e-05
3.98561 1.29652e-05
3.98721 1.02441e-05
3.98881 7.84314e-06
3.9904 5.7623e-06
3.992 4.0016e-06
3.9936 2.56102e-06
3.9952 1.44058e-06
3.9968 6.40256e-07
3.9984 1.60064e-07
4 3.20295e-26
