0.879053 0 0.476725 
0.532408 0 0.846488 
0.000312299 0 1 
0.000312299 0 1 
1 0 0 
1 0 0 
0.810927 0 0.585147 
0.942889 0 0.333106 
0.396424 0 0.918068 
0.778007 0 0.628256 
0.664681 0 0.747127 
0.390159 0 0.920748 
0.197679 0 0.980267 
0.959021 0 0.283335 
0.769645 0 0.638472 
0.681097 0 0.732193 
0.994789 0 0.101959 
0.1839 0 0.982945 
0.96194 0 0.273261 
0.522057 0 0.852911 
0.531928 0 0.846789 
0.727956 0 0.685624 
0.727956 0 0.685624 
0.689244 0 0.72453 
0.996329 0 0.0856037 
0.797867 0 0.602833 
0.791189 0 0.611572 
0.951523 0 0.307577 
0.700556 0 0.713598 
0.954497 0 0.29822 
0.936083 0 0.35178 
0.713821 0 0.700328 
0.166527 0 0.986037 
0.292282 0 0.956332 
0.799622 0 0.600503 
0.450585 0 0.892734 
0.460108 0 0.887863 
0.569596 0 0.821925 
0.966553 0 0.256468 
0.976949 0 0.213472 
0.510069 0 0.860133 
0.409807 0 0.912172 
0.97443 0 0.224689 
0.947616 0 0.319412 
0.96947 0 0.245209 
0.303283 0 0.9529 
0.17873 0 0.983898 
0.507388 0 0.861718 
0.489051 0 0.872255 
0.708045 0 0.706167 
0.693731 0 0.720234 
0.414121 0 0.910222 
0.0550707 0 0.998482 
0.621446 0 0.783457 
0.959021 0 0.283335 
0.932977 0 0.359935 
0.7398 0 0.672827 
0.379245 0 0.925296 
0.656622 0 0.75422 
0.7398 0 0.672827 
0.621446 0 0.783457 
0.997705 0 0.0677041 
0.597034 0 0.802216 
0.857716 0 0.514123 
0.862273 0 0.506444 
0.974314 0 0.225193 
0.656622 0 0.75422 
0.799622 0 0.600503 
0.922288 0 0.386503 
0.873036 0 0.487655 
0.877233 0 0.480066 
0.972088 0 0.234618 
0.424809 0 0.905283 
0.977518 0 0.210853 
0.759268 0 0.650778 
0.0450349 0 0.998985 
0.892282 0 0.451478 
0.881335 0 0.472491 
0.606254 0 0.795271 
0.791189 0 0.611572 
0.15105 0 0.988526 
0.141936 0 0.989876 
0.850289 0 0.526317 
0.323613 0 0.946189 
0.331444 0 0.943475 
0.0938909 0 0.995582 
0.641887 0 0.7668 
0.786408 0 0.617708 
0.629839 0 0.776726 
0.303283 0 0.9529 
0.786408 0 0.617708 
0.674762 0 0.738036 
0.0865874 0 0.996244 
0.0772347 0 0.997013 
0.675682 0 0.737193 
0.754159 0 0.656692 
0.680212 0 0.733016 
0.883538 0 0.468359 
0.715422 0 0.698692 
0.781799 0 0.623531 
0.00140003 0 0.999999 
0.759638 0 0.650346 
0.597034 0 0.802216 
0.480585 0 0.876948 
0.866375 0 0.499393 
0.409807 0 0.912172 
0.516092 0 0.856533 
0.74946 0 0.662049 
0.615943 0 0.787791 
0.610336 0 0.792143 
0.902133 0 0.431459 
0.948344 0 0.317243 
0.615943 0 0.787791 
0.837151 0 0.546971 
0.516278 0 0.856421 
0.981717 0 0.190344 
0.98348 0 0.181019 
0.258018 0 0.96614 
0.953871 0 0.300217 
0.674762 0 0.738036 
0.606254 0 0.795271 
0.764037 0 0.645172 
0.476034 0 0.879427 
0.522057 0 0.852911 
0.821645 0 0.569999 
0.940274 0 0.34042 
0.228499 0 0.973544 
0.0101857 0 0.999948 
0.414121 0 0.910222 
0.501697 0 0.865043 
0.0327636 0 0.999463 
0.462083 0 0.886837 
0.46793 0 0.883766 
0.97914 0 0.203188 
0.497418 0 0.867511 
0.491765 0 0.870728 
0.35589 0 0.934528 
0.629839 0 0.776726 
0.315098 0 0.949059 
0.321666 0 0.946853 
0.88766 0 0.4605 
0.651391 0 0.758742 
0.908852 0 0.417119 
0.578021 0 0.816022 
0.855911 0 0.517123 
0.850289 0 0.526317 
0.855911 0 0.517123 
0.986312 0 0.164889 
0.998347 0 0.0574798 
0.886568 0 0.462598 
0.927845 0 0.372966 
0.997921 0 0.0644427 
0.928785 0 0.370619 
0.265437 0 0.964128 
0.93736 0 0.348362 
0.274057 0 0.961713 
0.552653 0 0.833412 
0.578021 0 0.816022 
0.46793 0 0.883766 
0.963457 0 0.267863 
0.545028 0 0.838418 
0.53996 0 0.84169 
0.638691 0 0.769463 
0.964615 0 0.263662 
0.966434 0 0.256915 
0.113905 0 0.993492 
0.664212 0 0.747544 
0.199326 0 0.979933 
0.997087 0 0.0762687 
0.999796 0 0.0202213 
0.847075 0 0.531473 
0.833232 0 0.552923 
0.0865874 0 0.996244 
0.898911 0 0.438132 
0.894653 0 0.446762 
0.128647 0 0.99169 
0.999589 0 0.0286726 
0.825063 0 0.565041 
0.985403 0 0.17024 
0.581984 0 0.8132 
0.236362 0 0.971665 
0.996653 0 0.0817442 
0.166527 0 0.986037 
0.908852 0 0.417119 
0.310342 0 0.950625 
0.906492 0 0.422223 
0.345375 0 0.938465 
0.350984 0 0.936382 
0.913861 0 0.406027 
0.708045 0 0.706167 
0.210557 0 0.977582 
0.427404 0 0.904061 
0.432559 0 0.901606 
0.120473 0 0.992717 
0.833232 0 0.552923 
0.764037 0 0.645172 
0.767541 0 0.641 
0.432559 0 0.901606 
0.82969 0 0.558225 
0.371657 0 0.92837 
0.989733 0 0.142926 
0.17873 0 0.983898 
0.204387 0 0.97889 
0.81405 0 0.580794 
0.810927 0 0.585147 
0.842483 0 0.538723 
0.918674 0 0.395017 
0.104587 0 0.994516 
0.911895 0 0.410423 
0.0126416 0 0.99992 
0.91436 0 0.404902 
0.589666 0 0.807647 
0.999013 0 0.0444148 
0.480585 0 0.876948 
0.066156 0 0.997809 
0.610336 0 0.792143 
0.0960829 0 0.995373 
0.555866 0 0.831272 
0.159829 0 0.987145 
0.746068 0 0.66587 
0.550768 0 0.834658 
0.842483 0 0.538723 
0.984225 0 0.176919 
0.0273454 0 0.999626 
0.931143 0 0.364653 
0.952116 0 0.305738 
0.998242 0 0.0592622 
0.637331 0 0.77059 
0.871721 0 0.490002 
0.818739 0 0.574166 
0.921074 0 0.389388 
0.947616 0 0.319412 
0.0357981 0 0.999359 
0.894653 0 0.446762 
0.437616 0 0.899162 
0.839301 0 0.543667 
0.988732 0 0.149698 
0.664212 0 0.747544 
0.998714 0 0.0506952 
0.781799 0 0.623531 
0.580798 0 0.814048 
0.498822 0 0.866704 
0.718958 0 0.695053 
0.250812 0 0.968036 
0.537411 0 0.843321 
0.585481 0 0.810686 
0.718958 0 0.695053 
0.962739 0 0.270431 
0.590704 0 0.806888 
0.379245 0 0.925296 
0.993018 0 0.117961 
0.994156 0 0.107952 
0.991049 0 0.133499 
0.954497 0 0.29822 
0.999296 0 0.0375087 
0.158553 0 0.98735 
0.904439 0 0.426603 
0.647012 0 0.76248 
0.942048 0 0.335479 
0.585481 0 0.810686 
0.204387 0 0.97889 
0.825063 0 0.565041 
0.268644 0 0.963239 
0.839301 0 0.543667 
0.311928 0 0.950106 
0.284387 0 0.958709 
0.932529 0 0.361096 
0.993741 0 0.111711 
0.137071 0 0.990561 
0.911895 0 0.410423 
0.939508 0 0.342527 
0.90632 0 0.422592 
0.569239 0 0.822172 
0.0392338 0 0.99923 
0.0450349 0 0.998985 
0.56589 0 0.824481 
0.882926 0 0.469513 
0.904439 0 0.426603 
0.275156 0 0.9614 
0.741909 0 0.670501 
0.0716933 0 0.997427 
0.0772347 0 0.997013 
0.741909 0 0.670501 
0.0716933 0 0.997427 
0.81405 0 0.580794 
0.816625 0 0.577169 
0.898911 0 0.438132 
0.476034 0 0.879427 
0.36746 0 0.930039 
0.36315 0 0.931731 
0.437616 0 0.899162 
0.990764 0 0.135596 
0.985487 0 0.169753 
0.724428 0 0.68935 
0.545028 0 0.838418 
0.360133 0 0.932901 
0.371256 0 0.928531 
0.999796 0 0.0202213 
0.845043 0 0.534698 
0.924581 0 0.380986 
0.822622 0 0.568589 
0.998816 0 0.0486483 
0.248933 0 0.968521 
0.999901 0 0.0140871 
0.970213 0 0.242254 
0.931143 0 0.364653 
0.110177 0 0.993912 
0.560136 0 0.828401 
0.98348 0 0.181019 
0.845043 0 0.534698 
0.699635 0 0.7145 
0.987384 0 0.158341 
0.56589 0 0.824481 
0.537411 0 0.843321 
0.926112 0 0.377248 
0.996966 0 0.0778445 
0.219074 0 0.975708 
0.124003 0 0.992282 
0.754159 0 0.656692 
0.870468 0 0.492225 
0.868403 0 0.495859 
0.722115 0 0.691774 
0.0261009 0 0.999659 
0.708045 0 0.706167 
0.550768 0 0.834658 
0.722115 0 0.691774 
0.0569283 0 0.998378 
0.214561 0 0.976711 
0.376958 0 0.92623 
0.97914 0 0.203188 
0.981717 0 0.190344 
0.972088 0 0.234618 
0.441232 0 0.897393 
0.651391 0 0.758742 
0.0170996 0 0.999854 
0.999984 0 0.0056764 
1 0 0 
0.36746 0 0.930039 
0.1839 0 0.982945 
0.837151 0 0.546971 
0.555866 0 0.831272 
0.233664 0 0.972317 
0.948344 0 0.317243 
0.980102 0 0.198496 
0.132367 0 0.991201 
0.926112 0 0.377248 
0.450585 0 0.892734 
0.916397 0 0.400272 
0.223254 0 0.97476 
0.219074 0 0.975708 
0.265437 0 0.964128 
0.924581 0 0.380986 
0.847075 0 0.531473 
0.289236 0 0.957258 
0.562197 0 0.827003 
0.864211 0 0.50313 
0.862273 0 0.506444 
0.992037 0 0.12595 
0.992629 0 0.12119 
0.984225 0 0.176919 
0.980102 0 0.198496 
0.970982 0 0.239151 
0.214561 0 0.976711 
0.879053 0 0.476725 
0.877233 0 0.480066 
0.154313 0 0.988022 
0.918938 0 0.394401 
0.816625 0 0.577169 
0.901158 0 0.43349 
0.88967 0 0.456604 
0.345375 0 0.938465 
0.341805 0 0.939771 
0.254326 0 0.967119 
0.593524 0 0.804817 
0.98097 0 0.19416 
0.341805 0 0.939771 
0.33827 0 0.941049 
0.754159 0 0.656692 
0.560136 0 0.828401 
0.988191 0 0.153227 
0.33487 0 0.942264 
0.137812 0 0.990458 
0.141936 0 0.989876 
0.999589 0 0.0286726 
0.82969 0 0.558225 
0.268644 0 0.963239 
0.258018 0 0.96614 
0.999438 0 0.0335206 
0.857716 0 0.514123 
0.447083 0 0.894493 
0.331444 0 0.943475 
0.100235 0 0.994964 
0.644507 0 0.764599 
0.424809 0 0.905283 
0.830746 0 0.556652 
0.689511 0 0.724275 
0.24 0 0.970773 
0.0651615 0 0.997875 
0.060784 0 0.998151 
0.769645 0 0.638472 
0.767541 0 0.641 
0.0177918 0 0.999842 
0.937147 0 0.348935 
0.501697 0 0.865043 
0.562197 0 0.827003 
0.254199 0 0.967152 
0.0221224 0 0.999755 
0.27877 0 0.960358 
0.132367 0 0.991201 
0.444808 0 0.895626 
0.894653 0 0.446762 
0.632276 0 0.774743 
0.441232 0 0.897393 
0.745688 0 0.666296 
0.778737 0 0.627351 
0.745688 0 0.666296 
0.993741 0 0.111711 
0.991576 0 0.129528 
0.867971 0 0.496614 
0.246225 0 0.969213 
0.242865 0 0.97006 
0.315098 0 0.949059 
0.989733 0 0.142926 
0.110177 0 0.993912 
0.491765 0 0.870728 
0.489051 0 0.872255 
0.633462 0 0.773773 
0.362244 0 0.932083 
0.939508 0 0.342527 
0.0221224 0 0.999755 
0.998997 0 0.0447845 
0.99998 0 0.00635299 
0.99029 0 0.13902 
0.900467 0 0.434925 
0.210595 0 0.977573 
0.986785 0 0.162034 
0.46793 0 0.883766 
0.689511 0 0.724275 
0.970982 0 0.239151 
0.289696 0 0.957119 
0.778737 0 0.627351 
0.799622 0 0.600503 
0.797867 0 0.602833 
0.447083 0 0.894493 
0.633462 0 0.773773 
0.921074 0 0.389388 
0.964615 0 0.263662 
0.102776 0 0.994705 
0.284387 0 0.958709 
0.890921 0 0.454159 
0.223254 0 0.97476 
0.395577 0 0.918433 
0.392847 0 0.919604 
0.999314 0 0.0370257 
0.999901 0 0.0140871 
0.988284 0 0.152627 
0.697659 0 0.71643 
0.353766 0 0.935334 
0.350984 0 0.936382 
0.392847 0 0.919604 
0.992037 0 0.12595 
0.15105 0 0.988526 
0.154313 0 0.988022 
0.427404 0 0.904061 
0.424809 0 0.905283 
0.125326 0 0.992116 
0.281378 0 0.959597 
0.999949 0 0.0100657 
0.916135 0 0.400871 
0.988732 0 0.149698 
0.310342 0 0.950625 
0.477929 0 0.878398 
0.2264 0 0.974034 
0.994789 0 0.101959 
0.27877 0 0.960358 
0.0392338 0 0.99923 
0.996329 0 0.0856037 
0.24 0 0.970773 
0.242865 0 0.97006 
0.593524 0 0.804817 
0.74946 0 0.662049 
0.117392 0 0.993086 
0.994421 0 0.105486 
0.98097 0 0.19416 
0.890921 0 0.454159 
0.873036 0 0.487655 
0.999949 0 0.0100657 
0.545028 0 0.838418 
0.281378 0 0.959597 
0.647012 0 0.76248 
0.651391 0 0.758742 
0.864211 0 0.50313 
0.724428 0 0.68935 
0.74946 0 0.662049 
0.987384 0 0.158341 
0.246225 0 0.969213 
0.992629 0 0.12119 
0.993018 0 0.117961 
0.334969 0 0.942229 
0.292282 0 0.956332 
