1 0 0 
1 0 0 
1 0 0 
1 0 0 
1 0 0 
1 0 0 
1 0 0 
1 0 0 
1 0 0 
1 0 0 
1 0 0 
1 0 0 
1 0 0 
1 0 0 
1 0 0 
1 0 0 
1 0 0 
1 0 0 
1 0 0 
1 0 0 
1 0 0 
1 0 0 
1 0 0 
1 0 0 
1 0 0 
1 0 0 
0.857199 0 0.514985 
1 0 0 
1 0 0 
1 0 0 
1 0 0 
1 0 0 
1 0 0 
1 0 0 
1 0 0 
1 0 0 
1 0 0 
1 0 0 
1 0 0 
0.987685 0 0.156457 
1 0 0 
1 0 0 
1 0 0 
1 0 0 
1 0 0 
1 0 0 
1 0 0 
1 0 0 
1 0 0 
0.606853 0 0.794814 
1 0 0 
1 0 0 
1 0 0 
1 0 0 
0.00606529 0 0.999982 
1 0 0 
1 0 0 
0.998429 0 0.0560244 
1 0 0 
1 0 0 
1 0 0 
1 0 0 
1 0 0 
1 0 0 
1 0 0 
1 0 0 
1 0 0 
1 0 0 
1 0 0 
1 0 0 
1 0 0 
0.843192 1.1252 0.537613 
1 0 0 
1 0 0 
0.887253 0 1.69682 
1 0 1.01901 
1.22232 0.463314 0.0721757 
1.22913 0 0 
1 0.536246 0 
1 0 1.23553 
1 0 1.23553 
1.57096 0 0 
1.24389 0.264808 0.815558 
1 0.591072 0 
1 0 1.27462 
1 0 1.27462 
2.15091 0 0 
1 0.593362 0 
1 0 1.31463 
3.03486 0 1.23553 
3.01904 0.036171 1.05406 
3.4548 0 0 
1 0.905184 0 
1 0 1.32202 
4.50945 0 0 
1.45578 2.12649 0.0539329 
2.58396 1.38135 0.562531 
3.01904 1.568 0.478756 
1 3.31446 0 
1 0 1.92774 
1 2.02345 1.61563 
1.48667 1.92386 1.67678 
6.89318 3.56312 0.917428 
2.73481 3.55895 1.20602 
1.63328 3.4144 1.5247 
1 0 3.16994 
3.17665 2.43888 2.58818 
2.4598 2.11076 3.1693 
3.17665 2.43888 2.58818 
5.5401 4.90207 2.5684 
1 0 3.17732 
5.35148 2.31451 3.1759 
3.53034 4.03245 3.07685 
4.35088 3.48923 3.16974 
1 0 3.19702 
2.03845 3.80265 5.9791 
3.63399 2.91056 4.1598 
5.22881 1.73818 3.48391 
3.3202 2.8681 4.83136 
3.06631 5.09586 7.44335 
3.16863 7.2179 6.56804 
4.37446 6.10769 4.7194 
4.64941 7.36021 4.45522 
6.12091 4.1797 3.74805 
5.5562 2.70892 5.60848 
7.18212 3.04923 3.64253 
6.08762 3.97956 4.0521 
6.55144 2.09314 5.02342 
3.36187 4.78534 7.36624 
3.66689 3.97511 11.3242 
3.84809 5.55404 6.68901 
3.36336 11.0351 5.52985 
4.18433 3.69991 5.2886 
6.07944 8.63122 4.49299 
6.92606 10.5048 4.03462 
19.8443 15.7392 3.96417 
8.25091 3.89852 4.96651 
8.64609 4.18874 4.53682 
9.10864 3.69052 8.89708 
7.20928 5.50386 5.25835 
5.78885 7.11362 5.72153 
6.26269 4.7183 5.35015 
4.18954 5.22066 7.44831 
4.73812 5.75873 6.80157 
12.1562 13.2912 4.51165 
10.7944 4.526 8.48879 
10.7944 4.526 8.48879 
11.5909 4.06106 15.2566 
13.3518 4.17222 9.49034 
9.45852 5.65877 5.35103 
7.24307 8.39567 6.7879 
7.32286 6.93406 6.708 
9.45402 4.83794 19.4842 
8.72627 6.29493 5.54371 
7.30816 7.46806 5.89145 
8.15113 23.096 5.56314 
9.02068 5.39235 18.9084 
9.98312 5.58311 7.86867 
4.46451 7.95634 20.9742 
6.01955 6.53449 17.2453 
5.27151 13.9803 12.7851 
5.12687 17.4929 12.004 
5.29812 8.41967 9.48314 
5.31819 7.32434 7.20219 
7.32026 7.04576 9.99973 
18.2766 14.9219 5.24876 
12.6118 13.8948 5.26716 
11.2793 4.80745 21.0068 
12.7306 5.14095 9.67072 
12.1724 5.35908 8.66722 
18.234 4.56493 11.1798 
15.2201 4.8093 13.2933 
9.45852 5.65877 6.50091 
9.098 6.80947 16.6366 
12.5114 7.81449 5.82539 
12.6782 10.1457 5.82154 
13.7371 7.06778 6.26742 
7.35432 13.0602 7.06926 
11.1962 8.57951 6.47732 
10.1294 9.81202 5.95009 
7.38354 10.0943 6.12237 
8.8252 12.5163 6.03208 
9.39142 10.5237 6.07625 
9.96395 5.58257 20.6357 
6.3286 6.83109 18.2843 
5.35808 10.9648 7.52535 
5.65731 9.32565 10.0012 
6.04937 8.73372 8.09971 
6.46921 8.36848 12.7088 
6.78563 7.81097 7.66708 
7.46944 7.18121 11.3134 
9.116 7.74937 10.4751 
8.25151 7.31777 11.2783 
15.7325 15.0716 5.49025 
12.7536 5.35342 18.0457 
16.9753 5.19441 11.9522 
22.9027 5.11393 12.7877 
9.45852 5.65877 7.6677 
9.45852 5.65877 7.6677 
11.0397 5.7244 6.59491 
9.55298 9.07923 6.76104 
9.45852 5.65877 7.6677 
12.8256 27.2087 5.88991 
12.8256 27.2087 5.88991 
8.06111 10.779 6.67326 
13.8437 10.2929 6.57785 
10.7504 11.8105 6.62336 
9.28308 6.85044 20.1177 
5.39335 13.2164 22.5117 
5.52389 13.6324 9.23906 
5.98423 9.70221 13.0306 
5.98331 10.5881 12.7902 
5.98331 10.6336 12.5121 
6.05506 8.76185 16.883 
6.15254 9.24574 15.396 
6.22381 10.4487 12.2565 
6.1875 10.7408 8.58408 
7.04375 9.48537 12.5411 
7.4127 10.3548 7.69728 
8.63199 7.93975 10.3427 
9.33571 9.11438 9.28431 
7.42663 8.00427 13.1107 
7.92278 8.67494 11.7453 
8.3328 7.70144 12.7046 
19.9146 19.5761 6.28717 
21.146 5.62347 30.1658 
33.7157 5.34968 17.065 
9.86764 9.76887 7.09292 
10.8153 9.25195 7.18038 
17.0798 8.25726 7.81162 
10.9972 5.98306 16.3674 
11.3613 6.7397 13.3012 
11.0261 6.9098 15.4478 
9.78555 5.99147 19.1712 
15.0246 8.61287 7.75791 
10.2637 7.36343 16.9215 
11.6988 6.72166 8.06213 
10.0279 8.97372 8.18321 
11.2206 6.14395 14.2711 
9.29055 14.5118 7.08947 
13.1746 17.984 6.91211 
12.6693 27.6463 6.80985 
14.4377 17.3462 6.93993 
9.53126 7.10714 20.4998 
5.55689 22.1991 20.0632 
5.72419 13.9407 14.1514 
7.03619 9.19929 17.813 
7.02056 10.466 13.2046 
6.96306 10.7161 19.7296 
6.45608 10.7208 12.8997 
6.3188 11.6444 10.5432 
7.39983 19.2619 8.71057 
7.04161 14.3315 10.1524 
7.85564 9.9585 13.0758 
7.69102 9.9585 13.0776 
8.68528 13.2662 8.48216 
7.86247 17.786 8.46886 
8.87517 10.7408 8.55081 
11.6765 8.10933 11.138 
9.39886 10.5571 11.3972 
9.91192 9.56732 11.497 
9.70794 10.2329 9.46109 
7.67428 8.1137 13.6852 
8.28268 9.24855 13.0364 
9.15212 9.59229 11.9187 
10.4439 8.33218 13.0901 
10.889 8.46509 12.8725 
10.3598 7.92444 16.0401 
8.81306 7.93911 13.122 
8.81224 10.4442 13.0069 
28.9708 21.8172 6.71734 
10.2452 11.7969 7.39509 
11.1741 12.8899 7.16419 
10.2452 11.7969 7.39509 
14.3074 9.56222 7.82241 
11.7149 9.82823 7.66327 
11.1748 10.0621 8.12631 
14.5916 10.6216 7.62129 
16.9273 7.92495 10.0244 
12.4382 8.40367 10.3514 
14.5392 7.95637 9.04705 
12.6999 6.86711 11.2948 
15.4445 7.6344 10.7034 
15.2671 7.61614 11.2361 
12.6597 8.69331 8.11919 
17.7238 7.46542 8.3216 
12.2808 7.41142 11.6654 
12.2645 9.03498 9.80976 
11.3244 10.0232 11.3142 
11.6614 8.97984 10.5647 
12.1675 9.03884 10.4119 
11.8747 9.16427 8.25693 
10.145 9.24403 11.7946 
10.3373 9.05064 11.7256 
18.2632 6.28719 16.0337 
12.14 6.85716 17.1176 
11.8939 6.39158 21.3373 
9.82192 16.5345 7.22638 
12.4809 20.473 7.1457 
10.8989 16.1699 7.1758 
24.8051 20.9512 6.93189 
6.03046 26.1238 23.1664 
7.36879 10.3285 18.58 
7.04511 11.1994 14.2535 
7.86582 14.0599 13.0719 
7.86582 14.0599 13.0719 
7.86582 14.0599 13.0719 
8.62187 13.6695 11.6933 
7.68885 14.1614 10.7466 
6.4735 14.5052 12.1889 
7.0562 13.2706 14.1436 
7.24367 14.9019 11.9064 
7.8775 10.6755 13.1622 
7.8775 10.6755 13.1622 
8.79279 13.7699 11.2148 
8.71186 14.145 11.0106 
9.10361 11.8185 9.93949 
11.0652 11.7797 8.90469 
9.59169 12.3584 8.78964 
9.83593 11.2582 9.38937 
8.93429 10.9864 10.9284 
10.5842 11.4819 9.09305 
9.10366 13.2531 9.72465 
11.158 10.3553 10.1555 
11.0029 10.5749 11.4309 
7.75236 8.7699 13.8905 
8.68433 8.59522 18.8156 
8.45971 9.75202 13.8219 
8.76076 10.6232 13.5985 
9.85582 10.5576 12.4543 
9.15212 9.59229 12.4663 
9.2042 9.00967 13.7874 
10.7661 8.77577 13.4946 
9.74847 8.67804 13.766 
9.82986 8.06594 15.8548 
11.2776 8.3772 13.3058 
10.4658 8.96778 13.267 
9.1207 9.96004 13.294 
11.3353 14.4436 7.25067 
10.9238 13.4476 7.83178 
10.2452 11.7969 8.22912 
13.926 13.6714 7.56419 
13.4025 11.0248 7.71301 
11.5707 11.404 9.38321 
12.9109 8.41771 10.4369 
22.041 7.14359 13.4609 
13.1384 7.01894 16.6101 
18.8159 7.30373 13.9232 
14.1344 7.31427 11.9939 
13.8364 7.40503 15.7403 
15.2134 9.18558 8.12034 
14.5402 8.96753 9.24648 
23.2681 7.88778 9.09879 
18.9276 7.94221 8.51983 
20.5977 7.87463 11.5736 
13.295 7.57948 15.3454 
12.3174 8.22968 14.5694 
12.9397 7.60227 12.5488 
13.7353 10.0782 9.5146 
11.9416 11.1955 9.48037 
11.9862 10.0299 9.83768 
12.5234 10.1221 8.3769 
10.9488 10.747 12.1174 
10.889 9.11983 13.0535 
10.889 9.11983 13.0535 
20.5127 6.73659 16.6084 
18.7787 6.94779 16.0449 
12.572 7.78172 24.7138 
10.5136 19.7026 7.25441 
6.03046 26.1238 23.7611 
7.2391 11.4905 14.807 
7.73373 12.6572 14.6083 
8.7539 13.7899 12.7078 
8.72089 14.1111 11.7115 
8.43143 14.3807 10.9543 
6.60149 16.5273 15.4478 
7.15371 24.3042 12.5542 
7.17452 22.9287 13.2456 
8.39119 16.2846 12.5512 
7.46291 15.0403 12.8817 
8.29288 12.6276 13.487 
8.74538 12.2633 13.7322 
9.26758 12.0533 10.5601 
9.7025 12.7413 9.19981 
9.62191 13.5605 9.18595 
10.2421 11.5727 12.3866 
8.94251 12.765 11.6074 
11.0196 10.643 11.4737 
8.98852 9.58349 14.9396 
7.85564 9.9585 15.3682 
8.14756 11.5494 14.518 
7.8735 9.14259 17.9808 
8.92272 12.3608 13.7135 
9.15212 9.59229 14.4947 
10.568 11.3534 12.535 
9.45425 10.3281 12.7906 
10.1272 9.8465 13.4703 
10.4604 9.19621 14.6031 
11.0261 8.68353 15.4478 
10.3517 8.25903 21.1008 
12.4648 8.08975 19.7898 
10.2059 8.64833 16.1234 
12.2328 8.25283 19.0052 
9.25633 10.855 14.4668 
11.6662 19.5462 7.31832 
15.9 14.9229 7.39778 
12.8013 15.4997 7.56348 
13.0016 13.5012 8.05144 
12.3732 18.9913 8.10975 
11.0539 12.0422 8.41929 
10.9441 13.1843 8.60964 
13.582 15.0201 7.98827 
15.8735 13.7736 7.78036 
11.808 11.5648 10.5883 
12.9261 9.33054 12.0573 
13.5782 9.12238 11.4606 
13.7959 7.41317 17.5902 
15.633 10.0273 8.8032 
14.9111 9.58988 9.29787 
15.6577 9.95321 9.27636 
13.4916 8.33915 12.9428 
13.4461 7.87743 13.9988 
13.8876 8.93261 12.6501 
13.4916 8.33915 12.9428 
15.2004 7.75011 13.738 
12.1886 10.3701 10.4499 
13.0879 11.3927 9.15434 
14.8177 10.1366 9.52157 
14.0922 10.2018 9.93558 
11.9564 9.55224 14.5484 
11.9593 9.30618 14.0497 
11.9996 9.48098 13.8902 
13.3027 9.15708 15.0402 
11.1392 20.3427 7.97035 
7.27104 11.7659 15.7214 
8.60906 16.5833 11.7971 
8.80376 14.6564 12.1831 
8.82619 16.2157 11.4634 
7.26945 31.9806 23.9713 
8.02465 17.4234 12.9855 
8.70542 16.0034 13.1297 
8.5719 13.1921 14.0737 
10.0957 12.1189 11.2213 
9.26758 12.0533 12.9885 
9.49479 12.1659 11.9533 
9.38294 13.4985 10.7098 
10.4823 13.0758 10.8356 
9.65988 18.0907 10.1353 
9.96797 15.8316 10.0254 
9.06114 13.0923 12.5538 
9.06114 13.0923 12.5538 
11.394 11.2776 12.1736 
8.68025 11.0156 15.4229 
8.52385 15.4002 14.6121 
8.26654 9.49033 20.5963 
9.00501 13.0565 15.3384 
9.24824 10.4153 14.7898 
9.48955 9.73548 15.5601 
9.55905 10.2366 14.5961 
9.85463 11.3467 13.7293 
10.3874 12.0447 13.1333 
9.85463 11.3467 13.7293 
10.8055 10.7826 13.239 
12.5373 10.1735 13.5517 
10.1424 9.99284 14.8922 
11.5229 9.20192 14.829 
12.6078 8.96825 16.0186 
12.0913 9.11013 21.0562 
10.2985 11.1564 14.5505 
7.36305 12.8675 18.8367 
23.6613 9.93154 9.91678 
8.47786 21.6481 13.0002 
16.845 20.0958 7.40913 
14.2504 7.56962 33.385 
13.5292 9.24298 19.8463 
15.7862 16.7247 7.73786 
17.4243 13.6945 9.63672 
9.24128 13.1363 17.0759 
19.2576 8.0225 21.3075 
12.6706 18.5769 8.72362 
12.1018 9.84381 18.0645 
16.1079 14.3447 8.35604 
9.16151 11.8349 21.0262 
14.547 10.9177 10.28 
10.3327 17.9939 10.1851 
15.3448 15.4084 8.71575 
16.5543 8.7785 14.974 
10.5285 13.8242 11.6425 
15.7933 8.09352 15.6825 
12.8983 9.33881 15.8294 
12.2284 12.2857 11.9478 
9.64144 18.041 12.2787 
9.44799 12.519 13.8453 
8.9234 16.0133 12.6901 
11.6627 11.5836 12.8272 
8.83915 15.8849 13.2372 
11.3723 15.1594 9.03555 
14.1287 9.2704 14.1482 
15.2139 8.85778 14.7209 
13.3599 13.2465 9.76023 
