16.7733 4.48332e-07 
1 25.0014 
2.06704 20.8809 
2.06735 3.13431 
1.4905 21.9875 
15.0839 0.020207 
1.13853 23.2231 
14.8038 0.0215811 
12.0764 0.201915 
9.75598 0.454942 
12.6409 0.151334 
1.61179 21.7144 
2.22206 2.65071 
1.19838 22.9061 
8.28145 0.657102 
7.94982 0.70766 
1.94361 21.0798 
4.03404 1.58082 
7.67589 0.75523 
2.46619 2.37771 
10.0298 0.42777 
1.38439 22.2702 
2.10824 2.89731 
4.27086 1.51134 
1.06142 23.7793 
5.17392 1.25169 
12.924 0.126819 
9.0316 0.54622 
4.92895 1.33003 
14.0615 0.049874 
13.8176 0.0635893 
7.27158 0.823108 
7.52616 0.774086 
3.5491 1.75958 
13.6298 0.0766184 
15.3089 0.011701 
4.62713 1.40449 
11.4282 0.262675 
1.02465 24.1585 
1.08489 23.5283 
4.41963 1.46543 
11.1015 0.295818 
3.34457 1.85608 
2.63939 2.24225 
6.14332 1.04844 
2.34507 2.51276 
3.88223 1.63611 
9.23241 0.519013 
11.8096 0.224423 
10.8821 0.322355 
8.81666 0.57652 
3.70414 1.71761 
1.26016 22.6655 
8.53317 0.617693 
16.2202 0.00165357 
11.6829 0.236502 
2.74962 2.16224 
13.3907 0.0923918 
1.00324 24.7072 
3.22007 1.90404 
12.2841 0.180552 
10.7171 0.340243 
6.92543 0.88014 
3.03228 1.99664 
2.92592 2.05532 
10.1848 0.399132 
7.12231 0.844481 
14.5855 0.027047 
5.62519 1.14338 
14.2525 0.0405375 
16.0166 0.00291485 
15.5194 0.00964938 
12.4542 0.165333 
1.32832 22.4619 
1.69263 21.5411 
16.421 0.000627548 
1.01284 24.3855 
5.92844 1.07883 
9.56185 0.476606 
6.77211 0.907252 
8.10123 0.681661 
6.29653 0.99973 
10.5137 0.361947 
1.83818 21.2634 
5.47826 1.1799 
9.41901 0.500619 
6.59864 0.941328 
16.5899 0.000168279 
10.3802 0.377221 
5.31496 1.21824 
4.79048 1.35779 
11.2778 0.279485 
5.81212 1.10524 
14.4296 0.0330875 
6.45689 0.969977 
15.8438 0.00448578 
13.0758 0.121396 
13.2428 0.102058 
15.6834 0.0063361 
1.77491 21.3822 
