1 25.0011 
16.7718 1.0777e-08 
2.06716 20.8777 
2.06735 3.1345 
1.64029 21.6836 
1.76676 21.4033 
4.36896 1.4729 
1.43352 22.134 
9.93533 0.437096 
8.84712 0.571819 
11.2487 0.28312 
13.9777 0.0544653 
13.0704 0.114929 
16.1164 0.00241025 
1.51874 21.9231 
10.1667 0.410705 
5.03111 1.31125 
3.69995 1.70013 
4.63177 1.39549 
13.3564 0.0999876 
12.4544 0.165159 
2.77401 2.17354 
13.7173 0.0726265 
9.67335 0.462095 
2.94801 2.042 
8.57614 0.610642 
1.33071 22.4597 
6.36844 0.988273 
3.9265 1.61763 
4.77925 1.35933 
12.7033 0.145798 
16.5366 0.000300334 
6.60325 0.951047 
15.8383 0.00501256 
12.2549 0.185962 
3.10726 1.95783 
7.12778 0.842819 
11.645 0.243623 
2.61053 2.25695 
7.70386 0.76144 
11.0034 0.318728 
5.47765 1.1775 
11.8706 0.218918 
5.69384 1.14376 
7.87638 0.719197 
16.3301 0.00107514 
14.1982 0.0463782 
11.4658 0.258982 
15.2768 0.0123174 
7.48946 0.784487 
6.93338 0.878975 
15.4579 0.0102718 
12.0463 0.209689 
1.97122 21.1217 
10.3899 0.379739 
7.32081 0.81075 
8.41992 0.637429 
6.18292 1.02267 
3.28683 1.894 
12.8798 0.1306 
15.0446 0.0184673 
15.6822 0.00692453 
1.87152 21.2039 
6.01525 1.05778 
1.00488 24.6242 
14.7158 0.0234046 
13.5238 0.0825128 
1.04783 23.9212 
1.0773 23.6146 
5.84694 1.0939 
6.76005 0.909467 
9.50059 0.492449 
2.13423 2.85966 
8.22192 0.678892 
2.27815 2.57056 
8.08042 0.689791 
3.53574 1.76931 
9.0382 0.545762 
2.4699 2.37009 
4.18559 1.53041 
1.17492 23.0176 
1.2289 22.7925 
1.03021 24.1386 
5.20602 1.26376 
9.33217 0.514188 
10.699 0.342726 
14.5223 0.0291457 
14.3863 0.0342854 
10.5359 0.362865 
14.8954 0.0203849 
1.01099 24.4155 
3.41289 1.82256 
2.17971 2.7201 
5.31797 1.22078 
1.10407 23.4121 
1.1512 23.2241 
10.8487 0.322881 
2.38398 2.45463 
4.07667 1.56611 
9.18008 0.527126 
