16.7717 3.38125e-07 
1 24.9983 
2.06735 3.13486 
2.06656 20.8786 
1.06801 23.6646 
1.65863 21.6094 
1.78539 21.367 
7.50319 0.777894 
11.3553 0.270944 
5.42751 1.19157 
1.39333 22.2427 
15.7392 0.00568085 
6.62311 0.937154 
5.80638 1.10422 
6.36264 0.986256 
7.78838 0.737101 
11.1135 0.294404 
15.4928 0.0113704 
8.51314 0.619829 
13.9908 0.0540707 
14.2191 0.042767 
11.5919 0.247049 
1.11862 23.305 
2.49751 2.34627 
1.03033 24.0646 
5.17591 1.25219 
1.0236 24.3182 
1.00208 24.738 
15.9885 0.00312647 
11.7956 0.226351 
15.0629 0.0166704 
9.22464 0.52222 
14.8255 0.0208735 
6.80298 0.90146 
3.74539 1.68414 
6.04165 1.05349 
2.64204 2.23605 
13.7629 0.0699129 
2.34743 2.50213 
5.61527 1.14678 
15.2645 0.0122119 
1.89872 21.1714 
1.55628 21.8637 
13.37 0.0929236 
13.1628 0.107964 
3.95107 1.60886 
12.0139 0.208586 
14.4487 0.0321929 
16.5481 0.000250802 
1.30792 22.5335 
8.25985 0.657408 
12.5791 0.156349 
12.9671 0.123205 
10.0658 0.41301 
12.7693 0.138791 
12.377 0.172223 
13.5694 0.0792888 
1.4889 22.0245 
10.288 0.387151 
9.43559 0.492259 
3.17228 1.92704 
3.5947 1.74221 
9.02664 0.547156 
7.01702 0.862316 
7.32263 0.808554 
10.5649 0.363054 
12.1915 0.188929 
14.6269 0.0258704 
4.8772 1.33573 
7.93968 0.707028 
4.40404 1.46283 
8.69794 0.593168 
4.23894 1.51991 
3.03031 1.99965 
4.70372 1.37622 
16.1872 0.00236284 
10.7988 0.328583 
1.25966 22.6918 
2.24355 2.63517 
6.19378 1.02044 
16.3549 0.000948561 
8.86038 0.570084 
4.55392 1.41862 
1.99255 21.0106 
8.13258 0.677313 
9.90575 0.433679 
5.03142 1.28731 
2.80078 2.13028 
4.08889 1.56319 
1.1938 22.9324 
9.73972 0.453205 
7.15393 0.838928 
10.9062 0.32128 
3.33226 1.85135 
3.42929 1.80903 
9.5898 0.472285 
2.11311 2.89688 
2.88975 2.07508 
1.16577 23.0841 
2.15403 2.77178 
