1 25.0006 
16.773 9.64349e-09 
2.06725 20.8774 
2.06735 3.13479 
8.32842 0.670544 
8.76645 0.593589 
9.02645 0.547395 
16.0363 0.00286071 
13.7277 0.0690938 
10.3666 0.379983 
2.54943 2.30374 
2.75263 2.18867 
4.44801 1.44903 
7.51704 0.791953 
13.4631 0.0865542 
11.9885 0.211637 
8.52995 0.617671 
16.3362 0.000997196 
10.0848 0.415326 
14.7776 0.0220535 
15.0448 0.0165802 
1.17761 23.0029 
3.88169 1.64538 
8.04223 0.702399 
10.8849 0.321315 
4.22671 1.53146 
1.29864 22.5342 
3.40321 1.85287 
14.4005 0.0357931 
1.39745 22.2453 
5.03595 1.32056 
1.76916 21.4049 
4.80873 1.34628 
11.1404 0.302851 
14.1367 0.0458187 
16.5183 0.000349153 
15.2475 0.0149246 
7.75391 0.736591 
3.2017 1.91487 
2.90781 2.06822 
15.8053 0.00482692 
4.6398 1.39321 
13.9722 0.054598 
2.30298 2.5552 
6.33842 0.9911 
2.18598 2.77018 
4.07245 1.57009 
1.24519 22.7199 
11.7233 0.237602 
5.65874 1.15684 
13.2521 0.10138 
12.8913 0.129209 
12.1877 0.191024 
1.89024 21.1761 
5.85433 1.10439 
1.12773 23.2681 
2.40913 2.45776 
6.86784 0.891904 
3.69958 1.7013 
9.25715 0.516439 
1.01286 24.4018 
6.66847 0.946253 
3.5562 1.76192 
3.05604 1.98622 
1.00228 24.7515 
9.729 0.455124 
14.5795 0.03389 
9.91919 0.433802 
1.68796 21.5589 
12.6812 0.154818 
5.19436 1.24596 
13.0686 0.11507 
6.14014 1.03151 
1.45855 22.0754 
7.31062 0.822241 
15.477 0.0102139 
10.5663 0.354386 
1.96182 21.0574 
12.3821 0.181666 
9.56071 0.479414 
6.51326 0.958095 
1.0882 23.504 
1.5387 21.8733 
1.02437 24.1571 
2.10178 2.89847 
1.59905 21.7362 
5.48608 1.17973 
10.7102 0.340752 
7.01593 0.862512 
11.2966 0.275721 
5.34423 1.20924 
6.00709 1.06342 
15.6124 0.00788816 
9.40138 0.512244 
7.16936 0.835215 
11.4512 0.261774 
12.5311 0.158574 
7.90168 0.71613 
1.044 23.8963 
1.06561 23.7346 
