1 25.0002 
16.7754 5.08606e-08 
2.0673 20.8772 
2.06735 3.13459 
3.87593 1.63531 
4.98465 1.30325 
4.12463 1.55592 
7.32725 0.812451 
11.1818 0.28721 
10.718 0.337322 
10.4812 0.377123 
10.9444 0.312461 
2.47024 2.37043 
3.04228 2.00167 
12.3467 0.174811 
5.74519 1.11635 
14.5024 0.0298606 
9.65103 0.464778 
1.47088 22.0555 
10.2596 0.397581 
1.12097 23.2917 
4.75547 1.37593 
2.10181 2.89837 
13.3228 0.097785 
1.18923 22.952 
9.41677 0.496019 
3.23535 1.91064 
16.2012 0.00166106 
14.7553 0.0224512 
5.56925 1.16028 
7.56525 0.779263 
9.25455 0.542913 
13.9727 0.054578 
12.1407 0.201817 
10.0486 0.415507 
15.9674 0.0033657 
5.2043 1.24349 
11.4221 0.269107 
1.36904 22.3328 
2.29264 2.55179 
12.5915 0.153443 
7.10235 0.847061 
13.5897 0.0840489 
1.04368 23.9064 
9.84564 0.440083 
15.5768 0.00748001 
1.54071 21.8696 
15.3423 0.0157393 
11.9293 0.212677 
8.35281 0.666248 
1.0185 24.2658 
5.36516 1.21557 
12.9738 0.122584 
1.80425 21.3266 
2.86148 2.09168 
3.67581 1.70936 
1.23928 22.7675 
2.23318 2.68401 
14.9389 0.0183492 
15.1583 0.0159473 
1.33138 22.5243 
16.41 0.000656248 
12.7595 0.142003 
13.7364 0.0687486 
3.37916 1.83127 
9.00848 0.549396 
5.98912 1.06324 
15.7631 0.00530957 
6.93497 0.87717 
2.61148 2.27665 
8.54924 0.616312 
4.60241 1.4146 
1.64087 21.653 
7.72449 0.741552 
3.5426 1.76193 
6.75082 0.911197 
6.28153 1.00311 
1.70075 21.5244 
6.60126 0.939562 
2.73725 2.17577 
16.6028 0.000154911 
13.1552 0.108526 
4.29649 1.49526 
6.43465 0.991783 
1.96799 21.0388 
11.7377 0.231018 
4.42302 1.45652 
8.69282 0.59369 
14.2934 0.0420558 
1.8973 21.1778 
8.88093 0.577686 
7.91298 0.736618 
11.5947 0.251639 
8.16387 0.672024 
6.09301 1.04132 
14.1628 0.044502 
1.00338 24.711 
1.00765 24.5109 
8.03626 0.694755 
1.07301 23.6703 
