16.7695 8.46747e-08 
1 25.001 
2.06724 20.8772 
2.06735 3.13533 
10.4517 0.367484 
12.2097 0.186793 
10.7306 0.342516 
4.65596 1.38863 
1.05991 23.7335 
5.24432 1.23745 
12.4458 0.165908 
14.2949 0.0474003 
15.8352 0.00505601 
11.374 0.26727 
13.1625 0.111303 
5.501 1.18202 
12.8657 0.131891 
7.87007 0.717933 
15.5686 0.00869342 
1.96526 21.0828 
10.1865 0.398662 
1.01617 24.3801 
8.89545 0.572435 
9.16932 0.536 
4.92273 1.34374 
11.9467 0.216107 
14.5673 0.027578 
11.1158 0.29412 
1.12974 23.3907 
1.03159 24.0474 
4.46555 1.44618 
1.84396 21.2718 
1.30962 22.5306 
15.3574 0.0107143 
12.6949 0.144808 
14.0816 0.0519364 
15.1282 0.0145529 
3.09028 1.97473 
7.64709 0.754012 
2.50359 2.34114 
6.64972 0.946704 
1.39097 22.2813 
11.5859 0.253112 
2.3734 2.50706 
2.93108 2.05148 
6.86301 0.892937 
3.26154 1.88735 
10.0132 0.419545 
13.3354 0.0957273 
10.9439 0.312512 
2.78235 2.15964 
3.73135 1.68825 
1.00235 24.7472 
9.79971 0.445689 
8.41557 0.635204 
3.52968 1.76748 
4.27726 1.50127 
16.0621 0.00255455 
13.8644 0.0607945 
6.47952 0.963156 
14.9238 0.0190888 
6.29603 1.01195 
2.63537 2.23911 
5.67426 1.14308 
5.05222 1.28191 
1.45728 22.0884 
11.7775 0.231987 
13.5619 0.0850668 
8.08499 0.684174 
7.47721 0.782257 
16.5708 0.000220752 
1.75074 21.4522 
2.16938 2.73642 
1.67515 21.5915 
1.24243 22.7513 
14.7394 0.0231003 
8.21349 0.664444 
9.32523 0.515458 
1.14688 23.1553 
6.13173 1.03607 
2.09023 2.94284 
7.30625 0.811376 
1.20605 22.9452 
5.83672 1.09613 
2.24774 2.60995 
8.58355 0.611729 
3.8635 1.64232 
3.41043 1.81711 
9.49754 0.48411 
16.3953 0.00103351 
8.73567 0.591433 
1.58514 21.771 
16.2309 0.00163244 
5.98188 1.07626 
7.02043 0.865687 
1.53105 21.8933 
9.63703 0.466197 
4.01289 1.58759 
7.15947 0.836956 
4.12998 1.54875 
