16.7743 2.2068e-08 
1 25 
2.06735 3.13477 
2.06727 20.8772 
2.49399 2.35233 
11.6367 0.245916 
10.8589 0.323549 
12.2956 0.18002 
11.3538 0.276478 
11.1413 0.293972 
1.13504 23.2411 
3.69187 1.7032 
3.9414 1.6161 
8.42185 0.633412 
16.1212 0.00222161 
4.45311 1.44751 
13.4764 0.0938347 
2.2828 2.60331 
7.53278 0.772945 
3.5241 1.77155 
11.8652 0.218756 
15.4358 0.0104579 
7.26257 0.818931 
1.09495 23.6271 
8.65831 0.600834 
15.8754 0.00461316 
6.22511 1.01504 
12.0814 0.198499 
1.00733 24.6452 
6.47642 0.96766 
12.5864 0.162045 
15.665 0.00650402 
14.6691 0.0248588 
2.13929 2.85866 
9.04863 0.543886 
2.87611 2.09104 
13.7576 0.0676078 
10.6402 0.346026 
16.363 0.000916379 
9.60131 0.475376 
12.9408 0.126226 
8.84692 0.578909 
3.0458 1.98932 
3.31322 1.85988 
1.0156 24.3114 
5.5567 1.16085 
1.76338 21.4023 
5.86049 1.09248 
14.4276 0.0326311 
6.07142 1.04752 
8.22137 0.688102 
4.20865 1.523 
14.8625 0.0202342 
16.5533 0.000260519 
1.87792 21.2001 
9.77638 0.448605 
1.96008 21.0623 
1.28603 22.6056 
1.6149 21.7159 
7.69489 0.746499 
9.96721 0.424997 
6.80774 0.908526 
1.18807 22.9521 
7.88657 0.715307 
14.1216 0.047268 
9.37697 0.501508 
5.03684 1.28587 
5.33628 1.21116 
12.7214 0.143159 
13.8926 0.0591425 
10.143 0.412871 
13.1317 0.110285 
6.62449 0.93609 
2.72519 2.17681 
15.2055 0.0131582 
9.25108 0.522305 
13.2966 0.0981563 
4.6159 1.40001 
8.04513 0.690362 
1.35855 22.3594 
3.19243 1.91853 
6.97308 0.873361 
10.4523 0.367418 
15.0765 0.0173165 
5.70824 1.13014 
5.23448 1.24779 
1.6856 21.556 
1.52513 21.9203 
2.61317 2.255 
10.3175 0.387139 
4.76213 1.3762 
1.03389 24.0168 
4.90326 1.32444 
4.10904 1.5557 
7.11795 0.847369 
1.47429 22.0363 
1.39831 22.2292 
1.23189 22.7804 
14.2648 0.0396034 
1.05168 23.84 
