1 24.9979 
16.7275 1.25247e-05 
2.06655 20.8783 
2.06735 3.13459 
1.32549 22.4787 
12.8514 0.133819 
1.116 23.3789 
12.5025 0.161391 
15.3263 0.0111519 
11.152 0.290299 
6.46576 0.971933 
16.4922 0.000394161 
1.17717 23 
1.03996 23.9802 
15.082 0.0156524 
1.01154 24.4167 
4.31066 1.49161 
1.23514 22.7743 
16.2251 0.0015014 
8.5005 0.621557 
13.4397 0.0881914 
7.9386 0.710169 
15.5867 0.00934633 
11.7711 0.22904 
1.42771 22.1579 
8.75875 0.584647 
1.06385 23.7063 
3.47898 1.78834 
12.0045 0.211591 
14.8495 0.0207314 
13.6459 0.0742881 
14.6429 0.0252987 
11.3917 0.26724 
7.05826 0.856351 
14.4127 0.0332091 
10.9201 0.325428 
13.8673 0.0606782 
15.7936 0.00500142 
6.68993 0.925509 
16.0181 0.00309961 
1.8741 21.2026 
5.47762 1.17751 
8.17163 0.671421 
13.1924 0.105761 
4.0983 1.55892 
7.2445 0.822592 
6.85013 0.893264 
5.13633 1.26924 
3.6542 1.71833 
7.43062 0.790847 
3.03356 1.99715 
6.25655 1.03687 
2.89888 2.0698 
11.577 0.262544 
10.0681 0.412868 
5.29497 1.23463 
2.11125 2.89702 
4.50248 1.43979 
1.97039 21.0368 
4.93841 1.31875 
1.76753 21.3941 
2.21651 2.7379 
5.65734 1.13683 
2.7401 2.17267 
12.2017 0.196483 
3.80772 1.66041 
10.5686 0.355591 
9.8889 0.434911 
1.00319 24.6871 
10.7534 0.350705 
2.38715 2.44835 
2.51411 2.33236 
14.066 0.0494851 
8.32331 0.648178 
13.0399 0.117304 
14.2166 0.0423369 
7.74231 0.738601 
9.08316 0.539169 
3.96473 1.60468 
8.91841 0.562246 
2.29335 2.55806 
9.56597 0.4758 
3.29473 1.86897 
9.71596 0.456239 
9.39086 0.498017 
4.6444 1.3919 
7.61349 0.759546 
1.62082 21.7054 
10.2636 0.389561 
1.69499 21.5475 
3.20556 1.91059 
4.79532 1.3571 
5.81873 1.10144 
9.24468 0.517373 
2.62556 2.25155 
10.3869 0.374982 
1.54612 21.8568 
6.10417 1.04231 
12.377 0.192551 
5.95264 1.07175 
