1 25 
16.7718 3.37334e-09 
2.06735 3.1347 
2.06721 20.8773 
1.02084 24.2121 
8.42861 0.63215 
1.47992 22.0136 
1.0148 24.6215 
6.23284 1.01245 
1.5916 21.7543 
10.2011 0.39699 
3.90697 1.62794 
1.05503 23.8329 
7.60018 0.763858 
16.3003 0.00123129 
1.24286 22.7378 
11.3694 0.271339 
1.69447 21.5454 
2.71973 2.1903 
16.5778 0.000204474 
1.18638 22.9656 
9.92789 0.429816 
5.3175 1.2157 
7.79002 0.733133 
5.11093 1.26693 
1.12206 23.2933 
5.51483 1.1688 
1.81153 21.3406 
1.33172 22.4302 
2.28925 2.55594 
8.18534 0.67325 
7.34758 0.805886 
2.86924 2.08706 
12.8591 0.132937 
13.0832 0.113952 
8.02066 0.694177 
13.8367 0.0633329 
10.4 0.376287 
14.2427 0.0409016 
4.11819 1.55293 
5.72778 1.13773 
6.47837 0.963382 
3.03583 1.99738 
2.53342 2.31656 
3.7117 1.69566 
14.0242 0.0533061 
10.6027 0.354277 
11.1534 0.290157 
8.67451 0.596315 
13.2726 0.100471 
12.6671 0.147114 
1.38901 22.2557 
4.57843 1.41076 
14.8054 0.0214461 
1.08415 23.5339 
11.6076 0.246864 
2.18472 2.72354 
10.7905 0.329284 
4.77385 1.35628 
1.90105 21.1524 
16.0961 0.00237716 
11.7576 0.242494 
15.7067 0.00653416 
11.9819 0.207941 
2.4325 2.4039 
4.92259 1.32147 
15.9034 0.00431601 
6.03178 1.06791 
3.18736 1.91844 
10.9781 0.311116 
12.4668 0.164092 
9.77084 0.453524 
4.42748 1.45658 
15.0026 0.0194701 
8.94625 0.558381 
2.1018 2.89842 
14.6011 0.0298507 
13.6103 0.0766064 
4.25779 1.5074 
14.4386 0.032185 
12.3095 0.190211 
15.5096 0.00944326 
9.15909 0.528903 
13.4784 0.0859437 
15.1824 0.0154408 
5.88924 1.08724 
7.2041 0.83476 
2.00934 21.0203 
12.1234 0.194862 
7.03616 0.859211 
3.56601 1.75636 
9.57427 0.476028 
15.3489 0.0121813 
3.34881 1.87878 
9.27548 0.513266 
9.45979 0.490621 
6.75414 0.911555 
6.89851 0.883831 
6.6113 0.937636 
8.80998 0.577439 
