1 24.9999 
16.7685 7.22531e-08 
2.06735 3.13463 
2.06711 20.8774 
13.4894 0.0846517 
15.8587 0.00446772 
6.36928 1.02048 
13.7961 0.0648814 
6.11731 1.07995 
15.6049 0.00764604 
16.1557 0.00212225 
15.3514 0.010759 
6.9892 0.871942 
1.87948 21.1974 
11.1894 0.286368 
4.69765 1.37691 
12.3951 0.170321 
4.96964 1.35016 
10.9839 0.312577 
1.76047 21.4071 
2.87094 2.09376 
6.75985 0.91574 
8.45782 0.627834 
13.9986 0.0601387 
12.6671 0.149212 
4.18079 1.55638 
1.37539 22.3527 
6.57618 0.954749 
3.84408 1.69335 
11.4495 0.263745 
5.89346 1.08769 
12.2012 0.191295 
13.2466 0.116907 
15.1022 0.0150762 
2.71738 2.182 
8.26576 0.656514 
9.84314 0.443959 
1.44558 22.101 
3.06518 1.98959 
8.05876 0.688242 
3.65121 1.72686 
1.14669 23.1656 
13.0654 0.11916 
10.392 0.379563 
4.02196 1.59493 
7.2102 0.828052 
4.40522 1.4749 
10.7383 0.335129 
16.3646 0.000910246 
12.8358 0.137129 
9.00108 0.550414 
1.21591 22.9249 
14.2471 0.0452198 
1.04622 23.875 
16.5719 0.000215564 
11.9725 0.208621 
1.66189 21.6078 
8.69223 0.595674 
1.00328 24.6726 
11.6143 0.243108 
9.20333 0.528644 
3.19685 1.91967 
7.87365 0.717362 
2.58917 2.34133 
2.02932 21.034 
5.11178 1.26671 
14.5973 0.0266289 
7.3674 0.800879 
10.0379 0.41639 
11.8219 0.225514 
10.1941 0.397637 
2.34193 2.49496 
10.5897 0.35334 
7.55875 0.77385 
3.36171 1.8383 
14.3906 0.0341049 
1.10523 23.4234 
3.49141 1.81097 
1.02459 24.1865 
9.36548 0.503891 
5.70947 1.14354 
4.53131 1.44165 
1.52897 21.9052 
7.70809 0.753527 
5.42437 1.21368 
5.27704 1.22556 
2.46507 2.39961 
1.0859 23.6411 
2.10181 2.89839 
14.9169 0.0187914 
9.6356 0.471441 
8.82352 0.575542 
2.23358 2.62991 
1.28588 22.5736 
5.58422 1.15968 
1.01478 24.3945 
14.7662 0.0222343 
1.58936 21.7702 
2.18486 2.78001 
1.25533 22.6902 
