0.76029 0.704152 3.76274 
0.843404 0.736685 3.13158 
0.0873886 0.228888 5.46567 
0.191199 0.054209 5.54283 
0.2093 0.790403 4.08331 
0.856551 0.114304 4.1253 
0.272451 0.0563938 5.49666 
0.844861 0.64667 3.79324 
0.181784 0.202657 5.24749 
0.0568588 0.6662 5.26888 
0.696568 0.658994 4.5018 
0.104859 0.22463 5.40516 
0.809325 0.15343 4.09864 
0.778155 0.786135 3.05186 
0.739598 0.074459 4.67773 
0.239366 0.695458 4.71751 
0.112354 0.767588 4.40308 
0.15777 0.685181 4.88183 
0.744276 0.240827 4.37508 
0.704928 0.859397 3.35417 
0.230047 0.21328 5.21785 
0.173439 0.165575 5.50333 
0.751697 0.773924 3.29817 
0.7815 0.848682 2.85507 
0.835559 0.313116 3.95727 
0.0340375 0.183132 5.61535 
0.811594 0.815865 2.77393 
0.00786021 0.853248 4.30505 
0.687744 0.201844 4.80526 
0.651859 0.859785 3.83362 
0.663814 0.856663 3.66573 
0.684985 0.33307 4.8678 
0.145223 0.297831 5.32763 
0.792334 0.0294694 4.46765 
0.121923 0.635816 5.35112 
0.291729 0.718032 4.56111 
0.66218 0.195121 4.98457 
0.0165786 0.126863 5.78152 
0.316817 0.644887 5.12741 
0.638873 0.792235 4.00613 
0.728776 0.861069 3.17812 
0.282159 0.718032 4.57033 
0.135082 0.729363 4.61418 
0.821489 0.819836 2.7315 
0.0250405 0.831272 4.31503 
0.145223 0.324835 5.3743 
0.102053 0.835877 4.15074 
0.721889 0.251696 4.61589 
0.726047 0.0648185 4.80368 
0.804608 0.792811 2.89305 
0.831038 0.0942845 4.17251 
0.714503 0.747256 3.71245 
0.851078 0.721788 3.23186 
0.684478 0.807242 3.6166 
0.739598 0.0886588 4.64572 
0.064898 0.144219 5.64181 
0.804568 0.817493 2.79629 
0.204595 0.0150542 5.58761 
0.195723 0.185356 5.29652 
0.693233 0.828491 3.48375 
0.65588 0.370036 5.1716 
0.659523 0.348514 5.08787 
0.860616 0.0460624 4.24244 
0.629573 0.773568 4.17794 
0.0721465 0.777937 4.43717 
0.064898 0.135391 5.67006 
0.768066 0.704152 3.71474 
0.262711 0.690246 4.73941 
0.245141 0.21328 5.17912 
0.30447 0.72377 4.52492 
0.0820816 0 5.86875 
0.164684 0.678038 4.92299 
0.716418 0.77842 3.53457 
0.89202 0.702148 3.44029 
0.730647 0.810461 3.25438 
0.879819 0.0397882 4.26911 
0.890083 0.843951 2.66273 
0.900617 0.159963 4.05425 
0.859413 0.859439 2.61401 
0.660794 0.323028 5.03782 
0 0.172001 5.73042 
0.620391 0.844679 3.99027 
0.67975 0.340283 4.92431 
0.862967 0.680724 3.57168 
0.325101 0.00405278 5.68467 
0.325101 0.674494 4.96477 
0.657345 0.367279 5.15321 
0.833992 0.629241 3.92857 
0.0165786 0.126863 5.83788 
0.0932047 0.284684 5.43411 
0.223373 0.10239 5.46688 
0.863799 0.264797 3.88404 
0.671187 0.0189437 5.27935 
0.648647 0.623219 5.11315 
0.851056 0.754062 3.00346 
0 0.281072 5.59037 
0.114221 0.716109 4.76695 
0.767416 0.886952 2.96326 
0.576998 0 5.90715 
0.711722 0.850432 3.30577 
0.816554 0.865299 2.69659 
0.874312 0.757023 2.99232 
0.903406 0.710304 3.39126 
0.882403 0.742629 3.09904 
0.899165 0.734433 3.19913 
