0.136246 0.268531 5.31375 
0.111427 0.148983 5.49702 
0.273382 0.775126 4.15312 
0.836952 0.650976 3.77843 
0.668732 0.840557 3.65324 
0.83137 0.254288 3.91101 
0.820185 0.742874 3.1374 
0.0201472 0.187443 5.60478 
0.707153 0.847432 3.38185 
0.156886 0.245446 5.34722 
0.826055 0.702706 3.42622 
0.732172 0.846454 3.19127 
0.803322 0.297164 4.10342 
0.647289 0.0450317 5.40784 
0.854612 0.126168 4.06465 
0.118835 0.0232246 5.74687 
0.785343 0.197555 4.12486 
0.853547 0.641466 3.81964 
0.859407 0.697391 3.48359 
0.266149 0.210782 5.17354 
0.23882 0.852066 3.90603 
0.0646383 0.108891 5.72695 
0.177544 0.72455 4.5498 
0.0894509 0.820004 4.22876 
0.847749 0.82208 2.68604 
0.716096 0.777644 3.61256 
0.807079 0.757426 3.09935 
0.631207 0.135754 5.36814 
0.815177 0.689769 3.58201 
0.0321883 0.769496 4.56797 
0.739778 0.749539 3.53188 
0.839134 0.763195 2.98629 
0.143844 0.831505 4.07204 
0.662251 0.178824 5.05106 
0.835507 0.71415 3.34412 
0.185557 0.109369 5.44788 
0.762581 0.0862425 4.49882 
0.695512 0.114941 5.09186 
0.250953 0.704728 4.66561 
0.725326 0.825983 3.24483 
0.717914 0.79313 3.41924 
0.75381 0.857212 3.0373 
0.803346 0.842675 2.76977 
0.645708 0.0624073 5.51334 
0.732467 0.798463 3.29587 
0.768533 0.0980268 4.42644 
0.0783341 0.171382 5.53688 
0.303322 0.203903 5.22217 
0.792986 0.80096 2.90726 
0.675147 0.253845 4.85358 
0.221203 0.710651 4.59046 
0.842224 0.0353497 4.27418 
0.799176 0.838758 2.85228 
0.637169 0.282215 5.13564 
0.617488 0.694074 4.78753 
0.746079 0.0125012 4.7451 
0.171611 0.227608 5.25245 
0.31628 0.749667 4.3589 
0.68912 0.284961 4.76676 
0.154909 0.723706 4.59756 
0.214426 0.672285 4.88965 
0.700275 0.304683 4.70516 
0.19183 0.672285 4.91416 
0.918484 0.681593 3.70462 
0.285246 0.661097 4.98794 
0.873384 0.0715473 4.1985 
0.683232 0.308129 4.83054 
0.85931 0.633752 3.86671 
0.285898 0.657524 5.06245 
0.0373491 0.0980268 5.77661 
0.0513408 0.817206 4.30583 
0.200618 0.80846 4.04283 
0.775152 0.0750776 4.46993 
0.812338 0.301946 4.00393 
0.875303 0.661274 3.72476 
0.787318 0.804634 2.94186 
0.888298 0.215145 3.93174 
0.863399 0.808369 2.71473 
0.85931 0.859144 2.61401 
0 0.0394252 5.94669 
0.884458 0.092071 4.16995 
0.671174 0.34695 4.99973 
0.665633 0.348957 5.0482 
0.160932 0.626061 5.28687 
0.32925 0.019498 5.64926 
0.0151884 0.0914292 5.82582 
0.31628 0.0295106 5.59933 
0.852779 0.170753 3.97787 
0.105441 0.146738 5.65554 
0.230385 0.162283 5.41395 
0.256481 0.837004 3.93667 
0.657571 0.1158 5.19314 
0.132732 0.160811 5.48525 
0 0.405066 5.85062 
0.0915817 0.7199 4.78194 
0.335127 0 5.67183 
0.0615894 0.63378 5.46421 
0.270051 0.757343 4.25992 
0.452242 0 5.96905 
0.756925 0.571331 4.55214 
0.889344 0.736049 3.16066 
0.895575 0 4.35857 
0.820442 0.814571 2.74933 
0.886331 0.780051 2.91707 
0.813148 0.796709 2.84379 
