0.21999 0.69845 4.69724 
0.119605 0.719538 4.74785 
0.678319 0.284036 4.83913 
0.847821 0.200573 3.92472 
0.659018 0.106186 5.23839 
0.716684 0.12788 4.72601 
0.243124 0.683609 4.79407 
0.145322 0.754781 4.4147 
0.837722 0.679485 3.58074 
0.817002 0.746918 3.12958 
0.750235 0.821133 3.10083 
0.800176 0.840554 2.79951 
0.664674 0.218469 4.95627 
0.734444 0.834411 3.16976 
0.837722 0.670185 3.64079 
0.163639 0.280014 5.26916 
0.666761 0.287594 4.93002 
0.712603 0.869956 3.3044 
0.252545 0.00596545 5.58341 
0.722693 0.035289 4.87573 
0.743649 0.688621 3.93889 
0.78781 0.185928 4.12731 
0.783233 0.872919 2.83464 
0.705614 0.807358 3.48961 
0.265161 0.269298 5.18646 
0.132985 0.632757 5.31758 
0.794103 0.798839 2.92193 
0.8569 0.801819 2.75488 
0.259944 0.740241 4.37436 
0.64803 0.787513 3.99044 
0.272604 0.79074 4.06253 
0.0417354 0.19471 5.6387 
0.808547 0.0573242 4.3216 
0.824786 0.827227 2.71367 
0.129782 0.252536 5.44161 
0.0974411 0.0219611 5.80435 
0.29152 0.734826 4.43585 
0.225582 0.704719 4.67126 
0.029462 0.239491 5.55943 
0.859237 0.260475 3.88149 
0.290668 0.725576 4.50785 
0.134809 0.214887 5.35052 
0.282078 0.852748 3.89654 
0.806652 0.298825 4.01991 
0.020667 0.214095 5.60664 
0.727538 0.598434 4.63871 
0.693725 0.781506 3.69099 
0.17045 0.0262864 5.64757 
0.214499 0.71529 4.59952 
0.818187 0.140385 4.09549 
0.300878 0.244637 5.19838 
0.183017 0.0165565 5.67793 
0.699547 0.849229 3.4175 
0.828187 0.710244 3.37517 
0.327519 0.647331 5.13737 
0.315094 0.65132 5.09845 
0.845054 0.684849 3.52294 
0.756877 0.772201 3.27236 
0.194089 0.641228 5.15869 
0.0737905 0.227873 5.4786 
0.0714738 0.229285 5.50868 
0.833166 0.658007 3.74085 
0.0913303 0.0439053 5.79856 
0.640185 0.0830011 5.38884 
0.727574 0.617006 4.54086 
0.636244 0.672955 4.90944 
0.156453 0.0965346 5.68933 
0.0823758 0.81738 4.23558 
0.761007 0.20925 4.25379 
0.0468777 0.838627 4.28106 
0.84268 0.762164 2.95941 
0.646806 0.759497 4.17033 
0.734364 0.115939 4.65631 
0.77668 0.301392 4.21175 
0.738572 0.311604 4.47441 
0.340617 0.760117 4.35344 
0.777388 0.856386 2.88561 
0.10869 0.0694617 5.71459 
0.85653 0.647442 3.81989 
0.320069 0.0805658 5.52853 
0.62295 0.167163 5.29979 
0.812969 0.770194 3.00507 
0.851857 0.172818 3.96428 
0.833516 0.754 3.05358 
0.859237 0.859484 2.61401 
0.737122 0.326318 4.48641 
0.708827 0 5.02794 
0.357783 0.187901 5.40196 
0.685899 0.00170639 5.21597 
0.204156 0.666688 4.97964 
0.693725 0.766995 3.75435 
0.0500299 0.151233 5.74317 
0 0.149532 5.74323 
0 0.737325 4.83193 
0.823887 0.862536 2.67389 
0.23346 0.852509 3.91957 
0.0306716 0.806565 4.37429 
0.0583077 0.117638 5.70004 
0.688956 0.624151 4.81466 
0.657806 0.872449 3.73003 
0.727896 0.865593 3.20746 
0.856551 0.0803685 4.17386 
0.674742 0.832208 3.61979 
0.821974 0.790932 2.86048 
0.801405 0.827104 2.78541 
