0.783703 0.725621 3.57218 
0.733821 0.849827 3.23049 
0.655503 0.293709 5.05499 
0.741954 0.855468 3.1081 
0.138677 0.732345 4.6054 
0.768023 0.803119 3.07508 
0.708474 0.29799 4.62825 
0.759126 0.794892 3.1374 
0.71596 0.817392 3.35675 
0.116487 0.167992 5.45396 
0.297205 0.691251 4.79142 
0.287148 0.689447 4.87161 
0.305928 0.717224 4.59469 
0.0467011 0.738704 4.73797 
0.177398 0.00554002 5.66565 
0.704071 0.214332 4.65793 
0.0858379 0.675554 5.16153 
0.0366562 0.696976 5.13114 
0.747235 0.0380102 4.69017 
0.725198 0.190601 4.56802 
0.647277 0.0966215 5.38492 
0.634481 0.132539 5.30271 
0.698392 0.209928 4.70647 
0.790422 0.712589 3.47324 
0.190513 0.678724 4.96521 
0.670234 0.20294 5.06227 
0.850593 0.789011 2.82627 
0.764736 0.258119 4.21539 
0.74875 0.796992 3.19825 
0.831121 0.867096 2.68375 
0.23292 0.150712 5.27909 
0.0628711 0.102589 5.73208 
0.161832 0.242 5.25693 
0.220784 0.150747 5.32236 
0.268719 0.0501735 5.52662 
0.263265 0.0607894 5.50343 
0.0538639 0.271485 5.54434 
0.249291 0.85115 3.89997 
0.770566 0.809142 3.02741 
0.144099 0.304752 5.3529 
0.856617 0.66032 3.69164 
0.12947 0.758218 4.47482 
0.101466 0.125531 5.57673 
0.708062 0.164732 4.84326 
0.277921 0.625964 5.19384 
0.756533 0.140798 4.42025 
0.005878 0.186243 5.62696 
0.682184 0.113255 5.02234 
0.803003 0.820206 2.85836 
0.822212 0.8596 2.72353 
0.285768 0.658384 4.98853 
0.768202 0.860349 2.92437 
0.3171 0.651781 5.07413 
0.684748 0.0753883 5.08583 
0.0905644 0.636452 5.41846 
0.675984 0.827764 3.62407 
0.323669 0.795079 4.1545 
0.17993 0.632612 5.23902 
0.847764 0.153902 4.0236 
0.609974 0.77016 4.29443 
0.859592 0.64424 3.8773 
0.110216 0.167992 5.47686 
0.672546 0.827764 3.82113 
0.62735 0.679168 4.84894 
0.196266 0.642585 5.182 
0.656193 0.896431 3.78945 
0.846126 0.837582 2.67965 
0.694557 0.722119 4.08164 
0.630071 0.667694 4.91609 
0.840735 0.68661 3.52359 
0.813985 0.721657 3.3197 
0.859285 0.023681 4.35839 
0.859285 0.8596 2.61401 
0.0120524 0.275161 5.58777 
0 0.308968 5.62997 
0.635836 0.751564 4.26493 
0.753523 0.346796 4.47915 
0.753523 0.766225 3.39628 
0.753523 0.618347 4.44457 
0.0767482 0.0126442 5.86948 
0.33598 0 5.77909 
0.341123 0 5.70259 
0.835853 0.699595 3.42144 
0.206087 0.777179 4.24013 
0.122991 0.778314 4.32135 
0.0206142 0.770623 4.6788 
0.00926557 0.0967096 5.83848 
0.790422 0.222561 4.06962 
0.780228 0.238863 4.11271 
0.0265626 0.24453 5.55182 
0.683913 0.328256 4.91048 
0.724286 0.854083 3.24637 
0.246096 0.839747 3.94194 
0.481361 0 5.99843 
0.672735 0.341512 5.01031 
0.68561 0.0877297 5.04345 
0.816446 0.85923 2.77833 
0.664544 0.844419 3.73316 
0.668782 0.760121 4.00546 
0.851923 0.877249 2.63882 
0.698276 0.0234527 5.12886 
0.809916 0.780982 3.00337 
0.84498 0.314151 3.96275 
0.851586 0.781728 2.89747 
0.862096 0.761733 2.96796 
