0.0682359 0.283209 5.50017 
0.24157 0.0786485 5.47156 
0.830087 0.107599 4.17367 
0.627602 0.128036 5.35314 
0.63621 0.133163 5.28806 
0.70306 0.139819 4.90545 
0.771162 0.820986 2.99134 
0.156328 0.847611 4.00712 
0.781875 0.712642 3.56914 
0.867835 0.731706 3.15939 
0.26085 0.13982 5.29994 
0.644471 0.208205 5.16191 
0.127594 0.163509 5.54061 
0.666707 0.229677 4.94836 
0.135818 0.877397 4.06183 
0.307417 0.77199 4.20713 
0.181728 0.035751 5.61079 
0.254277 0.844749 3.95368 
0.157684 0.259783 5.34893 
0.733177 0.0496112 4.85066 
0.869315 0.273576 3.96804 
0.744222 0.725411 3.65917 
0.824976 0.862225 2.67684 
0.740231 0.150387 4.51381 
0.624038 0.667849 4.96156 
0.645481 0.67194 4.81187 
0.149829 0.880891 4.03714 
0.125383 0.868019 4.15154 
0.284876 0.737394 4.40534 
0.861009 0.686855 3.51425 
0.116443 0.68122 5.02399 
0.867671 0.692391 3.45401 
0.0150157 0.758761 4.65486 
0.654132 0.853935 3.77287 
0.2654 0.0342276 5.53655 
0.106764 0.220475 5.40511 
0.108526 0.250712 5.38209 
0.788659 0.215899 4.08681 
0.204329 0.64904 5.1385 
0.172654 0.647707 5.18373 
0.807484 0.0887675 4.26209 
0.678263 0.81727 3.62896 
0.865813 0.780331 2.85604 
0.858523 0.150387 4.10558 
0.274327 0.021868 5.56215 
0.765283 0.838773 3.02214 
0.781004 0.78719 3.09554 
0.713551 0.826026 3.39667 
0.0356773 0.190339 5.58369 
0.0196049 0.176939 5.63499 
0.720797 0.860488 3.24495 
0.0719125 0.203834 5.49828 
0.69193 0.0716848 5.06131 
0.677692 0.103429 5.1014 
0.816147 0.823811 2.74616 
0.163886 0.0129554 5.66239 
0.864251 0.637321 3.85144 
0.761079 0.288824 4.25097 
0.215378 0.741246 4.55502 
0.884667 0.79919 2.79104 
0.317728 0.763922 4.29152 
0.0841721 0.0674766 5.76822 
0.871909 0.707151 3.3537 
0.0443455 0.765086 4.61656 
0.862903 0.643998 3.80484 
0.749622 0.629022 4.31734 
0.690856 0.0260839 5.14373 
0.708581 0.312224 4.68418 
0.84539 0.841522 2.70906 
0.828842 0.325237 4.06669 
0.8594 0.85931 2.61401 
0.0286549 0.679034 5.21764 
0.00683799 0.172115 5.74571 
0.240767 0.725186 4.50448 
0.0841721 0.0474904 5.80577 
0.834685 0.658269 3.88657 
0.189641 0.302805 5.24737 
0.797239 0.00663962 4.57498 
0.80674 0.786681 2.91585 
0.248219 0.864513 3.90724 
0.72801 0.702992 3.97083 
0.855117 0.746329 3.0602 
0.852026 0.696769 3.43164 
0.387211 0.00643876 5.83009 
0.610421 0 5.76795 
0.373882 0.00824655 5.81054 
0.615085 0.701195 4.77874 
0.751044 0.343506 4.45153 
0.745135 0.61623 4.42792 
0.334018 0.682222 4.89478 
0.0937443 0.239105 5.42467 
0.660353 0.83467 3.72114 
0.877173 0.714526 3.3009 
0.227114 0.742684 4.35278 
0.196478 0.302805 5.23743 
0.803596 0.786681 2.96044 
0.0559831 0.735222 4.75921 
0.0514269 0.741202 4.72728 
0 0.291997 5.68824 
0 0.458741 5.97637 
0.53499 0 6.00717 
0.453805 0 6.03065 
0.286765 0.786995 4.14815 
0.840318 0.125464 4.1591 
0.879113 0.855203 2.65315 
