0.797645 0.229684 4.05921 
0.730493 0.625001 4.48922 
0.193495 0.154073 5.32095 
0.779084 0.748954 3.28592 
0.185765 0.65262 5.08158 
0.722704 0.85869 3.22592 
0.786694 0.707603 3.53451 
0.758314 0.276402 4.26273 
0.160992 0.249961 5.30597 
0.261948 0.744607 4.33892 
0.694713 0.77954 3.68971 
0.747039 0.285568 4.37558 
0.793409 0.767631 3.11017 
0.654886 0.0358343 5.38443 
0.0516874 0.737687 4.72892 
0.251313 0.716966 4.52944 
0.141926 0.0834556 5.5947 
0.844523 0.691024 3.48511 
0.773245 0.0946654 4.41821 
0.660127 0.0300155 5.35113 
0.834213 0.78977 2.83132 
0.0359721 0.787253 4.45176 
0.165175 0.257974 5.24608 
0.72504 0.0620379 4.80762 
0.737198 0.135355 4.57345 
0.840743 0.823204 2.71743 
0.173141 0.130767 5.40073 
0.300622 0.782884 4.15394 
0.0823386 0.161953 5.54287 
0.643912 0.0855276 5.43424 
0.804154 0.119178 4.25045 
0.296745 0.832386 3.93868 
0.817467 0.774474 2.98189 
0.0246985 0.840692 4.30288 
0.686809 0.634254 4.76329 
0.68438 0.191157 4.84634 
0.308403 0.110433 5.4552 
0.109943 0.838934 4.18263 
0.149379 0.722051 4.64045 
0.760933 0.0517116 4.59748 
0.23819 0.762822 4.22499 
0.694314 0.305922 4.75551 
0.867002 0.772692 2.89411 
0.202243 0.786986 4.12369 
0.100763 0.313673 5.48329 
0.251313 0.710792 4.69761 
0.857577 0.218497 3.90865 
0.0799238 0.144316 5.61155 
0.782665 0.649792 3.99404 
0.847987 0.768313 2.94735 
0.861855 0.756711 3.0183 
0.274159 0.730066 4.47041 
0.742944 0.817741 3.15238 
0.855726 0.84906 2.65343 
0.0829812 0.0112431 5.85661 
0.0740368 0.0412856 5.82734 
0.229444 0.19543 5.19664 
0.00248108 0.211191 5.64154 
0.209261 0.174468 5.28168 
0.123978 0.878133 4.08576 
0.833522 0.728825 3.2227 
0.649747 0.328295 5.12647 
0.804291 0.870556 2.76161 
0.703854 0.822927 3.41267 
0.859122 0.859519 2.61401 
0.0114173 0.853056 4.29612 
0.00335212 0.682676 5.23699 
0.0130466 0.16912 5.69785 
0.708568 0.85952 3.33805 
0.76604 0.742246 3.40213 
0.71416 0.615183 4.66253 
0.635257 0.266443 5.15929 
0.221639 0.848138 3.97336 
0.0192 0.70851 5.0022 
0.618897 0.660245 5.05062 
0.677894 0.149822 5.03928 
0.844308 0.79362 2.79824 
0.777011 0.803319 3.053 
0.751012 0.0932351 4.62944 
0.795047 0.240096 4.04001 
0.851368 0.812362 2.70553 
0.289311 0.674803 4.87399 
0.307833 0.0539324 5.56735 
0.091088 0.077702 5.72301 
0.105084 0.696951 4.91569 
0.6983 0.700166 4.19359 
0.330276 0.706439 4.71005 
0.0933284 0.0725781 5.74846 
0.137332 0.0672061 5.6594 
0.825958 0.665403 3.73111 
0.825958 0.665403 3.80285 
0.229444 0.182827 5.25771 
0.0695845 0.0129563 5.87919 
0.856492 0.669402 3.62152 
0.0590903 0.294472 5.51667 
0.826013 0.870556 2.69103 
0.854518 0.640156 3.86041 
0 0.116555 5.78394 
0.373967 0 5.77697 
0.628627 0 5.60487 
0.699797 0.322334 4.73955 
0.67258 0.710278 4.32089 
0.875682 0.101311 4.15148 
0.912335 0.711321 3.44033 
0.850699 0.694174 3.47545 
