0.645201 0.157911 5.18149 
0.684477 0.794298 3.68071 
0.846637 0.1637 3.98894 
0.0653776 0.855671 4.22676 
0.189919 0.0717716 5.51693 
0.639492 0.0928608 5.44837 
0.205106 0.787533 4.11176 
0.709599 0.81714 3.40111 
0.859234 0.770121 2.89957 
0.267141 0.0960652 5.4318 
0.250886 0.267555 5.16915 
0.652797 0.841475 3.75978 
0.735662 0.744712 3.57954 
0.857355 0.256036 3.88075 
0.658544 0.833782 3.84611 
0.7584 0.188543 4.31026 
0.853789 0.727636 3.18512 
0.66282 0.218757 4.97496 
0.778578 0.713162 3.53016 
0.125437 0.702974 4.8304 
0.208603 0.761952 4.25122 
0.0350718 0.66437 5.33817 
0.116948 0.81137 4.20178 
0.170519 0.635768 5.22604 
0.272142 0.732156 4.43519 
0.833934 0.72334 3.25886 
0.741928 0.831877 3.22196 
0.673562 0.642883 4.7919 
0.731315 0.62266 4.47888 
0.0939968 0.862465 4.1421 
0.22522 0.198548 5.20764 
0.13453 0.718044 4.68855 
0.773353 0.684925 3.79004 
0.79115 0.870786 2.84401 
0.684083 0.825525 3.61473 
0.16473 0.191383 5.30608 
0.145535 0.786009 4.27502 
0.0303829 0.67134 5.26215 
0.787248 0.0817667 4.37283 
0.179087 0.754905 4.33276 
0.851089 0.208711 3.91834 
0.700262 0.174055 4.85299 
0.190057 0.111779 5.49184 
0.218378 0.179569 5.23086 
0.715289 0.247879 4.54614 
0.803726 0.848274 2.76235 
0.784828 0.737759 3.3228 
0.838669 0.707483 3.35962 
0.812536 0.698772 3.49394 
0.2753 0.641945 5.10209 
0.239574 0.0370606 5.53362 
0.68829 0.777778 3.72437 
0.808551 0.748046 3.14495 
0.0487043 0.112073 5.80031 
0.779623 0.0642774 4.57628 
0.00545619 0.2331 5.57852 
0.196194 0.153859 5.31451 
0.727555 0.149871 4.6095 
0.707612 0.845462 3.48861 
0.863077 0.121487 4.0755 
0.182622 0.0245319 5.67459 
0.75243 0.875583 3.06483 
0.634112 0.229778 5.13954 
0.692005 0.250249 4.72929 
0.0554568 0.101468 5.78697 
0.820913 0.143531 4.08265 
0.294168 0.837693 3.93179 
0.703429 0.171526 4.86561 
0.769024 0.857591 2.94565 
0.827804 0.680218 3.59547 
0.0807158 0.844257 4.18161 
0.859234 0.859702 2.61401 
0.738216 0.284955 4.50863 
0.307254 0.131478 5.38395 
0.30538 0.147729 5.34409 
0.15562 0.280184 5.27634 
0.803726 0.827191 2.79744 
0.0759351 0.741992 4.65241 
0.746771 0.684925 3.9581 
0.258176 0.652669 5.06317 
0.326332 0.802288 4.10376 
0.717998 0.0378819 4.90326 
0.748409 0.832224 3.11168 
0.846802 0.82874 2.65651 
0.607082 0.00983339 5.71179 
0.671143 0.648067 4.76572 
0.0170298 0.867679 4.30532 
0.0190188 0.0135383 5.96916 
0.100787 0.611106 5.53008 
0.306438 0.131478 5.38787 
0.117406 0.00618713 5.77372 
0.0885144 0.00196265 5.84635 
0.702645 0.0526735 5.01858 
0.711768 0.0616218 4.92932 
0.76566 0.868521 3.00134 
0 0.0822932 5.88435 
0 0.804095 4.43068 
0.623819 0 5.62645 
0.917537 0.0402523 4.39027 
0.759493 0.769424 3.33108 
0.792589 0 4.47545 
0.679657 0.82125 3.65901 
0.886716 0.816252 2.72097 
0.775607 0.801551 3.02077 
0.825887 0.718527 3.29438 
