0.156515 0.646216 5.16554 
0.772446 0.736315 3.40251 
0.865866 0.649095 3.76831 
0.14486 0.235646 5.33506 
0.224266 0.287254 5.18616 
0.824907 0.265595 3.98303 
0.116584 0.703039 4.8567 
0.832039 0.153419 4.03092 
0.111612 0.698777 4.89838 
0.84692 0.129346 4.06233 
0.237673 0.716604 4.54406 
0.10353 0.248304 5.38611 
0.859651 0.675722 3.57373 
0.756551 0.789301 3.17793 
0.716487 0.775076 3.54392 
0.666705 0.309321 4.955 
0.217368 0.106011 5.40685 
0.213611 0.729669 4.51106 
0.205494 0.826588 3.95601 
0.781788 0.274594 4.13297 
0.672477 0.811755 3.7112 
0.775745 0.0964886 4.45946 
0.745962 0.276003 4.33278 
0.738822 0.289159 4.40097 
0.637285 0.859025 3.85138 
0.643328 0.0799972 5.36391 
0.259572 0.216239 5.2167 
0.0709491 0.838438 4.2417 
0.121143 0.738946 4.61507 
0.752041 0.0435217 4.72981 
0.647512 0.207461 5.14458 
0.686278 0.324546 4.88692 
0.175198 0.070054 5.59377 
0.682309 0.803925 3.65289 
0.821316 0.174882 4.17985 
0.851881 0.782491 2.84905 
0.164393 0.225311 5.38142 
0.248248 0.0371539 5.52478 
0.816664 0.667485 3.74051 
0.8329 0.844042 2.65042 
0.0431253 0.228523 5.55356 
0.863435 0.720878 3.26411 
0.690266 0.8404 3.49541 
0.196468 0.632443 5.19585 
0.801154 0.857721 2.789 
0.697023 0.832649 3.44213 
0.192734 0.0574989 5.53716 
0.0609485 0.169692 5.56702 
0.694511 0.164699 4.79602 
0.708969 0.314755 4.65392 
0.868723 0.738946 3.10655 
0.65608 0.305395 5.13776 
0.0859215 0.688355 5.05271 
0.25664 0.660821 4.96296 
0.807326 0.657775 3.81307 
0.244071 0.851339 3.88781 
0.0197677 0.858793 4.28978 
0.680075 0.823954 3.61277 
0.854972 0.764475 2.96021 
0.699821 0.0290463 5.07538 
0.184892 0.62297 5.26085 
0.287802 0.647991 5.08318 
0.132267 0.139386 5.47159 
0.132267 0.146873 5.46747 
0.791265 0.196999 4.13947 
0.266733 0.730957 4.43135 
0.280981 0.181642 5.22576 
0.0836842 0.787824 4.36165 
0.0281756 0.774814 4.536 
0.73334 0.82022 3.21855 
0.78633 0.241557 4.07932 
0.794246 0.791758 3.00277 
0.620785 0.68137 4.88447 
0.810957 0.879874 2.75327 
0.86559 0.810207 2.71108 
0.859651 0.859774 2.61402 
0.0225141 0.212393 5.62165 
0.732162 0.111808 4.72841 
0 0.179479 5.6851 
0.607766 0.752602 4.41639 
0.728743 0.12045 4.63978 
0.325538 0.168155 5.31529 
0.310759 0.17837 5.35648 
0.336122 0.155971 5.36296 
0.355618 0 5.81212 
0.703323 0.853892 3.36834 
0.727406 0.339581 4.56787 
0.838961 0.776249 2.9115 
0.601821 0.709715 4.75744 
0.00606116 0.709058 5.0173 
0.694511 0.354018 4.84273 
0.0656739 0.621395 5.53337 
0.10176 0.633935 5.50183 
0.626238 0.0894963 5.45031 
0.0914689 0.745361 4.65935 
0.156515 0.0125393 5.72887 
0.207692 0.258468 5.27363 
0.659406 0.0870519 5.29725 
0.430641 0 5.92047 
0.763388 0.181194 4.27276 
0.715872 0.851501 3.31513 
0.725177 0.817429 3.29334 
0.876567 0.30346 3.93256 
0.749985 0.85963 3.04263 
0.878453 0.829046 2.66462 
