0.267562 0.124885 5.35826 
0.826146 0.759607 3.08356 
0.189884 0.13183 5.41612 
0.0218614 0.110945 5.77022 
0.646261 0.100633 5.34239 
0.757257 0.844922 2.99097 
0.745561 0.265716 4.35424 
0.857193 0.0578875 4.223 
0.695777 0.247957 4.70371 
0.65443 0.209605 5.09322 
0.120326 0.827817 4.13466 
0.629482 0.686648 4.80476 
0.726709 0.154407 4.58136 
0.19768 0.238806 5.18944 
0.152005 0.272914 5.36403 
0.23264 0.0772459 5.50869 
0.158196 0.623176 5.31742 
0.0521613 0.773218 4.50352 
0.0837804 0.205647 5.46798 
0.204951 0.743911 4.40354 
0.852229 0.76602 2.93731 
0.637598 0.0160621 5.5338 
0.773687 0.296584 4.2189 
0.71286 0.197609 4.62436 
0.792279 0.322381 4.1656 
0.798548 0.289047 4.0397 
0.814568 0.739239 3.19304 
0.751348 0.804591 3.13082 
0.115025 0.713628 4.82342 
0.0772479 0.24286 5.48337 
0.301701 0.676529 4.88196 
0.742566 0.771817 3.35484 
0.221786 0.728565 4.47367 
0.301462 0.668808 4.94039 
0.703416 0.0100732 5.08071 
0.812869 0.0815321 4.25325 
0.71767 0.785655 3.464 
0.778238 0.699976 3.65919 
0.818818 0.144077 4.09266 
0.834076 0.724431 3.24612 
0.164823 0.811865 4.06446 
0.790699 0.329477 4.14747 
0.104827 0.216637 5.42917 
0.243688 0.733627 4.42143 
0.213971 0.0304975 5.56626 
0.832263 0.65454 3.76575 
0.859133 0.818395 2.69619 
0.622186 0.641798 5.14402 
0.71767 0.7965 3.41187 
0.806555 0.651097 3.85893 
0.869562 0.750558 3.03355 
0.00263966 0.166036 5.67602 
0.0145642 0.181643 5.63323 
0.824556 0.661863 3.72527 
0.0918704 0.291908 5.44222 
0.360307 0.772396 4.34365 
0.259016 0.847056 3.89689 
0.737372 0.831598 3.15375 
0.668485 0.819427 3.69327 
0.86464 0.020373 4.28883 
0.874115 0.775758 2.8839 
0.682944 0.00219303 5.24242 
0.0617196 0.780143 4.46164 
0.0626227 0.0910651 5.7437 
0.673408 0.840281 3.60939 
0.663025 0.0640933 5.2773 
0.259815 0.227759 5.15914 
0.764859 0.691571 3.82164 
0.244716 0.798982 4.03012 
0.179179 0.831239 4.0051 
0.647505 0.0705187 5.38075 
0.0301799 0.0927508 5.79972 
0.769722 0.82765 2.95105 
0.680132 0.839374 3.56024 
0.79612 0.854296 2.78624 
0.840713 0.194997 3.94751 
0.857091 0.782974 2.83517 
0.858902 0.859384 2.61402 
0.0427823 0.260741 5.53353 
0 0.0847367 5.87364 
0.158213 0.634799 5.2538 
0.144453 0.612862 5.41603 
0.670407 0.365605 5.05486 
0.670407 0.36043 5.09205 
0.617908 0.658046 5.06018 
0.673408 0.260435 4.87376 
0.278761 0.702796 4.6558 
0.595527 0.668808 5.10063 
0.783659 0.0336372 4.51075 
0.73207 0.150938 4.66691 
0.877931 0.712922 3.3179 
0 0.0693943 5.91899 
0.130158 0.70828 4.77201 
0.139303 0.70828 4.75394 
0.21983 0.0180213 5.58076 
0 0.0364255 5.96474 
0 0.451199 5.98446 
0.293948 0.811397 3.99954 
0.843985 0.842227 2.64988 
0.687927 0.851001 3.4919 
0.113341 0 5.81973 
0.852485 0.811108 2.72082 
0.797756 0.175069 4.11422 
0.869861 0.68083 3.55188 
0.849677 0.715019 3.28859 
