0.165364 0.00376722 5.67698 
0.647536 0.81753 3.84418 
0.863427 0.657446 3.72004 
0.297316 0.777195 4.15944 
0.664253 0.82192 3.74409 
0.810887 0.662296 3.77931 
0.676801 0.844682 3.59577 
0.305821 0.639452 5.14505 
0.237699 0.164345 5.25607 
0.670119 0.718898 4.2708 
0.80512 0.805391 2.83981 
0.717027 0.853488 3.28468 
0.708419 0.051776 4.96292 
0.795952 0.795425 2.92192 
0.652094 0.279258 5.07426 
0.28741 0.834551 3.92357 
0.654682 0.827351 3.81043 
0.221766 0.119043 5.3614 
0.0839717 0.129956 5.66589 
0.15248 0.872305 4.02661 
0.696053 0.788676 3.61737 
0.698852 0.862896 3.40389 
0.0410064 0.183444 5.59523 
0.782003 0.0691356 4.46379 
0.102824 0.698343 4.93219 
0.689974 0.879508 3.50196 
0.843977 0.80934 2.72146 
0.174689 0.707852 4.67939 
0.180284 0.685428 4.84542 
0.829246 0.700522 3.44494 
0.772527 0.206242 4.18742 
0.790399 0.850989 2.79867 
0.854983 0.721868 3.22793 
0.623034 0.105395 5.4565 
0.787521 0.265632 4.1261 
0.147053 0.667102 5.03888 
0.0290717 0.793869 4.43191 
0.770292 0.838847 2.95714 
0.828841 0.671283 3.66598 
0.300837 0.642042 5.11937 
0.2744 0.172545 5.23622 
0.205648 0.140464 5.33304 
0.746433 0.0268372 4.7115 
0.295594 0.0576381 5.53904 
0.0220817 0.268419 5.55855 
0.752349 0.833514 3.05812 
0.245695 0.651713 5.01381 
0.323999 0.730666 4.50499 
0.250121 0.68902 4.74053 
0.0747351 0.677006 5.15271 
0.638185 0.752587 4.24834 
0.762422 0.253956 4.36759 
0.618928 0.683854 4.86609 
0.73593 0.0922551 4.73329 
0.234847 0.203183 5.20661 
0.828481 0.247345 3.95345 
0.723853 0.629395 4.52236 
0.820701 0.191053 3.98877 
0.063813 0.811199 4.30285 
0.0539288 0.240048 5.50416 
0.774905 0.0365177 4.61736 
0.192093 0.212855 5.2212 
0.746433 0.294953 4.34571 
0.21981 0.152812 5.30748 
0.625157 0.0495454 5.56766 
0.142862 0.871426 4.04563 
0.740245 0.847263 3.16248 
0.866792 0.742044 3.08776 
0.756395 0.00741127 4.81433 
0.732064 0.0614359 4.7769 
0.600586 0.68526 4.94508 
0.607637 0.678548 4.98948 
0.111155 0.290776 5.39158 
0.255981 0.858585 3.88465 
0.0901412 0.653577 5.2932 
0.632827 0.866461 3.87754 
0 0.331834 5.70573 
0.116035 0.859364 4.0879 
0.859408 0.765705 3.02498 
0.859408 0.680661 3.53683 
0.859408 0.859364 2.61401 
0.37377 0.761796 4.40874 
0.823681 0.785334 2.86776 
0.00546734 0.78321 4.53251 
0.0997199 0.332355 5.48458 
0.333897 1.2414e-06 5.77829 
0.129182 0.306901 5.36719 
0.129182 0.309776 5.37166 
0.348936 0.730666 4.55818 
0.10765 0.0806032 5.68956 
0.172725 0.119043 5.43043 
0.705641 0.222231 4.63428 
0.210889 0.0203111 5.61353 
0.212212 0.11142 5.41378 
0 0.157819 5.72279 
0.832115 0.85919 2.65633 
0.347569 0 5.78377 
0.82494 0.869445 2.67338 
0.562356 0 5.95406 
0.695881 0.363638 4.89385 
0.728063 0.210766 4.47162 
0.755652 0.879377 3.01457 
0.884715 0.802141 2.76514 
0.87742 0.738748 3.12131 
0.910922 0.718385 3.3576 
