0.636064 0.849571 3.86332 
0.0575086 0.219945 5.50215 
0.645273 0.841958 3.82317 
0.626946 0.760658 4.25634 
0.617702 0.742079 4.43171 
0.855083 0.662075 3.69129 
0.653494 0.0791177 5.33709 
0.756419 0.0978364 4.53319 
0.658454 0.224743 4.97788 
0.773844 0.107981 4.49293 
0.673713 0.787267 3.79482 
0.819615 0.0532757 4.29894 
0.836548 0.778137 2.87903 
0.782186 0.27523 4.10748 
0.859311 0.768326 2.91394 
0.127018 0.0882785 5.604 
0.742904 0.835416 3.12135 
0.799332 0.0709056 4.33016 
0.255973 0.130013 5.38387 
0.725112 0.804589 3.32005 
0.696155 0.0152938 5.10277 
0.778366 0.727968 3.48768 
0.0782973 0.657886 5.29745 
0.790325 0.676708 3.7505 
0.0677294 0.135957 5.68634 
0.810572 0.798072 2.8488 
0.815463 0.645999 3.87274 
0.873192 0.698566 3.43899 
0.688465 0.0197445 5.17846 
0.254119 0.260585 5.14959 
0.269248 0.167994 5.24966 
0.765221 0.822332 2.99058 
0.849767 0.717093 3.29284 
0.865272 0.815861 2.69358 
0.27312 0.708034 4.60399 
0.267205 0.670817 4.88817 
0.097814 0.043258 5.77783 
0.201209 0.23055 5.19668 
0.113717 0.256886 5.38168 
0.012242 0.73633 4.90299 
0.730485 0.828843 3.20763 
0.211532 0.852454 3.90808 
0.70065 0.85807 3.40797 
0.00700846 0.71533 5.06314 
0.78631 0.725652 3.65008 
0.161818 0.753962 4.37545 
0.842342 0.684832 3.53682 
0.151697 0.138363 5.4443 
0.658454 0.195239 5.01105 
0.844984 0.681689 3.57772 
0.137623 0.202454 5.34466 
0.769062 0.879856 2.9545 
0.631923 0.0852773 5.42741 
0.224381 0.86654 3.89316 
0.840843 0.314499 3.95316 
0.0482575 0.141148 5.65437 
0.799422 0.306252 4.05838 
0.609792 0.746509 4.44824 
0.00885295 0.14646 5.72759 
0.679314 0.819399 3.62199 
0.739476 0.830618 3.15955 
0.0223682 0.266401 5.55409 
0.237016 0.702967 4.65934 
0.79304 0.159597 4.21225 
0.665616 0.265149 4.92052 
0.824426 0.8152 2.74083 
0.239811 0.642972 5.12074 
0.834437 0.0311686 4.30634 
0.094841 0.0079855 5.83558 
0.859311 0.859338 2.61401 
0.772263 0.608457 4.31984 
0.746766 0.011584 4.73415 
0.726363 0.79331 3.35614 
0.0341028 0.177807 5.61714 
0.0981459 0.0258802 5.79332 
0.698347 0.283655 4.69172 
0.698347 0.291423 4.77278 
0.707327 0.159597 4.79427 
0.803228 0.840636 2.77439 
0.845341 0.183446 3.95104 
0.110267 0.66632 5.13261 
0.0587945 0.87207 4.23011 
0.348023 0.752511 4.56228 
0.358708 0.749068 4.4548 
0.596654 0.73763 4.59355 
0.582576 0.747598 4.57521 
0.288837 0.689013 4.83563 
0.172746 0.715646 4.69544 
0.352054 0.118015 5.5302 
0.807998 0.252752 3.98405 
0.196286 0.212508 5.26903 
0.716897 0.613281 4.66618 
0.350754 0.84625 4.03115 
0.103284 0.226691 5.40753 
0 0.177257 5.6482 
0 0.237153 5.57887 
0.0709968 0.827699 4.26069 
0.702945 0.768881 3.6746 
0.754473 0.877758 3.02683 
0.724197 0.206264 4.50717 
0.924116 0.165276 4.15069 
0.745369 0.845519 3.08404 
0.902954 0.660819 3.76092 
0.875958 0 4.3268 
0.886092 0.853096 2.65046 
