0.225564 1.02637 
0.0474728 1.04653 
0.0841439 1.04051 
0.844143 0.197013 
0.843014 0.200946 
0.239214 0.927957 
0.967394 0.0751066 
0.58741 0.456283 
0.952067 0.0887055 
0.50497 0.674915 
0.600651 0.444323 
0.950957 0.0923285 
0.956528 0.0821112 
0.861159 0.186459 
0.630319 0.442868 
0.848908 0.194008 
0.630319 0.442868 
0.244778 0.884724 
0.472056 0.747925 
0.596253 0.448364 
0.956294 0.0827726 
0.597774 0.447288 
0.96697 0.0784836 
0.0337736 1.10446 
0.861446 0.186363 
0.85422 0.191226 
0.856213 0.189866 
0.0339242 1.07101 
0.587435 0.453423 
0.882588 0.183998 
0.225568 0.976124 
0.842121 0.202401 
0.0474728 1.04653 
0.0999504 1.03967 
0.844143 0.197013 
0.856374 0.189302 
0.59474 0.448533 
0.85422 0.191226 
0.84914 0.193484 
0.590814 0.449416 
0.0999504 1.03967 
0.645737 0.442178 
0.0335207 1.13392 
0.851891 0.19273 
0.596253 0.448364 
0.859392 0.187386 
0.474402 0.693868 
0.950951 0.0929678 
0.956583 0.0810089 
0.95592 0.0863956 
0.856448 0.188861 
0.0841439 1.04531 
0.843225 0.200946 
0.242967 0.932942 
0.540207 0.677594 
0.510351 0.682015 
0.540207 0.677594 
0.508544 0.690923 
0.600651 0.446108 
0.952067 0.0923285 
0.952067 0.0923285 
0.952067 0.0923285 
0.861195 0.186459 
0.848908 0.194104 
0.848908 0.194104 
0.848908 0.194104 
0.848908 0.194104 
0.848908 0.194104 
0.245204 0.921155 
0.95644 0.0833519 
0.967219 0.0787651 
0.96771 0.0786312 
0.0337736 1.11232 
0.0357367 1.08139 
0.0357367 1.08139 
0.0339242 1.1006 
0.590784 0.453851 
0.58984 0.455845 
0.587435 0.456283 
0.587435 0.456283 
0.58984 0.455845 
0.587704 0.456181 
0.895224 0.185799 
0.925366 0.184208 
0.226685 0.976124 
0.843028 0.206416 
0.0736104 1.04653 
0.0736104 1.04653 
0.0724078 1.05104 
0.0474728 1.05149 
0.0736104 1.04653 
0.0736104 1.04653 
0.844197 0.198246 
0.856409 0.189302 
0.856409 0.189302 
0.856409 0.189302 
0.59615 0.449303 
0.849195 0.194008 
0.591442 0.451977 
0.593342 0.450695 
0.591712 0.451875 
0.59474 0.449714 
0.592304 0.451393 
0.216505 1.04275 
0.716015 0.444258 
0.649484 0.445572 
0.0335207 1.14079 
0.852232 0.19273 
0.596253 0.44847 
0.859643 0.188189 
0.486704 0.712443 
0.483411 0.794625 
0.50497 0.709501 
0.951006 0.0929678 
0.951006 0.0929678 
0.963045 0.0813461 
0.960757 0.0819522 
0.956033 0.0904071 
0.956187 0.0863956 
0.843911 0.200946 
0.843911 0.200946 
0.843911 0.200946 
0.539262 0.683873 
0.520957 0.684268 
0.517092 0.68869 
0.510351 0.695344 
0.600651 0.447183 
0.600651 0.447183 
0.600651 0.447183 
0.600651 0.447183 
0.600651 0.447183 
0.60148 0.446108 
0.864178 0.187501 
0.864178 0.187501 
0.875169 0.187405 
0.875169 0.187405 
0.875169 0.187405 
0.864178 0.187501 
0.893972 0.187351 
0.875169 0.187405 
0.848908 0.194668 
0.84914 0.194104 
0.848908 0.194668 
0.848908 0.194668 
0.848908 0.194668 
0.848908 0.194668 
0.848908 0.194668 
0.848908 0.194668 
0.84914 0.194104 
0.848908 0.194668 
0.84914 0.194104 
0.848908 0.194668 
0.84914 0.194104 
0.245322 0.932942 
0.960453 0.0833519 
0.960453 0.0833519 
0.956583 0.0842199 
0.960453 0.0833519 
0.960453 0.0833519 
0.967219 0.0813343 
0.967394 0.0795624 
0.96771 0.0786551 
0.96771 0.0786551 
0.0357367 1.08656 
0.0356559 1.10321 
0.0346923 1.10387 
0.591361 0.453979 
0.590784 0.45402 
0.587486 0.458166 
0.587866 0.456283 
0.922634 0.187095 
0.925366 0.184304 
0.925366 0.184304 
0.925366 0.184304 
0.242967 1.02502 
0.245204 1.01546 
0.843225 0.222438 
0.0474728 1.05162 
0.0474728 1.05162 
0.074782 1.04653 
0.0736104 1.0482 
0.847154 0.199008 
0.856409 0.189866 
0.857385 0.18977 
0.591822 0.451977 
0.591822 0.451977 
0.591822 0.451977 
0.591712 0.453877 
0.595767 0.450908 
0.59615 0.450782 
0.592825 0.451548 
0.595677 0.451393 
0.595091 0.451445 
0.650998 0.445572 
0.0335207 1.14595 
0.854395 0.193664 
0.853926 0.194008 
0.85576 0.192859 
0.597774 0.449162 
0.597774 0.449162 
0.597774 0.449162 
0.59626 0.449331 
0.597774 0.449162 
0.597774 0.449162 
0.596253 0.450148 
0.59626 0.449331 
0.861446 0.188861 
0.861159 0.189302 
0.48872 0.734889 
0.488642 0.75445 
0.487714 0.841586 
0.487714 0.841586 
0.507114 0.726668 
0.508334 0.716683 
0.505933 0.728901 
0.951006 0.156434 
0.951181 0.0929678 
0.96322 0.0813461 
0.961332 0.0825916 
0.956239 0.0863956 
0.844143 0.200946 
0.844143 0.200946 
0.844143 0.200946 
0.844143 0.200946 
0.844143 0.200946 
0.844143 0.200946 
0.844143 0.200946 
0.844143 0.200946 
0.518611 0.691369 
0.540955 0.68869 
0.532941 0.690973 
0.641237 0.446443 
0.641237 0.446443 
0.616839 0.446854 
0.605911 0.44765 
0.864178 0.188171 
0.870021 0.187914 
0.864178 0.188171 
0.875245 0.187501 
0.879117 0.187405 
0.848944 0.194668 
0.848944 0.194668 
0.848908 0.198027 
0.84914 0.194572 
0.84914 0.194572 
0.956583 0.08433 
0.971144 0.0794044 
0.971144 0.0794044 
0.96771 0.0812361 
0.96771 0.0812361 
1.11239 0.0786551 
1.11239 0.0786551 
1.0542 0.0787412 
0.0357367 1.08675 
0.0346923 1.14079 
0.0346923 1.14079 
0.0346923 1.14079 
0.0346923 1.14079 
0.0346923 1.14079 
0.0346923 1.14079 
0.0346923 1.14079 
0.0346923 1.14079 
0.0346923 1.14079 
0.590911 0.455845 
0.590911 0.455845 
0.591442 0.45402 
0.587486 0.552397 
0.588024 0.456283 
0.587866 0.459192 
0.943068 0.186669 
0.943068 0.186669 
0.944192 0.186459 
0.245322 1.02502 
0.843911 0.275226 
0.843246 0.335756 
0.0487055 1.05162 
0.0487055 1.05162 
0.0474728 1.06372 
0.0487055 1.05162 
0.0999504 1.04653 
0.0841439 1.05104 
0.0841439 1.05104 
0.85666 0.189877 
0.856409 0.191322 
0.592393 0.453171 
0.591822 0.453254 
0.593578 0.451614 
0.593335 0.451808 
0.707608 0.445778 
0.755212 0.445572 
0.0335207 1.22397 
0.853926 0.194104 
0.853926 0.194104 
0.853926 0.194104 
0.853926 0.194104 
0.596253 0.451224 
0.59626 0.449714 
0.59626 0.449714 
0.59626 0.449714 
0.597774 0.449513 
0.861446 0.189206 
0.861446 0.189206 
0.861446 0.189206 
0.861446 0.189206 
0.861195 0.189302 
0.861195 0.189302 
0.861195 0.189302 
0.861195 0.189302 
0.861195 0.189302 
0.861195 0.189302 
0.861195 0.189302 
0.861195 0.189302 
0.502768 0.734889 
0.500636 0.741989 
0.488642 0.792428 
0.490988 0.761104 
0.507114 0.733769 
0.507114 0.733769 
0.95518 0.0929678 
0.952067 0.0987412 
0.963536 0.0813507 
0.963536 0.0813507 
0.967219 0.0813461 
0.967219 0.0813461 
0.967219 0.0813461 
0.967219 0.0813461 
0.967219 0.0813461 
0.963045 0.0827016 
0.956352 0.0863956 
0.956352 0.0863956 
0.956352 0.0863956 
0.956352 0.0863956 
0.956352 0.0863956 
0.956352 0.0863956 
0.956352 0.0863956 
0.844143 0.201513 
0.84719 0.200946 
0.522323 0.710467 
0.521067 0.727588 
0.54404 0.68869 
0.537565 0.70115 
0.64286 0.447618 
0.624408 0.448048 
0.641347 0.447787 
0.613092 0.448432 
0.624408 0.448048 
0.875039 0.187914 
0.877356 0.187501 
0.877356 0.187501 
0.882588 0.187405 
0.882588 0.187405 
0.848944 0.198027 
0.84914 0.194668 
0.84914 0.194668 
0.84914 0.194668 
0.84914 0.194668 
0.959623 0.0852732 
0.956583 0.0856794 
0.959623 0.0852732 
0.956583 0.0856794 
0.971144 0.0803005 
0.980035 0.0800763 
0.983481 0.0795645 
1.00592 0.0794044 
0.971144 0.0803005 
0.968604 0.0812361 
0.968604 0.0812361 
0.0357367 1.08744 
0.0357367 1.08744 
0.0346923 1.14595 
0.0346923 1.14595 
0.591442 0.455055 
0.591442 0.455055 
0.591442 0.455055 
0.591475 0.45402 
0.588557 0.456283 
0.587866 0.459361 
0.587866 0.459361 
0.587866 0.459361 
0.0484678 1.08727 
0.0603286 1.05223 
0.0736104 1.0517 
0.0551299 1.05856 
0.0532176 1.06236 
0.216505 1.04791 
0.216505 1.04791 
0.170718 1.05089 
0.0862791 1.05148 
0.10852 1.05104 
0.0853155 1.05163 
0.85666 0.190743 
0.592849 0.453171 
0.592849 0.453171 
0.591822 0.453423 
0.593342 0.451977 
0.0335207 1.24009 
0.59626 0.450214 
0.597331 0.449714 
0.599616 0.449545 
0.599616 0.449545 
0.861195 0.189866 
0.861195 0.189866 
0.861195 0.189866 
0.861195 0.189866 
0.861195 0.189866 
0.868168 0.189302 
0.861446 0.18977 
0.861446 0.18977 
0.861195 0.189866 
0.861195 0.189866 
0.861195 0.189866 
0.861446 0.18977 
0.861446 0.18977 
0.488642 0.806584 
0.490988 0.771552 
0.508004 0.739128 
0.956033 0.184803 
0.963675 0.0819522 
0.96771 0.0818755 
0.963536 0.0849971 
0.956352 0.0864089 
0.956528 0.0863956 
0.956528 0.0863956 
0.956528 0.0863956 
0.956352 0.0864089 
0.956528 0.0863956 
0.956528 0.0863956 
0.956528 0.0863956 
0.956528 0.0863956 
0.956528 0.0863956 
0.956528 0.0863956 
0.0344843 1.34094 
1.06983 0.0794044 
0.240334 1.04936 
0.661667 0.447618 
0.488642 0.851047 
0.844143 0.204638 
0.587866 0.560194 
0.55262 0.691369 
0.888315 0.187405 
0.956352 0.0870349 
0.0862929 1.05148 
0.0348878 1.18798 
0.588999 0.460484 
0.0357367 1.09261 
0.0347372 1.19788 
0.490988 0.799484 
0.488642 0.851047 
0.508004 0.746229 
0.525407 0.741989 
0.0369083 1.08744 
0.507114 0.778232 
0.549535 0.703807 
0.503401 0.780906 
0.642417 0.447787 
0.525737 0.712443 
0.53359 0.710753 
0.602877 0.449703 
0.0551299 1.06372 
0.625819 0.449303 
0.0697982 1.05223 
0.878868 0.189302 
0.863266 0.18977 
0.0551299 1.06372 
0.0659533 1.05801 
0.0551299 1.06372 
0.625929 0.448048 
0.85666 0.191226 
0.97489 0.0803005 
0.960453 0.0852732 
0.850334 0.194668 
0.0680885 1.0572 
0.84914 0.194683 
0.989931 0.0801864 
0.525737 0.712443 
0.847386 0.200946 
0.983481 0.0801905 
0.971635 0.0808299 
0.597774 0.449763 
0.589608 0.456501 
0.96462 0.0825916 
0.0357367 1.09261 
0.0369083 1.08744 
0.989931 0.0801864 
0.983481 0.0801905 
0.956583 0.0861714 
0.882588 0.187501 
0.882588 0.187501 
0.861195 0.190236 
0.96833 0.0818755 
0.59626 0.450908 
0.844197 0.201654 
0.847386 0.200946 
0.844197 0.201654 
0.595767 0.452276 
0.967053 0.0820622 
0.0659533 1.05801 
0.96462 0.0825916 
0.591822 0.455055 
0.861195 0.190236 
