0.815169 0.210845 
0.0177972 1.00685 
0.033794 1.0068 
0.0143737 1.01 
0.933704 0.09516 
0.808516 0.393329 
0.938991 0.0893975 
0.830855 0.205595 
0.455256 0.59059 
0.810896 0.218193 
0.309286 0.713615 
1.06888 0.0092626 
0.830684 0.205659 
0.815169 0.210845 
0.808516 0.393329 
0.811661 0.211193 
0.938991 0.0893975 
1.00903 0.026829 
0.937805 0.0906908 
1.01277 0.0222218 
0.938681 0.0901114 
1.01092 0.0232371 
1.01106 0.0225227 
0.0177972 1.00685 
0.31331 0.709116 
1.01437 0.0205044 
0.451715 0.612605 
0.811165 0.215959 
0.0145515 1.00889 
0.810756 0.273452 
0.822719 0.207068 
1.0154 0.0193234 
0.817182 0.207639 
0.935362 0.092292 
0.00998934 1.01082 
0.321343 0.705365 
0.810896 0.218193 
0.0107839 1.01081 
0.875327 0.204009 
0.0152905 1.00857 
1.01553 0.0123787 
0.0152975 1.00813 
0.314445 0.705368 
0.932905 0.0996001 
0.940259 0.0853471 
1.0137 0.0216458 
0.00910925 1.01133 
0.00894774 1.13703 
0.822983 0.206741 
0.0177972 1.00685 
0.931978 0.103873 
0.0143737 1.01 
0.935723 0.0916939 
0.0476295 1.00637 
0.815169 0.210845 
0.940793 0.0830337 
0.934524 0.0930429 
0.0468114 1.0068 
0.0400094 1.00681 
0.933704 0.0955864 
0.455256 0.599983 
0.520339 0.594233 
0.520468 0.59404 
0.520339 0.594233 
0.6199 0.59059 
0.455256 0.599983 
0.455256 0.599983 
0.455256 0.599983 
0.520468 0.59404 
0.527432 0.591549 
0.459158 0.595031 
0.527432 0.591549 
0.311096 0.71982 
0.311543 0.717458 
0.809249 0.393329 
0.811661 0.214951 
0.814809 0.213571 
0.814613 0.214636 
0.815079 0.212628 
0.939731 0.08949 
1.00946 0.0313523 
1.0109 0.0268469 
1.00987 0.0274165 
0.939209 0.0910675 
0.939209 0.0910675 
1.01095 0.0268341 
1.01229 0.025384 
1.01145 0.0267271 
1.01229 0.025384 
1.01308 0.0229111 
1.01273 0.0230539 
1.01145 0.0267271 
0.313368 0.709143 
1.01459 0.0205408 
0.455168 0.642195 
0.811629 0.217813 
0.817954 0.209766 
0.817547 0.210303 
0.81854 0.208266 
0.811165 0.218756 
0.0126653 1.01082 
0.0126653 1.01082 
0.0126653 1.01082 
0.875327 0.204899 
0.875327 0.204899 
0.875327 0.204899 
1.01554 0.0204301 
1.01639 0.0179398 
1.02189 0.0131486 
1.01697 0.0158034 
1.01735 0.0149991 
1.02189 0.0131486 
1.04783 0.0129219 
1.11351 0.0127832 
1.01751 0.0146982 
1.04783 0.0129219 
1.01585 0.0197872 
0.0175648 1.00819 
0.0175082 1.00884 
0.0169515 1.00889 
0.0169515 1.00889 
0.0161132 1.00995 
0.0169515 1.00889 
0.320883 0.705368 
0.314838 0.709116 
0.315286 0.7078 
0.940553 0.0857471 
0.940553 0.0857471 
0.00992824 1.01776 
0.010014 1.01553 
0.0115371 1.01356 
0.0126515 1.01135 
0.0122068 1.01178 
0.0122068 1.01178 
0.00971054 1.26244 
0.00951489 1.32758 
0.830591 0.207003 
0.853514 0.206899 
0.822983 0.207631 
0.822983 0.207631 
0.822983 0.207631 
0.822983 0.207631 
0.0203706 1.00775 
0.0212599 1.00734 
0.933293 0.111464 
0.932543 0.129839 
0.0145198 1.01017 
0.0145198 1.01017 
0.938845 0.0919119 
0.938845 0.0919119 
0.938862 0.0918782 
0.816741 0.21192 
0.816617 0.212531 
0.815506 0.212576 
0.941 0.084519 
0.961614 0.0835397 
0.94131 0.0840418 
0.961614 0.0835397 
0.9375 0.0941462 
0.936026 0.0943087 
0.936026 0.0943087 
0.93824 0.0937548 
0.938574 0.0933934 
0.936026 0.0943087 
0.935379 0.09516 
0.047534 1.0068 
0.047534 1.0068 
0.047534 1.0068 
0.0442956 1.00689 
0.935263 0.109325 
0.935263 0.109325 
0.45566 0.639678 
0.455749 0.638055 
0.480947 0.599177 
0.504631 0.59545 
0.504631 0.59545 
0.502985 0.595812 
0.468721 0.599983 
0.460146 0.613411 
0.460755 0.600318 
0.541409 0.59404 
0.312005 0.734704 
0.313295 0.717611 
0.312342 0.720156 
0.313295 0.717611 
0.810043 0.59059 
0.814228 0.215502 
0.812802 0.21725 
0.814228 0.215502 
0.812014 0.217456 
0.814228 0.215502 
0.813252 0.216891 
0.811712 0.217546 
0.813629 0.215548 
0.814351 0.21533 
0.814657 0.214968 
0.814657 0.214968 
0.814657 0.214968 
0.815334 0.214452 
0.940095 0.0899071 
1.01063 0.0278623 
1.01063 0.0278623 
1.01037 0.0286941 
0.93939 0.0912519 
1.01297 0.0234091 
1.01286 0.0239265 
1.01297 0.0234091 
1.01346 0.0232121 
1.01459 0.0230539 
1.01228 0.0267947 
1.01159 0.0277067 
1.01192 0.026829 
0.313755 0.717582 
0.314017 0.710485 
0.314017 0.710485 
0.314017 0.710485 
1.01459 0.0230042 
1.01482 0.022565 
1.01527 0.021899 
0.818418 0.210368 
0.817782 0.211337 
0.818331 0.211272 
0.818331 0.211272 
0.818331 0.211272 
0.818331 0.211272 
0.818981 0.209831 
0.819268 0.208876 
0.811273 0.22391 
0.0136723 1.01115 
0.0143282 1.01114 
1.01579 0.0207809 
1.01579 0.0207809 
1.01579 0.0207809 
1.01688 0.0193234 
1.01688 0.0193234 
1.01732 0.0159832 
1.01703 0.0170852 
1.01703 0.0170852 
1.01703 0.0170852 
1.03233 0.0131486 
1.0271 0.0132228 
1.11533 0.0127832 
1.01763 0.0146982 
1.05147 0.0129219 
1.01623 0.0200866 
0.0182894 1.00862 
0.0169515 1.0089 
0.334976 0.706128 
0.321177 0.706286 
0.321073 0.707629 
0.317323 0.709143 
0.315904 0.709145 
0.320741 0.707827 
0.0106532 1.01617 
0.0100181 1.01619 
0.011932 1.0148 
0.0119445 1.01452 
0.0116343 1.01497 
0.0128589 1.01157 
0.830855 0.207566 
0.830855 0.207566 
0.830855 0.207566 
0.850042 0.207076 
0.850042 0.207076 
0.830855 0.207566 
0.830855 0.207566 
0.925589 0.207064 
0.827439 0.207631 
0.0358756 1.00765 
0.0212599 1.00777 
0.933293 0.113223 
0.933293 0.113223 
0.933293 0.113223 
0.0159266 1.01039 
0.0149521 1.01081 
0.0159266 1.01039 
0.0159266 1.01039 
0.0149521 1.01081 
0.0149521 1.01081 
0.0145521 1.01113 
0.015089 1.01043 
0.0159266 1.01039 
0.0168792 1.01031 
0.0168792 1.01031 
0.93908 0.0919658 
0.816741 0.212531 
0.816741 0.212531 
0.816741 0.212531 
0.815956 0.212628 
0.816518 0.212602 
0.815785 0.212871 
0.815956 0.212628 
0.81564 0.214091 
0.941675 0.0898394 
0.94548 0.0846279 
0.948523 0.084339 
0.942723 0.0862962 
0.980059 0.0835397 
0.980059 0.0835397 
0.963656 0.0837758 
0.962005 0.0839136 
0.980059 0.0835397 
0.963656 0.0837758 
0.962005 0.0839136 
0.962005 0.0839136 
0.938682 0.0933934 
0.938627 0.0948182 
0.936189 0.0949486 
0.935511 0.0963835 
0.047534 1.00681 
0.123632 1.0068 
0.45566 0.650817 
0.45566 0.650817 
0.45566 0.650817 
0.50503 0.595812 
0.472153 0.599983 
0.460755 0.610317 
0.460755 0.610317 
0.460755 0.610317 
0.460755 0.610317 
0.461595 0.606589 
0.461595 0.606589 
0.460755 0.610317 
0.460755 0.610317 
0.460755 0.610317 
0.460755 0.610317 
0.460755 0.610317 
0.460755 0.610317 
0.460755 0.610317 
0.460755 0.610317 
0.566445 0.594233 
0.312013 0.970971 
0.3131 0.751527 
0.3131 0.751527 
0.811771 0.222605 
0.814135 0.215959 
0.814277 0.215894 
0.813629 0.218867 
0.813629 0.218867 
0.814569 0.215713 
0.814728 0.215016 
0.814728 0.215016 
0.940418 0.0906569 
1.01103 0.0283015 
0.939503 0.091652 
0.939492 0.0918935 
1.01327 0.0267271 
1.01396 0.0251609 
1.01241 0.0273449 
1.01277 0.0268469 
1.01274 0.0273321 
0.315893 0.717268 
0.315893 0.717268 
0.315449 0.717582 
0.314989 0.717611 
0.315449 0.717582 
1.01459 0.0231748 
1.01459 0.0231748 
1.01459 0.0231748 
1.01531 0.0223014 
1.01531 0.0223014 
1.01531 0.0223014 
0.818597 0.21078 
0.818597 0.21078 
0.818597 0.21078 
0.818597 0.21078 
0.818264 0.211364 
0.818159 0.211765 
0.818159 0.211765 
0.818331 0.211337 
0.818446 0.211272 
0.819248 0.209831 
0.819534 0.209766 
0.819534 0.209766 
0.820073 0.209261 
0.821488 0.209165 
0.811755 0.393329 
0.0142562 1.01137 
1.01754 0.0165227 
1.01703 0.0177746 
1.01752 0.0171705 
1.03619 0.0131486 
1.02747 0.0138715 
1.03091 0.0138379 
1.03091 0.0138379 
1.03091 0.0138379 
1.03091 0.0138379 
1.01933 0.0146982 
1.01763 0.0153876 
1.01669 0.0206083 
0.0211612 1.00884 
0.0174713 1.00904 
0.327103 0.706799 
0.340214 0.706342 
0.340673 0.706313 
0.340214 0.706342 
0.340673 0.706313 
0.315904 0.712246 
0.319906 0.709145 
0.318247 0.710485 
0.317953 0.710488 
0.319906 0.709145 
0.315904 0.712246 
0.323359 0.707827 
0.321882 0.709116 
0.322483 0.708252 
0.0101579 1.01806 
0.0117822 1.01754 
0.0117822 1.01754 
0.0123313 1.01651 
0.0124144 1.01618 
0.0124144 1.01618 
0.0124144 1.01618 
0.0135662 1.01558 
0.0142531 1.01427 
0.0142531 1.01427 
0.855754 0.207076 
0.855754 0.207076 
0.855754 0.207076 
0.834156 0.207566 
0.830855 0.207576 
0.830684 0.207631 
0.828239 0.207639 
0.0344227 1.00783 
0.0298805 1.00786 
0.0213845 1.00813 
0.0212599 1.00867 
0.0237923 1.00799 
0.933293 0.118683 
0.93441 0.116543 
0.0156307 1.01049 
0.0160881 1.01039 
0.0170048 1.01038 
0.939456 0.0921738 
0.815919 0.213642 
0.816278 0.212628 
0.816024 0.213079 
0.816024 0.213079 
0.816008 0.213571 
0.816024 0.213079 
0.941675 0.0899269 
0.949645 0.0848128 
0.942723 0.0882284 
0.94548 0.0862962 
0.992852 0.0839136 
0.936843 0.09516 
0.937136 0.0949486 
0.935531 0.10398 
0.935948 0.0963835 
1.13972 0.0131486 
0.0103194 1.01806 
0.0103194 1.01806 
0.644587 0.594233 
0.811771 0.267853 
0.152611 1.0068 
0.436558 0.706342 
0.313231 0.970998 
0.506684 0.595812 
0.839118 0.207566 
0.933293 0.126963 
0.313692 0.841002 
0.313231 0.970998 
0.460755 0.641234 
0.315312 0.751652 
0.0607738 1.00681 
0.960873 0.084845 
1.01103 0.0304995 
0.327908 0.706799 
0.313887 0.830332 
0.461047 0.610317 
0.811842 0.222967 
0.316015 0.717667 
0.0298484 1.00801 
1.04271 0.0147536 
1.02189 0.0151052 
0.935769 0.10426 
0.950167 0.0859332 
0.935674 0.11721 
0.933293 0.126963 
0.944183 0.0882284 
0.316297 0.712598 
0.814135 0.216387 
0.956423 0.0850974 
0.935674 0.11721 
0.820073 0.209326 
0.830153 0.208941 
0.830855 0.20762 
0.320479 0.710624 
0.0225975 1.00813 
0.936174 0.0977558 
0.935955 0.103311 
0.32249 0.709116 
0.811842 0.222967 
1.04902 0.0141887 
1.01531 0.022472 
0.327564 0.707856 
0.939802 0.091669 
0.0142531 1.01427 
0.0124814 1.01752 
0.0142562 1.01138 
