0.491174 0.675706 
0.505888 0.612574 
0.944685 0.109952 
0.873896 0.194656 
0.847591 0.205905 
0.0177083 1.34233 
0.0398949 1.03431 
1.00004 0.0885397 
0.565809 0.485085 
0.579656 0.472966 
0.0203853 1.22003 
0.873896 0.194656 
0.608215 0.471437 
0.553475 0.494816 
0.943132 0.191986 
0.546504 0.594009 
0.873896 0.194656 
1.13941 0.0347029 
0.556936 0.492844 
0.0202825 1.24261 
1.25614 0.0264607 
0.567871 0.483384 
0.840934 0.206624 
1.04581 0.0877238 
0.0350039 1.0527 
0.571703 0.475302 
0.592869 0.472092 
0.0250681 1.19543 
1.07414 0.045686 
0.569752 0.479153 
1.07147 0.047712 
0.443759 0.68535 
0.944685 0.109952 
0.552786 0.49611 
0.0481618 1.03222 
1.23352 0.0287249 
1.18597 0.029236 
1.1633 0.0299604 
0.987847 0.0901082 
0.443759 0.68535 
0.443759 0.68535 
0.557598 0.485969 
0.602934 0.471827 
0.948265 0.0907926 
0.943161 0.186995 
0.850599 0.196682 
0.611917 0.470796 
0.571437 0.478665 
0.497546 0.625595 
0.442175 0.856465 
0.568061 0.479596 
0.460933 0.677624 
0.877611 0.194019 
0.946422 0.0953104 
0.505888 0.612574 
0.617882 0.469338 
0.944209 0.112323 
0.443759 0.68535 
1.12663 0.0363064 
1.26426 0.0197053 
0.546504 0.594009 
1.07812 0.0436715 
0.545874 0.595239 
0.617882 0.469338 
0.0811871 1.0309 
0.113631 1.02855 
1.05579 0.050613 
0.85026 0.198861 
1.10685 0.0432759 
0.58402 0.472427 
0.836397 0.212973 
0.0256101 1.06071 
0.607467 0.471587 
0.945576 0.109229 
1.05563 0.0526439 
0.847919 0.202013 
0.836484 0.208128 
0.945936 0.105591 
1.05235 0.0638307 
1.06224 0.0487592 
1.05109 0.065123 
0.497221 0.632486 
0.870955 0.195389 
1.1239 0.037717 
0.495316 0.675706 
0.495316 0.675706 
0.495316 0.675706 
0.495316 0.675706 
0.495316 0.675706 
0.495316 0.675706 
0.0405201 1.04411 
0.0405201 1.04411 
0.0469054 1.03824 
0.0405201 1.04411 
0.0446266 1.0386 
1.00515 0.0888578 
0.609162 0.471437 
1.15373 0.0356838 
0.0206641 1.2872 
0.0206641 1.2872 
1.26048 0.0264607 
1.26048 0.0264607 
0.841055 0.206787 
0.038864 1.05979 
0.575773 0.477187 
0.0250681 1.28193 
0.0250681 1.28193 
0.0250681 1.28193 
0.945229 0.109952 
0.944685 0.111008 
0.55307 0.541384 
0.556351 0.497968 
0.553475 0.50263 
0.555376 0.498195 
0.557213 0.497736 
0.553075 0.522173 
0.0502632 1.03651 
0.0807643 1.03265 
0.0653483 1.0351 
1.23352 0.0296864 
1.25286 0.029236 
1.19492 0.0298234 
1.19492 0.0298234 
1.16915 0.0302344 
1.00004 0.090377 
0.987921 0.0905623 
0.562848 0.487514 
0.558094 0.490719 
0.559096 0.490053 
0.557887 0.492107 
0.562926 0.486197 
0.562848 0.487514 
0.977719 0.0908219 
0.958537 0.091704 
0.957782 0.093035 
0.955714 0.0931187 
0.987847 0.0907926 
0.960625 0.0909276 
0.957782 0.093035 
0.944 0.193479 
0.852631 0.19761 
0.865988 0.19672 
0.617167 0.471187 
0.617167 0.471187 
0.617167 0.471187 
0.617167 0.471187 
0.569423 0.48617 
0.569848 0.481237 
0.570231 0.480372 
0.569507 0.484447 
0.471002 0.683201 
0.471002 0.683201 
0.471002 0.683201 
0.896816 0.194848 
0.913767 0.194706 
0.896816 0.194848 
0.896816 0.194848 
0.889605 0.195024 
0.946467 0.0953506 
0.505888 0.626391 
0.505888 0.626391 
0.521501 0.614471 
0.543527 0.613241 
0.507683 0.618977 
0.506518 0.623579 
0.505888 0.626391 
0.944209 0.124424 
0.944656 0.116 
0.944238 0.117146 
0.944656 0.116 
0.443852 0.71153 
0.452323 0.688697 
0.453161 0.68535 
1.15082 0.0363852 
1.27308 0.0222417 
1.29026 0.0197053 
1.27308 0.0222417 
1.09177 0.0441767 
1.08583 0.0466549 
1.08047 0.0475625 
1.08583 0.0466549 
0.545874 0.607966 
0.617882 0.470757 
0.094742 1.03184 
0.322621 1.02943 
0.322621 1.02943 
1.05913 0.050613 
1.05913 0.050613 
1.05913 0.050613 
0.588215 0.47381 
0.0269202 1.12394 
0.0269202 1.12394 
0.029876 1.06204 
0.0269202 1.12394 
0.0269202 1.12394 
0.0362612 1.06203 
0.0292828 1.11031 
0.60796 0.472427 
1.05896 0.0595913 
1.05837 0.0621232 
0.84851 0.2028 
0.84851 0.2028 
0.84851 0.2028 
0.848497 0.203451 
0.849248 0.202013 
0.840207 0.208838 
0.836632 0.293692 
0.837123 0.209689 
1.05281 0.0638307 
1.07414 0.0494742 
1.0513 0.0670368 
1.0513 0.0670368 
1.0513 0.0670368 
1.0513 0.0670368 
1.05121 0.0812115 
0.497482 0.632674 
0.497482 0.632674 
0.497482 0.632674 
0.497851 0.632486 
1.12534 0.0401717 
1.14904 0.0390013 
0.0405201 1.04427 
0.0469054 1.0386 
0.0469054 1.0386 
0.0469054 1.0386 
0.0469054 1.0386 
0.0469054 1.0386 
0.0469054 1.0386 
0.0469054 1.0386 
0.0464121 1.04411 
0.0469054 1.0386 
0.0469054 1.0386 
1.01578 0.0888578 
1.16301 0.0363064 
1.16301 0.0363064 
1.16301 0.0363064 
0.0235483 1.40548 
0.0238147 1.34854 
0.0235483 1.40548 
0.846402 0.207613 
0.841418 0.208688 
0.841418 0.208688 
0.57821 0.477187 
0.57821 0.477187 
0.575924 0.478901 
0.944685 0.111693 
0.944685 0.111693 
0.556378 0.498074 
0.553591 0.508494 
0.553822 0.506934 
0.555816 0.505222 
0.553075 0.541762 
0.0646174 1.03744 
0.0652457 1.03651 
0.0531779 1.0385 
0.066829 1.03641 
0.066829 1.03641 
0.066829 1.03641 
0.066829 1.03641 
0.066829 1.03641 
0.066829 1.03641 
1.25952 0.0296864 
1.20739 0.0298234 
1.183 0.0315711 
1.20522 0.0312251 
0.559808 0.490428 
0.559808 0.490428 
0.558094 0.492118 
0.558327 0.492107 
0.558094 0.492118 
0.563132 0.486208 
0.960462 0.0929048 
0.960462 0.0929048 
0.987757 0.0917001 
0.979846 0.091833 
0.972824 0.0922456 
0.987921 0.0913275 
0.987847 0.0915579 
0.958393 0.0935893 
0.859007 0.200672 
0.858489 0.200707 
0.877611 0.197306 
0.882803 0.196973 
0.886806 0.196758 
0.882803 0.196973 
0.570695 0.483411 
0.570695 0.483411 
0.570695 0.483411 
0.572387 0.482968 
0.56979 0.48485 
0.899545 0.194884 
0.89189 0.195415 
0.896816 0.195312 
0.896816 0.195312 
0.896816 0.195312 
0.947651 0.10181 
0.948088 0.0977818 
0.948088 0.0977818 
0.948015 0.0995221 
0.948088 0.0977818 
0.946812 0.103151 
0.534444 0.614471 
0.534444 0.614471 
0.534444 0.614471 
0.534444 0.614471 
0.534444 0.614471 
0.508069 0.618977 
0.944656 0.117155 
0.450458 0.729395 
0.453115 0.721582 
0.45386 0.721498 
0.455858 0.68535 
0.454491 0.714122 
1.27752 0.0291671 
1.10425 0.0441767 
1.10425 0.0441767 
1.10425 0.0441767 
1.09802 0.0448878 
1.10425 0.0441767 
1.08469 0.0491633 
0.545874 0.613014 
0.619852 0.47107 
0.69357 0.470757 
0.103634 1.03265 
0.439515 1.02943 
1.06178 0.0526439 
1.06912 0.0515002 
1.06178 0.0526439 
0.588215 0.475754 
0.597172 0.474586 
0.593752 0.475017 
0.607878 0.474364 
0.593752 0.475017 
0.0301548 1.06204 
0.0301548 1.06204 
0.027376 1.34484 
0.0380079 1.06203 
0.0298033 1.15163 
0.0295616 1.30674 
0.609042 0.47395 
0.6136 0.472427 
0.6136 0.472427 
0.613274 0.472656 
1.06061 0.0607122 
0.848792 0.204134 
0.848637 0.207292 
0.849941 0.20294 
0.851633 0.202747 
0.850325 0.2028 
0.840934 0.208838 
0.836632 0.302191 
0.836632 0.302191 
0.837123 0.21229 
1.05292 0.0659114 
1.05292 0.0659114 
1.05516 0.0645004 
1.05292 0.0659114 
1.05276 0.0679423 
1.05276 0.0679423 
1.05276 0.0679423 
1.05276 0.0679423 
1.05276 0.0679423 
0.497482 0.639954 
0.497482 0.639954 
0.497546 0.636135 
0.497482 0.639954 
0.497482 0.639954 
0.497482 0.639954 
0.497546 0.636135 
0.50068 0.635926 
0.505527 0.632794 
1.13736 0.0418206 
1.13736 0.0418206 
1.13031 0.0429621 
1.15132 0.0391257 
0.0235483 1.54121 
1.20896 0.0298234 
0.0235483 1.54121 
0.157055 1.03584 
0.453161 0.758983 
0.710581 0.470757 
0.837697 0.242896 
0.0305306 1.13253 
0.0296548 1.34484 
0.0296548 1.34484 
0.944656 0.128785 
0.904589 0.194884 
0.0680824 1.03641 
0.457827 0.68535 
0.629599 0.47107 
1.02241 0.0912996 
0.454083 0.729395 
1.05292 0.0659163 
0.553657 0.532636 
0.545874 0.613947 
0.456108 0.699144 
0.553075 0.573972 
0.0313082 1.09924 
0.497482 0.643214 
0.553075 0.573972 
1.00629 0.0918622 
0.972869 0.0922456 
1.1378 0.0423059 
0.542897 0.614471 
1.16301 0.0376499 
0.508069 0.621001 
1.19134 0.0358564 
0.497482 0.643214 
1.10714 0.0450622 
0.0481587 1.0386 
0.838792 0.222287 
0.0310266 1.12394 
0.554073 0.520545 
0.032729 1.06204 
1.15147 0.0406769 
0.958537 0.0939057 
0.0327039 1.08248 
1.06967 0.0526439 
0.502319 0.636135 
0.508069 0.621001 
0.038864 1.06203 
0.0327039 1.08248 
0.555675 0.508221 
0.563132 0.486952 
1.09274 0.049258 
0.595461 0.47615 
1.08469 0.0505067 
0.839454 0.214659 
0.950021 0.0979253 
0.606592 0.474586 
0.572586 0.484818 
0.945907 0.112323 
0.0405201 1.04977 
0.858489 0.201171 
0.88247 0.200028 
0.872298 0.20089 
0.947227 0.104354 
1.06444 0.0551046 
0.0417292 1.04611 
0.557353 0.502837 
1.0983 0.0466549 
1.06061 0.0637863 
0.558094 0.493041 
0.61434 0.47318 
0.583786 0.477187 
0.846402 0.208297 
0.599328 0.475017 
0.618324 0.472427 
0.629599 0.47107 
0.896816 0.195494 
0.887118 0.196758 
0.849306 0.205375 
0.0305863 1.12586 
1.10425 0.0462819 
0.561027 0.490428 
1.08469 0.0505067 
0.867372 0.200993 
0.498177 0.6366 
0.945174 0.122056 
0.883838 0.196973 
1.06502 0.0545099 
0.0305306 1.13253 
0.894837 0.196477 
0.841123 0.209814 
0.577462 0.478939 
1.19753 0.0329007 
0.945201 0.116684 
0.841123 0.209814 
0.581313 0.478665 
0.852236 0.203728 
0.948097 0.100932 
0.852975 0.2028 
0.945174 0.122056 
0.575826 0.483223 
0.558656 0.492107 
0.577099 0.481327 
0.0405201 1.04977 
0.0417292 1.04611 
0.555816 0.505889 
0.948461 0.0999109 
0.497546 0.640635 
1.05837 0.0659114 
0.945201 0.116684 
0.556391 0.504225 
0.867372 0.200993 
0.618324 0.472427 
1.06061 0.0637863 
1.05837 0.0659114 
0.502319 0.636135 
0.583597 0.47813 
0.575962 0.482403 
0.497546 0.640635 
0.894837 0.196477 
0.497482 0.643214 
0.852975 0.2028 
0.498177 0.6366 
0.498177 0.6366 
0.498177 0.6366 
0.497482 0.643214 
1.05837 0.0659114 
