0.510357 0.531181 
0.461748 0.587343 
0.969248 0.0975966 
0.428603 0.621937 
0.460446 0.595241 
0.508676 0.531395 
0.846331 0.196434 
0.471529 0.584906 
0.0193002 1.05372 
0.455309 0.598828 
0.821761 0.311375 
0.428603 0.621937 
0.845361 0.196677 
0.954944 0.0987754 
0.352861 0.699794 
0.428603 0.621937 
0.45929 0.597444 
0.336112 0.707935 
0.498485 0.533758 
0.0206442 1.03486 
0.424078 0.631262 
0.336112 0.707935 
0.336007 0.712503 
0.01613 1.05493 
0.482234 0.583772 
0.422098 0.642738 
0.0206442 1.03486 
0.482234 0.583772 
0.543396 0.529848 
0.943222 0.120449 
0.3597 0.69961 
0.854995 0.19643 
0.0193338 1.04084 
0.948867 0.102201 
0.473989 0.584481 
0.339877 0.707901 
0.825416 0.211355 
0.519067 0.529945 
0.475051 0.584067 
0.336112 0.707935 
0.471529 0.584906 
0.510357 0.531181 
0.426413 0.629881 
0.990148 0.0898288 
0.844485 0.199946 
1.0087 0.0897207 
0.342909 0.699828 
0.340581 0.706685 
0.971129 0.0970831 
0.022693 1.02389 
0.333023 0.715586 
0.947023 0.119649 
0.426413 0.629881 
0.0206442 1.03486 
0.832193 0.202871 
0.971872 0.0934175 
0.464208 0.587343 
0.969248 0.0977456 
0.970843 0.0977168 
0.461748 0.596916 
0.509448 0.531615 
0.508676 0.533461 
0.455309 0.614757 
0.45737 0.607596 
0.846616 0.196958 
0.845361 0.197979 
0.845361 0.197979 
0.968728 0.0996969 
0.968728 0.0996969 
0.964716 0.101054 
0.967319 0.100177 
0.964716 0.101054 
0.964716 0.101054 
0.964716 0.101054 
0.429334 0.624971 
0.434458 0.623196 
0.460446 0.598194 
0.460323 0.599069 
0.459355 0.604164 
0.50126 0.540912 
0.425962 0.635499 
0.336007 0.715245 
0.0180499 1.0593 
0.0180499 1.0593 
0.0189852 1.05865 
0.0174403 1.0654 
0.944749 0.126591 
0.371891 0.69961 
0.857048 0.196677 
0.0193338 1.04591 
0.0193338 1.04591 
0.0193338 1.04591 
0.0193338 1.04591 
0.962021 0.103314 
0.949113 0.10868 
0.955428 0.105225 
0.96113 0.103637 
0.949338 0.108084 
0.828248 0.235705 
0.830623 0.212379 
0.828755 0.235158 
0.522521 0.530212 
0.522521 0.530212 
0.484307 0.584196 
0.484307 0.584196 
0.482234 0.584219 
0.336112 0.713133 
0.340183 0.710652 
0.340183 0.710652 
0.340183 0.710652 
0.471529 0.586683 
0.473912 0.586125 
0.514077 0.531181 
0.510941 0.531377 
0.514077 0.531181 
0.51059 0.531395 
0.990158 0.0929008 
0.990785 0.0927853 
0.844751 0.200172 
0.844751 0.200172 
0.844751 0.200172 
0.844751 0.200172 
0.844751 0.200172 
1.21381 0.0915827 
0.354696 0.70088 
0.357594 0.700351 
0.354223 0.704807 
0.364731 0.699947 
0.35236 0.704991 
0.340581 0.707901 
0.340581 0.707901 
0.346723 0.706819 
0.0264956 1.03266 
0.0328522 1.03078 
0.0264956 1.03266 
0.0328522 1.03078 
0.0264956 1.03266 
0.0384034 1.02389 
0.0328522 1.03078 
0.0376036 1.02409 
0.0328522 1.03078 
0.0328522 1.03078 
0.334433 0.723437 
0.947904 0.120449 
0.947904 0.120449 
0.426757 0.631262 
0.427895 0.631222 
0.0212538 1.03486 
0.0212538 1.03486 
0.0206442 1.039 
0.0212538 1.03486 
0.0212538 1.03486 
0.0212538 1.03486 
0.832959 0.202871 
0.982973 0.0934175 
0.982973 0.0934175 
0.972546 0.0935249 
0.972546 0.0935249 
0.470134 0.591471 
0.465708 0.593009 
0.46923 0.592986 
0.969248 0.0980115 
0.462006 0.597952 
0.464703 0.597064 
0.462006 0.597952 
0.509221 0.537637 
0.509221 0.537637 
0.509221 0.537637 
0.509448 0.533461 
0.458264 0.61508 
0.458264 0.61508 
0.458264 0.61508 
0.458264 0.61508 
0.458264 0.61508 
0.458264 0.61508 
0.458264 0.61508 
0.853526 0.197673 
0.847815 0.197957 
0.846003 0.198922 
0.846003 0.198922 
0.845743 0.199946 
0.968728 0.101054 
0.967396 0.101496 
0.430648 0.624971 
0.436249 0.624345 
0.457737 0.623366 
0.457737 0.623366 
0.460446 0.599889 
0.460277 0.61087 
0.0183756 1.06061 
0.0180499 1.1072 
0.946609 0.126591 
0.946609 0.126591 
0.858484 0.196936 
0.857076 0.19707 
0.0193338 1.05083 
0.0199434 1.04591 
0.0195059 1.05058 
0.0199434 1.04591 
0.956056 0.10668 
0.965962 0.105523 
0.955132 0.109692 
0.950017 0.111941 
0.828694 0.355793 
0.830069 0.235344 
0.524155 0.530464 
0.483004 0.584821 
0.4916 0.584667 
0.336221 0.723315 
0.336221 0.723315 
0.336221 0.723315 
0.336221 0.723315 
0.336221 0.723315 
0.336321 0.716132 
0.336221 0.723315 
0.336221 0.723315 
0.471529 0.587108 
0.471529 0.587108 
0.471529 0.587108 
0.474607 0.586269 
0.517465 0.531344 
0.512714 0.531615 
1.00871 0.0927928 
1.00871 0.0927928 
1.00871 0.0927928 
0.844751 0.201115 
0.381032 0.699947 
0.381032 0.699947 
0.366015 0.700167 
0.363513 0.705017 
0.340581 0.708032 
0.35014 0.707376 
0.35014 0.707376 
0.347379 0.707901 
0.347379 0.707901 
0.347379 0.707901 
0.35014 0.707376 
0.0279348 1.03266 
0.0279348 1.03266 
0.0279348 1.03266 
0.0279348 1.03266 
0.0266244 1.03268 
0.0394786 1.02389 
0.0380679 1.02409 
0.334533 0.73112 
0.334533 0.73112 
0.334433 0.744633 
0.948154 0.122007 
0.948834 0.120449 
0.948154 0.122007 
0.948154 0.122007 
0.429334 0.634257 
0.429334 0.634257 
0.428603 0.645622 
0.428603 0.645622 
0.427895 0.662922 
0.429334 0.634257 
0.0206442 1.04247 
0.0209451 1.03961 
0.020733 1.04054 
0.022693 1.03486 
0.022693 1.03486 
0.0212538 1.039 
0.836237 0.203757 
0.834259 0.20527 
0.833291 0.212379 
0.833291 0.212379 
0.989442 0.0934175 
0.973802 0.0966539 
0.973802 0.0966539 
0.982063 0.0942314 
0.980005 0.0954472 
0.973802 0.0966539 
0.982548 0.0936844 
0.980005 0.0954472 
0.470989 0.592645 
0.470989 0.592645 
0.467103 0.593968 
0.97285 0.0984513 
0.463554 0.599055 
0.466678 0.598432 
0.509221 0.539543 
0.509804 0.534008 
0.458821 0.620887 
0.458821 0.620887 
0.850568 0.197983 
0.850568 0.197983 
0.848639 0.199444 
0.849958 0.199003 
0.849894 0.199151 
0.846098 0.199946 
0.969733 0.101167 
0.967468 0.103477 
0.969248 0.101727 
0.969248 0.101727 
0.968909 0.10216 
0.968909 0.10216 
0.430648 0.627341 
0.455973 0.62488 
0.442124 0.627066 
0.443358 0.626191 
0.460446 0.600396 
0.460446 0.600396 
0.460446 0.600396 
0.0188131 1.09857 
0.0189852 1.06061 
0.0188131 1.09857 
0.0189852 1.06061 
0.946718 0.134245 
0.946886 0.126591 
0.870496 0.196936 
0.870496 0.196936 
0.870496 0.196936 
0.858484 0.197074 
0.0194227 1.05159 
0.0193338 1.05786 
0.0199434 1.04612 
0.0199434 1.04612 
0.967319 0.10668 
0.961 0.111073 
0.956563 0.112929 
0.955807 0.113103 
0.955209 0.1197 
0.530527 0.530549 
0.530527 0.530549 
0.486526 0.584821 
0.336321 0.717901 
0.338291 0.716701 
0.473748 0.588952 
0.471529 0.590068 
0.47304 0.589109 
0.476582 0.586869 
0.475051 0.588327 
0.475051 0.588327 
0.514543 0.531615 
0.512714 0.533461 
0.512714 0.533461 
1.19789 0.0931591 
0.844751 0.201384 
0.403066 0.699947 
0.369873 0.700167 
0.368652 0.704551 
0.368734 0.700351 
0.364438 0.705144 
0.34607 0.708174 
0.344627 0.713646 
0.34236 0.715245 
0.34607 0.708174 
0.352919 0.707695 
0.353079 0.707376 
0.0286467 1.03274 
0.0281404 1.03291 
0.0395071 1.02409 
0.335217 0.732476 
0.336221 0.731807 
0.950053 0.123098 
0.949113 0.125367 
0.949113 0.125367 
0.429323 0.645662 
0.429323 0.645662 
0.0206442 1.04406 
0.0206442 1.04406 
0.020733 1.04331 
0.020733 1.04331 
0.0275213 1.03637 
0.022693 1.03762 
0.836237 0.203895 
0.836237 0.203895 
0.836237 0.203895 
0.992358 0.0935249 
0.97784 0.0970831 
0.982973 0.0947117 
0.0189852 1.07256 
0.0189852 1.07256 
1.22158 0.0936329 
0.548366 0.530896 
0.836237 0.205064 
0.335486 0.765248 
0.0445194 1.02409 
0.374235 0.700167 
0.432966 0.631262 
0.905277 0.196958 
0.946914 0.160527 
0.509221 0.539688 
0.509098 0.585235 
0.336007 0.746281 
0.946718 0.188074 
0.879759 0.197008 
0.947253 0.135061 
0.946718 0.188074 
0.336321 0.720783 
0.460446 0.60325 
0.459217 0.620887 
0.85974 0.197957 
0.453154 0.626348 
0.435064 0.629299 
0.516896 0.531651 
0.0328522 1.03274 
0.0432091 1.03078 
0.0194227 1.06354 
0.535497 0.531344 
0.342652 0.71565 
0.0206442 1.05309 
0.950409 0.12479 
0.956171 0.118317 
0.967319 0.108522 
0.985915 0.0947117 
0.503115 0.585247 
0.4916 0.586869 
0.535497 0.531344 
0.463585 0.600196 
0.836237 0.205064 
0.346226 0.713686 
0.457375 0.62488 
0.336321 0.720783 
0.961 0.113103 
0.470227 0.594167 
0.0208162 1.04388 
0.510941 0.535298 
0.95736 0.118016 
0.365228 0.706819 
0.481238 0.587157 
0.4916 0.586869 
0.468167 0.598815 
0.851169 0.197983 
0.961 0.113103 
0.0436224 1.02583 
0.844751 0.201512 
0.474607 0.589545 
0.978896 0.0983396 
0.0266244 1.04371 
0.370818 0.704807 
0.356938 0.707376 
0.474121 0.590753 
0.366056 0.705682 
0.846616 0.200569 
0.947513 0.132533 
0.468832 0.595961 
0.351029 0.708174 
0.0199434 1.05786 
0.982973 0.09584 
0.968479 0.105871 
0.028578 1.03486 
0.353386 0.707717 
0.346326 0.708272 
0.0199434 1.05786 
0.973802 0.101215 
0.481238 0.587157 
0.844751 0.201512 
0.516263 0.531958 
0.0208162 1.04388 
0.503115 0.585247 
0.509098 0.585235 
0.849894 0.199169 
0.370818 0.704807 
0.97069 0.103369 
0.028578 1.03486 
0.0271388 1.03831 
0.513109 0.533461 
0.97069 0.103369 
0.947555 0.128911 
0.346326 0.708272 
0.949418 0.125625 
0.978419 0.0997374 
0.434816 0.631223 
0.96766 0.10668 
0.947904 0.126591 
0.0270699 1.04143 
0.982973 0.09584 
0.513109 0.533461 
0.0271388 1.03831 
0.356938 0.707376 
0.977021 0.100559 
0.974183 0.100874 
0.481238 0.587157 
0.0270699 1.04143 
0.947555 0.128911 
0.977021 0.100559 
0.474607 0.589545 
0.474121 0.590753 
0.850568 0.199003 
0.99498 0.0943577 
0.947904 0.126591 
0.974183 0.100874 
0.356938 0.707376 
0.850568 0.199003 
0.947904 0.126591 
0.850568 0.199003 
0.947555 0.128911 
0.836237 0.205064 
0.844751 0.201512 
0.844751 0.201512 
0.947904 0.126591 
0.844751 0.201512 
0.850568 0.199003 
0.850568 0.199003 
0.836237 0.205064 
0.356938 0.707376 
0.947904 0.126591 
0.947904 0.126591 
