0.974189 0.00323068 1.89196 
0.426968 1.40237 0.933996 
0.713717 0.534074 1.63803 
1.59267 0.314285 1.14213 
1.06187 0.155949 1.63419 
1.66684 1.21355 0.266028 
0.544515 1.06708 0.837255 
0.0924452 1.63035 0.0720944 
0.106305 0.885713 1.68966 
1.51905 1.24425 0.0328437 
0.563597 1.08483 1.38479 
0.0856464 1.68349 0.448586 
0.374652 0.147848 2.00872 
0.0696892 0.800657 1.75804 
1.60224 1.10603 0.00285194 
0.880738 0.22966 1.44066 
1.60886 1.46555 0.192525 
1.02497 1.34453 1.22225 
0.804294 0.677194 1.35251 
0.0758755 0.361766 1.69966 
1.36727 0.643208 1.10046 
0.279982 0.690537 1.27194 
0.132248 1.58214 0.334582 
0.113835 0.230625 2.04594 
0.0418769 0 0.999133 
0.0474338 0.0474457 0.997749 
0.0484324 0.0984598 0.993963 
0.0516736 0.155164 0.986537 
0.0535839 0.216427 0.974828 
0.0513483 0.28156 0.958169 
0.0386549 0.350739 0.935678 
0.0583043 0.421977 0.904733 
0.0616032 0.495164 0.86662 
0.0492503 0.567831 0.821673 
0.0475977 0.639178 0.767586 
0.051425 0.705966 0.706379 
0.0603473 0.766528 0.639375 
0.0565426 0.820904 0.568266 
0.0595588 0.866683 0.495295 
0.0597552 0.904558 0.422159 
0.0573921 0.934785 0.35056 
0.0552522 0.957912 0.281727 
0.0540764 0.974798 0.21645 
0.0507334 0.986505 0.155715 
0.0481959 0.993935 0.0990296 
0.0462877 0.997827 0.0470574 
0.0450857 0.998996 0 
0.093051 0 0.995669 
0.0989021 0.0475227 0.993963 
0.103319 0.103345 0.989267 
0.107575 0.162681 0.9808 
0.11079 0.227419 0.967479 
0.114923 0.293872 0.948911 
0.11802 0.368693 0.92203 
0.124296 0.443635 0.887549 
0.128472 0.519672 0.844652 
0.131028 0.594876 0.793068 
0.131383 0.666794 0.733575 
0.1333 0.733321 0.66669 
0.129138 0.793295 0.594987 
0.128429 0.844832 0.519393 
0.125977 0.887435 0.443389 
0.122638 0.921497 0.368524 
0.116743 0.947977 0.296176 
0.113687 0.967104 0.227573 
0.108697 0.980582 0.163255 
0.102955 0.989231 0.104112 
0.0993689 0.993836 0.049353 
0.0946858 0.995513 0 
0.147867 0 0.989051 
0.155277 0.051391 0.986534 
0.163017 0.106952 0.980811 
0.171196 0.171216 0.970247 
0.177942 0.237789 0.954879 
0.18619 0.310575 0.932304 
0.192093 0.386525 0.902053 
0.198541 0.464072 0.863262 
0.20366 0.542836 0.814772 
0.206103 0.619058 0.75782 
0.207169 0.691657 0.691877 
0.204956 0.757421 0.619925 
0.202936 0.814801 0.543066 
0.197038 0.863202 0.464822 
0.192686 0.901927 0.386527 
0.186343 0.932068 0.310688 
0.178682 0.954543 0.238591 
0.170987 0.970296 0.171157 
0.163252 0.980579 0.108754 
0.155081 0.986549 0.0517292 
0.146247 0.989254 0 
0.205981 0 0.978559 
0.216263 0.0529163 0.974902 
0.227049 0.108463 0.967825 
0.231445 0.17804 0.956418 
0.249139 0.2492 0.935859 
0.259304 0.323493 0.910009 
0.267769 0.403608 0.874872 
0.26533 0.485784 0.832836 
0.279198 0.564567 0.776733 
0.284806 0.64125 0.712523 
0.284966 0.712488 0.641216 
0.2799 0.776398 0.564682 
0.276468 0.830086 0.484283 
0.269057 0.874457 0.403655 
0.259744 0.909465 0.324676 
0.249199 0.935737 0.249608 
0.238627 0.954503 0.17884 
0.227487 0.967148 0.113535 
0.216584 0.974777 0.0539671 
0.205929 0.978581 0 
0.252913 0 0.967491 
0.28058 0.0332927 0.959253 
0.295443 0.117433 0.948117 
0.30992 0.186049 0.932382 
0.324846 0.258847 0.909656 
0.337698 0.337546 0.878649 
0.349183 0.418987 0.838167 
0.358022 0.501192 0.787798 
0.363507 0.582274 0.727609 
0.365562 0.658149 0.658185 
0.36353 0.727493 0.581898 
0.35797 0.787733 0.501337 
0.349105 0.838155 0.419074 
0.337204 0.878684 0.337957 
0.324595 0.909645 0.259212 
0.310456 0.932132 0.186409 
0.296171 0.947867 0.117672 
0.281622 0.957884 0.05617 
0.26739 0.963594 0 
0.332608 0 0.943066 
0.350635 0.0389778 0.935701 
0.368308 0.120953 0.921803 
0.386023 0.193241 0.902024 
0.403819 0.269016 0.874395 
0.419011 0.349225 0.838137 
0.431842 0.431705 0.791926 
0.440731 0.514792 0.735356 
0.4457 0.594788 0.669015 
0.445249 0.669039 0.5951 
0.440651 0.735434 0.514752 
0.431921 0.791834 0.4318 
0.418847 0.838442 0.348721 
0.403579 0.874541 0.268897 
0.386356 0.901876 0.193263 
0.368557 0.921513 0.122405 
0.350485 0.934776 0.058004 
0.332725 0.943027 0 
0.398822 0 0.91703 
0.422252 0.0542818 0.904853 
0.44325 0.123761 0.887816 
0.464795 0.196727 0.863289 
0.484096 0.27596 0.830362 
0.501175 0.358048 0.787799 
0.513526 0.441463 0.735802 
0.523165 0.523165 0.672755 
0.52588 0.601637 0.601238 
0.522814 0.672995 0.523211 
0.514686 0.735296 0.440955 
0.501192 0.787776 0.358085 
0.484134 0.83009 0.276712 
0.464538 0.862896 0.199043 
0.443448 0.88735 0.126358 
0.422212 0.904644 0.0580039 
0.400723 0.916214 0 
0.470569 0 0.882429 
0.494448 0.0539024 0.867536 
0.519529 0.129518 0.84458 
0.543823 0.197231 0.815696 
0.564198 0.282068 0.775963 
0.581977 0.36372 0.727339 
0.594626 0.445993 0.668989 
0.601359 0.526171 0.601259 
0.601368 0.601366 0.526047 
0.594745 0.66882 0.446051 
0.581859 0.727404 0.363766 
0.564496 0.775716 0.282164 
0.543068 0.81471 0.203302 
0.519674 0.844436 0.129916 
0.49513 0.866634 0.0616624 
0.470522 0.882394 0 
0.540637 0 0.841258 
0.568004 0.0622452 0.82067 
0.59472 0.13025 0.793313 
0.619027 0.204226 0.758352 
0.64133 0.284308 0.71265 
0.65817 0.365376 0.658268 
0.669132 0.445268 0.594981 
0.672456 0.523271 0.523442 
0.668897 0.594661 0.446052 
0.658277 0.65823 0.365254 
0.641074 0.712588 0.285039 
0.619338 0.757538 0.206295 
0.594776 0.792953 0.132167 
0.568092 0.820572 0.0627325 
0.540711 0.841215 0 
0.609636 0 0.792683 
0.639173 0.0562388 0.767007 
0.666675 0.133256 0.733342 
0.69227 0.204144 0.692786 
0.712558 0.284278 0.641442 
0.727451 0.363503 0.581968 
0.73533 0.441234 0.51441 
0.735234 0.51466 0.441092 
0.727447 0.581828 0.363728 
0.712197 0.641505 0.285044 
0.691769 0.691682 0.207444 
0.66666 0.733367 0.133187 
0.638999 0.766637 0.0628858 
0.609762 0.792588 0 
0.676745 0 0.73622 
0.70586 0.0583773 0.705953 
0.733378 0.133102 0.666668 
0.757355 0.206298 0.619563 
0.777024 0.278513 0.564512 
0.787899 0.35764 0.501311 
0.791988 0.432163 0.43127 
0.787636 0.501382 0.358116 
0.77585 0.564324 0.282131 
0.757265 0.619671 0.206295 
0.733354 0.666651 0.13333 
0.705706 0.705618 0.0639924 
0.675714 0.737166 0 
0.737486 0 0.675367 
0.76671 0.0622722 0.638968 
0.79301 0.132158 0.594705 
0.814638 0.20359 0.543066 
0.830113 0.276682 0.484111 
0.8382 0.348932 0.419133 
0.838422 0.419169 0.348361 
0.830343 0.483661 0.27678 
0.814821 0.543022 0.202971 
0.793052 0.594712 0.131949 
0.766595 0.638968 0.0636891 
0.737294 0.675573 0 
0.793408 0 0.608692 
0.820522 0.0627846 0.568163 
0.84447 0.129791 0.519641 
0.862868 0.198861 0.464673 
0.87447 0.269074 0.403616 
0.878467 0.337864 0.337859 
0.874657 0.403588 0.268513 
0.862857 0.46458 0.199115 
0.844513 0.519549 0.129911 
0.820612 0.568094 0.062219 
0.792619 0.609728 0 
0.841493 0 0.540276 
0.866651 0.0613746 0.49513 
0.887405 0.125386 0.443623 
0.901897 0.192975 0.386463 
0.90947 0.259617 0.324759 
0.909459 0.324641 0.259842 
0.90183 0.386488 0.193216 
0.887244 0.443581 0.12665 
0.866586 0.495195 0.0617726 
0.84144 0.540363 0 
0.88241 0 0.470488 
0.904597 0.0594244 0.422132 
0.921453 0.122851 0.368562 
0.93231 0.185104 0.310706 
0.935815 0.248967 0.249553 
0.932281 0.310046 0.18635 
0.921709 0.368686 0.120531 
0.904603 0.422046 0.0600899 
0.88277 0.469811 0 
0.916296 0 0.400506 
0.934815 0.0568816 0.35056 
0.947892 0.117933 0.295964 
0.954773 0.177249 0.23874 
0.954522 0.238602 0.178789 
0.947876 0.29605 0.117861 
0.934856 0.350306 0.0577946 
0.916267 0.40058 0 
0.943479 0 0.332199 
0.957864 0.0561055 0.281697 
0.967145 0.113372 0.227561 
0.970321 0.170984 0.171026 
0.967111 0.227552 0.113664 
0.957849 0.281719 0.0563164 
0.943006 0.332814 0 
0.963749 0 0.266838 
0.974844 0.0524907 0.216636 
0.980579 0.108638 0.163316 
0.980603 0.163309 0.108408 
0.974832 0.216476 0.0533748 
0.963585 0.267425 0 
0.980116 0 0.198453 
0.986454 0.0516733 0.155724 
0.989126 0.103985 0.104033 
0.986449 0.155696 0.0518224 
0.978639 0.205602 0 
0.989348 0 0.145607 
0.993846 0.0490863 0.0993568 
0.993897 0.0992275 0.0483228 
0.988984 0.14809 0 
0.995818 0 0.0914036 
0.997764 0.0473461 0.0472243 
0.99551 0.0947707 0 
0.999826 0 0.0190652 
0.998978 0.0453681 0 
0.21207 0.897741 1.09025 
