0.707107 0.707107 9.44399e-41 
4.32978e-17 4.32978e-17 1 
0.707107 0.707107 3.7776e-40 
4.32978e-17 4.32978e-17 1 
0.707107 0.707107 9.44399e-41 
0.373318 0.373318 0.849274 
0.212911 0.212911 0.953592 
0.38403 0.38403 0.839668 
0.305078 0.305078 0.902139 
0.149731 0.149731 0.977324 
0.55215 0.55215 0.624708 
0.200641 0.200641 0.958899 
0.515047 0.515047 0.685167 
0.313709 0.313709 0.896199 
0.161138 0.161138 0.973689 
0.703602 0.703602 0.0994446 
0.576704 0.576704 0.57864 
0.582717 0.582717 0.566464 
0.29537 0.29537 0.908578 
0.688353 0.688353 0.228783 
0.544557 0.544557 0.6379 
0.614384 0.614384 0.49504 
0.639358 0.639358 0.427133 
0.644785 0.644785 0.410493 
0.558455 0.558455 0.613397 
0.67808 0.67808 0.283577 
0.235719 0.235719 0.942801 
0.522882 0.522882 0.673194 
0.588875 0.588875 0.553583 
0.570329 0.570329 0.591142 
0.0120849 0.0120849 0.999854 
0.619526 0.619526 0.482052 
0.140766 0.140766 0.979985 
0.564664 0.564664 0.601921 
0.634764 0.634764 0.440624 
0.083182 0.083182 0.993057 
0.107713 0.107713 0.98833 
0.649156 0.649156 0.396475 
0.629589 0.629589 0.455232 
0.624875 0.624875 0.468042 
0.452896 0.452896 0.767966 
0.608489 0.608489 0.509394 
0.245753 0.245753 0.937662 
0.0441019 0.0441019 0.998053 
0.4982 0.4982 0.709643 
0.701471 0.701471 0.126004 
0.664621 0.664621 0.341407 
0.177644 0.177644 0.967928 
0.131771 0.131771 0.982483 
0.0992725 0.0992725 0.990096 
0.168853 0.168853 0.97107 
0.68237 0.68237 0.262189 
0.603957 0.603957 0.520068 
0.0576449 0.0576449 0.996672 
0.416853 0.416853 0.807755 
0.668502 0.668502 0.325898 
0.460691 0.460691 0.758635 
0.691335 0.691335 0.210031 
0.447036 0.447036 0.774802 
0.221792 0.221792 0.949535 
0.288022 0.288022 0.913284 
0.0344609 0.0344609 0.998812 
0.185467 0.185467 0.964989 
0.539243 0.539243 0.646865 
0.352616 0.352616 0.866789 
0.684633 0.684633 0.25011 
0.409862 0.409862 0.814878 
0.259544 0.259544 0.930201 
0.439987 0.439987 0.78283 
0.280636 0.280636 0.917871 
0.653855 0.653855 0.38072 
0.397012 0.397012 0.827504 
0.66056 0.66056 0.356822 
0.533329 0.533329 0.656598 
0.598455 0.598455 0.532638 
0.193394 0.193394 0.961872 
0.403739 0.403739 0.820968 
0.390722 0.390722 0.833472 
0.36523 0.36523 0.856279 
0.117465 0.117465 0.986105 
0.334931 0.334931 0.880706 
0.0902813 0.0902813 0.991816 
0.594301 0.594301 0.541861 
0.266733 0.266733 0.926125 
0.470956 0.470956 0.745922 
0.273608 0.273608 0.922105 
0.699894 0.699894 0.142462 
0.477301 0.477301 0.737813 
0.492009 0.492009 0.71823 
0.251966 0.251966 0.934359 
0.693828 0.693828 0.192886 
0.36007 0.36007 0.860639 
0.528187 0.528187 0.664859 
0.228428 0.228428 0.946383 
0.706914 0.706914 0.0233666 
0.504805 0.504805 0.700246 
0.434471 0.434471 0.788967 
0.326492 0.326492 0.887021 
0.697717 0.697717 0.162425 
0.346249 0.346249 0.871908 
0.322184 0.322184 0.890166 
0.67206 0.67206 0.310917 
0.42322 0.42322 0.801106 
0.674804 0.674804 0.298798 
0.705055 0.705055 0.0761334 
0.123645 0.123645 0.984593 
0.508966 0.508966 0.694196 
0.428322 0.428322 0.795663 
0.657091 0.657091 0.369409 
0.465627 0.465627 0.752584 
0.0201149 0.0201149 0.999595 
0.0705316 0.0705316 0.995013 
0.695969 0.695969 0.176793 
0.0266384 0.0266384 0.99929 
0.70642 0.70642 0.0440532 
0.340079 0.340079 0.876751 
0.482358 0.482358 0.731205 
0.487103 0.487103 0.724888 
0.0530675 0.0530675 0.99718 
0.0716717 0.0716717 0.99485 
