0.707107 0.707107 0 
4.32978e-17 4.32978e-17 1 
4.32978e-17 4.32978e-17 1 
0.707107 0.707107 0 
0.615599 0.615599 0.492011 
0.316063 0.316063 0.894543 
0.0305822 0.0305822 0.999064 
0.165062 0.165062 0.972373 
0.56934 0.56934 0.593045 
0.32473 0.32473 0.888314 
0.608491 0.608491 0.50939 
0.666615 0.666615 0.33354 
0.661466 0.661466 0.353449 
0.0768927 0.0768927 0.99407 
0.0669367 0.0669367 0.995509 
0.592219 0.592219 0.546401 
0.142563 0.142563 0.979465 
0.695894 0.695894 0.177377 
0.0192801 0.0192801 0.999628 
0.306534 0.306534 0.901152 
0.598195 0.598195 0.533222 
0.692963 0.692963 0.199006 
0.205621 0.205621 0.956786 
0.702409 0.702409 0.115076 
0.698516 0.698516 0.155403 
0.576531 0.576531 0.578985 
0.508341 0.508341 0.695111 
0.5 0.5 0.707107 
0.563377 0.563377 0.604328 
0.134671 0.134671 0.981696 
0.0873139 0.0873139 0.992347 
0.446415 0.446415 0.775517 
0.70445 0.70445 0.0866067 
0.557263 0.557263 0.615561 
0.670582 0.670582 0.317238 
0.00998156 0.00998156 0.9999 
0.333567 0.333567 0.88174 
0.43785 0.43785 0.785223 
0.47622 0.47622 0.739208 
0.23541 0.23541 0.942955 
0.586076 0.586076 0.55949 
0.684315 0.684315 0.251843 
0.373161 0.373161 0.849412 
0.482596 0.482596 0.730891 
0.628859 0.628859 0.457245 
0.257708 0.257708 0.931221 
0.0564058 0.0564058 0.996813 
0.181284 0.181284 0.966578 
0.603703 0.603703 0.520659 
0.674474 0.674474 0.30028 
0.469407 0.469407 0.747873 
0.0414226 0.0414226 0.998283 
0.551406 0.551406 0.626021 
0.689985 0.689985 0.218727 
0.213727 0.213727 0.953227 
0.48917 0.48917 0.722098 
0.173828 0.173828 0.969313 
0.700752 0.700752 0.133763 
0.680732 0.680732 0.270569 
0.124291 0.124291 0.984431 
0.529707 0.529707 0.662435 
0.242975 0.242975 0.939109 
0.634052 0.634052 0.442669 
0.380139 0.380139 0.843201 
0.280579 0.280579 0.917906 
0.0957445 0.0957445 0.990791 
0.519082 0.519082 0.679049 
0.70671 0.70671 0.0334945 
0.25065 0.25065 0.935066 
0.353099 0.353099 0.866396 
0.266507 0.266507 0.926255 
0.687273 0.687273 0.235185 
0.195962 0.195962 0.960832 
0.545775 0.545775 0.635814 
0.365608 0.365608 0.855956 
0.536326 0.536326 0.651697 
0.272165 0.272165 0.922958 
0.621187 0.621187 0.477759 
0.677826 0.677826 0.284788 
0.346354 0.346354 0.871824 
0.657363 0.657363 0.368439 
0.190463 0.190463 0.963041 
0.299476 0.299476 0.905885 
0.463279 0.463279 0.755476 
0.524825 0.524825 0.670162 
0.581253 0.581253 0.569464 
0.513377 0.513377 0.687669 
0.38671 0.38671 0.837204 
0.340048 0.340048 0.876775 
0.226712 0.226712 0.947208 
0.452053 0.452053 0.768958 
0.359895 0.359895 0.860785 
0.103841 0.103841 0.989158 
0.409806 0.409806 0.814934 
0.415629 0.415629 0.809015 
0.495008 0.495008 0.714096 
0.432649 0.432649 0.790968 
0.45786 0.45786 0.762056 
0.705486 0.705486 0.0676629 
0.392429 0.392429 0.831865 
0.293012 0.293012 0.910103 
0.0487225 0.0487225 0.997623 
0.403701 0.403701 0.821007 
0.110814 0.110814 0.987644 
0.286763 0.286763 0.914076 
0.42622 0.42622 0.797918 
0.221507 0.221507 0.949668 
0.398426 0.398426 0.826144 
0.540619 0.540619 0.644564 
0.624445 0.624445 0.469186 
0.118051 0.118051 0.985966 
0.421647 0.421647 0.802762 
0.644396 0.644396 0.411713 
0.647597 0.647597 0.401541 
0.651047 0.651047 0.390226 
0.654095 0.654095 0.379893 
0.63778 0.63778 0.431826 
0.640778 0.640778 0.422856 
0.706311 0.706311 0.0474403 
0.153801 0.153801 0.976059 
