0.707107 0.707107 0 
4.32978e-17 4.32978e-17 1 
0.707107 0.707107 0 
4.32978e-17 4.32978e-17 1 
0.0911288 0.0911288 0.991661 
0.516726 0.516726 0.682634 
0.103395 0.103395 0.989252 
0.362147 0.362147 0.858894 
0.28067 0.28067 0.91785 
0.563003 0.563003 0.605026 
0.239857 0.239857 0.940711 
0.157172 0.157172 0.974984 
0.466188 0.466188 0.75189 
0.569355 0.569355 0.593017 
0.255042 0.255042 0.932688 
0.228214 0.228214 0.946487 
0.682779 0.682779 0.260049 
0.524029 0.524029 0.671406 
0.352449 0.352449 0.866925 
0.311336 0.311336 0.897853 
0.508945 0.508945 0.694227 
0.205104 0.205104 0.957008 
0.497776 0.497776 0.710238 
0.31989 0.31989 0.891819 
0.696256 0.696256 0.174515 
0.148271 0.148271 0.977768 
0.489727 0.489727 0.721342 
0.420057 0.420057 0.804428 
0.139119 0.139119 0.980455 
0.586989 0.586989 0.557574 
0.080084 0.080084 0.993566 
0.2888 0.2888 0.912792 
0.0558343 0.0558343 0.996878 
0.130267 0.130267 0.982884 
0.112616 0.112616 0.987236 
0.575901 0.575901 0.580238 
0.633755 0.633755 0.443518 
0.597736 0.597736 0.534251 
0.427394 0.427394 0.796661 
0.213409 0.213409 0.95337 
0.121351 0.121351 0.985164 
0.195805 0.195805 0.960896 
0.580746 0.580746 0.570499 
0.678504 0.678504 0.281538 
0.627978 0.627978 0.459661 
0.168236 0.168236 0.971284 
0.592087 0.592087 0.546687 
0.6934 0.6934 0.195944 
0.473897 0.473897 0.742189 
0.530452 0.530452 0.661242 
0.698656 0.698656 0.154143 
0.700697 0.700697 0.134342 
0.270065 0.270065 0.924192 
0.370134 0.370134 0.852057 
0.440618 0.440618 0.78212 
0.433991 0.433991 0.789495 
0.412891 0.412891 0.811814 
0.447166 0.447166 0.774652 
0.327331 0.327331 0.886402 
0.303277 0.303277 0.903353 
0.265285 0.265285 0.926956 
0.247198 0.247198 0.936903 
0.666769 0.666769 0.332924 
0.55575 0.55575 0.618291 
0.45847 0.45847 0.761321 
0.296702 0.296702 0.907709 
0.607464 0.607464 0.511834 
0.602869 0.602869 0.522587 
0.655468 0.655468 0.375131 
0.0669923 0.0669923 0.995502 
0.546589 0.546589 0.634414 
0.0239541 0.0239541 0.999426 
0.387866 0.387866 0.836134 
0.221673 0.221673 0.94959 
0.690893 0.690893 0.212915 
0.612525 0.612525 0.499626 
0.334372 0.334372 0.881131 
0.535982 0.535982 0.652263 
0.406592 0.406592 0.818148 
0.188362 0.188362 0.963867 
0.541262 0.541262 0.643484 
0.503266 0.503266 0.702458 
0.0328147 0.0328147 0.998923 
0.662511 0.662511 0.349511 
0.702608 0.702608 0.112628 
0.39501 0.39501 0.829418 
0.015831 0.015831 0.999749 
0.706908 0.706908 0.023693 
0.686 0.686 0.242505 
0.180816 0.180816 0.966753 
0.659643 0.659643 0.360199 
0.453606 0.453606 0.767127 
0.0482547 0.0482547 0.997669 
0.00780946 0.00780946 0.999939 
0.651825 0.651825 0.387619 
0.0403789 0.0403789 0.998368 
0.616634 0.616634 0.489413 
0.376294 0.376294 0.846644 
0.400265 0.400265 0.824364 
0.484318 0.484318 0.72861 
0.675812 0.675812 0.294204 
0.648208 0.648208 0.399566 
0.688197 0.688197 0.229716 
0.382019 0.382019 0.8415 
0.479189 0.479189 0.735361 
0.644624 0.644624 0.410999 
0.345646 0.345646 0.872386 
0.552044 0.552044 0.624895 
0.672598 0.672598 0.308585 
0.637632 0.637632 0.432263 
0.641018 0.641018 0.422128 
0.706415 0.706415 0.0442164 
0.66999 0.66999 0.31973 
0.340812 0.340812 0.876182 
0.620892 0.620892 0.478525 
0.174143 0.174143 0.9692 
0.703848 0.703848 0.0958947 
0.704897 0.704897 0.0790049 
0.705772 0.705772 0.0614168 
0.0725785 0.0725785 0.994718 
