0.707107 0.707107 0 
4.32978e-17 4.32978e-17 1 
4.32978e-17 4.32978e-17 1 
0.707107 0.707107 0 
0.28671 0.28671 0.914109 
0.412524 0.412524 0.812187 
0.128432 0.128432 0.983367 
0.528609 0.528609 0.664187 
0.579508 0.579508 0.57301 
0.602255 0.602255 0.524001 
0.333481 0.333481 0.881806 
0.18739 0.18739 0.964246 
0.117848 0.117848 0.986014 
0.496554 0.496554 0.711947 
0.440316 0.440316 0.78246 
0.70529 0.70529 0.0716439 
0.680182 0.680179 0.273351 
0.706521 0.706521 0.0406911 
0.686956 0.686956 0.237032 
0.402639 0.402639 0.822049 
0.666337 0.666337 0.334647 
0.357342 0.357342 0.86291 
0.295863 0.295863 0.908257 
0.585854 0.585854 0.559956 
0.608517 0.608517 0.509327 
0.572901 0.572901 0.586147 
0.6135 0.6135 0.497228 
0.0481477 0.0481477 0.997679 
0.347912 0.347912 0.870583 
0.138371 0.138371 0.980667 
0.536109 0.536109 0.652055 
0.504937 0.504937 0.700055 
0.228694 0.228694 0.946255 
0.146777 0.146777 0.978219 
0.212224 0.212224 0.953898 
0.478795 0.478795 0.735874 
0.419605 0.419605 0.804899 
0.684137 0.684137 0.252809 
0.690949 0.690949 0.212556 
0.662275 0.662275 0.350406 
0.27643 0.27643 0.92042 
0.390201 0.390201 0.833958 
0.32433 0.32433 0.888606 
0.176747 0.176747 0.968257 
0.596377 0.596377 0.537278 
0.619405 0.619405 0.482364 
0.22095 0.22095 0.949927 
0.657978 0.657978 0.366239 
0.195813 0.195813 0.960892 
0.203941 0.203941 0.957505 
0.432223 0.432223 0.791433 
0.521886 0.521886 0.674737 
0.0388375 0.0388375 0.998491 
0.591427 0.591427 0.548114 
0.516601 0.516601 0.682823 
0.303563 0.303563 0.903161 
0.262272 0.262272 0.92867 
0.341631 0.341631 0.875544 
0.108555 0.108555 0.988146 
0.546734 0.546734 0.634163 
0.382332 0.382332 0.841216 
0.156191 0.156191 0.975299 
0.457044 0.457044 0.763034 
0.0919122 0.0919122 0.991516 
0.670909 0.670909 0.315849 
0.642422 0.642422 0.417836 
0.310772 0.310772 0.898243 
0.100876 0.100876 0.989772 
0.509803 0.509803 0.692966 
0.695303 0.695303 0.181958 
0.676448 0.676448 0.291265 
0.487099 0.487099 0.724892 
0.426896 0.426896 0.797195 
0.363998 0.363998 0.857328 
0.0839205 0.0839205 0.992932 
0.703992 0.703992 0.0937606 
0.567408 0.567408 0.596737 
0.0300751 0.0300751 0.999095 
0.647055 0.647055 0.403285 
0.270633 0.270633 0.923859 
0.562599 0.562599 0.605776 
0.317992 0.317992 0.893176 
0.541339 0.541339 0.643353 
0.552658 0.552658 0.623809 
0.397009 0.397009 0.827507 
0.653915 0.653915 0.380515 
0.701153 0.701153 0.129497 
0.557127 0.557127 0.615807 
0.370681 0.370681 0.851582 
0.462687 0.462687 0.756202 
0.249612 0.249612 0.935622 
0.623622 0.623622 0.471371 
0.468299 0.468299 0.749261 
0.163122 0.163122 0.973027 
0.0584579 0.0584579 0.996577 
0.70259 0.70259 0.112847 
0.237855 0.237855 0.941727 
0.376424 0.376424 0.846528 
0.170207 0.170207 0.970597 
0.0219671 0.0219671 0.999517 
0.638444 0.638444 0.42986 
0.63498 0.63498 0.440001 
0.473646 0.473646 0.742509 
0.692997 0.692997 0.198773 
0.699115 0.699115 0.149919 
0.697701 0.697701 0.162567 
0.255289 0.255289 0.932553 
0.00755115 0.00755115 0.999943 
0.707011 0.707011 0.0164659 
0.650485 0.650485 0.392096 
0.630896 0.630896 0.451597 
0.0150319 0.0150319 0.999774 
0.62765 0.62765 0.460555 
0.673603 0.673603 0.304167 
0.490634 0.490634 0.720109 
0.0755548 0.0755548 0.994275 
0.241803 0.241803 0.939714 
0.449915 0.449915 0.771461 
0.447491 0.447491 0.774276 
0.070628 0.070628 0.994999 
