0.707107 0.707107 0 
0.707107 0.707107 0 
4.32978e-17 4.32978e-17 1 
4.32978e-17 4.32978e-17 1 
0.121681 0.121681 0.985082 
0.110324 0.110324 0.987754 
0.438717 0.438717 0.784255 
0.634572 0.634572 0.441177 
0.175907 0.175907 0.968563 
0.39356 0.39356 0.830795 
0.685644 0.685644 0.244509 
0.099674 0.099674 0.990015 
0.0553314 0.0553314 0.996934 
0.664661 0.664661 0.341251 
0.576257 0.576257 0.57953 
0.158444 0.158444 0.974572 
0.689926 0.689926 0.219099 
0.446666 0.446666 0.775229 
0.478434 0.478434 0.736344 
0.224764 0.224764 0.948136 
0.187007 0.187007 0.964394 
0.133 0.133 0.982152 
0.278509 0.278509 0.919166 
0.147732 0.147732 0.977932 
0.627881 0.627881 0.459926 
0.570186 0.570186 0.591419 
0.269619 0.269619 0.924452 
0.697471 0.697471 0.164524 
0.63961 0.63961 0.426378 
0.55344 0.55344 0.622421 
0.166547 0.166547 0.971866 
0.429708 0.429708 0.794167 
0.401582 0.401582 0.823082 
0.0900736 0.0900736 0.991854 
0.611122 0.611122 0.50305 
0.23432 0.23432 0.943498 
0.660256 0.660256 0.357944 
0.695001 0.695001 0.184245 
0.605256 0.605256 0.517039 
0.38508 0.38508 0.838705 
0.0661701 0.0661701 0.995612 
0.531354 0.531354 0.659792 
0.497976 0.497976 0.709958 
0.379238 0.379238 0.844013 
0.216705 0.216705 0.951881 
0.706978 0.706978 0.0190668 
0.706216 0.706216 0.0501783 
0.490664 0.490664 0.720068 
0.582497 0.582497 0.566917 
0.699931 0.699931 0.142104 
0.45358 0.45358 0.767157 
0.524505 0.524505 0.670664 
0.370816 0.370816 0.851464 
0.64811 0.64811 0.399882 
0.547209 0.547209 0.633343 
0.319079 0.319079 0.8924 
0.32684 0.32684 0.886764 
0.564336 0.564336 0.602535 
0.669084 0.669084 0.323502 
0.471235 0.471235 0.74557 
0.652638 0.652638 0.384873 
0.600691 0.600691 0.52758 
0.305785 0.305785 0.90166 
0.485478 0.485478 0.727064 
0.194028 0.194028 0.961616 
0.559274 0.559274 0.611903 
0.644131 0.644131 0.412543 
0.459671 0.459671 0.759871 
0.0814329 0.0814329 0.993347 
0.701637 0.701637 0.12414 
0.418751 0.418751 0.805789 
0.692236 0.692236 0.204004 
0.297788 0.297788 0.906997 
0.262053 0.262053 0.928793 
0.352748 0.352748 0.866682 
0.513428 0.513428 0.687592 
0.656334 0.656334 0.37209 
0.682653 0.682653 0.260713 
0.519518 0.519518 0.678382 
0.536545 0.536545 0.651337 
0.542112 0.542112 0.64205 
0.34581 0.34581 0.872256 
0.59525 0.59525 0.539772 
0.202723 0.202723 0.958022 
0.619469 0.619469 0.482199 
0.0314329 0.0314329 0.999011 
0.248311 0.248311 0.936314 
0.465962 0.465962 0.752169 
0.00816698 0.00816698 0.999933 
0.703408 0.703408 0.102149 
0.312319 0.312319 0.89717 
0.241151 0.241151 0.940049 
0.255152 0.255152 0.932628 
0.624431 0.624431 0.469224 
0.0456114 0.0456114 0.997917 
0.140341 0.140341 0.980107 
0.359215 0.359215 0.861353 
0.208611 0.208611 0.955491 
0.286338 0.286338 0.914342 
0.333498 0.333498 0.881793 
0.0734191 0.0734191 0.994595 
0.615715 0.615715 0.491721 
0.339536 0.339536 0.877172 
0.503296 0.503296 0.702415 
0.508291 0.508291 0.695184 
0.0165135 0.0165135 0.999727 
0.586997 0.586997 0.557555 
0.0233386 0.0233386 0.999455 
0.36523 0.36523 0.85628 
0.424597 0.424597 0.799647 
0.679644 0.679644 0.275985 
0.411728 0.411728 0.812995 
0.0396231 0.0396231 0.998429 
0.591249 0.591249 0.548497 
0.704523 0.704523 0.0854063 
0.705492 0.705492 0.067542 
0.67206 0.67206 0.31092 
0.291708 0.291708 0.910941 
0.408016 0.408016 0.816729 
0.674657 0.674657 0.29946 
