0.707107 0.707107 0 
4.32978e-17 4.32978e-17 1 
0.707107 0.707107 2.06112e-36 
4.32978e-17 4.32978e-17 1 
0.628662 0.628662 0.457786 
0.107131 0.107131 0.988456 
0.697617 0.697617 0.163281 
0.700416 0.700416 0.137238 
0.63418 0.63418 0.442302 
0.622291 0.622291 0.474875 
0.241644 0.241644 0.939796 
0.142527 0.142527 0.979475 
0.672954 0.672954 0.307029 
0.67739 0.67739 0.286855 
0.421621 0.421621 0.802789 
0.639549 0.639549 0.426562 
0.166919 0.166919 0.971739 
0.178212 0.178212 0.96772 
0.536362 0.536362 0.651638 
0.466334 0.466334 0.751708 
0.20887 0.20887 0.955378 
0.0952596 0.0952596 0.990884 
0.70396 0.70396 0.0942408 
0.233083 0.233083 0.944111 
0.116377 0.116377 0.986363 
0.282052 0.282052 0.917002 
0.251049 0.251049 0.934852 
0.401832 0.401832 0.822838 
0.334205 0.334205 0.881257 
0.267284 0.267284 0.925807 
0.290638 0.290638 0.911625 
0.25818 0.25818 0.93096 
0.429689 0.429689 0.794188 
0.687216 0.687216 0.235518 
0.513971 0.513971 0.68678 
0.659217 0.659217 0.361755 
0.34214 0.34214 0.875146 
0.152247 0.152247 0.976546 
0.0307855 0.0307855 0.999052 
0.473238 0.473238 0.743029 
0.458957 0.458957 0.760735 
0.702454 0.702454 0.114526 
0.0792675 0.0792675 0.993697 
0.589449 0.589449 0.552358 
0.705561 0.705561 0.06609 
0.68393 0.68393 0.253928 
0.0403145 0.0403145 0.998373 
0.133164 0.133164 0.982107 
0.185318 0.185318 0.965046 
0.52006 0.52006 0.67755 
0.558641 0.558641 0.613057 
0.298003 0.298003 0.906856 
0.125648 0.125648 0.984086 
0.224465 0.224465 0.948278 
0.680856 0.680856 0.269945 
0.690255 0.690255 0.217019 
0.217452 0.217452 0.951541 
0.319867 0.319867 0.891835 
0.54313 0.54313 0.640327 
0.326674 0.326674 0.886887 
0.368972 0.368972 0.853065 
0.574365 0.574365 0.583274 
0.312235 0.312235 0.897228 
0.706892 0.706892 0.0246217 
0.274468 0.274468 0.921594 
0.644328 0.644328 0.411925 
0.553438 0.553438 0.622425 
0.694938 0.694938 0.18472 
0.349162 0.349162 0.869581 
0.663671 0.663671 0.345081 
0.617515 0.617515 0.487186 
0.305506 0.305506 0.901849 
0.394302 0.394302 0.830091 
0.594557 0.594557 0.541298 
0.414436 0.414436 0.810238 
0.583955 0.583955 0.563908 
0.608556 0.608556 0.509235 
0.375876 0.375876 0.847015 
0.43568 0.43568 0.787633 
0.4089 0.4089 0.815844 
0.0487936 0.0487936 0.997616 
0.56459 0.56459 0.60206 
0.0881365 0.0881365 0.992202 
0.362134 0.362134 0.858905 
0.382039 0.382039 0.841482 
0.603645 0.603645 0.520794 
0.612984 0.612984 0.498499 
0.355924 0.355924 0.864081 
0.489659 0.489659 0.721435 
0.547691 0.547691 0.63251 
0.199805 0.199805 0.959247 
0.194428 0.194428 0.961455 
0.453181 0.453181 0.767628 
0.579468 0.579468 0.57309 
0.479314 0.479314 0.735198 
0.530111 0.530111 0.661789 
0.568893 0.568893 0.593903 
0.159706 0.159706 0.97416 
0.507436 0.507436 0.696431 
0.59933 0.59933 0.530668 
0.655352 0.655352 0.375536 
0.441961 0.441961 0.780603 
0.64804 0.64804 0.400112 
0.388674 0.388674 0.835383 
0.692826 0.692826 0.199963 
0.00827709 0.00827709 0.999931 
0.0704395 0.0704395 0.995026 
0.65192 0.65192 0.387299 
0.706282 0.706282 0.0482902 
0.0567914 0.0567914 0.99677 
0.447326 0.447326 0.774467 
0.525892 0.525892 0.668487 
0.495735 0.495735 0.713087 
0.669176 0.669176 0.32312 
0.484494 0.484494 0.728376 
0.0217435 0.0217435 0.999527 
0.0640202 0.0640202 0.995893 
0.0159501 0.0159501 0.999746 
0.666743 0.666743 0.333029 
0.503185 0.503185 0.702573 
