4.32978e-17 4.32978e-17 1 
0.707107 0.707107 0 
4.32978e-17 4.32978e-17 1 
0.707107 0.707107 0 
0.154639 0.154639 0.975794 
0.142723 0.142723 0.979418 
0.706676 0.706676 0.0348893 
0.634795 0.634795 0.440535 
0.448319 0.448319 0.773318 
0.551573 0.551573 0.625727 
0.641088 0.641088 0.421914 
0.646285 0.646285 0.405748 
0.131916 0.131916 0.982444 
0.12144 0.12144 0.985142 
0.543289 0.543289 0.640058 
0.398588 0.398588 0.825988 
0.214482 0.214482 0.952888 
0.695595 0.695595 0.179707 
0.502696 0.502696 0.703273 
0.16628 0.16628 0.971958 
0.457438 0.457438 0.762562 
0.610968 0.610968 0.503424 
0.616783 0.616783 0.489037 
0.110853 0.110853 0.987635 
0.495527 0.495527 0.713376 
0.47575 0.47575 0.739814 
0.440147 0.440147 0.78265 
0.65207 0.65207 0.386793 
0.36366 0.36366 0.857614 
0.390012 0.390012 0.834135 
0.571796 0.571796 0.588301 
0.203273 0.203273 0.957789 
0.48274 0.48274 0.730701 
0.0646058 0.0646058 0.995817 
0.25791 0.25791 0.93111 
0.705575 0.705575 0.0657797 
0.53761 0.53761 0.649578 
0.354862 0.354862 0.864954 
0.342408 0.342408 0.874936 
0.197582 0.197582 0.960168 
0.520419 0.520419 0.676999 
0.186639 0.186639 0.964537 
0.686761 0.686761 0.238158 
0.489006 0.489006 0.722321 
0.333699 0.333699 0.88164 
0.558046 0.558046 0.614142 
0.509753 0.509753 0.693039 
0.6013 0.6013 0.52619 
0.46875 0.46875 0.748697 
0.579123 0.579123 0.573789 
0.383475 0.383475 0.840175 
0.628875 0.628875 0.4572 
0.690627 0.690627 0.214639 
0.595357 0.595357 0.539537 
0.698209 0.698209 0.158138 
0.0165666 0.0165666 0.999726 
0.675472 0.675472 0.29576 
0.222001 0.222001 0.949437 
0.605603 0.605603 0.516227 
0.700006 0.700006 0.141357 
0.250343 0.250343 0.935231 
0.679254 0.679254 0.277899 
0.243073 0.243073 0.939059 
0.406506 0.406506 0.818234 
0.0743584 0.0743584 0.994455 
0.0406421 0.0406421 0.998347 
0.266562 0.266562 0.926223 
0.69239 0.69239 0.20296 
0.702079 0.702079 0.119039 
0.10246 0.10246 0.989446 
0.376158 0.376158 0.846764 
0.659648 0.659648 0.36018 
0.0558101 0.0558101 0.99688 
0.315985 0.315985 0.894599 
0.621948 0.621948 0.475775 
0.655558 0.655558 0.374815 
0.00736745 0.00736745 0.999946 
0.527351 0.527351 0.666185 
0.422941 0.422941 0.8014 
0.665771 0.665771 0.336895 
0.173533 0.173533 0.969419 
0.66988 0.66988 0.320188 
0.308642 0.308642 0.899711 
0.515047 0.515047 0.685167 
0.370421 0.370421 0.851808 
0.278482 0.278482 0.919182 
0.462962 0.462962 0.755866 
0.531123 0.531123 0.660164 
0.0947976 0.0947976 0.990973 
0.348745 0.348745 0.869916 
0.285705 0.285705 0.914738 
0.0313076 0.0313076 0.999019 
0.229735 0.229735 0.94575 
0.235492 0.235492 0.942914 
0.0481637 0.0481637 0.997678 
0.417892 0.417892 0.80668 
0.411538 0.411538 0.813187 
0.563005 0.563005 0.605021 
0.582601 0.582601 0.566703 
0.704615 0.704615 0.0838843 
0.587945 0.587945 0.555556 
0.429944 0.429944 0.793912 
0.025129 0.025129 0.999368 
0.703404 0.703404 0.1022 
0.180933 0.180933 0.966709 
0.681951 0.681951 0.264359 
0.567322 0.567322 0.596902 
0.0874487 0.0874487 0.992323 
0.322302 0.322302 0.89008 
0.272317 0.272317 0.922869 
0.327516 0.327516 0.886265 
0.663029 0.663029 0.347543 
0.672444 0.672444 0.309252 
0.302828 0.302828 0.903654 
0.433817 0.433817 0.789687 
0.684495 0.684495 0.250866 
0.291546 0.291546 0.911044 
0.297157 0.297157 0.907412 
0.0811106 0.0811106 0.993399 
0.625634 0.625634 0.466008 
