4.32978e-17 4.32978e-17 1 
4.32978e-17 4.32978e-17 1 
0.707107 0.707107 0 
0.707107 0.707107 0 
0.653037 0.653037 0.383518 
0.608135 0.608135 0.51024 
0.210123 0.210123 0.954828 
0.563 0.563 0.605031 
0.159643 0.159643 0.974181 
0.658614 0.658614 0.363944 
0.555189 0.555189 0.619299 
0.198567 0.198567 0.959762 
0.585518 0.585518 0.560658 
0.429226 0.429226 0.794688 
0.14769 0.14769 0.977945 
0.437873 0.437873 0.785198 
0.0781668 0.0781668 0.993871 
0.0892383 0.0892383 0.992005 
0.375938 0.375938 0.84696 
0.699933 0.699933 0.142083 
0.303575 0.303575 0.903153 
0.580293 0.580293 0.57142 
0.592689 0.592689 0.545379 
0.601365 0.601365 0.526042 
0.47028 0.47028 0.746776 
0.695372 0.695372 0.181428 
0.0242447 0.0242447 0.999412 
0.389946 0.389946 0.834197 
0.702509 0.702509 0.113851 
0.241161 0.241161 0.940044 
0.477996 0.477996 0.736913 
0.444421 0.444421 0.777805 
0.31231 0.31231 0.897176 
0.346899 0.346899 0.871391 
0.614173 0.614173 0.495563 
0.319293 0.319293 0.892247 
0.451837 0.451837 0.769211 
0.64791 0.64791 0.400532 
0.281637 0.281637 0.917257 
0.249889 0.249889 0.935474 
0.218904 0.218904 0.950874 
0.257279 0.257279 0.931459 
0.273083 0.273083 0.922416 
0.176532 0.176532 0.968335 
0.704894 0.704894 0.0790459 
0.36834 0.36834 0.853611 
0.57367 0.57367 0.584642 
0.265871 0.265871 0.92662 
0.16775 0.16775 0.971452 
0.706749 0.706749 0.031828 
0.3549 0.3549 0.864923 
0.398731 0.398731 0.82585 
0.706211 0.706211 0.0503063 
0.383957 0.383957 0.839735 
0.698085 0.698085 0.15923 
0.327792 0.327792 0.886061 
0.0346183 0.0346183 0.998801 
0.684579 0.684579 0.250407 
0.422319 0.422319 0.802055 
0.0975669 0.0975669 0.990435 
0.690263 0.690263 0.216966 
0.631482 0.631482 0.449958 
0.295808 0.295808 0.908293 
0.680791 0.680791 0.270271 
0.415922 0.415922 0.808714 
0.569082 0.569082 0.593542 
0.529858 0.529858 0.662194 
0.692701 0.692701 0.200822 
0.687073 0.687073 0.23635 
0.458103 0.458103 0.761763 
0.464109 0.464109 0.754457 
0.361359 0.361359 0.859557 
0.288894 0.288894 0.912733 
0.524422 0.524422 0.670794 
0.636013 0.636013 0.437006 
0.233247 0.233247 0.944029 
0.662791 0.662791 0.348448 
0.626935 0.626935 0.4625 
0.489361 0.489361 0.72184 
0.106269 0.106269 0.988642 
0.226598 0.226598 0.947263 
0.184649 0.184649 0.965303 
0.644043 0.644043 0.412815 
0.483767 0.483767 0.729341 
0.535834 0.535834 0.652506 
0.339686 0.339686 0.877056 
0.639952 0.639952 0.425349 
0.669102 0.669102 0.323428 
0.672605 0.672605 0.308553 
0.0696505 0.0696505 0.995137 
0.549659 0.549659 0.629086 
0.140399 0.140399 0.98009 
0.61851 0.61851 0.484654 
0.495214 0.495214 0.713811 
0.409117 0.409117 0.815626 
0.132712 0.132712 0.98223 
0.622841 0.622841 0.473433 
0.0152448 0.0152448 0.999768 
0.12556 0.12556 0.984108 
0.191285 0.191285 0.962715 
0.500361 0.500361 0.706595 
0.597044 0.597044 0.535795 
0.0083106 0.0083106 0.999931 
0.665894 0.665894 0.336408 
0.333862 0.333862 0.881517 
0.544982 0.544982 0.637173 
0.0624251 0.0624251 0.996095 
0.703756 0.703756 0.0972333 
0.540387 0.540387 0.644953 
0.675617 0.675617 0.2951 
0.518727 0.518727 0.679591 
0.509413 0.509413 0.693539 
0.0554121 0.0554121 0.996925 
0.0421138 0.0421138 0.998225 
0.515061 0.515061 0.685145 
0.40386 0.40386 0.82085 
0.678153 0.678153 0.283227 
0.0485878 0.0485878 0.997636 
0.505588 0.505588 0.699115 
0.11804 0.11804 0.985968 
