4.32978e-17 4.32978e-17 1 
0.707107 0.707107 0 
0.707107 0.707107 0 
4.32978e-17 4.32978e-17 1 
0.421409 0.421409 0.803013 
0.574459 0.574459 0.58309 
0.411463 0.411463 0.813263 
0.582048 0.582048 0.567839 
0.261034 0.261034 0.929367 
0.352485 0.352485 0.866896 
0.648938 0.648938 0.397189 
0.403057 0.403057 0.821638 
0.462653 0.462653 0.756243 
0.45441 0.45441 0.766175 
0.469716 0.469716 0.747484 
0.249866 0.249866 0.935486 
0.0748046 0.0748046 0.994389 
0.705044 0.705044 0.0763217 
0.0634764 0.0634764 0.995963 
0.362451 0.362451 0.858637 
0.588745 0.588745 0.553858 
0.533991 0.533991 0.65552 
0.545294 0.545294 0.636638 
0.552264 0.552264 0.624506 
0.703241 0.703241 0.104423 
0.706612 0.706612 0.037418 
0.643715 0.643715 0.413839 
0.635071 0.635071 0.439739 
0.477522 0.477522 0.737526 
0.115592 0.115592 0.986548 
0.43006 0.43006 0.793786 
0.5 0.5 0.707107 
0.567275 0.567275 0.596991 
0.011626 0.011626 0.999865 
0.0452432 0.0452432 0.997951 
0.318369 0.318369 0.892907 
0.603521 0.603521 0.521081 
0.527032 0.527032 0.666689 
0.281754 0.281754 0.917186 
0.0551722 0.0551722 0.996951 
0.521801 0.521801 0.674869 
0.139608 0.139608 0.980316 
0.17838 0.17838 0.967658 
0.304037 0.304037 0.902842 
0.381375 0.381375 0.842084 
0.395042 0.395042 0.829388 
0.148939 0.148939 0.977565 
0.325568 0.325568 0.8877 
0.105928 0.105928 0.988716 
0.389365 0.389365 0.834739 
0.667992 0.667992 0.327985 
0.539791 0.539791 0.64595 
0.629687 0.629687 0.454961 
0.235479 0.235479 0.942921 
0.664339 0.664339 0.3425 
0.0835961 0.0835961 0.992987 
0.310148 0.310148 0.898675 
0.0194085 0.0194085 0.999623 
0.639485 0.639485 0.426753 
0.621015 0.621015 0.478206 
0.124186 0.124186 0.984457 
0.597347 0.597347 0.535119 
0.207123 0.207123 0.956138 
0.685612 0.685612 0.244686 
0.69594 0.69594 0.17702 
0.344774 0.344774 0.873076 
0.447311 0.447311 0.774484 
0.660463 0.660463 0.357181 
0.19898 0.19898 0.95959 
0.492911 0.492911 0.716992 
0.693605 0.693605 0.194481 
0.654095 0.654095 0.379895 
0.55762 0.55762 0.614914 
0.0291974 0.0291974 0.999147 
0.375454 0.375454 0.847389 
0.243009 0.243009 0.939092 
0.368309 0.368309 0.853638 
0.269612 0.269612 0.924456 
0.514881 0.514881 0.685416 
0.626032 0.626032 0.464938 
0.131925 0.131925 0.982442 
0.688633 0.688633 0.22709 
0.671721 0.671721 0.312383 
0.227755 0.227755 0.946708 
0.698242 0.698242 0.157853 
0.332866 0.332866 0.88227 
0.607976 0.607976 0.510619 
0.435659 0.435659 0.787656 
0.156138 0.156138 0.975316 
0.290669 0.290669 0.911605 
0.691005 0.691005 0.212192 
0.0363333 0.0363333 0.998679 
0.295252 0.295252 0.908654 
0.169722 0.169722 0.970767 
0.612622 0.612622 0.499389 
0.680098 0.680098 0.27374 
0.442042 0.442042 0.780511 
0.505978 0.505978 0.698551 
0.214293 0.214293 0.952973 
0.701699 0.701699 0.123438 
0.0916517 0.0916517 0.991564 
0.562797 0.562797 0.605409 
0.61677 0.61677 0.489071 
0.483293 0.483293 0.72997 
0.682747 0.682747 0.260216 
0.221086 0.221086 0.949864 
0.700033 0.700033 0.14109 
0.18619 0.18619 0.96471 
0.706092 0.706092 0.053566 
0.0986634 0.0986634 0.990218 
0.593639 0.593639 0.54331 
0.163777 0.163777 0.972807 
0.338834 0.338834 0.877715 
0.275099 0.275099 0.921217 
0.191929 0.191929 0.962459 
0.676778 0.676778 0.289731 
0.656793 0.656793 0.370466 
0.48833 0.48833 0.723234 
0.707107 0.707107 5.01447e-05 
0.510761 0.510761 0.691553 
