4.32978e-17 4.32978e-17 1 
0.707107 0.707107 0 
4.32978e-17 4.32978e-17 1 
0.707107 0.707107 0 
0.703567 0.703567 0.099935 
0.561789 0.561789 0.607279 
0.138763 0.138763 0.980556 
0.691736 0.691736 0.207372 
0.542879 0.542879 0.640753 
0.449556 0.449556 0.77188 
0.671596 0.671596 0.312916 
0.400544 0.400544 0.824093 
0.63463 0.63463 0.441011 
0.475156 0.475156 0.740577 
0.171483 0.171483 0.970148 
0.688298 0.688298 0.229112 
0.392036 0.392036 0.832235 
0.676305 0.676305 0.291929 
0.608636 0.608636 0.509043 
0.593172 0.593172 0.544329 
0.42988 0.42988 0.793981 
0.31646 0.31646 0.894263 
0.127123 0.127123 0.983707 
0.555015 0.555015 0.61961 
0.408033 0.408033 0.816712 
0.2809 0.2809 0.91771 
0.0624891 0.0624891 0.996087 
0.421959 0.421959 0.802435 
0.628402 0.628402 0.4585 
0.161934 0.161934 0.973424 
0.576888 0.576888 0.578274 
0.705242 0.705242 0.0725713 
0.54929 0.54929 0.629732 
0.499042 0.499042 0.708459 
0.36401 0.36401 0.857317 
0.535609 0.535609 0.652876 
0.706899 0.706899 0.0242254 
0.66779 0.66779 0.328807 
0.0112497 0.0112497 0.999873 
0.18074 0.18074 0.966781 
0.685071 0.685071 0.247701 
0.0287433 0.0287433 0.999173 
0.103542 0.103542 0.989221 
0.415436 0.415436 0.809213 
0.324979 0.324979 0.888131 
0.372241 0.372241 0.850219 
0.467053 0.467053 0.750815 
0.344515 0.344515 0.87328 
0.491778 0.491778 0.718546 
0.273282 0.273282 0.922298 
0.70616 0.70616 0.0517184 
0.694854 0.694854 0.185352 
0.308535 0.308535 0.899785 
0.643664 0.643664 0.413996 
0.195497 0.195497 0.961021 
0.603074 0.603074 0.522114 
0.639055 0.639055 0.428039 
0.663705 0.663705 0.34495 
0.51588 0.51588 0.683912 
0.586759 0.586759 0.558056 
0.289832 0.289832 0.912138 
0.250872 0.250872 0.934947 
0.384886 0.384886 0.838883 
0.659934 0.659934 0.35913 
0.647925 0.647925 0.400481 
0.0529225 0.0529225 0.997195 
0.112146 0.112146 0.987343 
0.441658 0.441658 0.780945 
0.521421 0.521421 0.675456 
0.45704 0.45704 0.763039 
0.655914 0.655914 0.373571 
0.598409 0.598409 0.532742 
0.26539 0.26539 0.926896 
0.0190516 0.0190516 0.999637 
0.701274 0.701274 0.128177 
0.652014 0.652014 0.386982 
0.0720193 0.0720193 0.9948 
0.204584 0.204584 0.957231 
0.258533 0.258533 0.930764 
0.094462 0.094462 0.991037 
0.614235 0.614235 0.49541 
0.582587 0.582587 0.566732 
0.509329 0.509329 0.693662 
0.0377028 0.0377028 0.998577 
0.243397 0.243397 0.938891 
0.188328 0.188328 0.96388 
0.217079 0.217079 0.951711 
0.378458 0.378458 0.844712 
0.147724 0.147724 0.977934 
0.352392 0.352392 0.866971 
0.337679 0.337679 0.878605 
0.481635 0.481635 0.732158 
0.43684 0.43684 0.786347 
0.0873148 0.0873148 0.992347 
0.225033 0.225033 0.948009 
0.120052 0.120052 0.985482 
0.0791014 0.0791014 0.993723 
0.331499 0.331499 0.883299 
0.153805 0.153805 0.976058 
0.681873 0.681873 0.264759 
0.0452947 0.0452947 0.997946 
0.504697 0.504697 0.700401 
0.301482 0.301482 0.904554 
0.568797 0.568797 0.594088 
0.679511 0.679511 0.276642 
0.357432 0.357432 0.862835 
0.486382 0.486382 0.725855 
0.236573 0.236573 0.942373 
0.527392 0.527392 0.666119 
0.210611 0.210611 0.954613 
0.462065 0.462065 0.756962 
0.296003 0.296003 0.908165 
0.696928 0.696928 0.169066 
0.617889 0.617889 0.486236 
0.571069 0.571069 0.589712 
0.231038 0.231038 0.945115 
0.698488 0.698488 0.155658 
0.62463 0.62463 0.468694 
0.621619 0.621619 0.476633 
0.530723 0.530723 0.660808 
