0.707107 0.707107 0 
0.707107 0.707107 0 
4.32978e-17 4.32978e-17 1 
4.32978e-17 4.32978e-17 1 
0.617334 0.617334 0.487644 
0.0183815 0.0183815 0.999662 
0.524189 0.524189 0.671156 
0.376292 0.376292 0.846646 
0.689521 0.689521 0.221634 
0.532432 0.532432 0.658052 
0.693004 0.693004 0.198727 
0.478045 0.478045 0.736848 
0.624074 0.624074 0.470173 
0.246384 0.246384 0.937331 
0.255566 0.255566 0.932401 
0.57414 0.57414 0.583718 
0.557091 0.557091 0.615874 
0.706734 0.706734 0.0324788 
0.385767 0.385767 0.838074 
0.237303 0.237303 0.942005 
0.538587 0.538587 0.647957 
0.610599 0.610599 0.504318 
0.666401 0.666401 0.334394 
0.704746 0.704746 0.0816387 
0.264287 0.264287 0.927526 
0.437793 0.437793 0.785286 
0.469485 0.469485 0.747775 
0.193123 0.193123 0.961981 
0.650552 0.650552 0.391873 
0.0312871 0.0312871 0.999021 
0.706006 0.706006 0.0557669 
0.550324 0.550324 0.627922 
0.670276 0.670276 0.318529 
0.343267 0.343267 0.874263 
0.406014 0.406014 0.818721 
0.517209 0.517209 0.681901 
0.45126 0.45126 0.769889 
0.429785 0.429785 0.794084 
0.397946 0.397946 0.826606 
0.169255 0.169255 0.97093 
0.444106 0.444106 0.778165 
0.703216 0.703216 0.104764 
0.545167 0.545167 0.636856 
0.580612 0.580612 0.570771 
0.701485 0.701485 0.125846 
0.0466439 0.0466439 0.997822 
0.655229 0.655229 0.375967 
0.628576 0.628576 0.458023 
0.457726 0.457726 0.762216 
0.568192 0.568192 0.595245 
0.646242 0.646242 0.405885 
0.00766006 0.00766006 0.999941 
0.0556808 0.0556808 0.996895 
0.563095 0.563095 0.604854 
0.0792879 0.0792879 0.993694 
0.674159 0.674159 0.301695 
0.217174 0.217174 0.951667 
0.641847 0.641847 0.419601 
0.321887 0.321887 0.890381 
0.685797 0.685797 0.243648 
0.633491 0.633491 0.444274 
0.202151 0.202151 0.958264 
0.160648 0.160648 0.97385 
0.368084 0.368084 0.853832 
0.177551 0.177551 0.967962 
0.5 0.5 0.707107 
0.185019 0.185019 0.965161 
0.506498 0.506498 0.697797 
0.661903 0.661903 0.351809 
0.208748 0.208748 0.955431 
0.699417 0.699417 0.147074 
0.117367 0.117367 0.986129 
0.484491 0.484491 0.72838 
0.350187 0.350187 0.868757 
0.272198 0.272198 0.922939 
0.637526 0.637526 0.432575 
0.680143 0.680143 0.273518 
0.102113 0.102113 0.989518 
0.696006 0.696006 0.1765 
0.125169 0.125169 0.984208 
0.464277 0.464277 0.754251 
0.330206 0.330206 0.884267 
0.335078 0.335078 0.880594 
0.585101 0.585101 0.561528 
0.109346 0.109346 0.987971 
0.303444 0.303444 0.90324 
0.424006 0.424006 0.800274 
0.511655 0.511655 0.690231 
0.590112 0.590112 0.550941 
0.391832 0.391832 0.832427 
0.683546 0.683546 0.255987 
0.146558 0.146558 0.978285 
0.412237 0.412237 0.812479 
0.417869 0.417869 0.806704 
0.356588 0.356588 0.863533 
0.278445 0.278445 0.919204 
0.67741 0.67741 0.28676 
0.0375325 0.0375325 0.99859 
0.0706195 0.0706195 0.995 
0.153233 0.153233 0.976237 
0.0643426 0.0643426 0.995851 
0.297715 0.297715 0.907045 
0.310971 0.310971 0.898106 
0.49465 0.49465 0.714593 
0.658952 0.658952 0.362718 
0.285396 0.285396 0.914931 
0.594391 0.594391 0.541664 
0.290912 0.290912 0.91145 
0.0880276 0.0880276 0.992221 
0.598656 0.598656 0.532187 
0.138618 0.138618 0.980597 
0.093514 0.093514 0.991217 
0.489719 0.489719 0.721353 
0.229159 0.229159 0.94603 
0.362613 0.362613 0.858501 
0.132885 0.132885 0.982183 
0.606519 0.606519 0.514072 
0.602775 0.602775 0.522803 
0.224567 0.224567 0.94823 
0.697563 0.697563 0.163745 
