0.0106141 0.893556 
0.0115809 0.889132 
0.0134085 0.879185 
0.00152447 0.961014 
0.00233452 0.952033 
0 1 
0.000155691 0.987741 
0 1 
0.0388672 0.766606 
0.0351731 0.781651 
0.0324678 0.792149 
0.0211383 0.842552 
0.0164827 0.86363 
0.0197284 0.848508 
0.065192 0.686872 
0.0573483 0.70474 
0.0604291 0.697538 
0.0492687 0.730089 
0.0477965 0.734125 
0.0443843 0.746325 
0.0793291 0.670499 
0.0785101 0.670816 
0.081791 0.669788 
0.189966 0.623744 
0.186329 0.646297 
0.182976 0.666273 
0.220583 0.397731 
0.219106 0.40816 
0.219524 0.40531 
0.214007 0.446372 
0.214289 0.444643 
0.203566 0.526575 
0.206285 0.50612 
0.198125 0.566596 
0.196367 0.579689 
0.193785 0.597902 
0.192025 0.60953 
0.192843 0.604022 
0.237682 0.292617 
0.24596 0.26223 
0.240476 0.280013 
0.234325 0.309969 
0.233202 0.315931 
0.227007 0.353711 
0.223573 0.377 
0.226282 0.358352 
0.253323 0.244887 
0.250514 0.24958 
0.256927 0.242514 
0.424814 0.0496301 
0.426114 0.0360139 
0.420693 0.0976419 
0.419511 0.111069 
0.415967 0.155682 
0.417859 0.131586 
0.416854 0.144431 
0.411954 0.207151 
0.412692 0.197898 
0.410032 0.232572 
0.409462 0.240432 
0.451806 -0.123091 
0.445096 -0.104575 
0.453271 -0.124022 
0.432836 -0.0292411 
0.4375 -0.0650162 
0.428682 0.0102841 
0.429165 0.0045718 
0.428923 0.00684042 
0.631059 -0.31698 
0.631575 -0.323314 
0.628905 -0.288741 
0.630122 -0.304796 
0.626208 -0.249921 
0.623676 -0.211922 
0.620897 -0.166881 
0.6224 -0.191533 
0.618615 -0.127294 
0.618628 -0.128212 
0.647827 -0.451153 
0.654241 -0.457236 
0.649949 -0.455869 
0.637996 -0.391732 
0.636494 -0.377797 
0.633029 -0.340704 
0.633985 -0.351447 
0.632989 -0.340263 
0.837088 -0.683907 
0.83617 -0.672699 
0.835638 -0.665935 
0.829517 -0.574357 
0.829194 -0.568789 
0.826153 -0.513837 
0.826236 -0.515065 
0.824682 -0.485332 
0.823673 -0.464723 
0.8513 -0.772056 
0.853065 -0.772679 
0.838554 -0.700555 
0.839659 -0.712006 
0.838869 -0.703831 
