0.0364136 0 
0.0364136 0 
0.0364136 0 
0.0364136 0 
0.0364136 0 
0.0364136 0 
0.0364136 0 
0.0364136 0 
0.0364136 0 
0.0364136 0 
0.0364136 0 
0.0364136 0 
0.0364136 0 
0.0364136 0 
0.0364136 0 
0.0364136 0 
0.0364136 0 
0.0364136 0 
0.0364136 0 
0.0364136 0 
0.0364136 0 
0.0364136 0 
0.0364136 0 
0.0364136 0 
0.0364136 0 
0.0364136 0 
0.0364136 0 
0.0364136 0 
0.0364136 0 
0.0364136 0 
0.0364136 0 
0.0364136 1.1532 
0.0364136 0 
0.0364136 0 
0.0364136 0 
0.0364136 0 
0.0364136 0 
0.0364136 0 
0.0364136 0 
0.0364136 0 
0.0364136 0 
0.0364136 0 
0.0364136 0 
0.0364136 0 
0.0364136 0 
0.0364136 0 
0.0364136 0 
0.0364136 0 
0.0364136 0 
0.0364136 0 
0.0364136 0 
0.0364136 0 
0.0364136 0 
0.0364136 0 
0.0364136 0 
0.0364136 0 
0.0364136 0 
0.0364136 0 
0.0364136 0 
0.0364136 0 
0.0364136 0 
0.0364136 0 
0.0364136 0 
0.0364136 0 
0.0364136 0 
0.0364136 0 
0.0364136 0 
0.0364136 0 
0.0364136 0 
0.0364136 0 
0.0364136 0 
0.0364136 0 
0.0364136 0 
0.0364136 0 
0.0364136 0 
0.0364136 0 
0.0364136 0 
0.0364136 0 
0.0364136 0 
0.0364136 0 
0.0364136 0 
0.0364136 0 
0.0364136 0 
0.0364136 0 
0.0364136 0 
0.0364136 0 
0.0364136 0 
0.0364136 0 
0.0364136 0 
0.0364136 0 
0.0364136 0 
0.0364136 0 
0.0364136 0 
0.0364136 0 
0.0364136 0 
0.0364136 0 
0.0364136 0 
0.0364136 0 
0.0364136 0 
0.0364136 0 
