0.0462431 0 
0.0462431 0 
0.0462431 0 
0.0462431 0 
0.0462431 0 
0.0462431 0 
0.0462431 0 
0.0462431 0 
0.0462431 0 
0.0462431 0 
0.0462431 0 
0.0462431 0 
0.0462431 0 
0.0462431 0 
0.0462431 0 
0.0462431 0 
0.0462431 0 
0.0462431 0 
0.0462431 0 
0.0462431 0 
0.0462431 0 
0.0462431 0 
0.0462431 0 
0.0462431 0 
0.0462431 0 
0.0462431 0 
0.0462431 0 
0.0462431 0 
0.0462431 0 
0.0462431 0 
0.0462431 0 
0.0462431 1.17026 
0.0462431 0 
0.0462431 0 
0.0462431 0 
0.0462431 0 
0.0462431 0 
0.0462431 0 
0.0462431 0 
0.0462431 0 
0.0462431 0 
0.0462431 0 
0.0462431 0 
0.0462431 0 
0.0462431 0 
0.0462431 0 
0.0462431 0 
0.0462431 0 
0.0462431 0 
0.0462431 0 
0.0462431 0 
0.0462431 0 
0.0462431 0 
0.0462431 0 
0.0462431 0 
0.0462431 0 
0.0462431 0 
0.0462431 0 
0.0462431 0 
0.0462431 0 
0.0462431 0 
0.0462431 0 
0.0462431 0 
0.0462431 0 
0.0462431 0 
0.0462431 0 
0.0462431 0 
0.0462431 0 
0.0462431 0 
0.0462431 0 
0.0462431 0 
0.0462431 0 
0.0462431 0 
0.0462431 0 
0.0462431 0 
0.0462431 0 
0.0462431 0 
0.0462431 0 
0.0462431 0 
0.0462431 0 
0.0462431 0 
0.0462431 0 
0.0462431 0 
0.0462431 0 
0.0462431 0 
0.0462431 0 
0.0462431 0 
0.0462431 0 
0.0462431 0 
0.0462431 0 
0.0462431 0 
0.0462431 0 
0.0462431 0 
0.0462431 0 
0.0462431 0 
0.0462431 0 
0.0462431 0 
0.0462431 0 
0.0462431 0 
0.0462431 0 
