0.0260625 0 
0.0260625 0 
0.0260625 0 
0.0260625 0 
0.0260625 0 
0.0260625 0 
0.0260625 0 
0.0260625 0 
0.0260625 0 
0.0260625 0 
0.0260625 0 
0.0260625 0 
0.0260625 0 
0.0260625 0 
0.0260625 0 
0.0260625 0 
0.0260625 0 
0.0260625 0 
0.0260625 0 
0.0260625 0 
0.0260625 0 
0.0260625 0 
0.0260625 0 
0.0260625 0 
0.0260625 0 
0.0260625 0 
0.0260625 0 
0.0260625 0 
0.0260625 0 
0.0260625 0 
0.0260625 0 
0.0260625 1.16218 
0.0260625 0 
0.0260625 0 
0.0260625 0 
0.0260625 0 
0.0260625 0 
0.0260625 0 
0.0260625 0 
0.0260625 0 
0.0260625 0 
0.0260625 0 
0.0260625 0 
0.0260625 0 
0.0260625 0 
0.0260625 0 
0.0260625 0 
0.0260625 0 
0.0260625 0 
0.0260625 0 
0.0260625 0 
0.0260625 0 
0.0260625 0 
0.0260625 0 
0.0260625 0 
0.0260625 0 
0.0260625 0 
0.0260625 0 
0.0260625 0 
0.0260625 0 
0.0260625 0 
0.0260625 0 
0.0260625 0 
0.0260625 0 
0.0260625 0 
0.0260625 0 
0.0260625 0 
0.0260625 0 
0.0260625 0 
0.0260625 0 
0.0260625 0 
0.0260625 0 
0.0260625 0 
0.0260625 0 
0.0260625 0 
0.0260625 0 
0.0260625 0 
0.0260625 0 
0.0260625 0 
0.0260625 0 
0.0260625 0 
0.0260625 0 
0.0260625 0 
0.0260625 0 
0.0260625 0 
0.0260625 0 
0.0260625 0 
0.0260625 0 
0.0260625 0 
0.0260625 0 
0.0260625 0 
0.0260625 0 
0.0260625 0 
0.0260625 0 
0.0260625 0 
0.0260625 0 
0.0260625 0 
0.0260625 0 
0.0260625 0 
0.0260625 0 
