0.0259058 0 
0.0259058 0 
0.0259058 0 
0.0259058 0 
0.0259058 0 
0.0259058 0 
0.0259058 0 
0.0259058 0 
0.0259058 0 
0.0259058 0 
0.0259058 0 
0.0259058 0 
0.0259058 0 
0.0259058 0 
0.0259058 0 
0.0259058 0 
0.0259058 0 
0.0259058 0 
0.0259058 0 
0.0259058 0 
0.0259058 0 
0.0259058 0 
0.0259058 0 
0.0259058 0 
0.0259058 0 
0.0259058 0 
0.0259058 0 
0.0259058 0 
0.0259058 0 
0.0259058 0 
0.0259058 0 
0.0259058 1.12574 
0.0259058 0 
0.0259058 0 
0.0259058 0 
0.0259058 0 
0.0259058 0 
0.0259058 0 
0.0259058 0 
0.0259058 0 
0.0259058 0 
0.0259058 0 
0.0259058 0 
0.0259058 0 
0.0259058 0 
0.0259058 0 
0.0259058 0 
0.0259058 0 
0.0259058 0 
0.0259058 0 
0.0259058 0 
0.0259058 0 
0.0259058 0 
0.0259058 0 
0.0259058 0 
0.0259058 0 
0.0259058 0 
0.0259058 0 
0.0259058 0 
0.0259058 0 
0.0259058 0 
0.0259058 0 
0.0259058 0 
0.0259058 0 
0.0259058 0 
0.0259058 0 
0.0259058 0 
0.0259058 0 
0.0259058 0 
0.0259058 0 
0.0259058 0 
0.0259058 0 
0.0259058 0 
0.0259058 0 
0.0259058 0 
0.0259058 0 
0.0259058 0 
0.0259058 0 
0.0259058 0 
0.0259058 0 
0.0259058 0 
0.0259058 0 
0.0259058 0 
0.0259058 0 
0.0259058 0 
0.0259058 0 
0.0259058 0 
0.0259058 0 
0.0259058 0 
0.0259058 0 
0.0259058 0 
0.0259058 0 
0.0259058 0 
0.0259058 0 
0.0259058 0 
0.0259058 0 
0.0259058 0 
0.0259058 0 
0.0259058 0 
0.0259058 0 
