0.035106 0 
0.035106 0 
0.035106 0 
0.035106 0 
0.035106 0 
0.035106 0 
0.035106 0 
0.035106 0 
0.035106 0 
0.035106 0 
0.035106 0 
0.035106 0 
0.035106 0 
0.035106 0 
0.035106 0 
0.035106 0 
0.035106 0 
0.035106 0 
0.035106 0 
0.035106 0 
0.035106 0 
0.035106 0 
0.035106 0 
0.035106 0 
0.035106 0 
0.035106 0 
0.035106 0 
0.035106 0 
0.035106 0 
0.035106 0 
0.035106 0 
0.035106 1.12285 
0.035106 0 
0.035106 0 
0.035106 0 
0.035106 0 
0.035106 0 
0.035106 0 
0.035106 0 
0.035106 0 
0.035106 0 
0.035106 0 
0.035106 0 
0.035106 0 
0.035106 0 
0.035106 0 
0.035106 0 
0.035106 0 
0.035106 0 
0.035106 0 
0.035106 0 
0.035106 0 
0.035106 0 
0.035106 0 
0.035106 0 
0.035106 0 
0.035106 0 
0.035106 0 
0.035106 0 
0.035106 0 
0.035106 0 
0.035106 0 
0.035106 0 
0.035106 0 
0.035106 0 
0.035106 0 
0.035106 0 
0.035106 0 
0.035106 0 
0.035106 0 
0.035106 0 
0.035106 0 
0.035106 0 
0.035106 0 
0.035106 0 
0.035106 0 
0.035106 0 
0.035106 0 
0.035106 0 
0.035106 0 
0.035106 0 
0.035106 0 
0.035106 0 
0.035106 0 
0.035106 0 
0.035106 0 
0.035106 0 
0.035106 0 
0.035106 0 
0.035106 0 
0.035106 0 
0.035106 0 
0.035106 0 
0.035106 0 
0.035106 0 
0.035106 0 
0.035106 0 
0.035106 0 
0.035106 0 
0.035106 0 
