0.768909 0.408779 
0.77722 0.395929 
0.656715 0.568726 
0.656715 0.568726 
0.983194 0.0333294 
0.515973 0.733772 
0.571356 0.673553 
0.987199 0.0254388 
0.44846 0.798884 
0.699624 0.510527 
0.990821 0.0182728 
0.840442 0.293657 
0.426109 0.818431 
0.567318 0.67815 
0.577452 0.666549 
0.724421 0.475214 
0.715374 0.48824 
0.715374 0.48824 
0.724421 0.475214 
0.352482 0.875756 
0.840442 0.293657 
0.889521 0.208753 
0.969851 0.0593882 
0.979731 0.0401278 
0.598841 0.64139 
0.873262 0.237414 
0.950216 0.0970896 
0.889521 0.208753 
0.633927 0.598136 
0.907598 0.176266 
0.777241 0.395897 
0.734773 0.460108 
0.868938 0.244947 
0.581996 0.661281 
0.734773 0.460108 
0.787682 0.379556 
0.768909 0.408779 
0.954912 0.0881431 
0.965656 0.0675083 
0.746231 0.443139 
0.945704 0.105645 
0.349059 0.878158 
0.902664 0.185198 
0.974368 0.0506078 
0.92877 0.137386 
0.426109 0.818431 
0.912254 0.167794 
0.746236 0.443132 
0.560687 0.68563 
0.924184 0.145885 
0.69544 0.516363 
0.856983 0.26558 
0.83413 0.304227 
0.647662 0.580534 
0.388237 0.849272 
0.960056 0.0782925 
0.388237 0.849272 
0.643672 0.585686 
0.940195 0.116033 
0.553447 0.693696 
0.863362 0.254607 
0.934457 0.126791 
0.449637 0.797826 
0.672107 0.548272 
0.918083 0.157123 
0.36247 0.868616 
0.317257 0.899348 
0.787881 0.379244 
0.680044 0.537541 
0.665977 0.556475 
0.897295 0.194862 
0.687034 0.527984 
0.589788 0.65215 
0.545705 0.702206 
0.704851 0.503184 
0.487085 0.762748 
0.495599 0.754381 
0.410741 0.831292 
0.280776 0.921165 
0.5359 0.712811 
0.506861 0.743092 
0.526144 0.723173 
0.810601 0.342927 
0.404495 0.836384 
0.438063 0.808101 
0.852148 0.273843 
0.475901 0.773519 
0.878472 0.228287 
0.829044 0.312687 
0.371118 0.862271 
0.817203 0.33218 
0.46502 0.783756 
0.336345 0.886872 
0.758063 0.425341 
0.801145 0.358166 
0.316614 0.899755 
0.632121 0.600424 
0.601436 0.638275 
0.280776 0.921165 
1 0 
