0.280781 0.921162 
1 0 
0.515696 0.734058 
0.546197 0.701669 
0.475901 0.773519 
0.535905 0.712806 
0.576635 0.667492 
0.505603 0.744365 
0.487549 0.762296 
0.681887 0.535031 
0.690466 0.523256 
0.329308 0.891556 
0.720016 0.481577 
0.665977 0.556475 
0.466229 0.78263 
0.657248 0.568025 
0.673736 0.54608 
0.698223 0.512484 
0.456691 0.791433 
0.817683 0.331394 
0.567644 0.67778 
0.349877 0.877586 
0.601926 0.637685 
0.495599 0.754381 
0.786532 0.381368 
0.810522 0.343054 
0.824725 0.319828 
0.447299 0.799924 
0.340127 0.884314 
0.413997 0.828606 
0.72751 0.47073 
0.586657 0.655833 
0.37763 0.857396 
0.766896 0.411871 
0.636488 0.594883 
0.299801 0.91012 
0.760238 0.422038 
0.753083 0.432867 
0.609476 0.628539 
0.71161 0.493611 
0.360971 0.8697 
0.388237 0.849272 
0.592877 0.648497 
0.402905 0.837667 
0.628315 0.60522 
0.831621 0.308407 
0.84942 0.278486 
0.855752 0.267688 
0.317798 0.899005 
0.438063 0.808101 
0.706019 0.501537 
0.734618 0.460336 
0.934457 0.126791 
0.843205 0.289005 
0.774178 0.400649 
0.289269 0.916323 
0.779464 0.392435 
0.649768 0.577802 
0.803611 0.354209 
0.929061 0.136846 
0.421927 0.821978 
0.746385 0.44291 
0.940386 0.115674 
0.923321 0.147479 
0.430363 0.814787 
0.837439 0.298697 
0.97111 0.056945 
0.310047 0.903871 
0.643672 0.585686 
0.793834 0.369828 
0.912511 0.167324 
0.917974 0.157324 
0.36876 0.864016 
0.994378 0.0112128 
0.861847 0.257219 
0.950677 0.0962142 
0.965674 0.0674733 
0.887104 0.213047 
0.945437 0.10615 
0.740555 0.451578 
0.955843 0.0863642 
0.897397 0.194679 
0.556265 0.690569 
0.976279 0.046879 
0.892265 0.203863 
0.960834 0.0767987 
0.881504 0.22295 
0.61713 0.619151 
0.866878 0.248523 
0.871999 0.239617 
0.907056 0.177249 
0.395993 0.84319 
0.902664 0.185197 
0.980889 0.0378576 
0.98974 0.0204148 
0.876966 0.230931 
0.985421 0.0289452 
0.621712 0.613474 
0.798408 0.362545 
0.559522 0.686935 
