0.884566 0.217543 
0.327288 0.892882 
0.839679 0.294939 
0.790797 0.374641 
0.760238 0.422038 
0.356684 0.872777 
0.824506 0.320189 
0.917207 0.158732 
0.86514 0.251533 
0.775994 0.397833 
0.976873 0.0457195 
0.564383 0.681472 
0.980139 0.0393272 
0.990968 0.0179822 
0.76534 0.414255 
0.356691 0.872772 
0.371109 0.862278 
0.327288 0.892883 
0.311981 0.902668 
0.770416 0.406459 
0.836788 0.299787 
0.894796 0.19934 
0.756053 0.428384 
0.788716 0.377928 
0.892725 0.203041 
0.340179 0.884278 
0.95702 0.0841124 
0.966983 0.0649445 
0.906887 0.177557 
0.971603 0.0559882 
0.921495 0.150848 
0.96176 0.0750168 
0.912938 0.166545 
0.658672 0.566152 
0.696209 0.515293 
0.515855 0.733893 
0.636471 0.594905 
0.34334 0.882117 
0.419647 0.823896 
0.735783 0.458624 
0.730576 0.466259 
0.618559 0.617385 
0.515855 0.733893 
0.870642 0.241982 
0.618603 0.61733 
0.564363 0.681495 
0.945538 0.105958 
0.702662 0.506266 
0.371116 0.862273 
0.941046 0.114433 
0.985623 0.0285474 
0.861727 0.257427 
0.820299 0.327109 
0.653581 0.572831 
0.500237 0.749763 
0.505932 0.744033 
0.829363 0.312157 
0.779911 0.391739 
0.544097 0.703959 
0.951933 0.0938237 
0.69059 0.523085 
0.709114 0.497158 
0.902664 0.185197 
0.742499 0.448695 
0.749273 0.438589 
0.72358 0.476432 
0.716284 0.486937 
0.426807 0.817836 
0.280934 0.921076 
0.845285 0.285494 
0.447299 0.799924 
0.665977 0.556474 
0.927417 0.139897 
0.480476 0.769143 
0.805491 0.351185 
0.87646 0.231817 
0.797705 0.363666 
0.934477 0.126752 
0.812259 0.340236 
0.674199 0.545456 
0.68242 0.534304 
0.64483 0.584195 
0.438062 0.808102 
0.490197 0.759707 
0.41131 0.830824 
0.632121 0.600424 
0.597578 0.642901 
0.398205 0.841433 
0.54999 0.697511 
0.853247 0.271969 
0.60508 0.633878 
0.471748 0.777454 
0.586545 0.655965 
0.456691 0.791433 
0.575967 0.668262 
0.388237 0.849272 
0.31198 0.902668 
0.534635 0.714166 
1 0 
0.280781 0.921162 
