0.388237 0.849272 
0.546873 0.70093 
0.556708 0.690077 
0.566265 0.679344 
0.505603 0.744365 
0.495599 0.754381 
0.416924 0.826174 
0.816883 0.332703 
0.607866 0.630499 
0.716436 0.486719 
0.575813 0.668439 
0.809551 0.344627 
0.427118 0.81757 
0.485814 0.763985 
0.733288 0.462288 
0.681573 0.535459 
0.353879 0.87477 
0.598819 0.641415 
0.406295 0.834925 
0.922469 0.149051 
0.453518 0.794322 
0.673776 0.546026 
0.583248 0.659821 
0.689055 0.525203 
0.62218 0.612892 
0.436031 0.809877 
0.696209 0.515293 
0.837072 0.299311 
0.591731 0.649854 
0.973315 0.0526582 
0.990081 0.0197397 
0.896261 0.196717 
0.829404 0.312089 
0.445104 0.801882 
0.515537 0.734221 
0.909122 0.173497 
0.301032 0.909379 
0.291375 0.915101 
0.645243 0.583662 
0.536098 0.712599 
0.397887 0.841686 
0.66647 0.555818 
0.659484 0.565081 
0.652202 0.574633 
0.824138 0.320796 
0.477543 0.771952 
0.890247 0.207459 
0.802822 0.355477 
0.311424 0.903015 
0.703482 0.505113 
0.61583 0.620754 
0.522043 0.727471 
0.758318 0.424953 
0.979521 0.0405381 
0.787328 0.380115 
0.46327 0.785381 
0.868175 0.246271 
0.709589 0.496484 
0.745858 0.443695 
0.752219 0.434166 
0.739619 0.452964 
0.363774 0.867668 
0.984286 0.0311813 
0.967671 0.0636121 
0.765 0.414775 
0.884318 0.217981 
0.343512 0.881999 
0.637602 0.593464 
0.873854 0.236379 
0.530973 0.718067 
0.320138 0.897511 
0.862257 0.256513 
0.328499 0.892088 
0.781464 0.389314 
0.92763 0.139503 
0.879155 0.227087 
0.469448 0.779618 
0.776007 0.397813 
0.996004 0.00797626 
0.770375 0.406522 
0.932647 0.13017 
0.842449 0.290279 
0.852318 0.273554 
0.857335 0.264977 
0.847348 0.282001 
0.33692 0.886485 
0.937406 0.12127 
0.793874 0.369763 
0.945627 0.10579 
0.941868 0.112884 
0.631178 0.601614 
0.902665 0.185196 
0.954947 0.0880761 
0.95026 0.0970064 
0.91489 0.162977 
0.371118 0.862271 
1 0 
0.280781 0.921162 
0.724807 0.474655 
0.962757 0.0730997 
