1 0 
0.289269 0.916323 
0.515696 0.734058 
0.632121 0.600424 
0.810562 0.34299 
0.770891 0.405726 
0.514904 0.734874 
0.454919 0.793049 
0.436777 0.809226 
0.475292 0.774097 
0.475292 0.774097 
0.736192 0.458022 
0.83577 0.301488 
0.686598 0.528583 
0.754869 0.430173 
0.332799 0.889245 
0.667907 0.553901 
0.717374 0.485374 
0.402774 0.837773 
0.358449 0.871514 
0.892986 0.202576 
0.824626 0.319992 
0.881894 0.222262 
0.903813 0.183122 
0.868629 0.245484 
0.438063 0.808101 
0.732139 0.463972 
0.856322 0.266713 
0.868629 0.245484 
0.656644 0.568818 
0.383317 0.853068 
0.402774 0.837773 
0.358449 0.871514 
0.653759 0.572599 
0.844234 0.287269 
0.949439 0.0985657 
0.388237 0.849272 
0.398216 0.841424 
0.722389 0.478154 
0.760548 0.421567 
0.667905 0.553903 
0.770886 0.405734 
0.703602 0.504945 
0.940505 0.11545 
0.703602 0.504945 
0.934457 0.126791 
0.326408 0.893458 
0.371118 0.862271 
0.643807 0.585513 
0.688126 0.526483 
0.370652 0.862617 
0.888901 0.209855 
0.991547 0.0168344 
0.919174 0.155119 
0.923931 0.146352 
0.971074 0.0570151 
0.851528 0.274899 
0.696209 0.515293 
0.882048 0.221991 
0.91489 0.162976 
0.812003 0.34065 
0.817585 0.331555 
0.967594 0.0637625 
0.696209 0.515293 
0.961761 0.0750162 
0.940417 0.115616 
0.981683 0.0362984 
0.964892 0.0689841 
0.638521 0.592291 
0.984763 0.0302411 
0.906081 0.179016 
0.978966 0.0416253 
0.928989 0.13698 
0.931886 0.131589 
0.974362 0.0506181 
0.821629 0.324925 
0.909704 0.172438 
0.636569 0.59478 
0.926391 0.141799 
0.987375 0.0250902 
0.953141 0.0915214 
0.7552 0.429673 
0.760343 0.421878 
0.976266 0.0469053 
0.849085 0.279055 
0.846677 0.283139 
0.856303 0.266745 
0.955056 0.0878683 
0.721189 0.479886 
0.989559 0.0207737 
0.643807 0.585513 
0.958886 0.080537 
0.916541 0.159953 
0.89027 0.207419 
0.33207 0.889729 
0.957586 0.0830296 
0.818962 0.329301 
0.950213 0.0970954 
0.632306 0.600189 
0.909704 0.172438 
