0.280776 0.921165 
1 0 
0.567722 0.677692 
0.608412 0.629835 
0.546385 0.701464 
0.536098 0.712599 
0.525864 0.723467 
0.617887 0.618216 
0.515696 0.734058 
0.505603 0.744365 
0.438063 0.808101 
0.495599 0.754381 
0.719099 0.482897 
0.485695 0.764101 
0.292167 0.914639 
0.449633 0.79783 
0.799172 0.361324 
0.598232 0.642119 
0.475901 0.773519 
0.710219 0.495589 
0.768045 0.410106 
0.332802 0.889243 
0.760979 0.420911 
0.467148 0.781772 
0.734245 0.460884 
0.428317 0.816545 
0.34334 0.882117 
0.304254 0.907429 
0.578165 0.665726 
0.457736 0.790477 
0.805775 0.350727 
0.322367 0.89608 
0.35296 0.875419 
0.791012 0.3743 
0.741328 0.450432 
0.388237 0.849272 
0.627285 0.606513 
0.856919 0.265689 
0.833529 0.30523 
0.650862 0.576379 
0.657975 0.567069 
0.405797 0.835329 
0.753685 0.431959 
0.396811 0.842541 
0.697176 0.513946 
0.378519 0.856723 
0.690338 0.523434 
0.897952 0.193682 
0.362507 0.868588 
0.591335 0.650323 
0.68381 0.532403 
0.703814 0.504645 
0.839674 0.294948 
0.945616 0.105811 
0.85064 0.276412 
0.904408 0.182046 
0.934413 0.126872 
0.313 0.902031 
0.664995 0.557782 
0.747918 0.440618 
0.775588 0.398463 
0.812379 0.34004 
0.862933 0.255346 
0.64374 0.585599 
0.868156 0.246305 
0.827188 0.315759 
0.8453 0.285468 
0.370652 0.862617 
0.583846 0.659123 
0.929029 0.136904 
0.914376 0.163917 
0.785962 0.382264 
0.988749 0.0223753 
0.909172 0.173406 
0.972062 0.0550958 
0.919407 0.154691 
0.977198 0.0450832 
0.924189 0.145875 
0.419483 0.824034 
0.892857 0.202807 
0.780166 0.391341 
0.967652 0.0636495 
0.888326 0.210877 
0.817461 0.331758 
0.88337 0.219657 
0.414263 0.828386 
0.822323 0.323785 
0.671209 0.549478 
0.878845 0.227632 
0.677075 0.54157 
0.874061 0.236018 
0.992627 0.0146908 
0.637758 0.593264 
0.963024 0.0725845 
0.726783 0.471786 
0.950976 0.0956448 
0.98314 0.0334363 
0.556714 0.69007 
0.95602 0.0860254 
0.940007 0.116387 
