1 0 
0.280775 0.921165 
0.477237 0.772244 
0.634066 0.59796 
0.643186 0.586312 
0.363897 0.867579 
0.68808 0.526546 
0.69605 0.515515 
0.543811 0.70427 
0.863981 0.253537 
0.844501 0.286817 
0.314235 0.901256 
0.651532 0.575506 
0.46599 0.782854 
0.505659 0.744309 
0.703763 0.504718 
0.618357 0.617635 
0.487221 0.762616 
0.495873 0.75411 
0.533213 0.715683 
0.837478 0.29863 
0.422427 0.821555 
0.856919 0.265689 
0.324423 0.89475 
0.394507 0.844364 
0.30202 0.908784 
0.374885 0.859461 
0.680039 0.537547 
0.711179 0.494225 
0.751661 0.435006 
0.870308 0.242563 
0.625323 0.608971 
0.800798 0.358723 
0.559288 0.687197 
0.59962 0.640456 
0.448921 0.79847 
0.384316 0.852301 
0.737947 0.455434 
0.744646 0.445502 
0.292385 0.914511 
0.758658 0.424437 
0.782556 0.387606 
0.851003 0.275794 
0.9852 0.0293814 
0.978957 0.0416429 
0.659215 0.565436 
0.831241 0.309039 
0.352724 0.875585 
0.730812 0.465914 
0.95284 0.0920959 
0.807418 0.348076 
0.947242 0.102732 
0.335762 0.887264 
0.941725 0.113153 
0.813356 0.338452 
0.936131 0.123659 
0.439657 0.806702 
0.876561 0.231641 
0.411611 0.830576 
0.673026 0.547037 
0.958363 0.0815405 
0.968911 0.0612109 
0.568027 0.677345 
0.458148 0.7901 
0.718355 0.483966 
0.908751 0.174172 
0.919764 0.154035 
0.930604 0.133976 
0.551338 0.696027 
0.666185 0.556197 
0.914191 0.164254 
0.963553 0.0715651 
0.925218 0.143972 
0.431365 0.813924 
0.794114 0.369382 
0.775506 0.39859 
0.881884 0.222281 
0.81979 0.327945 
0.903059 0.184484 
0.994969 0.0100371 
0.824989 0.319393 
0.887729 0.211937 
0.974172 0.0509891 
0.404462 0.836411 
0.724384 0.475267 
0.990015 0.01987 
0.587497 0.654848 
0.788712 0.377933 
0.765177 0.414504 
0.897957 0.193672 
0.892727 0.203038 
0.51425 0.735547 
0.344176 0.881543 
0.578835 0.66495 
0.526126 0.723191 
0.770285 0.406661 
0.592877 0.648497 
0.520122 0.729473 
0.574595 0.66984 
0.608884 0.62926 
