0.992956 0.0140383 
0.825308 0.318867 
0.825308 0.318867 
0.945437 0.10615 
0.72016 0.48137 
0.942676 0.111362 
0.597146 0.643417 
0.7814 0.389415 
0.717117 0.485744 
0.456691 0.791433 
0.797005 0.364784 
0.7814 0.389415 
0.917433 0.158317 
0.836547 0.300189 
0.49387 0.756093 
0.968924 0.0611856 
0.606989 0.631564 
0.606989 0.631564 
0.814692 0.336276 
0.954798 0.0883598 
0.921759 0.15036 
0.913295 0.165893 
0.34063 0.883971 
0.797686 0.363696 
0.959345 0.0796569 
0.950213 0.0970954 
0.972528 0.0541901 
0.964084 0.0705411 
0.619254 0.616524 
0.320051 0.897567 
0.817243 0.332114 
0.859001 0.262117 
0.978181 0.0431628 
0.859001 0.262117 
0.682695 0.533927 
0.619257 0.616521 
0.926815 0.141013 
0.869953 0.243181 
0.937478 0.121136 
0.832589 0.306796 
0.677365 0.541176 
0.459236 0.789103 
0.932203 0.130998 
0.49387 0.756093 
0.907979 0.175574 
0.710622 0.495016 
0.989377 0.0211337 
0.396292 0.842952 
0.638253 0.592633 
0.662769 0.560737 
0.704535 0.503631 
0.876264 0.232162 
0.841575 0.291752 
0.726022 0.472891 
0.9824 0.0348901 
0.405226 0.835792 
0.895405 0.19825 
0.57647 0.667682 
0.733456 0.462043 
0.413694 0.828857 
0.57647 0.667682 
0.670096 0.550971 
0.902361 0.185745 
0.689535 0.524542 
0.329915 0.891156 
0.697413 0.513615 
0.766375 0.41267 
0.890389 0.207207 
0.345025 0.880958 
0.280781 0.921162 
0.770383 0.40651 
0.881899 0.222255 
0.556769 0.690008 
0.656557 0.568932 
0.471796 0.777408 
0.548126 0.699557 
0.788549 0.37819 
0.739608 0.45298 
0.749729 0.437906 
0.447299 0.799924 
0.422952 0.821111 
0.756034 0.428412 
0.645916 0.582793 
0.566294 0.679311 
0.632121 0.600424 
0.807291 0.348282 
0.538019 0.710535 
0.478932 0.770624 
0.515696 0.734058 
0.505603 0.744365 
0.596828 0.643796 
0.388237 0.849272 
0.8488 0.279539 
0.361852 0.869063 
0.527143 0.722121 
0.435423 0.810407 
0.371118 0.862271 
0.313824 0.901515 
0.280781 0.921162 
1 0 
