0.789154 0.377236 
0.702643 0.506292 
0.500544 0.749456 
0.422794 0.821245 
0.725175 0.474121 
0.547223 0.700547 
0.720886 0.480323 
0.607636 0.630778 
0.54588 0.702015 
0.316609 0.899759 
0.789154 0.377236 
0.991807 0.0163184 
0.716134 0.487152 
0.729682 0.467564 
0.68871 0.525678 
0.973421 0.0524518 
0.907513 0.17642 
0.959757 0.0788662 
0.835028 0.302728 
0.911797 0.168626 
0.735086 0.459648 
0.982537 0.0346206 
0.835028 0.302728 
0.928984 0.136988 
0.402246 0.838198 
0.955272 0.0874546 
0.977673 0.0441546 
0.824727 0.319825 
0.969132 0.0607828 
0.824727 0.319825 
0.964148 0.0704185 
0.986547 0.0267242 
0.932406 0.130619 
0.432406 0.813025 
0.684627 0.531286 
0.576351 0.667819 
0.811169 0.342005 
0.506709 0.743246 
0.402246 0.838198 
0.950547 0.0964604 
0.767378 0.411131 
0.324957 0.894403 
0.761901 0.419507 
0.641301 0.588733 
0.857124 0.265339 
0.740081 0.45228 
0.655233 0.570669 
0.902664 0.185199 
0.916723 0.159619 
0.437135 0.808913 
0.648085 0.579986 
0.7738 0.401233 
0.710968 0.494525 
0.66166 0.562206 
0.694972 0.517014 
0.944742 0.107462 
0.589152 0.6529 
0.923184 0.14773 
0.851218 0.275427 
0.938723 0.118798 
0.607636 0.630779 
0.814726 0.336222 
0.755172 0.429715 
0.283697 0.919516 
0.677036 0.541622 
0.669506 0.551762 
0.448902 0.798487 
0.358821 0.871247 
0.617584 0.61859 
0.796484 0.365614 
0.392039 0.846305 
0.862814 0.255552 
0.514771 0.735011 
0.747672 0.440986 
0.803605 0.354218 
0.475136 0.774246 
0.624152 0.610434 
0.877807 0.229455 
0.421711 0.822159 
0.780131 0.391396 
0.634589 0.597297 
0.870967 0.241417 
0.334134 0.888354 
0.591696 0.649895 
0.368738 0.864032 
0.38209 0.854007 
0.844201 0.287325 
0.348264 0.878712 
0.576351 0.667819 
0.475136 0.774246 
0.536564 0.712099 
0.524809 0.724576 
0.896056 0.197083 
0.88517 0.216474 
0.496859 0.753132 
0.455948 0.792112 
0.311805 0.902777 
0.556133 0.690716 
1 0 
0.280775 0.921165 
