0.280775 0.921165 
1 0 
0.5359 0.712811 
0.515696 0.734058 
0.622851 0.612056 
0.613486 0.623635 
0.356474 0.872926 
0.344541 0.881292 
0.367407 0.865012 
0.632121 0.600424 
0.566297 0.679308 
0.466229 0.78263 
0.378389 0.856822 
0.292382 0.914513 
0.822277 0.32386 
0.794527 0.368727 
0.787079 0.380507 
0.456691 0.791433 
0.576471 0.667682 
0.388237 0.849272 
0.815276 0.335325 
0.333984 0.888455 
0.604463 0.634625 
0.4759 0.773519 
0.447299 0.799924 
0.484464 0.765295 
0.438063 0.808101 
0.323525 0.895332 
0.779964 0.391656 
0.808179 0.346846 
0.303261 0.908033 
0.801631 0.357388 
0.745654 0.444 
0.752595 0.433601 
0.313332 0.901823 
0.39845 0.841238 
0.738503 0.454614 
0.701184 0.508341 
0.493761 0.7562 
0.759576 0.423044 
0.773143 0.40225 
0.859564 0.261151 
0.766353 0.412703 
0.829606 0.311753 
0.583312 0.659747 
0.708281 0.498337 
0.96461 0.0695272 
0.653793 0.572555 
0.639804 0.59065 
0.9449 0.107163 
0.673931 0.545816 
0.853245 0.271973 
0.558683 0.687873 
0.971184 0.0568012 
0.680846 0.536448 
0.50149 0.748508 
0.551062 0.696331 
0.865971 0.250095 
0.64658 0.581934 
0.693892 0.518514 
0.543484 0.704625 
0.84155 0.291794 
0.428749 0.816174 
0.835194 0.302451 
0.847289 0.282101 
0.687725 0.527034 
0.908203 0.175167 
0.591858 0.649704 
0.871557 0.240388 
0.660947 0.563149 
0.666868 0.555286 
0.99362 0.012719 
0.406856 0.834468 
0.731654 0.464683 
0.90267 0.185187 
0.9386 0.119031 
0.913783 0.165001 
0.509697 0.740209 
0.918764 0.155872 
0.887083 0.213083 
0.924218 0.145822 
0.929071 0.136827 
0.877227 0.230472 
0.726339 0.472431 
0.950213 0.0970954 
0.892758 0.202983 
0.975948 0.0475258 
0.715117 0.488608 
0.597146 0.643417 
0.414501 0.828189 
0.95956 0.0792447 
0.980973 0.0376929 
0.719936 0.481693 
0.897445 0.194593 
0.421572 0.822277 
0.882128 0.221851 
0.934456 0.126792 
0.954916 0.0881363 
0.985486 0.0288166 
0.98962 0.0206518 
