0.457589 0.790612 
0.561897 0.684272 
0.408454 0.833166 
0.608609 0.629596 
0.342543 0.882664 
0.595015 0.645957 
0.386615 0.850529 
0.661206 0.562807 
0.476198 0.773236 
0.354712 0.874179 
0.545803 0.702099 
0.395318 0.843724 
0.486335 0.763478 
0.330406 0.890832 
0.420105 0.823512 
0.372396 0.861321 
0.568714 0.676565 
0.465629 0.78319 
0.737576 0.455982 
0.752285 0.434068 
0.744521 0.445688 
0.320138 0.897511 
0.813238 0.338645 
0.651771 0.575194 
0.532626 0.716309 
0.771627 0.404591 
0.495789 0.754193 
0.428995 0.815964 
0.632121 0.600424 
0.820244 0.3272 
0.309426 0.904255 
0.790121 0.375709 
0.687613 0.527188 
0.694964 0.517025 
0.72963 0.467641 
0.510639 0.739248 
0.891825 0.204649 
0.932515 0.130415 
0.365727 0.866244 
0.669627 0.551599 
0.639164 0.591469 
0.519113 0.730522 
0.759195 0.423623 
0.712918 0.491748 
0.76487 0.414973 
0.875126 0.234154 
0.926593 0.141426 
0.974724 0.0499122 
0.869239 0.244424 
0.680932 0.536332 
0.503377 0.746611 
0.85854 0.26291 
0.885853 0.215265 
0.826252 0.317308 
0.8525 0.273243 
0.598313 0.642021 
0.778689 0.393643 
0.897668 0.194192 
0.796484 0.365614 
0.300477 0.909714 
0.806386 0.349742 
0.938103 0.119962 
0.959463 0.0794312 
0.969553 0.0599675 
0.837363 0.298823 
0.831782 0.308138 
0.880712 0.224346 
0.783424 0.386247 
0.645904 0.582808 
0.964485 0.0697691 
0.863833 0.253792 
0.525849 0.723483 
0.291725 0.914896 
0.542643 0.705538 
0.719099 0.482897 
0.980146 0.0393143 
0.706179 0.501311 
0.911887 0.168461 
0.701529 0.507856 
0.674714 0.544761 
0.92154 0.150763 
0.61896 0.616889 
0.842876 0.28956 
0.954155 0.0895891 
0.724318 0.475363 
0.847213 0.282231 
0.801736 0.357219 
0.984213 0.0313246 
0.907019 0.177316 
0.624124 0.610469 
0.916811 0.159457 
0.988795 0.0222844 
0.993285 0.013385 
0.579078 0.664669 
0.948607 0.100145 
0.943034 0.110686 
0.281028 0.921023 
1 0 
0.438063 0.808101 
0.902698 0.185137 
