0.559307 0.687176 
0.643672 0.585686 
0.800387 0.35938 
0.779199 0.392849 
0.710304 0.495468 
0.600016 0.639981 
0.327102 0.893004 
0.963478 0.0717109 
0.35629 0.873057 
0.644042 0.58521 
0.799615 0.360616 
0.959027 0.0802678 
0.813053 0.338946 
0.549534 0.698012 
0.955027 0.0879243 
0.549534 0.698012 
0.315384 0.900533 
0.897547 0.194409 
0.907294 0.176818 
0.431273 0.814004 
0.778546 0.393866 
0.362871 0.868325 
0.424491 0.819808 
0.758061 0.425344 
0.950266 0.0969938 
0.902664 0.185197 
0.760696 0.421341 
0.911964 0.168321 
0.945576 0.105886 
0.978368 0.0427959 
0.983819 0.0320997 
0.600016 0.639981 
0.586983 0.655451 
0.929369 0.136273 
0.634736 0.59711 
0.573245 0.67139 
0.667689 0.554192 
0.586983 0.655451 
0.559327 0.687154 
0.787088 0.380493 
0.573245 0.67139 
0.967344 0.0642449 
0.893323 0.201974 
0.515696 0.734058 
0.817203 0.33218 
0.438063 0.808101 
0.934457 0.126791 
0.744648 0.4455 
0.705731 0.501944 
0.940359 0.115726 
0.661694 0.562161 
0.974 0.0513238 
0.791015 0.374295 
0.515696 0.734058 
0.674446 0.545122 
0.807886 0.347321 
0.749967 0.437549 
0.924184 0.145885 
0.395038 0.843945 
0.917207 0.158732 
0.630744 0.602162 
0.681576 0.535454 
0.5359 0.712811 
0.872247 0.239185 
0.737439 0.456184 
0.281564 0.920722 
0.478105 0.771415 
0.505603 0.744365 
0.988258 0.0233467 
0.5359 0.712811 
0.417215 0.825932 
0.886429 0.214243 
0.447299 0.799924 
0.688954 0.525343 
0.879758 0.226026 
0.857694 0.264361 
0.457179 0.790987 
0.328852 0.891857 
0.866824 0.248616 
0.485127 0.764652 
0.697246 0.513848 
0.832748 0.306531 
0.824813 0.319683 
0.654062 0.572203 
0.46711 0.781809 
0.405066 0.835922 
0.497973 0.752023 
0.371118 0.862271 
0.38671 0.850455 
0.610369 0.627449 
0.768846 0.408876 
0.619654 0.616029 
0.852435 0.273354 
0.349473 0.877869 
0.714965 0.488825 
0.84016 0.294131 
0.730134 0.466905 
0.312155 0.902559 
0.280781 0.921162 
1 0 
