0.917207 0.158732 
0.917209 0.158728 
0.910196 0.171543 
0.981892 0.0358886 
0.978613 0.0423171 
0.710242 0.495556 
0.484212 0.765539 
0.551734 0.695589 
0.602548 0.636936 
0.486927 0.762902 
0.388252 0.84926 
0.856058 0.267165 
0.957273 0.083628 
0.970324 0.0584709 
0.974345 0.0506518 
0.843092 0.289195 
0.990525 0.0188593 
0.583472 0.65956 
0.841821 0.291337 
0.80076 0.358783 
0.754849 0.430203 
0.986099 0.0276091 
0.961456 0.0756032 
0.632121 0.600424 
0.876901 0.231045 
0.966043 0.0667604 
0.830145 0.310859 
0.953117 0.0915673 
0.697201 0.51391 
0.697201 0.51391 
0.680173 0.537365 
0.636465 0.594912 
0.30492 0.907024 
0.362735 0.868424 
0.769724 0.407524 
0.859806 0.260734 
0.769724 0.407524 
0.94819 0.100935 
0.280776 0.921165 
0.495599 0.754381 
0.667286 0.55473 
0.874927 0.234504 
0.336423 0.88682 
0.469222 0.779831 
0.475901 0.773519 
0.673198 0.546805 
0.833633 0.305055 
0.512967 0.736865 
0.943457 0.109889 
0.388237 0.849272 
0.70609 0.501437 
0.884267 0.218072 
0.661058 0.563003 
0.603823 0.635398 
0.541631 0.706636 
0.326411 0.893456 
0.823822 0.321317 
0.625385 0.608894 
0.30492 0.907024 
0.429555 0.815482 
0.850923 0.275931 
0.356397 0.872981 
0.817243 0.332114 
0.800759 0.358785 
0.34318 0.882228 
0.438063 0.808101 
0.50059 0.74941 
0.888519 0.210533 
0.902664 0.185198 
0.736036 0.458251 
0.409753 0.832103 
0.924218 0.145822 
0.930206 0.134716 
0.316955 0.89954 
0.759152 0.423689 
0.937198 0.12166 
0.420105 0.823512 
0.897283 0.194883 
0.643672 0.585686 
0.400812 0.83935 
0.653581 0.572831 
0.684289 0.531748 
0.866197 0.249703 
0.460832 0.787634 
0.593526 0.647727 
0.810434 0.343197 
0.780724 0.39047 
0.447827 0.799451 
0.371118 0.862271 
0.749092 0.438861 
0.515696 0.734058 
0.617176 0.619094 
0.734618 0.460336 
0.787027 0.380588 
0.53595 0.712757 
0.715193 0.488499 
0.552052 0.695239 
0.582199 0.661044 
1 0 
0.280776 0.921165 
