1 0 
0.280775 0.921165 
0.488094 0.761764 
0.592714 0.64869 
0.572262 0.672516 
0.608607 0.629597 
0.577455 0.666546 
0.536098 0.712599 
0.342965 0.882375 
0.35669 0.872772 
0.525864 0.723467 
0.546385 0.701464 
0.456691 0.791433 
0.661245 0.562755 
0.499975 0.750025 
0.446564 0.80058 
0.332417 0.889499 
0.688644 0.525769 
0.366968 0.865335 
0.436062 0.80985 
0.747182 0.441719 
0.801042 0.358331 
0.809074 0.345399 
0.467137 0.781783 
0.66989 0.551248 
0.377616 0.857406 
0.30199 0.908802 
0.706037 0.501512 
0.726385 0.472365 
0.794527 0.368727 
0.291748 0.914883 
0.652553 0.574175 
0.882354 0.221452 
0.61896 0.616889 
0.815271 0.335333 
0.632121 0.600424 
0.719099 0.482897 
0.840327 0.29385 
0.739717 0.452819 
0.822318 0.323793 
0.32014 0.897511 
0.733627 0.461791 
0.834111 0.304259 
0.411404 0.830746 
0.507883 0.742055 
0.787258 0.380225 
0.754842 0.430213 
0.386924 0.85029 
0.639272 0.591331 
0.712376 0.49252 
0.828047 0.314338 
0.313249 0.901875 
0.402905 0.837667 
0.645972 0.582721 
0.846967 0.282646 
0.427032 0.817644 
0.918291 0.156741 
0.875596 0.233331 
0.923492 0.147163 
0.624124 0.610469 
0.782012 0.388456 
0.420105 0.823512 
0.394967 0.844001 
0.775588 0.398463 
0.945146 0.1067 
0.912701 0.166976 
0.88852 0.210533 
0.680817 0.536489 
0.896979 0.195428 
0.976729 0.0460011 
0.770375 0.406522 
0.765177 0.414504 
0.76 0.4224 
0.851816 0.27441 
0.676755 0.542002 
0.475901 0.773519 
0.950213 0.0970947 
0.871281 0.240869 
0.954155 0.0895891 
0.85661 0.266219 
0.959045 0.0802331 
0.962757 0.0730997 
0.967421 0.0640963 
0.892725 0.203041 
0.598917 0.641299 
0.515696 0.734058 
0.69738 0.513661 
0.866169 0.249752 
0.861149 0.258423 
0.907775 0.175945 
0.972107 0.0550075 
0.902664 0.185199 
0.934451 0.126801 
0.939876 0.116632 
0.987385 0.0250711 
0.992317 0.0153067 
0.556714 0.69007 
0.981556 0.0365484 
0.996089 0.00780692 
0.928991 0.136976 
