0.734919 0.459894 
0.742825 0.44821 
0.742825 0.44821 
0.474628 0.774728 
0.570099 0.674987 
0.475844 0.773573 
0.763638 0.416858 
0.753245 0.432622 
0.602787 0.636648 
0.991878 0.0161778 
0.627546 0.606186 
0.513165 0.736662 
0.964125 0.0704626 
0.950289 0.0969504 
0.830247 0.310689 
0.344148 0.881562 
0.801468 0.35765 
0.846715 0.283073 
0.833685 0.304969 
0.982896 0.033916 
0.750686 0.43647 
0.565013 0.68076 
0.759816 0.42268 
0.978306 0.0429168 
0.780626 0.390624 
0.987146 0.025543 
0.708226 0.498416 
0.348624 0.878461 
0.785853 0.382436 
0.632684 0.599711 
0.797675 0.363715 
0.849021 0.279163 
0.558055 0.688575 
0.420105 0.823512 
0.960512 0.0774161 
0.973887 0.0515447 
0.917981 0.157311 
0.91326 0.165957 
0.968717 0.0615876 
0.552296 0.69497 
0.334999 0.887775 
0.890871 0.206349 
0.715333 0.488298 
0.720073 0.481495 
0.327828 0.892529 
0.954561 0.0888135 
0.946243 0.104624 
0.907935 0.175654 
0.420105 0.823512 
0.775587 0.398465 
0.46562 0.783198 
0.807053 0.348665 
0.824627 0.31999 
0.704397 0.503825 
0.768847 0.408874 
0.818812 0.329546 
0.393962 0.844794 
0.791012 0.3743 
0.639191 0.591434 
0.923257 0.147597 
0.813033 0.338977 
0.934917 0.125931 
0.669586 0.551655 
0.664248 0.558775 
0.939987 0.116424 
0.895657 0.197798 
0.928899 0.137147 
0.62258 0.612394 
0.885194 0.216431 
0.902698 0.185137 
0.432938 0.812564 
0.839704 0.294897 
0.5447 0.703302 
0.505603 0.744365 
0.863077 0.255098 
0.727158 0.471241 
0.677684 0.540744 
0.856919 0.265689 
0.645943 0.582758 
0.496088 0.753897 
0.485685 0.76411 
0.878471 0.22829 
0.870036 0.243037 
0.655981 0.569689 
0.281084 0.920992 
0.685296 0.53037 
0.612934 0.624312 
0.695723 0.515969 
0.516963 0.732749 
0.402905 0.837667 
0.438063 0.808101 
0.459511 0.78885 
0.5359 0.712811 
0.602707 0.636744 
0.386549 0.85058 
0.359073 0.871066 
0.575188 0.669159 
0.318249 0.898718 
1 0 
0.281028 0.921023 
