0.280781 0.921162 
1 0 
0.533696 0.715169 
0.596828 0.643796 
0.56638 0.679214 
0.577828 0.666115 
0.348742 0.878379 
0.586652 0.655839 
0.505603 0.744365 
0.495599 0.754381 
0.360762 0.86985 
0.485695 0.764101 
0.475901 0.773519 
0.423437 0.820701 
0.466229 0.78263 
0.549882 0.697629 
0.33717 0.886317 
0.44846 0.798884 
0.767368 0.411147 
0.371118 0.862271 
0.61896 0.616889 
0.557403 0.689302 
0.837079 0.299299 
0.309568 0.904168 
0.456691 0.791433 
0.414069 0.828547 
0.539806 0.70861 
0.747187 0.441712 
0.896568 0.196166 
0.760374 0.421831 
0.674869 0.544552 
0.969497 0.0600757 
0.405044 0.835939 
0.951795 0.094087 
0.792501 0.371942 
0.753918 0.431608 
0.798817 0.361892 
0.805264 0.35155 
0.823119 0.322476 
0.939174 0.117952 
0.709085 0.497198 
0.299452 0.910328 
0.890389 0.207207 
0.740225 0.452067 
0.380434 0.85527 
0.396266 0.842974 
0.667868 0.553953 
0.908933 0.17384 
0.606939 0.631624 
0.290535 0.91559 
0.811391 0.341644 
0.701529 0.507857 
0.6962 0.515306 
0.320138 0.897512 
0.817203 0.33218 
0.626595 0.607378 
0.842995 0.28936 
0.884926 0.216907 
0.327451 0.892776 
0.87952 0.226444 
0.388252 0.84926 
0.874166 0.235834 
0.781698 0.388948 
0.913898 0.16479 
0.919301 0.154886 
0.868798 0.24519 
0.929071 0.136827 
0.661571 0.562323 
0.934368 0.126957 
0.848292 0.280401 
0.434455 0.811249 
0.71481 0.489046 
0.863567 0.254253 
0.785956 0.382273 
0.643808 0.585512 
0.924203 0.145849 
0.649861 0.577681 
0.85366 0.271265 
0.655642 0.570134 
0.438063 0.808101 
0.6108 0.626923 
0.980662 0.0383024 
0.637889 0.593098 
0.858457 0.263051 
0.7206 0.480735 
0.682146 0.534677 
0.632168 0.600364 
0.688644 0.525769 
0.734457 0.460573 
0.725613 0.473486 
0.975135 0.0491115 
0.991879 0.0161751 
0.515696 0.734058 
0.986299 0.0272145 
0.963506 0.0716553 
0.902666 0.185195 
0.829606 0.311754 
0.957475 0.0832415 
0.945845 0.105378 
0.774611 0.399977 
