0.281028 0.921023 
1 0 
0.515696 0.734058 
0.632121 0.600424 
0.632121 0.600424 
0.768847 0.408874 
0.665977 0.556475 
0.360307 0.870179 
0.643674 0.585684 
0.78604 0.382141 
0.388237 0.849272 
0.724398 0.475247 
0.35856 0.871435 
0.438063 0.808101 
0.432899 0.812599 
0.879523 0.226439 
0.510639 0.739248 
0.492673 0.757273 
0.332895 0.889181 
0.705717 0.501963 
0.863993 0.253517 
0.821931 0.32443 
0.875412 0.233654 
0.833394 0.305454 
0.74348 0.447237 
0.457741 0.790473 
0.892725 0.203041 
0.806123 0.350166 
0.412934 0.829486 
0.694203 0.518082 
0.74348 0.447237 
0.806123 0.350166 
0.669877 0.551265 
0.388484 0.84908 
0.404499 0.83638 
0.838682 0.296612 
0.856919 0.265689 
0.734618 0.460336 
0.814711 0.336246 
0.705717 0.501964 
0.778217 0.394378 
0.637288 0.593864 
0.680596 0.536789 
0.726704 0.471901 
0.848507 0.280037 
0.848507 0.280037 
0.775588 0.398463 
0.947931 0.101426 
0.940941 0.11463 
0.486359 0.763455 
0.989057 0.0217664 
0.332802 0.889243 
0.320138 0.897511 
0.738452 0.454689 
0.930681 0.133832 
0.688905 0.52541 
0.458325 0.789938 
0.909705 0.172438 
0.958611 0.0810656 
0.320128 0.897518 
0.91319 0.166083 
0.46858 0.780432 
0.786038 0.382145 
0.942414 0.111855 
0.680841 0.536456 
0.968717 0.0615876 
0.917207 0.158732 
0.47669 0.772766 
0.905526 0.180022 
0.962701 0.0732061 
0.859301 0.261602 
0.926692 0.141241 
0.817203 0.33218 
0.920167 0.153292 
0.923949 0.146317 
0.972109 0.0550046 
0.965284 0.0682271 
0.897774 0.194002 
0.768854 0.408864 
0.983243 0.0332333 
0.98646 0.0268972 
0.977568 0.0443608 
0.980636 0.0383527 
0.476686 0.772771 
0.46858 0.780432 
0.955323 0.0873586 
0.404629 0.836275 
0.974926 0.0495197 
0.412934 0.829486 
0.902698 0.185137 
0.934457 0.126791 
0.643672 0.585686 
0.950338 0.0968573 
0.953042 0.0917108 
0.83744 0.298695 
0.893766 0.201182 
0.934457 0.126791 
0.899961 0.190071 
0.487802 0.76205 
0.689944 0.523977 
