0 -5.93327
1 -6.53061
2 -6.9427
3 -7.401
4 -7.74777
5 -8.03478
6 -8.3413
7 -8.70796
8 -9.10881
9 -9.39431
10 -9.77157
11 -9.98242
12 -10.2954
13 -10.488
14 -10.7621
15 -10.9419
16 -11.0686
17 -11.2556
18 -11.4781
19 -11.6795
20 -12.0211
21 -12.1528
22 -12.3943
23 -12.6064
24 -12.7573
25 -12.989
26 -13.1905
27 -13.3768
28 -13.5642
29 -13.7019
30 -13.8432
31 -14.0186
32 -14.1235
33 -14.2575
34 -14.3201
35 -14.4125
36 -14.5121
37 -14.5718
38 -14.6467
39 -14.7533
40 -14.8767
41 -15.0222
42 -15.1196
43 -15.1774
44 -15.2057
45 -15.2627
46 -15.4137
47 -15.522
48 -15.6449
49 -15.7052
50 -15.7467
51 -15.872
52 -15.9303
53 -15.9945
54 -16.0585
55 -16.1442
56 -16.1804
57 -16.194
58 -16.2032
59 -16.2592
60 -16.2813
61 -16.3811
62 -16.4503
63 -16.5308
64 -16.5636
65 -16.5644
66 -16.6204
67 -16.623
68 -16.6869
69 -16.6936
70 -16.7165
71 -16.7173
72 -16.7356
73 -16.8301
74 -16.8562
75 -16.8969
76 -16.9333
77 -16.9539
78 -17
79 -17.0363
80 -17.048
81 -17.0651
82 -17.1104
83 -17.1447
84 -17.2082
85 -17.2082
86 -17.2394
87 -17.2482
88 -17.2931
89 -17.3012
90 -17.3587
91 -17.3587
92 -17.3688
93 -17.4142
94 -17.4142
95 -17.444
96 -17.4649
97 -17.4849
98 -17.5221
99 -17.5289
100 -17.5535
101 -17.5909
102 -17.5968
103 -17.5968
104 -17.6001
105 -17.6525
106 -17.6525
107 -17.6593
108 -17.6825
109 -17.6841
110 -17.6964
111 -17.6964
112 -17.7019
113 -17.7433
114 -17.802
115 -17.8401
116 -17.8486
117 -17.8486
118 -17.8678
119 -17.8792
120 -17.9538
121 -17.9864
122 -17.9864
123 -17.9864
124 -18.0109
125 -18.028
126 -18.028
127 -18.0332
128 -18.0512
129 -18.0876
130 -18.1006
131 -18.1043
132 -18.1118
133 -18.1118
134 -18.1156
135 -18.1246
136 -18.1647
137 -18.2175
138 -18.2202
139 -18.2284
140 -18.2911
141 -18.3171
142 -18.351
143 -18.3594
144 -18.3789
145 -18.4251
146 -18.4505
147 -18.5038
148 -18.5038
149 -18.5428
150 -18.5592
151 -18.6195
152 -18.639
153 -18.6476
154 -18.6476
155 -18.6476
156 -18.6885
157 -18.6885
158 -18.7212
159 -18.7367
160 -18.7367
161 -18.7367
162 -18.7367
163 -18.7367
164 -18.7367
165 -18.7688
166 -18.7688
167 -18.7688
168 -18.7688
169 -18.7688
170 -18.7859
171 -18.7859
172 -18.7859
173 -18.7859
174 -18.7859
175 -18.7859
176 -18.7859
177 -18.7938
178 -18.7938
179 -18.7938
180 -18.799
181 -18.799
182 -18.8035
183 -18.8117
184 -18.8422
185 -18.8422
186 -18.8422
187 -18.8533
188 -18.8533
189 -18.8533
190 -18.8533
191 -18.8533
192 -18.8533
193 -18.8533
194 -18.8533
195 -18.9037
196 -18.93
197 -18.93
198 -18.93
199 -18.9521
200 -18.9521
201 -18.9678
202 -18.9979
203 -19.0053
204 -19.0053
205 -19.0066
206 -19.0066
207 -19.0066
208 -19.0066
209 -19.0066
210 -19.0066
211 -19.0066
212 -19.0066
213 -19.0066
214 -19.0066
215 -19.0072
216 -19.0072
217 -19.0153
218 -19.0153
219 -19.0153
220 -19.0153
221 -19.0153
222 -19.0153
223 -19.0153
224 -19.0153
225 -19.0153
226 -19.0153
227 -19.0153
228 -19.0153
229 -19.0153
230 -19.0153
231 -19.0153
232 -19.0174
233 -19.0174
234 -19.043
235 -19.0799
236 -19.0799
237 -19.0799
238 -19.0856
239 -19.0913
240 -19.0923
241 -19.0986
242 -19.1013
243 -19.1013
244 -19.1117
245 -19.1117
246 -19.1117
247 -19.1117
248 -19.1117
249 -19.1117
250 -19.1385
251 -19.1459
252 -19.1459
253 -19.1459
254 -19.1459
255 -19.171
256 -19.1943
257 -19.2047
258 -19.2047
259 -19.2047
260 -19.2047
261 -19.2128
262 -19.2128
263 -19.2128
264 -19.2128
265 -19.2128
266 -19.2282
267 -19.2343
268 -19.2416
269 -19.2523
270 -19.2523
271 -19.2523
272 -19.268
273 -19.276
274 -19.2939
275 -19.3028
276 -19.3028
277 -19.3028
278 -19.3035
279 -19.3035
280 -19.318
281 -19.3479
282 -19.3479
283 -19.3479
284 -19.3479
285 -19.3479
286 -19.3479
287 -19.3479
288 -19.3479
289 -19.3496
290 -19.3569
291 -19.3569
292 -19.3569
293 -19.397
294 -19.397
295 -19.4275
296 -19.4275
297 -19.4275
298 -19.4275
299 -19.4437
300 -19.4454
301 -19.4454
302 -19.4454
303 -19.4454
304 -19.4454
305 -19.4454
306 -19.4454
307 -19.464
308 -19.464
309 -19.464
310 -19.464
311 -19.464
312 -19.464
313 -19.5052
314 -19.531
315 -19.531
316 -19.531
317 -19.531
318 -19.531
319 -19.531
320 -19.531
321 -19.531
322 -19.531
323 -19.531
324 -19.531
325 -19.531
326 -19.531
327 -19.531
328 -19.531
329 -19.531
330 -19.531
331 -19.5342
332 -19.5342
333 -19.5342
334 -19.5342
335 -19.5342
336 -19.5342
337 -19.5342
338 -19.5376
339 -19.5376
340 -19.5376
341 -19.5376
342 -19.5376
343 -19.5376
344 -19.5376
345 -19.5376
346 -19.5407
347 -19.5407
348 -19.5505
349 -19.5505
350 -19.5505
351 -19.5505
352 -19.5505
353 -19.5505
354 -19.5505
355 -19.5524
356 -19.591
357 -19.591
358 -19.591
359 -19.591
360 -19.591
361 -19.591
362 -19.591
363 -19.591
364 -19.591
365 -19.591
366 -19.591
367 -19.591
368 -19.591
369 -19.591
370 -19.591
371 -19.591
372 -19.591
373 -19.6067
374 -19.6067
375 -19.6067
376 -19.6188
377 -19.622
378 -19.622
379 -19.622
380 -19.622
381 -19.622
382 -19.622
383 -19.622
384 -19.622
385 -19.622
386 -19.622
387 -19.622
388 -19.6311
389 -19.6311
390 -19.6311
391 -19.6311
392 -19.6311
393 -19.6311
394 -19.6311
395 -19.6311
396 -19.6311
397 -19.6311
398 -19.6311
399 -19.6311
400 -19.6311
401 -19.6311
402 -19.6311
403 -19.6311
404 -19.6402
405 -19.6608
406 -19.6608
407 -19.6608
408 -19.6608
409 -19.6719
410 -19.6719
411 -19.6719
412 -19.6719
413 -19.6719
414 -19.6719
415 -19.6719
416 -19.6719
417 -19.6719
418 -19.6719
419 -19.6719
420 -19.6719
421 -19.6719
422 -19.6737
423 -19.6737
424 -19.6737
425 -19.6741
426 -19.6741
427 -19.6741
428 -19.6904
429 -19.7033
430 -19.7129
431 -19.7129
432 -19.7129
433 -19.7129
434 -19.7129
435 -19.7129
436 -19.7129
437 -19.7129
438 -19.7129
439 -19.7231
440 -19.7415
441 -19.7415
442 -19.7415
443 -19.7415
444 -19.7415
445 -19.7415
446 -19.7415
447 -19.7415
448 -19.7415
449 -19.7415
450 -19.7415
451 -19.7447
452 -19.7688
453 -19.769
454 -19.769
455 -19.7802
456 -19.7936
457 -19.7936
458 -19.7936
459 -19.7936
460 -19.7977
461 -19.7977
462 -19.7977
463 -19.7977
464 -19.7977
465 -19.7977
466 -19.7977
467 -19.7977
468 -19.7977
469 -19.7977
470 -19.7977
471 -19.8589
472 -19.8589
473 -19.8589
474 -19.8589
475 -19.8589
476 -19.8589
477 -19.8589
478 -19.8589
479 -19.8589
480 -19.8589
481 -19.8589
482 -19.8589
483 -19.8589
484 -19.8589
485 -19.8635
486 -19.8635
487 -19.8761
488 -19.8761
489 -19.8761
490 -19.8761
491 -19.8761
492 -19.8761
493 -19.8761
494 -19.8761
495 -19.8891
496 -19.8891
497 -19.8891
498 -19.8891
499 -19.8891
500 -19.8891
501 -19.8891
502 -19.8891
503 -19.8891
504 -19.8891
505 -19.8891
506 -19.8891
507 -19.8891
508 -19.8916
509 -19.8916
510 -19.8916
511 -19.8916
512 -19.8916
513 -19.9066
514 -19.9066
515 -19.9066
516 -19.9066
517 -19.9066
518 -19.9066
519 -19.9066
520 -19.9066
521 -19.922
522 -19.9278
523 -19.9278
524 -19.9278
525 -19.9278
526 -19.9278
527 -19.9278
528 -19.9278
529 -19.9278
530 -19.9278
531 -19.9278
532 -19.9278
533 -19.9278
534 -19.9278
535 -19.9278
536 -19.9278
537 -19.9278
538 -19.9278
539 -19.9278
540 -19.9278
541 -19.9278
542 -19.9278
543 -19.9278
544 -19.9278
545 -19.9278
546 -19.9278
547 -19.9278
548 -19.9278
549 -19.9278
550 -19.9278
551 -19.9278
552 -19.9278
553 -19.9278
554 -19.9301
555 -19.9301
556 -19.9301
557 -19.9301
558 -19.9301
559 -19.9301
560 -19.9301
561 -19.9301
562 -19.9301
563 -19.9301
564 -19.9301
565 -19.9301
566 -19.9301
567 -19.9301
568 -19.9301
569 -19.9301
570 -19.9301
571 -19.9301
572 -19.9301
573 -19.9301
574 -19.9301
575 -19.9301
576 -19.9301
577 -19.9406
578 -19.9581
579 -19.9581
580 -19.9581
581 -19.9581
582 -19.9581
583 -19.9581
584 -19.9581
585 -19.9581
586 -19.9581
587 -19.9581
588 -19.9581
589 -19.9581
590 -19.9581
591 -19.9581
592 -19.9581
593 -19.9581
594 -19.9581
595 -19.9581
596 -19.9581
597 -19.9581
598 -19.9581
599 -19.9581
600 -19.9581
601 -19.9581
602 -19.9581
603 -19.9581
604 -19.9581
605 -19.9581
606 -19.9581
607 -19.9581
608 -19.9729
609 -19.9729
610 -19.973
611 -19.9748
612 -19.9748
613 -19.9748
614 -19.9748
615 -19.9748
616 -19.9748
617 -19.9748
618 -19.9748
619 -19.9748
620 -19.9748
621 -19.9748
622 -19.9748
623 -19.9776
624 -19.9788
625 -20.0015
626 -20.0055
627 -20.0055
628 -20.0055
629 -20.0055
630 -20.0055
631 -20.0055
632 -20.0055
633 -20.0384
634 -20.0491
635 -20.0491
636 -20.0491
637 -20.0491
638 -20.0765
639 -20.0765
640 -20.0765
641 -20.0765
642 -20.0765
643 -20.0765
644 -20.0765
645 -20.0765
646 -20.0806
647 -20.0806
648 -20.0806
649 -20.0806
650 -20.0806
651 -20.0806
652 -20.0806
653 -20.0806
654 -20.1047
655 -20.1095
656 -20.1285
657 -20.1285
658 -20.1285
659 -20.1285
660 -20.1285
661 -20.1363
662 -20.1363
663 -20.1363
664 -20.1363
665 -20.1363
666 -20.1363
667 -20.1363
668 -20.1363
669 -20.1363
670 -20.1363
671 -20.1363
672 -20.1363
673 -20.1363
674 -20.1363
675 -20.1363
676 -20.152
677 -20.152
678 -20.152
679 -20.152
680 -20.152
681 -20.152
682 -20.152
683 -20.152
684 -20.152
685 -20.152
686 -20.152
687 -20.152
688 -20.152
689 -20.152
690 -20.152
691 -20.152
692 -20.152
693 -20.152
694 -20.152
695 -20.152
696 -20.152
697 -20.152
698 -20.152
699 -20.152
700 -20.152
701 -20.152
702 -20.152
703 -20.1521
704 -20.153
705 -20.153
706 -20.1704
707 -20.1704
708 -20.1704
709 -20.1704
710 -20.1704
711 -20.1704
712 -20.1964
713 -20.1964
714 -20.1964
715 -20.1964
716 -20.1964
717 -20.1964
718 -20.1964
719 -20.1964
720 -20.1964
721 -20.1964
722 -20.1964
723 -20.1964
724 -20.1964
725 -20.1964
726 -20.1964
727 -20.1964
728 -20.1964
729 -20.1964
730 -20.1964
731 -20.1964
732 -20.1964
733 -20.1964
734 -20.1964
735 -20.1964
736 -20.1964
737 -20.1964
738 -20.1964
739 -20.1964
740 -20.1964
741 -20.1964
742 -20.1964
743 -20.1964
744 -20.1964
745 -20.1964
746 -20.1964
747 -20.1964
748 -20.1964
749 -20.1964
750 -20.1964
751 -20.1964
752 -20.1964
753 -20.1964
754 -20.1964
755 -20.1964
756 -20.1964
757 -20.1964
758 -20.1964
759 -20.1964
760 -20.1964
761 -20.1964
762 -20.1964
763 -20.1964
764 -20.1964
765 -20.1964
766 -20.1964
767 -20.1964
768 -20.1964
769 -20.1964
770 -20.1964
771 -20.1964
772 -20.1964
773 -20.1964
774 -20.1964
775 -20.1964
776 -20.1964
777 -20.1964
778 -20.1964
779 -20.1964
780 -20.1964
781 -20.1964
782 -20.1964
783 -20.1964
784 -20.1964
785 -20.1964
786 -20.1964
787 -20.1964
788 -20.1964
789 -20.1964
790 -20.1964
791 -20.2005
792 -20.2005
793 -20.2005
794 -20.2005
795 -20.2005
796 -20.2005
797 -20.2005
798 -20.2005
799 -20.2005
800 -20.2008
801 -20.2008
802 -20.2008
803 -20.2008
804 -20.2008
805 -20.2008
806 -20.2008
807 -20.2008
808 -20.2458
809 -20.2458
810 -20.2747
811 -20.2747
812 -20.2747
813 -20.2747
814 -20.2747
815 -20.2747
816 -20.2747
817 -20.2747
818 -20.2747
819 -20.2747
820 -20.2747
821 -20.2747
822 -20.2747
823 -20.2747
824 -20.2856
825 -20.3079
826 -20.3079
827 -20.3079
828 -20.3079
829 -20.3079
830 -20.3079
831 -20.3079
832 -20.3079
833 -20.3079
834 -20.3079
835 -20.3119
836 -20.3119
837 -20.3119
838 -20.3119
839 -20.3119
840 -20.3119
841 -20.3119
842 -20.3119
843 -20.3119
844 -20.3119
845 -20.3119
846 -20.3119
847 -20.3119
848 -20.3119
849 -20.3119
850 -20.3119
851 -20.3119
852 -20.3119
853 -20.3119
854 -20.3119
855 -20.3119
856 -20.3119
857 -20.3119
858 -20.3119
859 -20.3119
860 -20.3119
861 -20.3119
862 -20.3119
863 -20.3119
864 -20.3119
865 -20.3119
866 -20.3119
867 -20.3119
868 -20.3119
869 -20.3119
870 -20.3119
871 -20.3119
872 -20.3119
873 -20.3119
874 -20.3119
875 -20.3119
876 -20.3119
877 -20.3119
878 -20.3119
879 -20.3119
880 -20.3119
881 -20.3119
882 -20.3119
883 -20.3119
884 -20.3119
885 -20.3119
886 -20.3119
887 -20.3119
888 -20.3119
889 -20.3119
890 -20.3119
891 -20.3119
892 -20.3119
893 -20.3119
894 -20.3119
895 -20.3128
896 -20.3128
897 -20.3128
898 -20.3128
899 -20.3128
900 -20.3128
901 -20.3128
902 -20.3128
903 -20.3164
904 -20.3164
905 -20.3494
906 -20.3526
907 -20.3526
908 -20.3526
909 -20.3526
910 -20.3526
911 -20.3526
912 -20.3526
913 -20.3526
914 -20.3526
915 -20.3526
916 -20.3526
917 -20.3526
918 -20.3526
919 -20.3526
920 -20.3526
921 -20.3526
922 -20.3526
923 -20.3526
924 -20.3526
925 -20.3526
926 -20.3526
927 -20.3526
928 -20.3526
929 -20.3526
930 -20.3526
931 -20.3526
932 -20.3545
933 -20.3545
934 -20.3545
935 -20.3545
936 -20.3545
937 -20.3545
938 -20.3545
939 -20.3545
940 -20.3545
941 -20.3545
942 -20.3545
943 -20.3545
944 -20.3545
945 -20.3545
946 -20.3545
947 -20.3545
948 -20.3545
949 -20.3545
950 -20.3545
951 -20.3545
952 -20.3545
953 -20.3545
954 -20.3545
955 -20.3545
956 -20.3545
957 -20.3545
958 -20.3545
959 -20.3545
960 -20.3545
961 -20.3545
962 -20.3545
963 -20.3545
964 -20.3545
965 -20.3545
966 -20.3545
967 -20.3545
968 -20.3545
969 -20.3545
970 -20.3545
971 -20.3545
972 -20.3545
973 -20.3545
974 -20.3545
975 -20.3545
976 -20.3545
977 -20.3644
978 -20.3644
979 -20.3644
980 -20.3644
981 -20.3644
982 -20.3644
983 -20.3644
984 -20.3644
985 -20.3644
986 -20.3644
987 -20.3644
988 -20.3644
989 -20.3644
990 -20.3644
991 -20.3644
992 -20.3644
993 -20.3644
994 -20.3644
995 -20.3644
996 -20.3644
997 -20.3644
998 -20.3644
999 -20.3644
1000 -20.3644
1001 -20.3644
1002 -20.3644
1003 -20.3644
1004 -20.3644
1005 -20.3644
1006 -20.3662
1007 -20.3662
1008 -20.3662
1009 -20.3662
1010 -20.3662
1011 -20.3662
1012 -20.3662
1013 -20.3662
1014 -20.3662
1015 -20.3662
1016 -20.3662
1017 -20.3696
1018 -20.3696
1019 -20.3696
1020 -20.3696
1021 -20.3696
1022 -20.3696
1023 -20.3696
1024 -20.3696
1025 -20.3696
1026 -20.3696
1027 -20.3696
1028 -20.3696
1029 -20.3696
1030 -20.3696
1031 -20.3696
1032 -20.3696
1033 -20.3696
1034 -20.3696
1035 -20.3696
1036 -20.3766
1037 -20.3766
1038 -20.3766
1039 -20.3766
1040 -20.3766
1041 -20.3766
1042 -20.3766
1043 -20.3766
1044 -20.3766
1045 -20.3766
1046 -20.3766
1047 -20.3766
1048 -20.3766
1049 -20.3766
1050 -20.3766
1051 -20.3766
1052 -20.3766
1053 -20.3766
1054 -20.3766
1055 -20.3766
1056 -20.3766
1057 -20.3766
1058 -20.3766
1059 -20.3766
1060 -20.3766
1061 -20.3766
1062 -20.3766
1063 -20.3766
1064 -20.3766
1065 -20.3766
1066 -20.3766
1067 -20.3766
1068 -20.3766
1069 -20.3766
1070 -20.3766
1071 -20.3766
1072 -20.3766
1073 -20.3766
1074 -20.3766
1075 -20.3766
1076 -20.3766
1077 -20.3766
1078 -20.3766
1079 -20.3766
1080 -20.3766
1081 -20.3766
1082 -20.3766
1083 -20.3766
1084 -20.3766
1085 -20.3766
1086 -20.3766
1087 -20.3766
1088 -20.3766
1089 -20.3766
1090 -20.3766
1091 -20.3766
1092 -20.3766
1093 -20.3766
1094 -20.3766
1095 -20.3766
1096 -20.3941
1097 -20.3941
1098 -20.3941
1099 -20.3941
1100 -20.3941
1101 -20.3941
1102 -20.3941
1103 -20.3941
1104 -20.3941
1105 -20.3941
1106 -20.3941
1107 -20.3941
1108 -20.3941
1109 -20.3941
1110 -20.3941
1111 -20.3941
1112 -20.3964
1113 -20.3964
1114 -20.3964
1115 -20.3964
1116 -20.3964
1117 -20.3964
1118 -20.3964
1119 -20.3964
1120 -20.3964
1121 -20.3964
1122 -20.3964
1123 -20.3964
1124 -20.3964
1125 -20.3964
1126 -20.3964
1127 -20.3967
1128 -20.3967
1129 -20.3967
1130 -20.3967
1131 -20.3967
1132 -20.3967
1133 -20.3967
1134 -20.3967
1135 -20.3967
1136 -20.3967
1137 -20.3967
1138 -20.3967
1139 -20.3967
1140 -20.3967
1141 -20.3967
1142 -20.3967
1143 -20.4148
1144 -20.4148
1145 -20.4148
1146 -20.4148
1147 -20.4148
1148 -20.4148
1149 -20.4148
1150 -20.4148
1151 -20.4148
1152 -20.4148
1153 -20.4148
1154 -20.4148
1155 -20.4148
1156 -20.4148
1157 -20.4148
1158 -20.4148
1159 -20.4148
1160 -20.4148
1161 -20.4148
1162 -20.4148
1163 -20.4148
1164 -20.4148
1165 -20.4148
1166 -20.4148
1167 -20.4148
1168 -20.4148
1169 -20.4148
1170 -20.4148
1171 -20.4148
1172 -20.4148
1173 -20.4148
1174 -20.4148
1175 -20.4148
1176 -20.4148
1177 -20.4148
1178 -20.4148
1179 -20.4148
1180 -20.4148
1181 -20.4148
1182 -20.4148
1183 -20.4148
1184 -20.4148
1185 -20.4148
1186 -20.4148
1187 -20.4148
1188 -20.4148
1189 -20.4148
1190 -20.4148
1191 -20.4148
1192 -20.4148
1193 -20.4148
1194 -20.4148
1195 -20.4148
1196 -20.4148
1197 -20.4148
1198 -20.4148
1199 -20.4148
1200 -20.4148
1201 -20.4148
1202 -20.4148
1203 -20.4148
1204 -20.4148
1205 -20.4183
1206 -20.4183
1207 -20.4183
1208 -20.4183
1209 -20.4183
1210 -20.4183
1211 -20.4183
1212 -20.4183
1213 -20.4183
1214 -20.4183
1215 -20.4183
1216 -20.4183
1217 -20.4183
1218 -20.4183
1219 -20.4183
1220 -20.4183
1221 -20.4183
1222 -20.4183
1223 -20.4291
1224 -20.4291
1225 -20.4291
1226 -20.4291
1227 -20.4291
1228 -20.4291
1229 -20.4291
1230 -20.4291
1231 -20.4291
1232 -20.4291
1233 -20.4291
1234 -20.4291
1235 -20.4291
1236 -20.4291
1237 -20.4291
1238 -20.4291
1239 -20.4291
1240 -20.4291
1241 -20.4291
1242 -20.4291
1243 -20.4291
1244 -20.4291
1245 -20.4291
1246 -20.4291
1247 -20.4291
1248 -20.4291
1249 -20.4291
1250 -20.4291
1251 -20.4291
1252 -20.4291
1253 -20.4291
1254 -20.4291
1255 -20.4291
1256 -20.4291
1257 -20.4291
1258 -20.4291
1259 -20.4291
1260 -20.4291
1261 -20.4291
1262 -20.4291
1263 -20.4291
1264 -20.4291
1265 -20.4291
1266 -20.4291
1267 -20.4291
1268 -20.4291
1269 -20.4291
1270 -20.4291
1271 -20.4291
1272 -20.4291
1273 -20.4291
1274 -20.4291
1275 -20.4291
1276 -20.4291
1277 -20.4291
1278 -20.4291
1279 -20.4291
1280 -20.4291
1281 -20.4291
1282 -20.4291
1283 -20.4291
1284 -20.4291
1285 -20.4291
1286 -20.4291
1287 -20.4291
1288 -20.4291
1289 -20.4291
1290 -20.4291
1291 -20.4291
1292 -20.4291
1293 -20.4291
1294 -20.4291
1295 -20.4291
1296 -20.4291
1297 -20.4291
1298 -20.43
1299 -20.43
1300 -20.43
1301 -20.43
1302 -20.43
1303 -20.43
1304 -20.43
1305 -20.43
1306 -20.43
1307 -20.43
1308 -20.43
1309 -20.43
1310 -20.43
1311 -20.43
1312 -20.43
1313 -20.43
1314 -20.43
1315 -20.43
1316 -20.43
1317 -20.43
1318 -20.43
1319 -20.43
1320 -20.43
1321 -20.4343
1322 -20.4343
1323 -20.4343
1324 -20.4343
1325 -20.4343
1326 -20.4343
1327 -20.4343
1328 -20.4343
1329 -20.4343
1330 -20.4343
1331 -20.4343
1332 -20.4343
1333 -20.4343
1334 -20.4343
1335 -20.4343
1336 -20.4343
1337 -20.4343
1338 -20.4343
1339 -20.4343
1340 -20.4343
1341 -20.4343
1342 -20.4343
1343 -20.4343
1344 -20.4343
1345 -20.4343
1346 -20.4343
1347 -20.4343
1348 -20.4343
1349 -20.4343
1350 -20.4343
1351 -20.4343
1352 -20.4343
1353 -20.4343
1354 -20.4343
1355 -20.4343
1356 -20.4343
1357 -20.4343
1358 -20.4343
1359 -20.4343
1360 -20.4343
1361 -20.4343
1362 -20.4343
1363 -20.4343
1364 -20.4343
1365 -20.4343
1366 -20.4343
1367 -20.4343
1368 -20.4343
1369 -20.4343
1370 -20.4343
1371 -20.4343
1372 -20.4343
1373 -20.4343
1374 -20.4343
1375 -20.4343
1376 -20.4343
1377 -20.4343
1378 -20.4343
1379 -20.4343
1380 -20.4343
1381 -20.4343
1382 -20.4343
1383 -20.4343
1384 -20.4343
1385 -20.4343
1386 -20.4343
1387 -20.4343
1388 -20.4343
1389 -20.4343
1390 -20.4343
1391 -20.4343
1392 -20.4343
1393 -20.4343
1394 -20.4343
1395 -20.4343
1396 -20.4343
1397 -20.4343
1398 -20.4343
1399 -20.4343
1400 -20.4343
1401 -20.4343
1402 -20.4343
1403 -20.4343
1404 -20.4343
1405 -20.4343
1406 -20.4343
1407 -20.4343
1408 -20.4343
1409 -20.4343
1410 -20.4343
1411 -20.4343
1412 -20.4343
1413 -20.4343
1414 -20.4438
1415 -20.4439
1416 -20.4632
1417 -20.4632
1418 -20.4632
1419 -20.4632
1420 -20.4632
1421 -20.4632
1422 -20.4632
1423 -20.4632
1424 -20.4632
1425 -20.4632
1426 -20.4632
1427 -20.4632
1428 -20.4632
1429 -20.4632
1430 -20.4632
1431 -20.4632
1432 -20.4632
1433 -20.4632
1434 -20.4632
1435 -20.4632
1436 -20.4632
1437 -20.4632
1438 -20.4632
1439 -20.4632
1440 -20.4632
1441 -20.4632
1442 -20.4632
1443 -20.4632
1444 -20.4632
1445 -20.4632
1446 -20.4632
1447 -20.4632
1448 -20.4632
1449 -20.4632
1450 -20.4636
1451 -20.4636
1452 -20.4636
1453 -20.4636
1454 -20.4636
1455 -20.4636
1456 -20.4636
1457 -20.4636
1458 -20.4636
1459 -20.4636
1460 -20.4636
1461 -20.4772
1462 -20.4772
1463 -20.4772
1464 -20.4772
1465 -20.4772
1466 -20.4772
1467 -20.4772
1468 -20.4772
1469 -20.4772
1470 -20.4772
1471 -20.4772
1472 -20.4772
1473 -20.4772
1474 -20.4772
1475 -20.4772
1476 -20.4772
1477 -20.4772
1478 -20.4772
1479 -20.4772
1480 -20.4772
1481 -20.4772
1482 -20.4772
1483 -20.4772
1484 -20.4772
1485 -20.4772
1486 -20.4772
1487 -20.4772
1488 -20.4772
1489 -20.4772
1490 -20.4772
1491 -20.4772
1492 -20.4772
1493 -20.4772
1494 -20.4772
1495 -20.4772
1496 -20.4772
1497 -20.4772
1498 -20.4772
1499 -20.4772
1500 -20.4772
1501 -20.4772
1502 -20.4772
1503 -20.4772
1504 -20.4772
1505 -20.4772
1506 -20.4772
1507 -20.4772
1508 -20.4772
1509 -20.4772
1510 -20.4772
1511 -20.4772
1512 -20.4842
1513 -20.5143
1514 -20.5143
1515 -20.5143
1516 -20.5143
1517 -20.5143
1518 -20.5143
1519 -20.5143
1520 -20.5143
1521 -20.5143
1522 -20.5143
1523 -20.5143
1524 -20.5143
1525 -20.5143
1526 -20.5143
1527 -20.5143
1528 -20.5143
1529 -20.5143
1530 -20.5143
1531 -20.5143
1532 -20.5143
1533 -20.5143
1534 -20.5143
1535 -20.5143
1536 -20.5143
1537 -20.5143
1538 -20.5143
1539 -20.5143
1540 -20.5143
1541 -20.5143
1542 -20.5143
1543 -20.5143
1544 -20.519
1545 -20.519
1546 -20.5306
1547 -20.5306
1548 -20.5306
1549 -20.5377
1550 -20.5377
1551 -20.5377
1552 -20.5378
1553 -20.5378
1554 -20.5378
1555 -20.5378
1556 -20.5378
1557 -20.5378
1558 -20.5378
1559 -20.5548
1560 -20.5548
1561 -20.5548
1562 -20.5548
1563 -20.5548
1564 -20.5548
1565 -20.5548
1566 -20.5548
1567 -20.5548
1568 -20.5548
1569 -20.5548
1570 -20.5653
1571 -20.5653
1572 -20.5653
1573 -20.5653
1574 -20.5653
1575 -20.5653
1576 -20.5653
1577 -20.5653
1578 -20.5653
1579 -20.5653
1580 -20.5653
1581 -20.5653
1582 -20.5653
1583 -20.5653
1584 -20.5653
1585 -20.5653
1586 -20.5653
1587 -20.5653
1588 -20.5653
1589 -20.5653
1590 -20.5885
1591 -20.6028
1592 -20.6028
1593 -20.6028
1594 -20.6028
1595 -20.6028
1596 -20.6028
1597 -20.6028
1598 -20.6028
1599 -20.6028
1600 -20.6028
1601 -20.6028
1602 -20.6028
1603 -20.6028
1604 -20.6028
1605 -20.6028
1606 -20.6028
1607 -20.6028
1608 -20.6028
1609 -20.6028
1610 -20.6028
1611 -20.6028
1612 -20.6028
1613 -20.6028
1614 -20.6028
1615 -20.6028
1616 -20.6028
1617 -20.6028
1618 -20.6028
1619 -20.6028
1620 -20.6028
1621 -20.6028
1622 -20.6028
1623 -20.6028
1624 -20.6028
1625 -20.6028
1626 -20.6028
1627 -20.6028
1628 -20.6028
1629 -20.6028
1630 -20.6028
1631 -20.6028
1632 -20.6028
1633 -20.6028
1634 -20.6028
1635 -20.6028
1636 -20.6028
1637 -20.6028
1638 -20.6028
1639 -20.6028
1640 -20.6028
1641 -20.6028
1642 -20.6028
1643 -20.6028
1644 -20.6028
1645 -20.6028
1646 -20.612
1647 -20.612
1648 -20.612
1649 -20.612
1650 -20.612
1651 -20.612
1652 -20.612
1653 -20.612
1654 -20.612
1655 -20.612
1656 -20.612
1657 -20.612
1658 -20.612
1659 -20.612
1660 -20.612
1661 -20.612
1662 -20.612
1663 -20.612
1664 -20.612
1665 -20.612
1666 -20.612
1667 -20.612
1668 -20.612
1669 -20.612
1670 -20.612
1671 -20.6151
1672 -20.6151
1673 -20.6151
1674 -20.6151
1675 -20.6151
1676 -20.6151
1677 -20.6151
1678 -20.6151
1679 -20.6151
1680 -20.6151
1681 -20.6234
1682 -20.6234
1683 -20.6234
1684 -20.6234
1685 -20.6234
1686 -20.6234
1687 -20.6234
1688 -20.6234
1689 -20.6234
1690 -20.6234
1691 -20.6234
1692 -20.6234
1693 -20.6234
1694 -20.6234
1695 -20.6234
1696 -20.6234
1697 -20.6234
1698 -20.6234
1699 -20.6234
1700 -20.6234
1701 -20.6234
1702 -20.6234
1703 -20.6234
1704 -20.6234
1705 -20.6234
1706 -20.6234
1707 -20.6234
1708 -20.6234
1709 -20.6234
1710 -20.6234
1711 -20.6234
1712 -20.6234
1713 -20.6234
1714 -20.6234
1715 -20.6234
1716 -20.6234
1717 -20.6234
1718 -20.6234
1719 -20.6234
1720 -20.6234
1721 -20.6235
1722 -20.6326
1723 -20.6326
1724 -20.6326
1725 -20.6326
1726 -20.6326
1727 -20.6326
1728 -20.6326
1729 -20.6326
1730 -20.6326
1731 -20.6326
1732 -20.6326
1733 -20.6326
1734 -20.6379
1735 -20.6379
1736 -20.6601
1737 -20.6601
1738 -20.6601
1739 -20.6601
1740 -20.6601
1741 -20.6601
1742 -20.6601
1743 -20.6601
1744 -20.6601
1745 -20.6601
1746 -20.6601
1747 -20.6601
1748 -20.6667
1749 -20.6667
1750 -20.6667
1751 -20.6667
1752 -20.6667
1753 -20.6667
1754 -20.6667
1755 -20.6667
1756 -20.6667
1757 -20.6667
1758 -20.6667
1759 -20.6667
1760 -20.6667
1761 -20.6667
1762 -20.6667
1763 -20.6667
1764 -20.6667
1765 -20.6667
1766 -20.6667
1767 -20.6667
1768 -20.6667
1769 -20.6667
1770 -20.6667
1771 -20.6667
1772 -20.6667
1773 -20.6667
1774 -20.6667
1775 -20.6667
1776 -20.6667
1777 -20.6667
1778 -20.6667
1779 -20.6667
1780 -20.6667
1781 -20.6667
1782 -20.6667
1783 -20.6667
1784 -20.6667
1785 -20.6667
1786 -20.6667
1787 -20.6667
1788 -20.6667
1789 -20.6667
1790 -20.6667
1791 -20.6667
1792 -20.6667
1793 -20.6667
1794 -20.6667
1795 -20.6667
1796 -20.6667
1797 -20.6667
1798 -20.6667
1799 -20.6667
1800 -20.6667
1801 -20.6667
1802 -20.6667
1803 -20.6667
1804 -20.6667
1805 -20.6667
1806 -20.6667
1807 -20.6667
1808 -20.6667
1809 -20.6667
1810 -20.6667
1811 -20.6667
1812 -20.6667
1813 -20.6667
1814 -20.6667
1815 -20.6667
1816 -20.6667
1817 -20.6667
1818 -20.6667
1819 -20.6667
1820 -20.6667
1821 -20.6667
1822 -20.6667
1823 -20.6667
1824 -20.6667
1825 -20.6667
1826 -20.6667
1827 -20.6667
1828 -20.6667
1829 -20.6667
1830 -20.6667
1831 -20.6667
1832 -20.6667
1833 -20.6667
1834 -20.6667
1835 -20.6667
1836 -20.6667
1837 -20.6756
1838 -20.6756
1839 -20.6756
1840 -20.6756
1841 -20.6756
1842 -20.6756
1843 -20.6756
1844 -20.6896
1845 -20.6896
1846 -20.6896
1847 -20.6896
1848 -20.6896
1849 -20.6896
1850 -20.6896
1851 -20.6896
1852 -20.6896
1853 -20.6896
1854 -20.6896
1855 -20.6896
1856 -20.6896
1857 -20.6896
1858 -20.6896
1859 -20.6896
1860 -20.6896
1861 -20.6896
1862 -20.6896
1863 -20.6896
1864 -20.6896
1865 -20.6896
1866 -20.6896
1867 -20.6896
1868 -20.6896
1869 -20.6896
1870 -20.6896
1871 -20.6896
1872 -20.756
1873 -20.756
1874 -20.756
1875 -20.7861
1876 -20.7861
1877 -20.7861
1878 -20.7861
1879 -20.7861
1880 -20.7861
1881 -20.7861
1882 -20.7861
1883 -20.7861
1884 -20.7861
1885 -20.7861
1886 -20.7861
1887 -20.7861
1888 -20.7861
1889 -20.7861
1890 -20.7861
1891 -20.7861
1892 -20.7861
1893 -20.7861
1894 -20.7861
1895 -20.7861
1896 -20.7861
1897 -20.7861
1898 -20.7861
1899 -20.7861
1900 -20.7861
1901 -20.7861
1902 -20.7861
1903 -20.7861
1904 -20.7861
1905 -20.7861
1906 -20.7861
1907 -20.7861
1908 -20.7861
1909 -20.7861
1910 -20.7861
1911 -20.7861
1912 -20.7861
1913 -20.7861
1914 -20.7969
1915 -20.7969
1916 -20.7969
1917 -20.7969
1918 -20.7969
1919 -20.7969
1920 -20.7969
1921 -20.7969
1922 -20.7969
1923 -20.7969
1924 -20.7969
1925 -20.7969
1926 -20.7969
1927 -20.7969
1928 -20.7969
1929 -20.7969
1930 -20.7969
1931 -20.7969
1932 -20.7969
1933 -20.7969
1934 -20.7969
1935 -20.7969
1936 -20.7969
1937 -20.7969
1938 -20.7969
1939 -20.7969
1940 -20.7969
1941 -20.7989
1942 -20.7989
1943 -20.7989
1944 -20.7989
1945 -20.7989
1946 -20.7989
1947 -20.7989
1948 -20.7989
1949 -20.7989
1950 -20.7989
1951 -20.7989
1952 -20.7989
1953 -20.7989
1954 -20.7989
1955 -20.7989
1956 -20.7989
1957 -20.7989
1958 -20.7989
1959 -20.7989
1960 -20.7989
1961 -20.7989
1962 -20.7989
1963 -20.7989
1964 -20.7989
1965 -20.7989
1966 -20.7989
1967 -20.7989
1968 -20.7989
1969 -20.7989
1970 -20.7989
1971 -20.7989
1972 -20.7989
1973 -20.7989
1974 -20.7989
1975 -20.7989
1976 -20.7989
1977 -20.7989
1978 -20.7989
1979 -20.7989
1980 -20.7989
1981 -20.7989
1982 -20.7989
1983 -20.7989
1984 -20.7989
1985 -20.7989
1986 -20.7989
1987 -20.7989
1988 -20.7989
1989 -20.7989
1990 -20.7989
1991 -20.7989
1992 -20.7989
1993 -20.7989
1994 -20.7989
1995 -20.7989
1996 -20.7989
1997 -20.7989
1998 -20.7989
1999 -20.7989
2000 -20.7989
2001 -20.7989
2002 -20.7989
2003 -20.7989
2004 -20.8039
2005 -20.8039
2006 -20.8039
2007 -20.8039
2008 -20.8039
2009 -20.8039
2010 -20.8039
2011 -20.8039
2012 -20.8039
2013 -20.8039
2014 -20.8039
2015 -20.8039
2016 -20.8039
2017 -20.8039
2018 -20.8039
2019 -20.8039
2020 -20.8039
2021 -20.8039
2022 -20.8039
2023 -20.8039
2024 -20.8039
2025 -20.8039
2026 -20.8039
2027 -20.8039
2028 -20.8039
2029 -20.8039
2030 -20.8039
2031 -20.8039
2032 -20.8039
2033 -20.8039
2034 -20.8039
2035 -20.8039
2036 -20.8039
2037 -20.8039
2038 -20.8039
2039 -20.8039
2040 -20.8039
2041 -20.8039
2042 -20.8039
2043 -20.8039
2044 -20.8039
2045 -20.8039
2046 -20.8039
2047 -20.8039
2048 -20.8039
2049 -20.8039
2050 -20.8039
2051 -20.8039
2052 -20.8039
2053 -20.8039
2054 -20.8039
2055 -20.8039
2056 -20.8145
2057 -20.8145
2058 -20.8145
2059 -20.8145
2060 -20.8145
2061 -20.8145
2062 -20.8145
2063 -20.8145
2064 -20.8145
2065 -20.8145
2066 -20.8145
2067 -20.8145
2068 -20.8145
2069 -20.8145
2070 -20.8145
2071 -20.8145
2072 -20.8145
2073 -20.8145
2074 -20.8145
2075 -20.8145
2076 -20.8145
2077 -20.8145
2078 -20.8145
2079 -20.8145
2080 -20.8145
2081 -20.8145
2082 -20.8145
2083 -20.8145
2084 -20.8145
2085 -20.8145
2086 -20.8145
2087 -20.8145
2088 -20.8145
2089 -20.8145
2090 -20.8145
2091 -20.8145
2092 -20.8145
2093 -20.8145
2094 -20.8145
2095 -20.8145
2096 -20.8145
2097 -20.8145
2098 -20.8145
2099 -20.8145
2100 -20.8145
2101 -20.8145
2102 -20.8145
2103 -20.8145
2104 -20.8145
2105 -20.8145
2106 -20.8145
2107 -20.8145
2108 -20.8145
2109 -20.8145
2110 -20.8145
2111 -20.8145
2112 -20.8145
2113 -20.8145
2114 -20.8145
2115 -20.8145
2116 -20.8145
2117 -20.8145
2118 -20.8145
2119 -20.8145
2120 -20.8145
2121 -20.8145
2122 -20.8145
2123 -20.8145
2124 -20.8145
2125 -20.8145
2126 -20.8145
2127 -20.8145
2128 -20.8145
2129 -20.8145
2130 -20.8145
2131 -20.8145
2132 -20.8145
2133 -20.8145
2134 -20.8145
2135 -20.8145
2136 -20.8145
2137 -20.8145
2138 -20.8145
2139 -20.8145
2140 -20.8145
2141 -20.8145
2142 -20.8145
2143 -20.8145
2144 -20.8145
2145 -20.8145
2146 -20.8145
2147 -20.8145
2148 -20.8145
2149 -20.8145
2150 -20.8145
2151 -20.8145
2152 -20.8145
2153 -20.8145
2154 -20.8145
2155 -20.8145
2156 -20.8145
2157 -20.8145
2158 -20.8145
2159 -20.8145
2160 -20.8145
2161 -20.8145
2162 -20.8145
2163 -20.8145
2164 -20.8145
2165 -20.8145
2166 -20.8145
2167 -20.8145
2168 -20.8145
2169 -20.8145
2170 -20.8145
2171 -20.8145
2172 -20.8145
2173 -20.8145
2174 -20.8145
2175 -20.8145
2176 -20.8145
2177 -20.8145
2178 -20.8145
2179 -20.8145
2180 -20.8145
2181 -20.8145
2182 -20.8145
2183 -20.8145
2184 -20.8145
2185 -20.8145
2186 -20.8145
2187 -20.8145
2188 -20.8145
2189 -20.8145
2190 -20.82
2191 -20.82
2192 -20.82
2193 -20.82
2194 -20.82
2195 -20.82
2196 -20.82
2197 -20.82
2198 -20.82
2199 -20.82
2200 -20.82
2201 -20.82
2202 -20.82
2203 -20.82
2204 -20.82
2205 -20.82
2206 -20.82
2207 -20.82
2208 -20.82
2209 -20.82
2210 -20.82
2211 -20.82
2212 -20.82
2213 -20.82
2214 -20.82
2215 -20.82
2216 -20.82
2217 -20.82
2218 -20.82
2219 -20.82
2220 -20.82
2221 -20.82
2222 -20.82
2223 -20.82
2224 -20.82
2225 -20.82
2226 -20.82
2227 -20.82
2228 -20.82
2229 -20.82
2230 -20.82
2231 -20.82
2232 -20.82
2233 -20.82
2234 -20.82
2235 -20.82
2236 -20.82
2237 -20.82
2238 -20.82
2239 -20.82
2240 -20.82
2241 -20.82
2242 -20.82
2243 -20.82
2244 -20.82
2245 -20.82
2246 -20.82
2247 -20.82
2248 -20.82
2249 -20.82
2250 -20.82
2251 -20.82
2252 -20.82
2253 -20.82
2254 -20.82
2255 -20.82
2256 -20.82
2257 -20.82
2258 -20.82
2259 -20.82
2260 -20.82
2261 -20.82
2262 -20.82
2263 -20.82
2264 -20.82
2265 -20.82
2266 -20.82
2267 -20.8398
2268 -20.8398
2269 -20.8398
2270 -20.8398
2271 -20.8398
2272 -20.8398
2273 -20.8398
2274 -20.8398
2275 -20.8398
2276 -20.8398
2277 -20.8398
2278 -20.8398
2279 -20.8398
2280 -20.8398
2281 -20.8398
2282 -20.8398
2283 -20.8398
2284 -20.8398
2285 -20.8398
2286 -20.8398
2287 -20.8398
2288 -20.8398
2289 -20.8398
2290 -20.8398
2291 -20.8398
2292 -20.8398
2293 -20.8398
2294 -20.8398
2295 -20.8398
2296 -20.8398
2297 -20.8398
2298 -20.8398
2299 -20.8398
2300 -20.8398
2301 -20.8398
2302 -20.8398
2303 -20.8398
2304 -20.8398
2305 -20.8398
2306 -20.8398
2307 -20.8398
2308 -20.8398
2309 -20.8398
2310 -20.8398
2311 -20.8398
2312 -20.8398
2313 -20.8398
2314 -20.8398
2315 -20.8398
2316 -20.8398
2317 -20.8398
2318 -20.8398
2319 -20.8398
2320 -20.8398
2321 -20.8398
2322 -20.8398
2323 -20.8398
2324 -20.8398
2325 -20.8398
2326 -20.8398
2327 -20.8398
2328 -20.8398
2329 -20.8398
2330 -20.8398
2331 -20.8398
2332 -20.8398
2333 -20.8398
2334 -20.8398
2335 -20.8398
2336 -20.8398
2337 -20.8398
2338 -20.8398
2339 -20.8398
2340 -20.8398
2341 -20.8398
2342 -20.8398
2343 -20.8398
2344 -20.8398
2345 -20.8398
2346 -20.8398
2347 -20.8398
2348 -20.8398
2349 -20.8413
2350 -20.8413
2351 -20.8413
2352 -20.8413
2353 -20.8413
2354 -20.8413
2355 -20.8413
2356 -20.8413
2357 -20.8413
2358 -20.8413
2359 -20.8413
2360 -20.8413
2361 -20.8413
2362 -20.8413
2363 -20.8413
2364 -20.8413
2365 -20.8413
2366 -20.8413
2367 -20.8413
2368 -20.8413
2369 -20.8413
2370 -20.8413
2371 -20.8413
2372 -20.8413
2373 -20.8413
2374 -20.8413
2375 -20.8413
2376 -20.8413
2377 -20.8413
2378 -20.8413
2379 -20.8413
2380 -20.8413
2381 -20.8413
2382 -20.8413
2383 -20.8413
2384 -20.8413
2385 -20.8413
2386 -20.8413
2387 -20.8413
2388 -20.8413
2389 -20.8413
2390 -20.8413
2391 -20.8413
2392 -20.8413
2393 -20.8413
2394 -20.8413
2395 -20.8413
2396 -20.8413
2397 -20.8413
2398 -20.8413
2399 -20.8413
2400 -20.8413
2401 -20.8413
2402 -20.8413
2403 -20.8413
2404 -20.8413
2405 -20.8413
2406 -20.8413
2407 -20.8413
2408 -20.8413
2409 -20.8413
2410 -20.8413
2411 -20.8413
2412 -20.8413
2413 -20.8413
2414 -20.8413
2415 -20.8413
2416 -20.8413
2417 -20.8413
2418 -20.8413
2419 -20.8413
2420 -20.8413
2421 -20.8413
2422 -20.8413
2423 -20.8413
2424 -20.8413
2425 -20.8413
2426 -20.8413
2427 -20.8413
2428 -20.8413
2429 -20.8413
2430 -20.8413
2431 -20.8413
2432 -20.8413
2433 -20.8413
2434 -20.8413
2435 -20.8413
2436 -20.8413
2437 -20.8413
2438 -20.8413
2439 -20.8413
2440 -20.8413
2441 -20.8413
2442 -20.8413
2443 -20.8413
2444 -20.8413
2445 -20.8413
2446 -20.8413
2447 -20.8413
2448 -20.8413
2449 -20.8413
2450 -20.8413
2451 -20.8413
2452 -20.8413
2453 -20.8413
2454 -20.8413
2455 -20.8413
2456 -20.8413
2457 -20.8413
2458 -20.8413
2459 -20.8413
2460 -20.8413
2461 -20.8413
2462 -20.8413
2463 -20.8413
2464 -20.8413
2465 -20.8413
2466 -20.8413
2467 -20.8413
2468 -20.8413
2469 -20.8413
2470 -20.8413
2471 -20.8413
2472 -20.8413
2473 -20.8413
2474 -20.8413
2475 -20.8413
2476 -20.8413
2477 -20.8413
2478 -20.8413
2479 -20.8413
2480 -20.8413
2481 -20.8413
2482 -20.8413
2483 -20.8413
2484 -20.8413
2485 -20.8413
2486 -20.8413
2487 -20.8413
2488 -20.8413
2489 -20.8413
2490 -20.8413
2491 -20.8413
2492 -20.8413
2493 -20.8413
2494 -20.8413
2495 -20.8413
2496 -20.8413
2497 -20.8413
2498 -20.8413
2499 -20.8413
2500 -20.8413
2501 -20.8413
2502 -20.8413
2503 -20.8413
2504 -20.8413
2505 -20.8413
2506 -20.8413
2507 -20.8413
2508 -20.8413
2509 -20.8413
2510 -20.8413
2511 -20.8413
2512 -20.8413
2513 -20.8413
2514 -20.8413
2515 -20.8413
2516 -20.8413
2517 -20.8413
2518 -20.8413
2519 -20.8413
2520 -20.8413
2521 -20.8413
2522 -20.8413
2523 -20.8413
2524 -20.8413
2525 -20.8413
2526 -20.8413
2527 -20.8413
2528 -20.8413
2529 -20.8413
2530 -20.8413
2531 -20.8413
2532 -20.8413
2533 -20.8413
2534 -20.8413
2535 -20.8413
2536 -20.8413
2537 -20.8413
2538 -20.8413
2539 -20.8413
2540 -20.8413
2541 -20.8413
2542 -20.8413
2543 -20.8413
2544 -20.8413
2545 -20.8413
2546 -20.8413
2547 -20.8413
2548 -20.8413
2549 -20.8413
2550 -20.8413
2551 -20.8413
2552 -20.8413
2553 -20.8413
2554 -20.8413
2555 -20.8413
2556 -20.8413
2557 -20.8413
2558 -20.8413
2559 -20.8413
2560 -20.8413
2561 -20.8413
2562 -20.8413
2563 -20.8413
2564 -20.8413
2565 -20.8413
2566 -20.8413
2567 -20.8413
2568 -20.8413
2569 -20.8413
2570 -20.8413
2571 -20.8413
2572 -20.8413
2573 -20.8413
2574 -20.8413
2575 -20.8413
2576 -20.8413
2577 -20.8413
2578 -20.8413
2579 -20.8413
2580 -20.8413
2581 -20.8413
2582 -20.8413
2583 -20.8413
2584 -20.8413
2585 -20.8413
2586 -20.8413
2587 -20.8413
2588 -20.8413
2589 -20.8413
2590 -20.8413
2591 -20.8413
2592 -20.8413
2593 -20.8413
2594 -20.8413
2595 -20.8413
2596 -20.8413
2597 -20.8413
2598 -20.8413
2599 -20.8413
2600 -20.8413
2601 -20.8413
2602 -20.8413
2603 -20.8413
2604 -20.8413
2605 -20.8413
2606 -20.8413
2607 -20.8413
2608 -20.8413
2609 -20.8413
2610 -20.8413
2611 -20.8413
2612 -20.8413
2613 -20.8413
2614 -20.8413
2615 -20.8413
2616 -20.8413
2617 -20.8413
2618 -20.8413
2619 -20.8413
2620 -20.8413
2621 -20.8413
2622 -20.8413
2623 -20.8413
2624 -20.8413
2625 -20.8413
2626 -20.8413
2627 -20.8413
2628 -20.8413
2629 -20.8413
2630 -20.8413
2631 -20.8413
2632 -20.8413
2633 -20.8413
2634 -20.8413
2635 -20.8413
2636 -20.8413
2637 -20.8413
2638 -20.8413
2639 -20.8413
2640 -20.8413
2641 -20.8413
2642 -20.8413
2643 -20.8413
2644 -20.8413
2645 -20.8413
2646 -20.8413
2647 -20.8413
2648 -20.8413
2649 -20.8413
2650 -20.8413
2651 -20.8413
2652 -20.8413
2653 -20.8413
2654 -20.8413
2655 -20.8413
2656 -20.8413
2657 -20.8413
2658 -20.8413
2659 -20.8597
2660 -20.8597
2661 -20.8597
2662 -20.8597
2663 -20.8597
2664 -20.8597
2665 -20.8597
2666 -20.8597
2667 -20.8597
2668 -20.8597
2669 -20.8597
2670 -20.8597
2671 -20.8597
2672 -20.8597
2673 -20.8597
2674 -20.8597
2675 -20.8597
2676 -20.8597
2677 -20.8597
2678 -20.8597
2679 -20.8597
2680 -20.8597
2681 -20.8597
2682 -20.8597
2683 -20.8597
2684 -20.8597
2685 -20.8597
2686 -20.8597
2687 -20.8597
2688 -20.8597
2689 -20.8597
2690 -20.8597
2691 -20.8597
2692 -20.8597
2693 -20.8597
2694 -20.8597
2695 -20.8597
2696 -20.8597
2697 -20.8597
2698 -20.8597
2699 -20.8597
2700 -20.8597
2701 -20.8597
2702 -20.8597
2703 -20.8597
2704 -20.8597
2705 -20.8597
2706 -20.8597
2707 -20.8597
2708 -20.8597
2709 -20.8597
2710 -20.8597
2711 -20.8597
2712 -20.8597
2713 -20.8597
2714 -20.8597
2715 -20.8597
2716 -20.8597
2717 -20.8597
2718 -20.8597
2719 -20.8597
2720 -20.8597
2721 -20.8597
2722 -20.8597
2723 -20.8597
2724 -20.8597
2725 -20.8597
2726 -20.8597
2727 -20.8597
2728 -20.8597
2729 -20.8597
2730 -20.8597
2731 -20.8597
2732 -20.8597
2733 -20.8597
2734 -20.8597
2735 -20.8597
2736 -20.8597
2737 -20.8597
2738 -20.8597
2739 -20.8597
2740 -20.8597
2741 -20.8597
2742 -20.8597
2743 -20.8597
2744 -20.8597
2745 -20.8597
2746 -20.8597
2747 -20.8617
2748 -20.8617
2749 -20.8617
2750 -20.8617
2751 -20.8617
2752 -20.8617
2753 -20.8617
2754 -20.8617
2755 -20.8617
2756 -20.8617
2757 -20.8617
2758 -20.8617
2759 -20.8617
2760 -20.8617
2761 -20.8617
2762 -20.8617
2763 -20.8617
2764 -20.8617
2765 -20.8617
2766 -20.8617
2767 -20.8617
2768 -20.8617
2769 -20.8617
2770 -20.8617
2771 -20.8617
2772 -20.8617
2773 -20.8617
2774 -20.8617
2775 -20.8617
2776 -20.8617
2777 -20.8617
2778 -20.8617
2779 -20.8617
2780 -20.8617
2781 -20.8617
2782 -20.8617
2783 -20.8675
2784 -20.8719
2785 -20.8719
2786 -20.8719
2787 -20.8719
2788 -20.8719
2789 -20.8719
2790 -20.8719
2791 -20.8719
2792 -20.8719
2793 -20.8719
2794 -20.8719
2795 -20.8719
2796 -20.8719
2797 -20.8719
2798 -20.8719
2799 -20.8719
2800 -20.8719
2801 -20.8719
2802 -20.8719
2803 -20.8719
2804 -20.8719
2805 -20.8719
2806 -20.8719
2807 -20.8719
2808 -20.8719
2809 -20.8719
2810 -20.8719
2811 -20.8719
2812 -20.8719
2813 -20.8719
2814 -20.8719
2815 -20.8719
2816 -20.8719
2817 -20.8719
2818 -20.8719
2819 -20.8719
2820 -20.8719
2821 -20.8719
2822 -20.8719
2823 -20.8719
2824 -20.8719
2825 -20.8719
2826 -20.8719
2827 -20.8719
2828 -20.8719
2829 -20.8719
2830 -20.8719
2831 -20.8719
2832 -20.8719
2833 -20.8719
2834 -20.8719
2835 -20.8719
2836 -20.8719
2837 -20.8719
2838 -20.8719
2839 -20.8719
2840 -20.8719
2841 -20.8719
2842 -20.8719
2843 -20.8719
2844 -20.8719
2845 -20.8719
2846 -20.8719
2847 -20.8719
2848 -20.8719
2849 -20.8719
2850 -20.8719
2851 -20.8719
2852 -20.8719
2853 -20.8719
2854 -20.8719
2855 -20.8719
2856 -20.8719
2857 -20.8719
2858 -20.8719
2859 -20.8719
2860 -20.8719
2861 -20.8719
2862 -20.8719
2863 -20.8719
2864 -20.8719
2865 -20.8719
2866 -20.8719
2867 -20.8719
2868 -20.8719
2869 -20.8719
2870 -20.8719
2871 -20.8719
2872 -20.8719
2873 -20.8719
2874 -20.8719
2875 -20.8719
2876 -20.8719
2877 -20.8719
2878 -20.8719
2879 -20.8719
2880 -20.8719
2881 -20.8719
2882 -20.8719
2883 -20.8719
2884 -20.8719
2885 -20.8719
2886 -20.8719
2887 -20.8719
2888 -20.8719
2889 -20.8719
2890 -20.8719
2891 -20.8719
2892 -20.8719
2893 -20.8719
2894 -20.8719
2895 -20.8719
2896 -20.8719
2897 -20.8719
2898 -20.8719
2899 -20.8719
2900 -20.8719
2901 -20.8719
2902 -20.8719
2903 -20.8719
2904 -20.8719
2905 -20.8719
2906 -20.8719
2907 -20.8719
2908 -20.8719
2909 -20.8719
2910 -20.8719
2911 -20.8719
2912 -20.8719
2913 -20.8719
2914 -20.8719
2915 -20.8719
2916 -20.8719
2917 -20.8719
2918 -20.8719
2919 -20.8719
2920 -20.8719
2921 -20.8719
2922 -20.8719
2923 -20.8719
2924 -20.8719
2925 -20.8719
2926 -20.8719
2927 -20.8719
2928 -20.8719
2929 -20.8719
2930 -20.8719
2931 -20.8719
2932 -20.8719
2933 -20.8719
2934 -20.8719
2935 -20.8719
2936 -20.8719
2937 -20.8719
2938 -20.8719
2939 -20.8719
2940 -20.8719
2941 -20.8719
2942 -20.8719
2943 -20.8719
2944 -20.8719
2945 -20.8719
2946 -20.8719
2947 -20.8719
2948 -20.8719
2949 -20.8719
2950 -20.8719
2951 -20.8719
2952 -20.8719
2953 -20.8719
2954 -20.8719
2955 -20.8719
2956 -20.8719
2957 -20.8719
2958 -20.8719
2959 -20.8719
2960 -20.8719
2961 -20.8719
2962 -20.8719
2963 -20.8719
2964 -20.8719
2965 -20.8719
2966 -20.8719
2967 -20.8719
2968 -20.8719
2969 -20.8719
2970 -20.8719
2971 -20.8719
2972 -20.8719
2973 -20.8719
2974 -20.8719
2975 -20.8719
2976 -20.8719
2977 -20.8719
2978 -20.8719
2979 -20.8719
2980 -20.8719
2981 -20.8719
2982 -20.8719
2983 -20.8719
2984 -20.8719
2985 -20.8719
2986 -20.8719
2987 -20.8719
2988 -20.8719
2989 -20.8719
2990 -20.8719
2991 -20.8719
2992 -20.8719
2993 -20.8719
2994 -20.8719
2995 -20.8719
2996 -20.8719
2997 -20.8719
2998 -20.8719
2999 -20.8719
