6.12323e-17 1 0 
1.00005 2.54515e-17 0 
3.7494e-33 6.12323e-17 1 
6.12323e-17 4.86994e-35 1 
5.25622e-17 3.14119e-17 1.00001 
0.928485 0.300129 0.218717 
0.0337545 0.784916 0.618682 
0.390147 0.69199 0.607401 
0.911716 0.356255 0.20459 
0.521828 0.459258 0.718873 
0.513546 0.754953 0.407819 
0.0506633 0.849691 0.524843 
0.332977 0.406129 0.850991 
0.635676 0.342205 0.691963 
0.412297 0.286353 0.864878 
0.0736147 0.937122 0.34115 
0.761226 0.647636 0.0332265 
0.742935 0.0710062 0.665586 
0.217601 0.741604 0.634567 
0.791683 0.594334 0.141444 
0.472007 0.394911 0.788197 
0.957922 0.0208146 0.286275 
0.153019 0.581409 0.799092 
0.128886 0.983524 0.126762 
0.970643 0.033985 0.23811 
0.903336 0.236458 0.357916 
0.383492 0.383492 0.840159 
0.596655 0.774637 0.209621 
0.422562 0.905196 0.0454203 
0.0195994 0.196274 0.980353 
0.614504 0.124502 0.779028 
0.810024 0.521029 0.269055 
0.827188 0.553515 0.096875 
0.239544 0.102199 0.965492 
0.483314 0.446233 0.753183 
0.750258 0.610213 0.254465 
0.300303 0.563996 0.769238 
0.585406 0.668656 0.458474 
0.653281 0.270598 0.707107 
0.971147 0.157391 0.179171 
0.69365 0.137296 0.707107 
0.948256 0.254767 0.189486 
0.27845 0.792562 0.542504 
0.344827 0.23421 0.908977 
0.855997 0.151063 0.494418 
0.117522 0.0484363 0.991888 
0.402414 0.912759 0.0702379 
0.448685 0.678429 0.581735 
0.505681 0.634451 0.584601 
0.891128 0.310871 0.33053 
0.645806 0.474476 0.598171 
0.250927 0.953421 0.167403 
0.141501 0.417383 0.897647 
0.31758 0.0876641 0.944171 
0.289617 0.824346 0.48639 
0.871562 0.207905 0.444021 
0.213254 0.434157 0.875232 
0.306579 0.00987151 0.951794 
0.164171 0.892278 0.42058 
0.877947 0.370017 0.303803 
0.356552 0.148975 0.922322 
0.0429632 0.99905 0.00729297 
0.193131 0.861184 0.470172 
0.535839 0.333338 0.775733 
0.52504 0.730338 0.436967 
0.552036 0.485845 0.677651 
0.101857 0.967792 0.230226 
0.680489 0.259522 0.685261 
0.372221 0.883931 0.28305 
0.722759 0.61576 0.313783 
0.438298 0.623259 0.647644 
0.983644 0.178652 0.0229612 
0.0597668 0.760836 0.646186 
0.365407 0.928182 0.0837376 
0.081502 0.816182 0.572018 
0.496976 0.323038 0.805395 
0.261744 0.626229 0.734389 
0.795744 0.219656 0.564396 
0.805588 0.445285 0.390831 
0.623865 0.54716 0.55804 
0.730887 0.574796 0.367986 
0.339722 0.0937762 0.935839 
0.772562 0.213257 0.598055 
0.360299 0.65947 0.65976 
0.889505 0.245538 0.385346 
0.180504 0.714551 0.675895 
0.843253 0.517064 0.146865 
0.0673415 0.505378 0.860266 
0.78374 0.427904 0.450166 
0.187983 0.422148 0.886822 
0.281982 0.953082 0.110099 
0.172285 0.842166 0.510954 
0.707653 0.706561 0 
0.229902 0.971518 0.0574205 
0.226652 0.920705 0.317696 
0.10748 0.988535 0.106052 
0.992243 0.0131046 0.123619 
0.270148 0.494463 0.826152 
0.177023 0.172579 0.968958 
0.570341 0.119229 0.812709 
0.564332 0.706314 0.427377 
0.660471 0.734901 0.153943 
0.570021 0.805391 0.162547 
0.673091 0.0577581 0.737301 
0.478552 0.875913 0.0613625 
0.00941783 0.141981 0.989825 
0.557386 0.0833593 0.826058 
0.204955 0.498995 0.84202 
0.45745 0.83729 0.299474 
0.0903283 0.85825 0.50522 
0.0941766 0.830798 0.548549 
0.669863 0.570695 0.474965 
0.588017 0.316675 0.74428 
0.81926 0.532525 0.212672 
0.941098 0.337278 0.0240342 
0.420596 0.113001 0.900183 
0.837692 0.542102 0.0663156 
0.75773 0.533745 0.375448 
0.0773142 0.184433 0.9798 
0.366676 0.89664 0.248165 
