3.75065e-33 6.12527e-17 1.00033 
1.00411 0 0 
6.31199e-17 0 1.03083 
6.27175e-17 1.02425 0 
0.895026 0.392862 0.259918 
0.558853 0.734221 0.397451 
0.671222 0.751242 0.00586011 
0.0641845 0.925587 0.378112 
0.459406 0.835718 0.314111 
0.385677 0.09243 0.921096 
0.86655 0.51532 0.0349649 
0.343242 0.699113 0.650542 
0.198831 0.550234 0.8258 
0.0499704 0.360714 0.934513 
0.0205787 0.857643 0.517326 
0.715162 0.628276 0.362137 
0.705169 0.0497855 0.723624 
0.943269 0.230386 0.253689 
0.91531 0.338596 0.22897 
0.537297 0.136834 0.836465 
0.693946 0.407219 0.598222 
0.838822 0.465024 0.297977 
0.546683 0.110334 0.833063 
0.926676 0.376051 0.114621 
0.474645 0.121032 0.882691 
0.29855 0.712094 0.640246 
0.803467 0.484617 0.368869 
0.0742953 0.907243 0.434859 
0.434592 0.812376 0.421055 
0.212948 0.441363 0.873678 
0.244839 0.961768 0.129383 
0.514042 0.0786755 0.858012 
0.839743 0.0279381 0.554435 
0.308243 0.316059 0.903003 
0.759023 0.574336 0.324795 
0.569045 0.819109 0.113386 
0.32069 0.328821 0.89144 
0.356465 0.523778 0.791063 
0.141398 0.976523 0.20046 
0.0451147 0.655717 0.758754 
0.64545 0.721257 0.267502 
0.664304 0.590896 0.479714 
0.361277 0.205472 0.911358 
0.0211999 0.883532 0.471351 
0.686823 0.298423 0.68605 
0.501028 0.846524 0.195472 
0.745843 0.663425 0.143792 
0.375797 0.89634 0.244919 
0.856815 0.279696 0.443474 
0.0388185 0 1.00393 
0.833411 0.46045 0.332944 
0.720836 0.427557 0.583398 
0.237946 0.869193 0.462206 
0.73591 0.506934 0.454639 
0.31565 0.943687 0.15431 
0.333607 0.679488 0.675799 
0.699234 0.716965 0.0577306 
0.464995 0.640893 0.61566 
0.419779 0.744676 0.528645 
0.264106 0.252415 0.931802 
0.447582 0.496126 0.746445 
0.875832 0.485542 0.0739211 
0.528873 0.012686 0.854473 
0.597287 0.692628 0.40886 
0.587262 0.785769 0.208427 
0.275331 0.263143 0.925565 
0.72642 0.426276 0.542715 
0.401148 0.900703 0.187582 
0.778227 0.285887 0.566166 
0.481302 0.877095 0.0825858 
0.96901 0.269593 0.102539 
0.169242 0.579239 0.803097 
0.109742 0.185418 0.980095 
0.446641 0.446641 0.778896 
0.992158 0.0561277 0.138795 
0.406646 0.803277 0.443352 
0.604939 0.218134 0.768189 
0.524703 0.689355 0.508233 
0.631251 0.348423 0.701028 
0.490791 0.671794 0.57142 
0.0804564 0.192995 0.98472 
0.329503 0.382099 0.86397 
0.150563 0.99235 0.0945647 
0.73102 0.160445 0.664923 
0.818524 0.539418 0.233373 
0.635669 0.596937 0.490804 
0.228132 0.0349162 0.976192 
0.413284 0.77134 0.497978 
0.625005 0.308251 0.741229 
0.580288 0.166652 0.816569 
0.428839 0.564888 0.709893 
0.123155 0.293745 0.950989 
0.653277 0.305184 0.696489 
0.0929443 0.243019 0.972023 
0.609177 0.762817 0.219779 
0.0678515 0.986184 0.177532 
0.788565 0.0676288 0.615386 
0.252929 0.537535 0.806796 
0.106225 1.00024 0.0393542 
0.611815 0.529441 0.612623 
6.1491e-17 1.00422 0.283217 
0.220423 0.156064 0.965848 
0.368412 0.603449 0.715532 
0.823189 0.565052 0.16701 
0.131789 0.16885 0.977271 
0.985909 0.144075 0.0927101 
0.291606 0.949986 0.132474 
0.96378 0.167758 0.212309 
0.977217 0.149566 0.170491 
0.79517 0.609449 0.0713323 
0.178681 0.611542 0.775399 
0.286358 0.932889 0.230814 
0.769885 0.539085 0.344513 
0.18814 0.776904 0.62479 
0.101793 0.781161 0.624893 
0.122458 0.0187425 0.995475 
0.179836 0.240625 0.956822 
0.49401 0.413146 0.769305 
0.162517 0.0171581 0.987165 
0.620234 0.745198 0.280333 
