0.358312 0.933602 6.44498e-38 
5.37155e-17 2.93948e-17 1 
0.494165 0 0.869368 
3.7494e-33 6.12323e-17 1 
1 9.15777e-19 5.15598e-37 
6.12323e-17 1 1.289e-37 
0.2511 0.762596 0.596151 
0.0757565 0.986953 0.142074 
0.889091 0.426885 0.165619 
0.564214 0.814707 0.133849 
0.416729 0.32195 0.850109 
0.113499 0.904333 0.41146 
0.969691 0.100932 0.222512 
0.987983 0.112922 0.106022 
0.294106 0.365655 0.883062 
0.168154 0.374522 0.911843 
0.638548 0.591855 0.491899 
0.394786 0.918773 2.63986e-34 
0.920047 0.235276 0.313304 
0.06455 0.96951 0.236396 
0.129107 0.773961 0.619932 
0.545923 0.741334 0.390374 
0.347178 0.934907 0.0736001 
0.385163 0.872672 0.300154 
0.369428 0.677889 0.635915 
0.506635 0.861834 0.0237198 
0.570533 0.670067 0.474871 
0.314963 0.0173284 0.948946 
0.617287 0.44439 0.64921 
0.78559 0.413173 0.460583 
0.428354 0.826899 0.36435 
0.838262 0.32005 0.441458 
0.808126 0.581777 0.0920207 
0.52144 0.853216 0.0110796 
0.610346 0.0411209 0.791067 
0.147747 0.61436 0.775069 
0.932085 0.296298 0.208385 
0.827256 0.211548 0.520476 
0.875681 0.481479 0.0368965 
0.992308 0.0304578 0.119986 
0.591124 0.187911 0.784387 
0.913583 0.15049 0.377781 
0.455617 0.509621 0.729863 
0.684166 0.47438 0.553968 
0.447372 0.310675 0.838653 
0.818163 0.220393 0.531071 
0.19301 0.394227 0.898517 
0.271355 0.641178 0.717814 
0.767596 0.126442 0.628339 
0.229051 0.243575 0.942447 
0.053984 0.269804 0.961401 
0.657035 0.49131 0.571768 
0.465498 0.140695 0.873794 
0.275642 0.958918 0.0670695 
0.0228789 0.379208 0.925029 
0.660294 0.749281 0.0508799 
0.184723 0.533041 0.825678 
0.721529 0.553206 0.416364 
0.475505 0.691108 0.544303 
0.754949 0.637525 0.153671 
0.852221 0.448217 0.269854 
0.793637 0.332717 0.509352 
0.360968 0.725122 0.58643 
0.0979397 0.586581 0.803947 
0.307515 0.883602 0.353103 
0.105469 0.170418 0.979711 
0.610625 0.790081 0.0539343 
0.863557 0.387917 0.322165 
0.379576 0.735319 0.561451 
0.895169 0.202605 0.397018 
0.757613 0.60243 0.251199 
0.499605 0.842919 0.199706 
0.894468 0.28434 0.345077 
0.286372 0.926253 0.245044 
0.806892 0.56239 0.180671 
0.0884602 0.704829 0.70384 
0.712198 0.531438 0.458637 
0.12483 0.566335 0.814667 
0.440396 0.343748 0.82939 
0.789217 0.350986 0.50393 
0.0400687 0.66412 0.746551 
0.733293 0.619238 0.280758 
0.330367 0.297944 0.895593 
0.479365 0.54365 0.688951 
0.698008 0.572717 0.429861 
0.844817 0.500039 0.19038 
0.219328 0.0660967 0.97341 
0.734322 0.0254703 0.678323 
0.744371 0.117536 0.657341 
0.0586929 0.652386 0.755611 
0.954876 0.0770125 0.286847 
0.626332 0.468351 0.623181 
0.905035 0.259219 0.33722 
0.0118943 0.707007 0.707107 
0.137221 0.715396 0.685115 
0.159126 0.159126 0.97435 
0.940245 0.179 0.289651 
0.308456 0.889459 0.33722 
0.0300454 0.00720506 0.999523 
0.132841 0.95203 0.275668 
0.514834 0.384167 0.766395 
0.0465309 0.122623 0.991362 
0.948205 0.184358 0.258688 
0.77978 0.327152 0.533774 
0.868466 0.459598 0.185842 
0.529696 0.833338 0.158021 
0.235459 0.261676 0.935994 
0.591309 0.302515 0.747555 
0.535268 0.482735 0.693148 
0.431145 0.69532 0.575016 
0.248524 0.0595973 0.966791 
0.700521 0.522726 0.485827 
0.67053 0.518028 0.531071 
0.196543 0.656861 0.727946 
0.718886 0.205778 0.663972 
0.208593 0.0533419 0.976547 
0.962961 0.145332 0.227121 
0.35972 0.801076 0.479096 
0.495874 0.0490539 0.867008 
0.340222 0.0888397 0.936139 
