3.74943e-33 6.12329e-17 1.00001 
0.995024 0 0.110965 
4.12117e-17 4.63042e-17 1.01234 
6.12668e-17 1.00056 0 
1.02995 5.06336e-32 0 
0.725886 0.169678 0.673998 
1.00721 0.0265062 0 
0.992022 0.104374 0.0847816 
0.529228 0.791533 0.307056 
0.119853 0.866541 0.4939 
0.768299 0.640563 0.0136188 
0.945541 0.272269 0.189017 
0.29645 0.916194 0.288003 
0.504525 0.845664 0.17574 
0.642362 0.765147 0.0470843 
0.429505 0.589236 0.686419 
0.739402 0.323834 0.595934 
0.319463 0.283738 0.905017 
0.471986 0.855478 0.213914 
0.417074 0.896308 0.16021 
0.202301 0.737976 0.646572 
0.897127 0.432021 0.098687 
0.040759 0.535425 0.845235 
0.830112 0.147884 0.538822 
0.208631 0.75046 0.632622 
0.909893 0.262004 0.338478 
0.581924 0.343678 0.738458 
0.491017 0.0150366 0.873116 
0.844913 0.519276 0.136152 
0.786247 0.494047 0.373635 
0.251847 0.968199 0.0606572 
0.0251749 0.992725 0.1243 
0.162639 0.955862 0.257196 
0.0816662 0.313208 0.946675 
0.981448 0.184139 0.143593 
0.675399 0.723245 0.153984 
0.0995206 0.56008 0.824953 
0.798946 0.408316 0.447538 
0.217002 0.832251 0.511108 
0.132679 0.3781 0.916995 
0.194676 0.2043 0.959673 
0.881973 0.127008 0.462756 
0.231901 0.580916 0.783578 
0.934109 0.0578298 0.352301 
0.967938 0.251622 0.0379153 
0.871641 0.441817 0.223201 
0.479931 0.481487 0.76024 
0.373509 0.806814 0.482621 
0.0701082 0.878979 0.475545 
0.629348 0.573613 0.524341 
0.852331 0.523834 0.0187473 
0.814293 0.178867 0.552811 
0.639754 0.234708 0.732367 
0.177312 0.68003 0.717963 
0.44464 0.46662 0.764864 
0.153321 0.450101 0.880895 
0.559892 0.195944 0.819285 
0.926893 0.351262 0.166052 
0.404849 0.824593 0.402455 
0.795622 0.57203 0.201091 
0.166461 0.0713375 0.984297 
0.183499 0.134065 0.975607 
0.248698 0.459598 0.854439 
0.867412 0.042297 0.517448 
0.270033 0.421732 0.866547 
0.0057253 0.293306 0.957963 
0.312558 0.923612 0.275875 
0.0986487 0.945466 0.31869 
0.65286 0.473511 0.593 
0.236639 0.00523156 0.972033 
0.540867 0.716868 0.440262 
0.956453 0.0654017 0.313922 
0.335664 0.973716 0 
0.26449 0.78157 0.565927 
0.0225887 0.890745 0.454927 
0.563733 0.547101 0.621972 
0.38593 0.717354 0.583381 
0.124672 0.96374 0.236305 
0.607204 0.498166 0.65805 
0.664585 0.362823 0.653728 
0.668946 0.668946 0.327731 
0.703166 0.0966159 0.709772 
0.616559 0.243425 0.749372 
0.396723 0.502124 0.776155 
0.452164 0.706181 0.547 
0.860011 0.505242 0.103201 
0.917194 0.0803484 0.3934 
0.460049 0.783539 0.419478 
0.29917 0.88405 0.361521 
0.820191 0.386606 0.427262 
0.342171 0.632336 0.696543 
0.690531 0.61122 0.387328 
0.7541 0.652143 0.0987834 
0.584429 0.820372 0.0353097 
0.350099 0.393361 0.863922 
0.310549 0.149548 0.939489 
0.745017 0.621152 0.243562 
0.517367 0.815876 0.28159 
0.281583 0.369114 0.886695 
0.566421 0.676994 0.471892 
0.0298779 0.0882894 0.997013 
0.596885 0.0859538 0.803101 
3.71532e-17 0.606757 0.796379 
0.306934 0.224247 0.92659 
0.0559476 0.30326 0.951682 
0.614154 0.690045 0.412734 
0.142113 0.655737 0.747126 
0.383412 0.695132 0.609986 
0.718134 0.120409 0.68779 
0.512691 0.710271 0.504876 
0.282825 0.662256 0.697101 
0.364292 0.305411 0.894884 
0.697788 0.397958 0.611236 
0.260721 0.93783 0.24788 
0.0518239 0.932538 0.382277 
0.821716 0.11833 0.564283 
0.549518 0 0.837954 
0.376 0.0516629 0.93185 
0.361425 0.616344 0.708947 
0.912272 0.219194 0.377519 
