3.7494e-33 6.12323e-17 1 
6.12323e-17 1 0 
6.12325e-17 1.22242e-34 1 
1 2.55534e-16 0 
0.515286 0.603702 0.608296 
0.356974 0.0436718 0.933093 
0.826332 0.558599 0.0717161 
0.933642 0.0825833 0.348557 
0.185604 0.741539 0.644726 
0.814801 0.571776 0.0957676 
0.474628 0.535717 0.69838 
0.669576 0.109356 0.734649 
0.910635 0.364543 0.194555 
0.871293 0.140223 0.470304 
0.13242 0.585186 0.800014 
0.136253 0.281026 0.949979 
0.0552446 0.420464 0.905626 
0.303098 0.909399 0.284826 
0.0810392 0.0585255 0.994991 
0.414202 0.309537 0.855934 
0.507167 0.727174 0.462601 
0.856757 0.50489 0.105139 
0.698849 0.350365 0.623583 
0.210863 0.197909 0.957271 
0.808778 0.325921 0.489545 
0.154727 0.819782 0.551377 
0.224287 0.930375 0.289996 
0.577604 0.399045 0.712135 
0.980909 0.103589 0.165162 
0.383166 0.790292 0.478145 
0.0939586 0.835889 0.540797 
0.315609 0.615089 0.722535 
0.621615 0.130637 0.772353 
0.27179 0.680401 0.680576 
0.632518 0.762483 0.136165 
0.784608 0.461731 0.413757 
0.602875 0.771384 0.203739 
0.767227 0.477095 0.428653 
0.565649 0.590744 0.57538 
0.441866 0.119332 0.889109 
0.047671 0.653738 0.755218 
0.678768 0.66764 0.305828 
0.53087 0.238242 0.813276 
0.49316 0.809921 0.317522 
0.486087 0.69695 0.527237 
0.889161 0.431895 0.151191 
0.850944 0.160786 0.500043 
0.728469 0.153093 0.667754 
0.45787 0.684518 0.567266 
0.0162616 0.916676 0.399301 
0.149378 0.067037 0.986505 
0.348445 0.453729 0.820192 
0.266166 0.0314853 0.963413 
0.0704243 0.2221 0.972477 
0.244871 0.441385 0.86326 
0.613144 0.0969868 0.783995 
0.646524 0.753393 0.120025 
0.435791 0.301072 0.848199 
0.371671 0.86714 0.331554 
0.340225 0.936827 0.0812521 
0.74233 0.666966 0.064054 
0.92044 0.332631 0.205296 
0.280996 0.340276 0.897359 
0.55054 0.0115187 0.83473 
0.762117 0.633575 0.133266 
0.656337 0.470588 0.589719 
0.336775 0.857061 0.389909 
0.106992 0.801632 0.588166 
0.897864 0.380233 0.221951 
0.838287 0.545048 0.0140692 
0.199272 0.963754 0.177394 
0.294492 0.8763 0.381277 
0.801364 0.264796 0.536376 
0.954059 0.206653 0.216949 
0.0277945 0.491456 0.870459 
0.787318 0.143757 0.599554 
0.258188 0.291419 0.921094 
0.682546 0.713169 0.15975 
0.325864 0.832288 0.448453 
0.641173 0.732161 0.229866 
0.708451 0.482734 0.514844 
0.389718 0.882762 0.262396 
0.0379608 0.967504 0.249992 
0.405187 0.804485 0.434313 
0.999056 0.0203633 0.0383846 
0.170381 0.985233 0.016978 
0.946734 0.27193 0.172478 
0.118017 0.123312 0.985325 
0.596488 0.716464 0.361776 
0.175313 0.977072 0.121881 
0.747183 0.522896 0.41024 
0.561908 0.246438 0.789638 
0.289134 0.956708 0.0333488 
0.239885 0.897118 0.370991 
0.00866767 0.213611 0.97688 
0.4252 0.891403 0.156864 
0.962637 0.0190133 0.270128 
0.966923 0.233355 0.102985 
0.0452531 0.945353 0.323128 
0.579834 0.62389 0.523979 
0.316592 0.35734 0.87868 
0.642733 0.170989 0.746764 
0.237693 0.827902 0.508016 
0.367605 0.640231 0.674516 
0.542311 0.348904 0.764308 
0.37376 0.927172 0.0256028 
0.936031 0.252789 0.244833 
0.395155 0.639381 0.659579 
0.195213 0.525165 0.828308 
0.721287 0.690549 0.0537357 
0.163138 0.369528 0.914787 
0.470216 0.847575 0.245994 
0.0622396 0.384334 0.921094 
0.593067 0.513547 0.620113 
0.71577 0.258667 0.648663 
0.589908 0.79319 0.151191 
0.460641 0.186621 0.867745 
0.535908 0.0880659 0.839671 
0.0228383 0.403291 0.914787 
0.328118 0.177948 0.927725 
