1 5.02095e-18 0 
6.12323e-17 1 0 
6.12323e-17 7.68612e-35 1 
3.7494e-33 6.12323e-17 1 
5.99372e-17 1.25275e-17 1 
0.980703 0.0594421 0.186249 
0.456251 0.0682447 0.88723 
0.635546 0.653363 0.411337 
0.28693 0.871917 0.396778 
0.163648 0.961051 0.22271 
0.60482 0.777857 0.170679 
0.836971 0.3463 0.423741 
0.440299 0.818525 0.36899 
0.502118 0.860451 0.0866103 
0.401986 0.285005 0.870161 
0.354088 0.424892 0.83312 
0.817305 0.365698 0.445283 
0.860396 0.487278 0.149259 
0.875525 0.479312 0.0609596 
0.932321 0.148165 0.329886 
0.770647 0.0200773 0.636946 
0.569677 0.569677 0.592399 
0.0894593 0.953102 0.289125 
0.00619945 0.900495 0.434822 
0.739839 0.498658 0.451639 
0.102552 0.266539 0.958353 
0.750194 0.628378 0.205791 
0.806297 0.181006 0.570167 
0.379805 0.721542 0.578901 
0.14249 0.417825 0.897284 
0.622314 0.548024 0.558924 
0.846573 0.527643 0.0700463 
0.868588 0.463088 0.176363 
0.277459 0.5175 0.80945 
0.392773 0.587988 0.707107 
0.528366 0.218436 0.820436 
0.217688 0.0972922 0.971157 
0.247032 0.939046 0.239097 
0.892463 0.450324 0.0271486 
0.0464444 0.738918 0.672193 
0.335544 0.120463 0.93429 
0.614276 0.171735 0.770177 
0.112296 0.0500778 0.992412 
0.577672 0.436299 0.689883 
0.129939 0.370598 0.919659 
0.544267 0.667208 0.509806 
0.0773237 0.680577 0.728585 
0.65447 0.75203 0.0782297 
0.776947 0.321204 0.541462 
0.587789 0.163177 0.792387 
0.383518 0.91648 0.113925 
0.263188 0.686223 0.678108 
0.0639006 0.928936 0.364685 
0.923434 0.33152 0.193296 
0.0380405 0.989528 0.139241 
0.69945 0.641744 0.314539 
0.416764 0.839901 0.347669 
0.467782 0.0834684 0.879894 
0.331067 0.895807 0.29652 
0.682898 0.38109 0.623235 
0.794021 0.599702 0.0994371 
0.429283 0.492139 0.757308 
0.315646 0.883365 0.346459 
0.912385 0.406871 0.044826 
0.690026 0.0857714 0.718685 
0.586706 0.800414 0.122937 
0.941266 0.0461192 0.334502 
0.884664 0.0363894 0.464807 
0.727363 0.612831 0.308838 
0.903732 0.193935 0.38165 
0.474146 0.796763 0.37464 
0.0209315 0.313157 0.949471 
0.194018 0.980312 0.0366941 
0.714661 0.453095 0.532884 
0.346144 0.389115 0.853683 
0.710708 0.70176 0.0492626 
0.233981 0.355902 0.904758 
0.305013 0.608503 0.732592 
0.058544 0.851065 0.521787 
0.184186 0.973768 0.133611 
0.785869 0.228128 0.574776 
0.839443 0.240625 0.487273 
0.952881 0.303082 0.012655 
0.664265 0.254747 0.702749 
0.270686 0.00705208 0.962642 
0.960501 0.109189 0.25596 
0.48262 0.632967 0.605335 
0.19987 0.59178 0.780928 
0.518125 0.537101 0.665635 
0.256109 0.131038 0.957725 
0.48877 0.829217 0.271114 
0.226297 0.848237 0.478835 
0.554373 0.209325 0.805515 
0.172436 0.140143 0.975 
0.0507172 0.758782 0.649367 
0.151948 0.556462 0.816861 
0.592192 0.309887 0.743827 
0.319941 0.947291 0.016685 
0.794089 0.251238 0.553445 
0.510787 0.0272582 0.859275 
0.754659 0.291577 0.587769 
0.410511 0.911829 0.00689488 
0.701134 0.658712 0.272964 
0.291973 0.832731 0.470436 
0.964746 0.0251341 0.261979 
0.238027 0.957028 0.165653 
0.0679793 0.198516 0.977737 
0.521177 0.112536 0.845996 
0.762196 0.190474 0.618689 
0.543277 0.705224 0.455532 
0.122247 0.712543 0.690897 
0.674477 0.334857 0.657991 
0.840283 0.209989 0.499829 
0.64633 0.763058 0 
0.0278762 0.969808 0.242269 
0.205627 0.615419 0.760905 
0.0290572 0.335793 0.941488 
0.06781 0.398225 0.914778 
0.559996 0.559996 0.610581 
0.365019 0.619268 0.695175 
