3.00253e-17 5.34506e-17 1.00121 
1 7.23547e-18 0 
3.60325e-14 1 0 
6.12323e-17 2.76903e-35 1 
3.0942e-32 6.12323e-17 1 
0.700896 0.580949 0.413815 
0.327879 0.869055 0.370457 
0.348577 0.558693 0.752566 
0.501774 0.851784 0.150621 
0.524897 0.140451 0.839498 
0.823501 0.492402 0.28176 
0.747693 0.27148 0.606015 
0.65002 0.173932 0.739744 
0.772377 0.0669532 0.631626 
0.797934 0.512383 0.317434 
0.722754 0.65411 0.22463 
0.263695 0.764141 0.589176 
0.554101 0.813474 0.176728 
0.756142 0.0110098 0.654315 
0.297466 0.831673 0.468864 
0.053394 0.901121 0.430267 
0.569233 0.0493438 0.820694 
0.935581 0.120415 0.331947 
0.781096 0.594747 0.190171 
0.284312 0.521747 0.80433 
0.786916 0.616605 0.0236945 
0.24404 0.0782926 0.9666 
0.0930516 0.379543 0.920483 
0.990544 0.127739 0.0500755 
0.276496 0.161815 0.947294 
0.143904 0.924054 0.354141 
0.66849 0.417375 0.615564 
0.735484 0.665552 0.126901 
0.104345 0.699366 0.707107 
0.84726 0.197672 0.493027 
0.232321 0.887934 0.396988 
0.174974 0.970645 0.16506 
0.225619 0.752068 0.619265 
0.684665 0.23122 0.69121 
0.459342 0.405977 0.790056 
0.449252 0.151718 0.880428 
0.598621 0.350335 0.72036 
0.432077 0.571782 0.697406 
0.00200912 0.192417 0.981311 
0.427108 0.781607 0.454609 
0.0138312 0.957407 0.288411 
0.210148 0.541732 0.813858 
0.580574 0.307794 0.753788 
0.469267 0.677771 0.566053 
0.944616 0.319009 0.0770298 
0.358205 0.932918 0.0367957 
0.443794 0.603711 0.662254 
0.39635 0.842914 0.363873 
0.173142 0.661754 0.729455 
0.855346 0.470098 0.217696 
0.378412 0.914466 0.143372 
0.920318 0.333318 0.204729 
0.233845 0.893759 0.382768 
0.202428 0.940681 0.272291 
0.253936 0.440217 0.861235 
0.0387682 0.740683 0.670738 
0.638123 0.429808 0.638799 
0.535514 0.637694 0.553689 
0.0820211 0.526683 0.846095 
0.310148 0.340573 0.887592 
0.813386 0.280672 0.509536 
0.0591444 0.0984193 0.993386 
0.153091 0.846721 0.509536 
0.193807 0.947667 0.253704 
0.518794 0.849079 0.0995901 
0.603645 0.718825 0.344823 
0.835909 0.253763 0.486683 
0.215689 0.824368 0.523351 
0.0239787 0.81888 0.573464 
0.589028 0.801278 0.10488 
0.859075 0.507759 0.0645923 
0.563429 0.288969 0.77398 
0.480805 0.876785 0.00857994 
0.883378 0.399422 0.245165 
0.0433953 0.0253965 0.998735 
0.415616 0.456387 0.786749 
0.271241 0.105714 0.956689 
0.978324 0.0588157 0.198552 
0.869402 0.206549 0.448863 
0.875174 0.476437 0.0841372 
0.967269 0.253754 0 
0.898077 0.0406132 0.437959 
0.385827 0.914952 0.118322 
0.634968 0.769978 0.0628495 
0.807527 0.113949 0.578719 
0.624094 0.37183 0.687203 
0.17772 0.982945 0.0472773 
0.0669169 0.449702 0.890668 
0.60444 0.219466 0.765824 
0.896032 0.358657 0.261711 
0.4081 0.0872957 0.908754 
0.544087 0.647902 0.533097 
0.95132 0.0571922 0.302852 
0.487371 0.682695 0.544423 
0.541357 0.692516 0.476816 
0.115852 0.993091 0.0186827 
0.66474 0.241084 0.707107 
0.247944 0.791838 0.558143 
0.419386 0.262585 0.869002 
0.362136 0.211935 0.907712 
0.125733 0.480554 0.867905 
0.30493 0.182329 0.934759 
0.617575 0.396568 0.679217 
0.926579 0.292723 0.236144 
0.0680505 0.73406 0.675666 
0.186603 0.7132 0.675666 
0.731744 0.222141 0.644363 
0.489029 0.183705 0.852703 
0.658763 0.534111 0.529865 
0.912351 0.314822 0.261729 
0.952718 0.086345 0.29133 
0.695214 0.293761 0.656035 
0.368463 0.0375296 0.928884 
0.371784 0.627481 0.684138 
0.915715 0.386933 0.10839 
