6.12323e-17 1.60159e-38 1 
1.00016 6.85771e-17 0 
6.12334e-17 1.00002 0 
6.01538e-17 1.18028e-17 1.00112 
3.7494e-33 6.12323e-17 1 
0.857748 0.501487 0.113078 
0.518996 0.853507 0.0465809 
0.941575 0.215062 0.259201 
0.177434 0.810044 0.558879 
0.62242 0.122207 0.773084 
0.376078 0.903601 0.205113 
0.468654 0.478822 0.742357 
0.267834 0.300682 0.918429 
0.843809 0.455229 0.285197 
0.211623 0.620827 0.754844 
0.960882 0.275864 0.0245873 
0.657748 0.246738 0.71168 
0.547116 0.667503 0.505079 
0.326687 0.73196 0.597922 
0.0574587 0.56741 0.821428 
0.736059 0.0156386 0.676737 
0.401479 0.749087 0.526957 
0.760609 0.388498 0.520138 
0.772988 0.608141 0.180705 
0.936059 0.0337179 0.350224 
0.645659 0.645659 0.407737 
0.284511 0.0408869 0.9578 
0.345805 0.600945 0.720614 
0.609345 0.790441 0.0628532 
0.882604 0.324776 0.339899 
0.604367 0.698937 0.382397 
0.923436 0.31063 0.225334 
0.495428 0.149379 0.855709 
0.478359 0.876679 0.0736288 
0.54018 0.683826 0.490498 
0.898715 0.438408 0.0104869 
0.0473296 0.0822499 0.995487 
0.029792 0.721472 0.691802 
0.595667 0.073765 0.799837 
0.422971 0.196955 0.88448 
0.023684 0.950653 0.309351 
0.822563 0.512143 0.247184 
0.0710199 0.959886 0.271248 
0.689068 0.184927 0.700705 
0.836567 0.546846 0.0333812 
0.559938 0.799501 0.217409 
0.566244 0.487779 0.664411 
0.910981 0.262617 0.318242 
0.579466 0.102408 0.808537 
0.244048 0.865393 0.437647 
0.486909 0.0354212 0.872734 
0.36001 0.913753 0.188278 
0.435206 0.840736 0.322115 
0.418096 0.332852 0.845225 
0.161961 0.739405 0.653491 
0.510408 0.711185 0.483428 
0.672173 0.376003 0.637813 
0.865037 0.225255 0.448299 
0.434847 0.0559757 0.898763 
0.29485 0.757314 0.5827 
0.551937 0.282373 0.784622 
0.979274 0.177171 0.0981471 
0.0899733 0.992921 0.0775423 
0.830592 0.119364 0.543939 
0.746142 0.521037 0.41448 
0.16848 0.769168 0.616438 
0.198302 0.363247 0.910345 
0.797079 0.557503 0.232067 
0.807399 0.158421 0.56834 
0.701488 0.398527 0.590839 
0.726257 0.270904 0.631793 
0.1083 0.1083 0.988201 
0.0668905 0.345225 0.936133 
0.590263 0.652667 0.474991 
0.225476 0.0442409 0.973244 
0.969317 0.190191 0.155732 
0.44965 0.293927 0.843458 
0.504757 0.63478 0.585042 
0.991214 0.0205446 0.130659 
0.677353 0.591319 0.437647 
0.299231 0.578057 0.759152 
0.0782704 0.231209 0.969751 
0.751332 0.528205 0.396022 
0.257664 0.936567 0.237594 
0.976117 0.0948581 0.195477 
0.386122 0.906459 0.171003 
0.117984 0.307319 0.944277 
0.185097 0.82364 0.536056 
0.572181 0.207411 0.793467 
0.804992 0.411836 0.427058 
0.311941 0.293931 0.90373 
0.708957 0.46343 0.531613 
0.0346341 0.254935 0.966338 
0.23332 0.382693 0.893928 
0.142126 0.919676 0.366055 
0.714436 0.343495 0.609843 
0.788224 0.132545 0.600945 
0.387892 0.858586 0.335216 
0.099689 0.984439 0.144716 
0.531508 0.790998 0.303072 
0.893692 0.43149 0.123007 
0.460827 0.579535 0.672144 
0.203045 0.933769 0.294699 
0.00834701 0.888981 0.457868 
0.206807 0.974488 0.0874459 
0.148237 0.538816 0.829278 
0.815452 0.427445 0.390348 
0.100181 0.164317 0.981307 
0.351486 0.832732 0.427835 
0.259006 0.89066 0.3741 
0.873439 0.146875 0.464254 
0.635732 0.305654 0.708816 
0.0696387 0.778535 0.623726 
0.0132385 0.680133 0.732969 
0.980962 0.140974 0.133565 
0.81709 0.445454 0.365971 
0.782659 0.404749 0.472888 
0.672833 0.354302 0.649458 
0.189042 0.970458 0.149916 
0.131143 0.673226 0.727714 
