6.1257e-17 1.0004 0 
6.12324e-17 1.24449e-39 1 
1.01875 8.28211e-23 0 
3.7494e-33 6.12323e-17 1 
0.257822 0.0191059 0.966004 
0.972164 0.0406939 0.230746 
0.924478 0.361998 0.121144 
0.907395 0.397386 0.136908 
0.372471 0.770458 0.517359 
0.487708 0.616719 0.617934 
0.73022 0.572458 0.372922 
0.61906 0.758615 0.204068 
0.602111 0.791092 0.107992 
0.0556629 0.513023 0.856568 
0.658009 0.324574 0.679485 
0.387957 0.22574 0.893608 
0.0350073 0.89515 0.44439 
0.135267 0.648362 0.74922 
0.786037 0.579251 0.215902 
0.635319 0.163099 0.767984 
0.712056 0.0837934 0.697105 
0.681189 0.683866 0.261359 
0.113863 0.993488 0.00484846 
0.0111393 0.625732 0.780201 
0.213816 0.258997 0.941915 
0.841127 0.199163 0.505664 
0.199755 0.836569 0.51015 
0.743694 0.176093 0.653004 
0.415012 0.781669 0.465577 
0.763095 0.534879 0.362756 
0.932745 0.237197 0.271521 
0.349399 0.128796 0.92808 
0.0847198 0.745717 0.660854 
0.508652 0.848656 0.145548 
0.172299 0.0615757 0.983118 
0.668694 0.463848 0.581114 
0.270908 0.638462 0.720399 
0.0642001 0.825511 0.560725 
0.565291 0.717715 0.406609 
0.309868 0.444356 0.840553 
0.182064 0.312431 0.93233 
0.755409 0.1921 0.626462 
0.855971 0.290652 0.427593 
0.497319 0.85396 0.153123 
0.468308 0.8092 0.354801 
0.28639 0.497964 0.818545 
0.989722 0.139054 0.0334258 
0.358716 0.652942 0.667075 
0.520718 0.706503 0.479277 
0.444244 0.521879 0.728211 
0.865049 0.106643 0.490225 
0.0481446 0.209988 0.976531 
0.807997 0.264109 0.526675 
0.432756 0.183644 0.882608 
0.536026 0.247646 0.807062 
0.541942 0.592613 0.595911 
0.341876 0.454687 0.82297 
0.229598 0.50208 0.833787 
0.242134 0.408166 0.880214 
0.325896 0.920228 0.216733 
0.579682 0.735986 0.349706 
0.405158 0.457067 0.791793 
0.250743 0.965542 0.070248 
0.0271581 0.982423 0.184684 
0.94046 0.336099 0.0507312 
0.224285 0.974355 0.0183905 
0.550534 0.732528 0.400394 
0.820549 0.149844 0.551585 
0.0728548 0.936796 0.342206 
0.421307 0.0317569 0.906362 
0.775336 0.626618 0.0787773 
0.301883 0.933685 0.192613 
0.1027 0.903978 0.415063 
0.643628 0.41515 0.643615 
0.696326 0.698889 0.164418 
0.0629202 0.968835 0.239583 
0.627075 0.60475 0.490974 
0.166729 0.906385 0.388165 
0.47499 0.54914 0.687627 
0.994708 0.0712775 0.0739969 
0.828177 0.0983335 0.551787 
0.46059 0.882587 0.0944175 
0.0931797 0.919848 0.381048 
0.825922 0.55668 0.089222 
0.884002 0.347715 0.312464 
0.147896 0.945103 0.291389 
0.899337 0.384244 0.208687 
0.87752 0.47551 0.0620639 
0.649737 0.0275182 0.759661 
0.682913 0.428382 0.591709 
0.599008 0.526729 0.603115 
0.153481 0.270635 0.950369 
0.591755 0.376012 0.713181 
0.718704 0.69283 0.0587438 
0.705334 0.0500372 0.707107 
0.137706 0.879987 0.454599 
0.0461951 0.67452 0.73681 
0.960214 0.279265 0 
0.524436 0.664855 0.531917 
0.67404 0.67404 0.302224 
0.920279 0.224752 0.320271 
0.297325 0.0533178 0.953287 
0.640087 0.546107 0.540422 
0.939298 0.117561 0.322334 
0.95341 0.301678 0 
0.695502 0.437903 0.569776 
0.417183 0.799443 0.432262 
0.317462 0.862546 0.393996 
0.894743 0.34635 0.281918 
0.320401 0.94663 0.0351315 
0.455193 0.872245 0.178901 
0.190531 0.981345 0.0256991 
0.400088 0.0717458 0.913664 
0.00163016 0.491092 0.87111 
0.750189 0.659668 0.0453346 
0.589548 0.636253 0.497612 
0.889921 0.420084 0.177678 
0.560244 0.711306 0.424465 
0.112418 0.479967 0.870054 
0.399544 0.436755 0.805984 
