3.7494e-33 6.12323e-17 1 
2.83277e-16 1 0 
1 2.61623e-14 0 
5.90759e-18 6.09467e-17 1 
6.12323e-17 9.77769e-35 1 
0.475544 0.227958 0.849643 
0.864745 0.495278 0.0831547 
0.847184 0.471704 0.244491 
0.633182 0.42683 0.645675 
0.706309 0.378543 0.598191 
0.503672 0.521577 0.688675 
0.716661 0.505849 0.480118 
0.809982 0.276942 0.516945 
0.624066 0.774547 0.103043 
0.826391 0.307039 0.472023 
0.771418 0.29052 0.566158 
0.651399 0.437243 0.620079 
0.872666 0.456844 0.172476 
0.967419 0.156314 0.199166 
0.412549 0.90826 0.0697589 
0.0937635 0.971367 0.218298 
0.984621 0.170998 0.0357942 
0.604055 0.616635 0.504855 
0.900981 0.414364 0.128594 
0.548092 0.448742 0.705851 
0.886064 0.342166 0.312752 
0.0202175 0.0359734 0.999148 
0.92494 0.360504 0.120516 
0.729405 0.668105 0.146982 
0.448246 0.721234 0.528107 
0.828205 0.329124 0.4536 
0.17726 0.753476 0.633129 
0.0596179 0.557203 0.828233 
0.372905 0.7005 0.608475 
0.739817 0.00369806 0.672798 
0.946367 0.198133 0.255212 
0.443913 0.241519 0.862908 
0.292031 0.254242 0.921997 
0.169498 0.96441 0.202938 
0.11447 0.387 0.914947 
0.320148 0.947055 0.0243115 
0.664757 0.348003 0.661054 
0.144904 0.988158 0.0504676 
0.6479 0.745049 0.158516 
0.0842347 0.931072 0.354977 
0.955368 0.181269 0.233268 
0.249053 0.394834 0.884352 
0.782774 0.550028 0.291092 
0.281039 0.874115 0.396157 
0.766148 0.627272 0.139814 
0.203759 0.208002 0.95667 
0.559174 0.268047 0.784522 
0.798723 0.127668 0.587999 
0.527772 0.784676 0.325177 
0.264829 0.528492 0.806574 
0.101339 0.692572 0.714195 
0.544069 0.0902849 0.834169 
0.593936 0.634256 0.494934 
0.0731926 0.179485 0.981034 
0.675535 0.680662 0.283465 
0.754853 0.407991 0.513556 
0.158646 0.926738 0.340572 
0.643665 0.764288 0.0394971 
0.521373 0.826553 0.212084 
0.234738 0.647179 0.725298 
0.470949 0.84151 0.264704 
0.182701 0.40223 0.897124 
0.299545 0.563464 0.769923 
0.401842 0.26113 0.877687 
0.385234 0.733274 0.560271 
0.30658 0.57185 0.760918 
0.200818 0.886434 0.417021 
0.614991 0.109534 0.780889 
0.839575 0.543042 0.0147997 
0.424116 0.0687173 0.902997 
0.461424 0.868366 0.181737 
0.392648 0.900755 0.185653 
0.135432 0.921295 0.364518 
0.678951 0.585403 0.443091 
0.881435 0.016324 0.472023 
0.12179 0.80738 0.577326 
0.194807 0.711099 0.675565 
0.437978 0.787411 0.433772 
0.127779 0.5908 0.796635 
0.497802 0.184954 0.84734 
0.351822 0.0793865 0.932695 
0.277602 0.144405 0.949781 
0.579486 0.814937 0.00856194 
0.908383 0.189956 0.3725 
0.363023 0.658461 0.659275 
0.379213 0.317758 0.869038 
0.0482102 0.997069 0.0594146 
0.572135 0.358476 0.73767 
0.323911 0.481581 0.814347 
0.0403768 0.835062 0.548673 
0.0320801 0.663472 0.747513 
0.68995 0.100105 0.716919 
0.512885 0.811897 0.278877 
0.569282 0.713184 0.409007 
0.332004 0.0575759 0.941546 
0.222644 0.0694482 0.972423 
0.532423 0.653387 0.538155 
0.147185 0.60622 0.781559 
0.693007 0.653794 0.303801 
0.258663 0.083445 0.962357 
0.345442 0.0537221 0.936901 
0.210971 0.84663 0.488579 
0.339877 0.856291 0.388908 
0.589101 0.135398 0.796635 
0.915975 0.117081 0.383774 
0.00727877 0.150537 0.988578 
0.937637 0.326033 0.120583 
0.789561 0.166512 0.59065 
0.316588 0.577743 0.75232 
0.21594 0.536596 0.815742 
0.139099 0.0293348 0.989844 
0.419673 0.800274 0.428295 
0.240662 0.796692 0.554403 
0.045355 0.938019 0.343603 
0.497865 0.862101 0.0944297 
