6.1374e-17 0 1.00231 
0.887285 0 0.461223 
3.7494e-33 6.12323e-17 1 
6.1233e-17 1.00001 0 
1.00168 0 0 
0.531043 0.36308 0.765615 
0.769136 0.615752 0.171114 
0.368255 0.823385 0.432327 
0.463784 0.783905 0.412792 
0.618272 0.379487 0.688291 
0.925382 0.0132987 0.378805 
0.150786 0.313487 0.937545 
0.861703 0.433646 0.263477 
0.445648 0.895057 0.01658 
0.817656 0.47627 0.323428 
0.0686552 0.289602 0.954682 
0.901416 0.391354 0.185183 
0.224055 0.29744 0.928078 
0.556697 0.653481 0.512885 
0.805488 0.586905 0.0824714 
0.568514 0.420466 0.707107 
0.133193 0.737966 0.661567 
0.199185 0.0551548 0.978419 
0.0957447 0.73037 0.676308 
0.00648636 0.664012 0.74777 
0.757923 0.441477 0.480267 
0.642484 0.754182 0.135738 
0.411084 0.846974 0.337232 
0.607739 0.0880061 0.789246 
0.431081 0.187156 0.882691 
0.400393 0.914525 0.0583452 
0.547633 0.80831 0.216177 
0.630683 0.352154 0.69154 
0.837124 0.483893 0.255093 
0.308513 0.950918 0.0239887 
0.488678 0.794201 0.364167 
0.11847 0.0662225 0.990747 
0.0239881 0.629444 0.776685 
0.512718 0.157064 0.844071 
0.875715 0.252826 0.41137 
0.975077 0.0406084 0.218119 
0.420747 0.535897 0.733288 
0.289149 0.48873 0.823126 
0.931906 0.32613 0.158846 
0.907554 0.149915 0.392264 
0.244199 0.966924 0.0736767 
0.164029 0.980946 0.104113 
0.0359621 0.943639 0.32904 
0.94909 0.211909 0.233084 
0.710783 0.607154 0.35519 
0.453331 0.886941 0.0884674 
0.521474 0.84794 0.120985 
0.988288 0.03252 0.149204 
0.277556 0.933091 0.228706 
0.502714 0.818824 0.277314 
0.749334 0.2632 0.607638 
0.913405 0.404197 0.0481603 
0.849133 0.526982 0.0355328 
0.10945 0.834917 0.539384 
0.0228059 0.336334 0.941477 
0.262801 0.922247 0.28357 
0.960366 0.274999 0.0455964 
0.792445 0.21943 0.569106 
0.103099 0.858801 0.501827 
0.735571 0.459144 0.499328 
0.576474 0.172646 0.798674 
0.0535939 0.76769 0.638651 
0.214686 0.926962 0.307671 
0.426972 0.126307 0.895401 
0.682438 0.702339 0.202479 
0.777442 0.222619 0.588239 
0.953366 0.0759856 0.292096 
0.799545 0.346071 0.490891 
0.336234 0.566595 0.752277 
0.0853476 0.138779 0.987994 
0.297726 0.709557 0.638677 
0.600968 0.506007 0.618705 
0.584717 0.515005 0.6268 
0.491493 0.635182 0.595908 
0.380105 0.875416 0.298611 
0.66316 0.198607 0.721653 
0.598103 0.555108 0.578044 
0.240226 0.113114 0.964105 
0.328598 0.767865 0.549917 
0.979885 0.16619 0.110514 
0.940528 0.278906 0.193989 
0.5782 0.678721 0.452795 
0.359354 0.237816 0.902407 
0.834198 0.12052 0.538135 
0.692627 0.548367 0.468585 
0.209015 0.468981 0.85812 
0.183512 0.774091 0.605895 
0.723165 0.677815 0.13267 
0.588303 0.0245006 0.80827 
0.720886 0.686191 0.0973328 
0.64905 0.602392 0.464607 
0.0456857 0.988458 0.144456 
0.181599 0.960616 0.210349 
0.741583 0.205346 0.638677 
0.318817 0.905832 0.278977 
0.33543 0.782719 0.52425 
0.36809 0.645786 0.670617 
0.853728 0.330446 0.402435 
0.788475 0.496574 0.362936 
0.268909 0.411996 0.870608 
0.325787 0.870403 0.369138 
0.35291 0.573847 0.73906 
0.391966 0.115952 0.912652 
0.346883 0.360878 0.865702 
0.675638 0.193468 0.7114 
0.5925 0.469094 0.654918 
0.65856 0.23047 0.716368 
0.1401 0.461826 0.875837 
0.696437 0.694595 0.18869 
0.0751917 0.573586 0.815687 
0.489902 0.243449 0.837096 
0.382875 0.106019 0.917697 
0.221689 0.0959547 0.970393 
0.706985 0.522877 0.476206 
0.0887001 0.993496 0.0714953 
