1 2.26741e-20 0 
6.12323e-17 1 0 
6.12323e-17 1.08468e-38 1 
7.64336e-18 6.07534e-17 1 
3.7494e-33 6.12323e-17 1 
0.402235 0.0287524 0.915085 
0.0118062 0.878838 0.476973 
0.206216 0.977522 0.0438782 
0.928483 0.349499 0.125579 
0.429851 0.367847 0.824571 
0.233355 0.951984 0.198169 
0.731613 0.564156 0.382714 
0.743522 0.658839 0.11448 
0.0680068 0.966869 0.246046 
0.44402 0.25045 0.860303 
0.817211 0.0539396 0.573808 
0.768039 0.614126 0.181565 
0.906742 0.299595 0.296752 
0.368391 0.90284 0.221738 
0.636246 0.77136 0.0139475 
0.884321 0.437488 0.163039 
0.510709 0.37439 0.773957 
0.130793 0.943164 0.305508 
0.41471 0.539684 0.732637 
0.717423 0.28987 0.633466 
0.664395 0.588724 0.460418 
0.182835 0.163761 0.969409 
0.964287 0.221109 0.145815 
0.154877 0.504743 0.849263 
0.865969 0.0649805 0.495859 
0.970109 0.23998 0.0360218 
0.494176 0.23262 0.837662 
0.70514 0.70514 0.07453 
0.674177 0.420177 0.607402 
0.275936 0.860231 0.428792 
0.570547 0.80986 0.13639 
0.291693 0.786156 0.544862 
0.46391 0.818917 0.337878 
0.325757 0.0867758 0.941463 
0.0572558 0.913785 0.402143 
0.377984 0.477911 0.792924 
0.302874 0.00194113 0.953029 
0.6528 0.578646 0.488898 
0.541056 0.734806 0.409045 
0.551973 0.520831 0.651199 
0.760729 0.247828 0.599893 
0.984024 0.0776184 0.160228 
0.248511 0.688519 0.681311 
0.178567 0.827925 0.531652 
0.31786 0.340041 0.885064 
0.241116 0.893736 0.378285 
0.853155 0.392166 0.343995 
0.775792 0.119708 0.61953 
0.784588 0.198749 0.587299 
0.954898 0.147345 0.257797 
0.477786 0.111316 0.871395 
0.533417 0.487444 0.691277 
0.822794 0.117788 0.556 
0.584058 0.762311 0.278852 
0.0775184 0.0997981 0.991983 
0.832842 0.511532 0.211446 
0.339393 0.463834 0.818334 
0.606954 0.727563 0.319778 
0.0426832 0.176762 0.983328 
0.799927 0.413945 0.434472 
0.267038 0.60231 0.752272 
0.143658 0.989443 0.019125 
0.168625 0.69832 0.69564 
0.940859 0.204791 0.269898 
0.876541 0.329947 0.350443 
0.62024 0.30731 0.721708 
0.80605 0.530989 0.261408 
0.221855 0.0482896 0.973883 
0.11031 0.759757 0.640782 
0.357676 0.081242 0.930305 
0.486838 0.841349 0.23478 
0.893146 0.257537 0.368733 
0.605827 0.675747 0.419928 
0.0959568 0.850671 0.516867 
0.0468159 0.747168 0.662984 
0.529556 0.749843 0.396618 
0.0285839 0.45619 0.889423 
0.947822 0.312154 0.0647548 
0.288623 0.717582 0.633855 
0.686562 0.144232 0.712622 
0.141678 0.986454 0.102287 
0.0250412 0.931847 0.361988 
0.502505 0.445423 0.741004 
0.841273 0.183114 0.508653 
0.698675 0.0145142 0.715292 
0.658444 0.610435 0.440252 
0.157963 0.985993 0.0535229 
0.595615 0.633417 0.493989 
0.912841 0.210567 0.352272 
0.340594 0.624719 0.702654 
0.564757 0.790348 0.237486 
0.696779 0.278874 0.675376 
0.104792 0.928993 0.354951 
0.0496555 0.265643 0.962792 
0.473369 0.400734 0.784432 
0.563227 0.190972 0.803931 
0.393511 0.169787 0.903505 
0.787307 0.318107 0.528163 
0.256497 0.132732 0.957388 
3.95974e-17 0.646675 0.762766 
0.122385 0.842921 0.523934 
0.830503 0.550359 0.0858421 
0.00761219 0.0475148 0.998842 
0.350979 0.258787 0.899913 
0.617864 0.66098 0.425851 
0.0845943 0.342237 0.935798 
0.990744 0.105204 0.0857843 
0.519305 0.479919 0.707107 
0.389421 0.552762 0.736753 
0.853108 0.400756 0.334068 
0.26761 0.84936 0.454943 
0.57749 0.639908 0.506974 
0.643891 0.45883 0.612274 
0.60483 0.27802 0.746248 
0.554843 0.765401 0.326054 
