6.12323e-17 1 0 
1.82296e-17 5.84558e-17 1 
3.7494e-33 6.12323e-17 1 
0.88822 0.459418 0 
6.12323e-17 4.9314e-31 1 
1 6.44287e-14 0 
0.345749 0.843713 0.440064 
0.40363 0.879336 0.252686 
0.413131 0.196805 0.889152 
0.691274 0.712067 0.122883 
0.438871 0.892938 0.100265 
0.265775 0.290165 0.919335 
0.476278 0.60875 0.634494 
0.375319 0.726411 0.575728 
0.512301 0.754028 0.412107 
0.534296 0.534296 0.655023 
0.745579 0.651575 0.139864 
0.815358 0.401521 0.4171 
0.927798 0.119928 0.377974 
0.385358 0.910671 0.148921 
0.318771 0.898319 0.302337 
0.0991577 0.619495 0.778726 
0.491259 0.735499 0.466685 
0.306053 0.392202 0.867473 
0.0102726 0.359417 0.93312 
0.960707 0.277466 0.00733442 
0.237322 0.826629 0.510257 
0.18446 0.760498 0.622589 
0.591413 0.666984 0.453171 
0.275621 0.138078 0.951298 
0.946376 0.322502 0.0191181 
0.731901 0.41016 0.544142 
0.251047 0.931238 0.264144 
0.296556 0.641915 0.707107 
0.455643 0.448366 0.768998 
0.0636844 0.26256 0.962812 
0.159491 0.946472 0.280632 
0.556863 0.776674 0.294418 
0.206573 0.378508 0.902252 
0.0816424 0.217904 0.972549 
0.609422 0.791429 0.0473738 
0.715148 0.502196 0.486172 
0.973995 0.184723 0.131192 
0.327664 0.104647 0.938981 
0.121672 0.798849 0.589098 
0.774637 0.162683 0.611123 
0.196426 0.961877 0.190288 
0.518593 0.330499 0.788563 
0.283762 0.808088 0.516211 
0.675971 0.0937857 0.730936 
0.665638 0.744302 0.0542185 
0.851038 0.154249 0.501937 
0.700256 0.599303 0.387915 
0.367976 0.314687 0.874966 
0.35883 0.435261 0.825713 
0.93794 0.0344258 0.345086 
0.840588 0.064953 0.537767 
0.576899 0.34062 0.742405 
0.63849 0.126912 0.759094 
0.783314 0.522965 0.336045 
0.465407 0.853142 0.23568 
0.569524 0.471319 0.673424 
0.419841 0.022375 0.907322 
0.458588 0.815349 0.353417 
0.622816 0.781474 0.0373913 
0.756898 0.540871 0.366838 
0.895144 0.415377 0.161799 
0.337924 0.234892 0.911395 
0.602557 0.443268 0.663655 
0.107359 0.704876 0.701159 
0.866274 0.0784157 0.493518 
0.39186 0.697799 0.599602 
0.907096 0.267079 0.325338 
0.54243 0.0480859 0.838724 
0.961838 0.251402 0.108002 
0.429575 0.303047 0.850663 
0.252424 0.631614 0.733039 
0.802749 0.554633 0.219035 
0.143877 0.869103 0.473243 
0.819077 0.479133 0.315507 
0.89005 0.223019 0.397585 
0.0743601 0.175726 0.981627 
0.651237 0.12836 0.74794 
0.983734 0.0381904 0.175522 
0.796076 0.568867 0.206539 
0.131914 0.678128 0.723009 
0.871403 0.489572 0.0312295 
0.0463431 0.834486 0.549269 
0.363789 0.768667 0.526127 
0.802691 0.590496 0.0836736 
0.792529 0.00979849 0.609755 
0.751627 0.353036 0.557155 
0.549201 0.242586 0.799706 
0.0200156 0.0552443 0.998272 
0.220702 0.860623 0.458932 
0.118419 0.0871143 0.989135 
0.763783 0.142934 0.629449 
0.467313 0.679333 0.565797 
0.172603 0.547498 0.818813 
0.629146 0.371468 0.68278 
0.150496 0.988098 0.0318289 
0.485998 0.871002 0.0718397 
0.857045 0.514635 0.0249949 
0.163928 0.969442 0.194657 
0.0534928 0.578653 0.813817 
0.52672 0.110617 0.842811 
0.829958 0.554106 0.064323 
0.583675 0.429378 0.689172 
0.706154 0.670449 0.227694 
0.244605 0.953831 0.174286 
0.0845449 0.694413 0.714593 
0.203238 0.921405 0.331222 
0.0367069 0.50591 0.861805 
0.0561217 0.977014 0.205655 
0.0894866 0.587532 0.804238 
0.913604 0.37279 0.162347 
0.822462 0.497612 0.275569 
0.658273 0.298148 0.691219 
0.0290948 0.191025 0.981154 
0.991922 0.0678303 0.107192 
