0.795667 0.717531 0.0277732 
0.357726 0.312078 0.940753 
0.615252 0.831011 0.482256 
0.506745 0.889043 0.507434 
0.537084 0.0580771 0.856595 
0.336064 0.993672 0.418721 
0.129325 1.03933 0.0540208 
0.273947 0.299314 0.975855 
0.743589 0.432465 0.688167 
0.955325 0.245544 0.34623 
0.544544 0.0355665 0.851412 
0.089581 1.0496 0.0903422 
0.230822 0.0691714 1.00639 
0.450799 0.932784 0.592353 
0.53218 0.189245 0.883945 
0.943209 0.420922 0.0713343 
0.592099 0.897618 0.239026 
0.630982 0.498859 0.789493 
0.442441 0.488987 0.909857 
0.651332 0.120145 0.802506 
0.636095 0.0788466 0.817751 
0.565149 0.880773 0.393458 
0.558065 0.907606 0.22251 
0.485457 0.944195 0.249926 
0.217571 0.182987 0.994371 
0.767546 0.687845 0.364891 
0.456022 0.9733 0.178172 
0.826202 0.100524 0.706254 
0.720914 0.771596 0.440625 
0.921768 0.0290503 0.532453 
0.758991 0.00904179 0.763559 
0.663562 0.233992 0.774354 
0.901736 0.0426571 0.504929 
0.428303 0.123654 0.935425 
0.752945 0.286385 0.694321 
0.368986 0.967695 0.187673 
0.574926 0.337162 0.836724 
0.587489 0.570015 0.82161 
0.807726 0.667216 0.259961 
0.190437 0.531619 0.997156 
0.915271 0.598011 0.114689 
0.343802 0.574479 0.957794 
0.672384 0.819356 0.371641 
0.25598 0.54409 0.977532 
0.995007 0.326468 0.152727 
0.880369 0.627229 0.251417 
0.950464 0.150191 0.430418 
0.408868 0.540624 0.924882 
0.554648 0.922997 0.280214 
0.163213 1.01849 0.536075 
0.144261 0.221352 1.01407 
0.780392 0.80193 0.0437835 
0.736419 0.738384 0.495332 
0.471743 0.520733 0.894159 
0.309651 1.00255 0.332767 
2.27695e-06 1.05678 0.620475 
0.690538 0.318934 0.735896 
0.974958 0.642476 0.0296769 
0.985473 0.613946 0.0230927 
0.0184667 0.653885 1.01436 
0.34224 0.264789 0.964603 
1.02053 0.208012 0.015561 
1.02122 0.514368 2.96018e-06 
0.304952 1.00446 0.462517 
0.0124844 0.0247383 1.07455 
0.114741 0.0238 1.02258 
0.105959 1.02364 0.308091 
0.0656676 0.744873 1.00575 
0.79252 0.287996 0.655336 
0.853431 0.197241 0.62945 
0.478621 0.956104 0.210941 
0.860956 0.192999 0.583737 
0.511289 0.8864 0.28862 
0.395623 0.734074 0.929875 
0.286073 0.999009 0.922817 
0.873243 0.198382 0.560834 
0.264142 0.525758 0.971607 
0.608361 0.843357 0.138064 
0.709134 0.513658 0.716929 
0.844276 0.639813 0.309929 
0.0858614 1.04714 0.228094 
0.365072 0.138758 0.988909 
0.169419 1.03862 0.101172 
0.0324819 6.42266e-08 1.09461 
0.0262163 0.361522 1.03904 
0.722581 0.770891 0.327319 
0.683963 0.476693 0.754806 
0.770101 0.631712 0.666802 
0.805085 0.686106 0.274207 
0.788675 0.798405 0.0543868 
0.61996 0.835696 0.357909 
0.963701 0.565755 0.0630654 
0.775736 0.309473 0.681922 
0.0554793 0.456803 1.01355 
0.713235 0.588138 0.711648 
0.719464 0.169616 0.729499 
0.0176916 0.0647065 1.0453 
0.0439749 0.368705 1.03375 
0.0536924 0.407313 1.01817 
0.0927117 1.032 0.20077 
0.815519 0.109239 0.743109 
0.828382 0.427018 0.610078 
0.896064 0.0766521 0.642048 
1.00846 0.234422 0.0919139 
1.01777 0.34653 0.0303199 
