0.704525 1.19655 0.715532 
0.298458 0.320617 0.959548 
0.984335 1.22378 0.205047 
0.66069 0.688178 0.76228 
0.953806 0.218835 0.313943 
0.921432 0.416107 0.399284 
0.809129 0.198574 0.596832 
0.884305 1.25671 0.487581 
0.729266 0.242009 0.689809 
0.847049 0.114373 0.537237 
0.284536 1.29389 0.962684 
0.998852 0.336714 0.127788 
0.415371 1.21206 0.920454 
0.55802 0.565886 0.840453 
0.762388 0.996542 0.660153 
0.718059 0.736237 0.710817 
0.903342 0.934356 0.439494 
0.752891 0.260438 0.671461 
0.441106 1.24601 0.905332 
0.368155 0.9182 0.933779 
0.569202 1.1207 0.830584 
0.973128 0.138428 0.330464 
0.874668 0.710985 0.500531 
0.992686 0.17939 0.161854 
0.379243 0.77938 0.940211 
0.64189 0.189977 0.774515 
0.45973 0.891961 0.899267 
0.797294 1.15153 0.614695 
0.914633 0.723224 0.416206 
0.499372 0.676887 0.875679 
0.316206 0.205032 0.953767 
0.987351 0.366247 0.182489 
0.889746 0.820055 0.479475 
0.154741 0.501654 0.998101 
0.338369 0.656599 0.943079 
0.828013 0.437263 0.567779 
0.892176 1.10741 0.468834 
0.48722 0.593487 0.885165 
0.977173 0.982363 0.240137 
0.637975 0.521261 0.789454 
0.668931 0.279196 0.754597 
0.506128 0.435304 0.86754 
0.772606 0.459456 0.649738 
0.966463 0.217743 0.275823 
1.16899e-08 0.750612 1.16718 
0.912111 0.811285 0.451286 
1.08168 1.13385 1.59205e-08 
0.101429 0.966865 0.999653 
0.192278 0.531976 0.992761 
0.740497 1.1049 0.678365 
0.0374352 3.45538e-05 1.03672 
0.0365483 1.90232e-07 1.08176 
0.0307989 0.0285341 1.11866 
1.03083 0.0791132 0.0669478 
0.836612 0.942825 0.553821 
0.959882 1.08733 0.299971 
0.228847 0.846144 0.980984 
0.941051 0.115583 0.346566 
0.938159 0.585258 0.358485 
0.012555 0.0516471 1.1079 
0.00963528 0.107253 1.10149 
0.980132 1.06552 0.227034 
0.555864 1.15257 0.845498 
0.0594606 0.208032 1.00477 
0.924781 0.41244 0.389629 
0.43344 0.141618 0.910582 
0.678723 0.295853 0.747635 
0.996043 0.716154 0.138355 
0.971896 0.332295 0.260363 
1.02732 0.0960271 0.0846154 
0.0184163 0.0328251 1.06301 
1.04381 0.0700748 0.0461536 
0.26332 1.29398 0.968516 
0.00359009 0.929586 1.02533 
0.392267 0.236926 0.928468 
0.784303 0.495667 0.629128 
0.531422 0.765494 0.859614 
0.525274 0.85881 0.86022 
1.06908 1.03349 0.000755846 
0.583411 0.791906 0.823977 
0.347391 1.19289 0.942459 
0.791505 1.26144 0.622053 
0.864411 1.23653 0.530478 
0.821351 1.17828 0.581665 
0.86567 1.17908 0.513659 
0.0778629 0.956673 1.00124 
0.246488 1.04497 0.972407 
0.614731 0.356769 0.798927 
0.597706 0.183987 0.809784 
1.0268 0.0860714 0.102254 
0.609121 0.581439 0.802727 
0.0197042 0.385018 1.00904 
0.20743 0.546884 0.987343 
0.173648 3.4012 0.993843 
0.475459 1.255 0.898868 
0.128281 0.398168 0.998593 
0.544967 1.43536 0.854378 
0.334626 0.210383 0.951484 
1.00404 1.65109 0.00656829 
0.697811 0.150175 0.725394 
0.687767 0.136547 0.737271 
1.00156 1.50267 0.0289573 
0.933344 0.392762 0.377818 
1.00749 0.355579 0.00470312 
1.00535 0.624873 0.0217522 
