0.73649 0.422355 0.708095 
0.808935 0.415206 0.619983 
0.59641 0.845735 0.407628 
0.525054 0.289136 0.870106 
0.872428 0.0971699 0.547447 
0.455452 0.926976 0.0537432 
0.483291 0.916176 0.304009 
0.989384 0.134845 0.330668 
0.548065 0.640075 0.846894 
0.565558 0.864687 0.534729 
0.186942 0.088977 0.990199 
0.264157 0.297245 0.974828 
0.754604 0.719193 0.29536 
0.720812 0.176322 0.728225 
0.442347 0.933806 0.283787 
0.824263 0.748686 0.0800833 
0.852905 0.31988 0.581977 
0.896658 0.204868 0.465397 
0.593944 0.849218 0.318999 
0.832298 0.625593 0.254466 
0.856766 0.236109 0.56926 
0.426744 0.505155 0.921587 
0.937971 0.47439 0.432475 
0.648021 0.790219 0.215909 
0.799632 0.329742 0.634733 
0.204935 0.106011 0.989738 
0.628432 0.812423 0.389834 
0.625544 0.828957 0.598804 
0.79283 0.272519 0.650275 
0.318993 0.276877 0.961959 
0.773459 0.376119 0.683478 
0.0555444 0.0652395 1.05645 
0.136789 0.763671 0.998898 
0.248827 0.0238124 1.03911 
0.300809 0.399974 0.971099 
0.70366 0.377774 0.740651 
0.388149 0.977807 0.124828 
0.405704 0.176685 0.944969 
0.469353 0.139606 0.904484 
0.335027 0.971681 0.173446 
0.436059 0.12842 0.935807 
0.977521 0.348759 0.275079 
0.379428 0.968219 0.145877 
0.637228 0.804006 0.395075 
0.00570737 0.0729936 1.12761 
0.090285 1.14456 0.0685872 
0.916066 0.113391 0.503446 
0.0332321 0.0344298 1.103 
1.03784 0.051089 0.0262336 
0.149556 1.00821 0.172838 
0.502763 0.902199 0.280288 
0.777034 0.457047 0.659865 
0.765643 0.497288 0.672975 
0.459493 0.990361 0.0467437 
0.0213993 0.103413 1.09672 
1.06898 0.165998 0.00527331 
1.05199 0.183486 0.00519671 
0.506061 0.605111 0.883498 
0.357925 0.150696 0.950937 
0.691048 0.588121 0.751185 
0.418638 0.42629 0.923733 
1.08513 0.614299 0.00311492 
0.224255 0.00968613 1.04388 
0.0539512 0.227302 1.03407 
0.612082 0.837767 0.162507 
1.0258 0.451998 0.0140465 
0.671896 0.775799 0.102018 
0.91714 0.303831 0.435204 
0.048276 1.05832 0.0916432 
0.27846 0.00799014 1.06314 
0.162801 0.0102491 1.07076 
0.893681 0.251281 0.479543 
0.950791 0.200731 0.364198 
0.885301 0.277656 0.510254 
0.814818 0.654358 0.11193 
0.646074 0.261384 0.807572 
1.00719 0.284839 0.222149 
1.92161e-06 0.195963 1.1522 
1.10071 0.357465 7.14515e-07 
0.684952 0.313719 0.800042 
0.789276 0.696927 0.192384 
0.535449 0.467277 0.861178 
0.0746367 1.02476 0.0899981 
0.586257 0.385922 0.829695 
0.965382 0.480139 0.341403 
0.603161 0.344409 0.819731 
0.534055 0.888875 0.245932 
0.0456449 1.10232 0.0849143 
0.859253 0.552994 0.119558 
1.03243 0.207417 0.261824 
1.02571 0.366371 0.0250107 
0.198366 1.84069e-07 1.14671 
0.659463 0.574579 0.775752 
0.659286 0.574257 0.775753 
0.142646 0.532058 0.997362 
0.133423 0.161019 1.00966 
0.298727 0.686818 0.964076 
0.451025 0.48584 0.915102 
0.743038 0.401173 0.707653 
0.0471326 0.432699 1.02463 
0.0541682 1.04858 0.305809 
0.117576 1.12232 0.0844248 
0.804561 0.65467 0.127806 
0.573033 0.882988 0.154188 
1.01098 0.247452 0.0627298 
