0.848693 1.07417 0.535628 
0.830582 0.281242 0.61603 
0.930993 0.55365 0.385937 
0.945947 0.239265 0.404063 
0.323086 0.935163 0.957654 
1.13277 0.00208411 0.0609319 
0.791871 0.398866 0.634775 
1.03264 0.00642154 0.168025 
0.245184 0.535252 0.98068 
0.955999 0.0747493 0.344757 
0.335182 0.7314 0.951942 
1.01 0.0587497 0.18282 
1.11066 0.0075805 0.0509687 
0.310865 1.05885 0.96102 
0.678767 1.09561 0.745166 
1.16411 0.0075729 0.0411002 
0.711294 0.696389 0.710162 
0.810238 0.957537 0.604969 
0.860526 0.887125 0.545438 
0.750607 0.773855 0.676138 
0.767305 0.133485 0.684955 
0.482958 0.200452 0.883468 
0.67951 1.04136 0.751627 
0.373296 0.219845 0.936109 
0.775524 1.07159 0.665849 
0.497571 0.897805 0.875727 
0.620861 0.338256 0.790542 
0.597981 1.10819 0.812471 
0.960489 0.847776 0.312649 
0.952604 0.120899 0.337999 
1.06926 0.00694907 0.139252 
0.970794 0.687192 0.277773 
0.472823 0.741396 0.894187 
0.898463 0.815513 0.45599 
0.778227 0.169307 0.646767 
0.25539 0.647252 0.971997 
0.176817 0.671152 0.996118 
0.973962 0.494197 0.264223 
1.01461 0.0654359 0.151272 
0.430697 0.264116 0.920629 
0.0395382 0.0257121 1.00943 
1.04107 0.0148683 0.0677806 
0.913007 0.905719 0.443546 
0.193117 1.09653e-07 1.08354 
0.393575 1.027 0.928942 
0.81856 0.709948 0.60206 
0.701042 0.491132 0.723442 
0.218066 0.775811 0.986646 
0.0802964 0.249775 1.00419 
1.08215 0.106843 0.00767435 
0.834252 0.355522 0.570553 
0.908483 0.331604 0.488197 
1.21688 0.51056 3.67632e-08 
1.20918 0.0223281 0.0374033 
0.962559 0.625313 0.293419 
0.917706 0.86907 0.424893 
0.305353 0.804494 0.968202 
0.979418 0.419955 0.241389 
0.990979 0.407034 0.202802 
0.823481 0.790248 0.591417 
0.893763 1.01456 0.476448 
0.102306 0.663923 1.00208 
0.519351 0.620287 0.868977 
0.281054 0.301142 0.991955 
0.997167 0.351984 0.114579 
0.343362 0.00508323 1.04965 
0.0295687 0.0420001 1.07467 
0.0647322 9.74015e-08 1.08464 
4.87635e-08 0.844285 1.1219 
0.411382 0.950977 0.931578 
0.985974 0.850214 0.220429 
0.527191 0.0869472 0.973482 
0.753436 0.76171 0.673137 
0.571834 0.205443 0.831731 
0.467176 0.461234 0.900908 
1.01038 0.601282 0.0170193 
0.876619 0.168172 0.506611 
1.05239 0.186964 0.0207829 
1.02731 0.0778545 0.104521 
5.4768e-06 0.367477 1.10412 
0.000228403 0.929598 1.03304 
1.00392 0.44139 0.0360086 
0.646933 0.37539 0.773748 
0.647583 0.142673 0.775009 
0.552151 0.110713 0.850291 
0.54352 0.184143 0.855136 
0.927069 0.781531 0.421724 
0.588468 0.151317 0.834027 
0.979399 0.564129 0.230437 
0.898381 0.834989 0.458484 
0.730149 0.474362 0.695774 
0.447565 0.974288 0.902353 
0.663415 0.227877 0.761816 
0.729957 0.574557 0.704232 
0.157585 0.0104267 1.04567 
0.918154 0.315763 0.471068 
0.914249 0.0427713 0.519833 
0.121402 0.491964 1.0025 
0.0243705 0.342949 1.02059 
0.00730597 0.455776 1.00744 
0.84874 0.230857 0.555414 
0.607328 0.225646 0.830939 
0.721991 0.272405 0.729134 
0.94092 0.99698 0.373107 
1.02517 0.117129 0.0355349 
