0.51202 0.903742 0.578654 
0.486834 0.515254 0.89271 
0.501465 0.68507 0.890471 
0.780906 0.707747 0.552574 
0.327378 1.00716 0.283993 
0.457362 0.946861 0.339425 
0.528711 0.417235 0.865718 
0.473432 0.435159 0.900247 
0.643796 0.875056 0.410016 
0.344203 0.342097 0.952373 
0.836714 0.0568916 0.622283 
0.0325163 1.04239 0.297252 
0.676699 0.841426 0.564137 
0.806238 0.44752 0.639615 
0.435864 0.696285 0.91199 
0.444571 0.949505 0.129349 
0.258216 0.483621 0.981611 
0.144277 0.631459 1.00342 
0.791421 0.0774448 0.662557 
0.420721 0.534525 0.923287 
0.732316 0.181934 0.724663 
0.565906 0.131368 0.868548 
0.702502 0.926657 0.117285 
0.410452 0.606008 0.926638 
0.616586 0.83137 0.575756 
0.180472 0.0679115 1.02264 
0.117 0.0629062 1.06203 
0.165389 0.0261127 1.11949 
0.823016 0.222286 0.596489 
0.504601 0.88753 0.657635 
0.886649 0.195261 0.525151 
0.928948 0.503823 0.330925 
0.315635 0.990729 0.488786 
0.0171852 0.228205 1.13609 
0.767583 0.186832 0.690068 
0.80966 0.496308 0.624195 
0.940833 0.5855 0.200784 
0.600472 0.0931237 0.83681 
0.236376 0.642731 0.99447 
0.397846 1.02083 0.234648 
0.73193 0.724189 0.0532056 
0.844725 0.0375267 0.601985 
1.06283 0.735802 0.00421358 
0.759712 0.207016 0.666448 
0.636721 0.859629 0.427298 
0.0407964 1.03851 0.186066 
0.998275 0.133714 0.279667 
0.229616 0.0166914 1.16046 
0.44319 3.2949e-07 1.16508 
1.04778 0.768497 0.00402117 
0.693885 0.822427 0.65541 
0.894325 0.279262 0.465831 
0.0111066 0.294468 1.18425 
0.136759 0.0441699 1.113 
0.807198 0.703231 0.0749935 
0.97996 0.103799 0.348366 
0.245722 0.00438066 1.13939 
0.0529282 0.28144 1.00943 
0.647221 0.970167 0.0379265 
0.659534 0.241282 0.774873 
1.01064 0.606752 0.0239508 
0.355304 0.265222 0.946464 
0.199446 1.02866 0.252836 
1.00843 0.0900691 0.379838 
0.383531 0.0947285 0.982735 
0.0258154 0.123071 1.18861 
0.293097 0.659225 0.964191 
0.632126 0.241313 0.798079 
0.892416 0.364452 0.47439 
0.670048 0.313654 0.760444 
0.914162 0.253548 0.417837 
0.0616137 0.199798 1.08062 
0.27731 1.01287 0.869212 
1.01993 0.173938 0.0987746 
1.0443 1.00617 1.38183e-06 
0.00256858 0.319495 1.04605 
0.970562 0.115919 0.356498 
0.687481 0.852079 0.438745 
0.371569 0.250124 0.947903 
0.086572 0.161153 1.07324 
0.208573 1.02138 0.301667 
0.102218 1.08196 0.132332 
0.749854 0.308927 0.714936 
0.904214 0.602612 0.119465 
1.02565 0.421093 0.067083 
1.01092 0.221704 0.268826 
6.27922e-08 0.262284 1.21447 
0.286528 0.332751 0.97232 
0.591032 0.55209 0.81947 
0.851754 0.374735 0.544887 
0.58633 0.912212 0.219844 
0.864687 0.357519 0.5383 
0.297177 0.142823 1.02244 
0.157297 0.043891 1.093 
0.548374 0.383989 0.860808 
0.682698 0.57032 0.747129 
0.949396 0.0802036 0.498046 
0.0942895 1.13424 0.142791 
0.0889103 1.10042 0.168405 
0.723866 0.805119 0.516667 
0.0757692 1.07459 0.168502 
0.987212 0.159478 0.326798 
0.94213 0.40247 0.402319 
0.963178 0.390635 0.340982 
1.0322 0.231393 0.0715046 
