0.946354 0.221648 0.332278 
0.870952 0.422585 0.503473 
0.961022 1.23874 0.300846 
0.919826 0.663857 0.408463 
0.893369 1.05381 0.48068 
0.767411 0.693928 0.646944 
0.719421 0.684942 0.701369 
0.669268 0.969504 0.748701 
0.884599 0.187337 0.488175 
0.29569 0.713741 0.961009 
0.934128 0.271929 0.370897 
0.823551 0.595413 0.580197 
0.566341 1.08342 0.831807 
0.459552 0.141317 0.892005 
0.797979 0.900792 0.612812 
0.493528 1.16012 0.874111 
0.946264 1.11742 0.347637 
0.734175 0.149768 0.68703 
0.174462 0.56344 0.988798 
0.161334 0.119731 0.994009 
0.545688 1.23093 0.846974 
0.925779 0.196499 0.428752 
0.266632 1.02506 0.972056 
0.704499 0.687584 0.71815 
0.993389 0.293225 0.146349 
0.633108 0.314014 0.783208 
0.410769 0.296292 0.917288 
0.642565 0.445945 0.776131 
1.00563 0.0506461 0.175972 
0.0681146 0.0267892 1.03046 
0.274313 0.947668 0.968521 
0.985373 0.264638 0.202885 
0.93166 1.14364 0.389575 
0.335011 0.150044 0.95648 
0.78997 0.426773 0.624879 
1.05209 0.0594834 0.00275094 
0.685442 0.623476 0.736435 
0.22614 0.037308 1.01718 
1.00373 0.224176 0.0541906 
0.616697 1.12909 0.794565 
0.241951 0.0921386 0.974683 
0.140631 0.0797174 1.00167 
0.749849 0.615711 0.677954 
0.659995 0.79898 0.760099 
0.755629 0.580003 0.66505 
0.188788 0.820872 0.98696 
0.44982 0.465537 0.903292 
0.086894 0.665069 0.999345 
0.562761 0.170911 0.833855 
0.85741 1.16815 0.53079 
0.689951 0.512857 0.728896 
0.807043 0.65037 0.595745 
0.669354 0.755915 0.749732 
1.01529 0.181036 0.119066 
0.425602 0.457842 0.911746 
0.971772 0.474932 0.26977 
0.0376706 0.136435 1.02005 
0.00506873 0.541136 1.00991 
0.216643 0.406021 0.980913 
0.77445 0.20691 0.654857 
0.895229 0.322998 0.45553 
1.06158 0.0462027 0.00841843 
6.59272e-08 1.06728 1.10396 
1.08683 0.953031 1.41012e-07 
0.389625 0.73229 0.929662 
0.37292 0.796449 0.939245 
0.601733 1.19998 0.808202 
0.0506488 0.623671 1.00536 
0.510402 0.888836 0.863879 
0.478592 0.371344 0.885111 
0.977687 0.501968 0.231073 
0.903685 0.850493 0.451713 
0.39413 0.443208 0.924955 
0.539375 0.28088 0.876349 
0.52721 1.49384 0.859265 
0.839018 1.04761 0.562205 
0.862397 1.19392 0.516761 
0.975857 0.450701 0.238141 
0.856327 1.09671 0.543344 
0.962668 0.384288 0.320878 
1.00333 0.991631 0.0478742 
0.758597 5.25016e-08 1.0603 
1.03504 0.959562 0.000378419 
0.587672 1.25668 0.817128 
0.351256 0.324653 0.949627 
0.202364 0.819274 0.986774 
1.01733 0.20822 0.0989028 
0.0443352 0.0122 1.04888 
0.311794 0.00258585 1.04153 
1.0195 0.302725 0.0226153 
0.598476 0.762469 0.821256 
0.814409 0.499737 0.59886 
0.82764 0.61189 0.565463 
0.658385 0.942251 0.758911 
0.0163515 0.362181 1.00788 
0.15869 1.35479 0.996461 
0.848266 1.05911 0.555998 
0.85989 0.87795 0.539264 
0.119577 0.0936523 0.996799 
0.940796 0.546657 0.360291 
0.964502 0.657821 0.279505 
0.60998 0.231973 0.802378 
0.997301 0.243993 0.15744 
0.908894 0.294036 0.449926 
1.00684 0.501314 0.0072412 
