0.347849 0.20623 0.952599 
0.917682 0.507552 0.407278 
0.974139 0.0915192 0.250183 
0.528621 0.437181 0.858025 
0.996379 0.719739 0.122415 
0.645248 0.464078 0.773946 
0.986482 0.0352044 0.187027 
0.990479 1.07596 0.172783 
0.852155 0.229457 0.599766 
0.841225 0.77951 0.544709 
0.438727 0.792282 0.90427 
0.82519 0.644585 0.575563 
0.826162 0.25765 0.583401 
0.363516 0.622114 0.937235 
0.743558 0.243811 0.692793 
0.131989 0.986843 0.994666 
0.927806 0.709309 0.393413 
0.908828 0.167768 0.436927 
0.982632 0.259414 0.233963 
0.686172 0.300319 0.745001 
0.612475 0.531861 0.800062 
0.583495 0.931963 0.819957 
0.940241 0.117075 0.370301 
0.0998096 0.000396439 1.06213 
0.172181 0.308029 0.988913 
0.188522 0.542709 0.988908 
0.380592 0.445589 0.947028 
1.01048 0.156835 0.0125332 
0.992989 0.0586241 0.159751 
1.00521 0.128062 0.101671 
2.52345e-08 0.880373 1.09557 
1.04552 0.0552325 0.0657067 
0.919739 0.377364 0.408094 
0.259457 0.546759 0.970393 
0.732972 0.357343 0.703872 
0.497413 0.323884 0.893217 
0.406913 0.665795 0.926981 
0.9708 0.145221 0.298958 
0.958083 0.195506 0.309602 
0.947614 0.223292 0.361462 
0.998591 0.133779 0.140715 
0.0505678 1.81545e-07 1.07203 
0.897846 0.844039 0.450962 
0.763009 1.01251 0.667441 
0.907461 0.189586 0.434462 
0.296318 0.48255 0.967102 
0.276389 0.553841 0.968447 
0.811239 0.735868 0.599259 
0.796717 1.03041 0.61911 
0.598563 0.998049 0.813281 
0.511706 0.821229 0.867657 
0.746579 0.745156 0.679415 
0.867142 0.359296 0.534294 
0.948544 1.06077 0.332408 
0.881684 0.574216 0.490167 
0.780313 0.97254 0.637263 
0.782739 0.802711 0.654249 
0.78756 0.920604 0.63122 
0.668173 0.368387 0.757758 
0.662698 0.304792 0.762152 
0.0100373 0.393931 1.02482 
0.839416 1.1181 0.560566 
0.889144 0.21494 0.46457 
0.150335 0.000314032 1.03892 
0.282137 0.773165 0.964435 
0.570593 1.07344 0.831671 
0.214818 0.822093 0.982412 
0.800332 0.993818 0.617544 
0.330669 0.27719 0.956828 
0.630738 0.477317 0.801059 
0.702739 0.48669 0.724305 
0.232841 0.64165 0.977788 
0.31355 0.344691 0.963328 
0.495242 0.707385 0.878959 
0.613396 0.91569 0.795502 
0.711976 0.414845 0.712093 
0.562279 0.615872 0.835208 
0.544724 0.699912 0.848002 
0.427148 1.10182 0.908852 
0.986462 1.15888 0.210001 
0.475711 0.331098 0.898421 
0.983303 0.86781 0.224781 
1.00155 1.34388 0.0537746 
0.870036 0.265398 0.517209 
0.93436 0.811984 0.372296 
0.0160596 0.13369 1.00001 
1.0785 0.279268 5.88751e-08 
0.0502858 0.0029401 1.07203 
1.00546 0.963249 0.0309449 
0.411098 1.51882 0.921113 
0.645174 1.07166 0.775705 
0.686386 0.985255 0.738131 
0.961262 1.24063 0.288139 
0.953311 1.03815 0.334796 
1.06714 0.327659 0.00844047 
1.02617 0.0299409 0.0792841 
0.00229092 0.50109 1.00428 
0.311082 1.17761 0.957928 
0.716839 1.30389 0.710468 
0.483617 1.25783 0.897396 
0.971922 1.19462 0.260089 
0.860884 1.12608 0.543918 
1.02366 0.909498 0.00943857 
1.00867 0.65426 0.0239356 
1.02874 0.694899 0.00748702 
