0.487009 0.478827 0.888954 
0.704953 0.730174 0.725086 
0.587309 0.868822 0.0536705 
0.601248 0.283152 0.823773 
0.614544 0.116394 0.842602 
0.396195 0.286568 0.922483 
0.247663 0.665809 0.976732 
0.839617 0.170324 0.593966 
0.335027 0.715025 0.953557 
0.625318 0.184878 0.818119 
0.319037 0.967257 0.49211 
0.538621 0.235748 0.859222 
0.713413 0.73475 0.722161 
0.730017 0.789894 0.11009 
0.407343 0.941918 0.508698 
0.733977 0.466759 0.691298 
0.877448 0.11089 0.528386 
0.847218 0.621847 0.495664 
0.345448 0.959501 0.237939 
0.434925 0.959501 0.199624 
0.639977 0.841504 0.436821 
0.691218 0.812558 0.32682 
0.572727 0.87481 0.316659 
0.943426 0.527592 0.213271 
0.820841 0.67561 0.262313 
0.477684 0.917784 0.543893 
0.809834 0.100008 0.640773 
0.72559 0.78256 0.427813 
0.890325 0.336374 0.528008 
0.295581 0.0718068 0.961946 
0.529772 0.199665 0.874658 
0.780688 0.613804 0.650885 
1.04912 0.0600687 0.0765615 
0.36665 0.710429 0.94318 
0.829547 0.301692 0.627227 
0.289641 0.994706 0.131001 
0.112787 0.0132402 1.02099 
0.547942 0.929859 0.252347 
1.08457 0.0302742 0.0248116 
0.796556 0.348753 0.617537 
0.486098 0.0632628 0.900772 
0.411946 0.947006 0.449845 
0.971269 0.396265 0.105602 
1.10605 4.27392e-08 0.174254 
0.461389 0.970215 0.0691072 
1.00657 0.257102 0.0190625 
1.07009 0.0852642 0.043914 
0.377912 0.294243 0.935081 
0.267925 0.986202 0.18709 
0.779759 0.553374 0.659554 
0.510689 0.886866 0.284747 
0.593905 0.235267 0.842667 
0.688114 0.0853363 0.729582 
1.02783e-06 0.242311 1.05406 
0.759369 0.545153 0.67632 
0.659647 0.424922 0.771262 
0.665128 0.604622 0.766521 
0.679792 0.154231 0.761685 
0.868823 0.0502003 0.560725 
0.84864 0.655031 0.468514 
0.508545 0.887881 0.359658 
0.342782 0.962341 0.343276 
0.981945 0.193032 0.35338 
0.744384 0.32842 0.699621 
0.746004 0.382172 0.689275 
0.275476 0.98597 0.295966 
0.95879 0.261711 0.416527 
0.442556 0.174846 0.919916 
1.12664 0.110261 9.20445e-08 
0.163686 0.320598 0.992148 
0.926337 0.0262685 0.580559 
1.05093 0.0365465 0.115704 
0.964686 0.493174 0.0636975 
0.801369 0.698311 0.0417993 
0.147901 0.397202 0.994366 
0.67079 0.839994 0.326014 
0.905587 0.21166 0.478264 
0.0875399 0.140623 1.01017 
0.627226 0.168057 0.788833 
0.135962 0.5464 1.00633 
0.900928 0.338606 0.512587 
0.772213 0.435661 0.675951 
0.92346 0.0726632 0.465203 
0.995333 0.38593 0.146085 
0.938992 0.389507 0.373698 
0.85503 0.572322 0.0309935 
0.952442 0.300426 0.408084 
0.18453 0.307356 0.988731 
0.820841 0.67561 0.277484 
1.02975 0.128029 0.121022 
0.225125 1.0102 0.221295 
1.0179 0.499702 0.00515836 
0.0132893 0.274272 1.04804 
0.046406 1.04284 0.44405 
0.0186102 0.195169 1.01433 
0.216852 0.145833 1.0002 
0.505518 0.158513 0.884837 
0.148986 1.03234 0.128729 
0.332803 1.04231 0.100966 
0.0324096 1.08558 0.0813324 
0.224774 1.0262 0.484069 
0.0721358 1.04164 0.114801 
0.200622 0.236091 0.994217 
0.986176 0.453385 0.0594186 
1.10635 0.288263 0.00501348 
