0.731726 0.305054 0.690203 
0.442066 0.341949 0.913483 
0.607129 0.857414 0.803955 
0.308647 0.829176 0.954539 
0.986763 0.0165193 0.208745 
0.689229 0.410907 0.734664 
0.923836 0.319849 0.39929 
0.978634 0.78647 0.229698 
0.933941 0.589237 0.372534 
0.485937 0.277074 0.881928 
0.990864 0.387383 0.172281 
0.207975 0.46582 0.988517 
0.912979 0.503811 0.434185 
0.226028 0.704651 0.983052 
0.717134 0.938942 0.708263 
0.989854 0.122141 0.187013 
0.779268 0.690821 0.638696 
0.916759 0.492651 0.421165 
0.878957 0.712807 0.495439 
0.784617 0.804613 0.631168 
0.859296 1.11934 0.525666 
0.0414362 0.159858 1.00096 
0.522556 0.190027 0.866981 
0.825507 0.971689 0.580914 
0.901554 0.218498 0.467372 
0.0582704 0.0575342 1.05313 
0.979208 0.95598 0.220611 
0.865424 0.494145 0.507522 
0.848231 0.441669 0.539945 
0.939558 0.911109 0.359156 
0.996461 0.153025 0.137468 
0.473775 0.732344 0.889985 
0.761378 0.774345 0.658182 
0.538124 0.845903 0.861098 
0.574555 0.257076 0.844836 
0.671379 0.531306 0.754317 
0.969777 0.11413 0.258143 
0.0978878 1.1041 0.999135 
0.944296 0.0439095 0.48099 
0.989776 0.429253 0.158273 
0.556515 0.740266 0.857882 
0.0794982 0.00363057 1.04739 
0.185983 1.06556 0.989963 
0.657039 1.00984 0.777253 
0.454189 0.356298 0.901644 
0.138849 0.555558 0.995581 
0.407782 0.361222 0.926272 
0.969226 0.371617 0.279992 
0.950685 0.216337 0.346476 
0.241125 0.652446 0.98405 
0.248805 0.632376 0.978774 
0.419373 0.936553 0.912203 
0.354955 0.252881 0.953257 
0.893982 0.27963 0.535789 
0.0270685 0.0709651 1.02144 
0.17745 0.0300297 1.0319 
0.163253 0.00301505 1.05256 
0.502029 0.898541 0.878431 
0.374934 1.06297 0.929777 
0.397185 1.01108 0.94246 
0.840918 0.926763 0.556225 
0.393392 0.291887 0.951667 
0.252466 0.876222 0.976144 
0.619148 1.18141 0.797483 
0.641393 1.07492 0.775277 
0.744355 0.814539 0.682045 
0.974659 0.708025 0.254131 
1.00473 0.0978069 0.032963 
0.177889 1.87567e-07 1.05209 
0.848928 0.168508 0.573866 
2.27961e-08 0.147287 1.0388 
1.04563 1.03956 6.1902e-08 
1.01251 0.0777924 0.0592639 
0.323214 1.00102 0.950317 
0.601955 1.02235 0.819699 
0.960256 0.512172 0.324882 
0.818038 1.13048 0.601781 
0.826979 0.933249 0.584072 
0.705312 0.213683 0.717117 
0.519562 0.236531 0.870491 
0.119556 1.14465 0.99836 
0.800974 0.605144 0.615595 
0.802426 0.566847 0.62262 
0.929374 1.09178 0.398449 
0.627482 1.54213 0.79391 
0.963432 0.947474 0.292266 
0.277786 0.311598 0.967503 
0.265609 0.609468 0.972258 
0.00676626 1.15857 1.01264 
0.299033 0.0733461 0.966483 
0.012957 0.827072 1.00848 
0.588541 0.178866 0.825085 
0.771829 0.201233 0.64929 
0.964019 0.396921 0.321242 
0.556364 1.32413 0.846888 
0.688963 0.322002 0.749305 
0.731272 0.6768 0.710402 
0.89774 0.790537 0.455406 
0.809475 0.152256 0.669137 
0.574603 0.757506 0.836558 
1.00127 0.812834 0.113648 
1.00633 0.0852063 0.0124329 
1.00318 0.12826 0.113972 
1.00167 0.316859 0.0608777 
1.01272 0.0588815 0.0116255 
