0.845418 1.20559 0.545895 
0.938993 0.183333 0.374718 
0.890218 1.47367 0.478093 
0.556071 0.782278 0.840955 
0.931295 0.222797 0.39061 
0.573889 1.16576 0.837373 
0.727976 1.14302 0.696106 
0.412283 0.278682 0.920702 
0.956013 0.541911 0.323879 
0.603822 1.38364 0.811176 
0.695716 0.855478 0.730767 
0.520208 0.75719 0.867723 
0.619806 1.21436 0.802369 
1.00519 0.262039 0.154566 
0.833917 0.166094 0.630105 
0.686342 1.36438 0.738577 
0.0794444 0.62528 1.00136 
0.782406 0.314641 0.647595 
0.257713 1.31224 0.970101 
0.961958 0.105616 0.304445 
0.949932 0.790009 0.339075 
0.571489 1.27814 0.836433 
0.860551 1.18874 0.526883 
0.998672 1.32639 0.12959 
0.393666 0.839105 0.930329 
0.364552 0.93886 0.934574 
0.976448 1.29796 0.243629 
0.103483 0.00047378 1.00869 
1.05066 0.0584074 0.0623667 
0.216441 0.341971 0.98283 
0.709793 0.693151 0.715066 
0.944381 0.865803 0.35764 
1.14323 0.0494564 0.0930011 
0.906061 0.799009 0.439507 
1.12534 0.0233393 0.10585 
0.869775 0.855665 0.511731 
0.822495 1.19647 0.586547 
0.998846 1.49827 0.114766 
0.325695 1.05956 0.951998 
0.990969 0.798381 0.178894 
1.13169 0.0759263 0.0411254 
0.294577 0.381662 0.958109 
0.306243 0.204983 0.961146 
0.344389 0.896869 0.947675 
0.657254 0.727576 0.772795 
0.630762 0.33059 0.788403 
0.925911 0.74078 0.402386 
0.964827 0.713145 0.291732 
0.589169 0.254846 0.855245 
1.22498 0.491339 1.04662e-07 
0.673847 0.987553 0.760484 
0.500494 1.10811 0.872462 
0.890806 1.2664 0.465227 
0.679884 1.24932 0.742053 
0.420051 1.06728 0.912261 
0.46076 0.999719 0.894617 
0.169299 0.29863 0.990435 
0.623714 0.239409 0.823839 
0.655599 1.18192 0.782772 
0.986379 1.34962 0.223962 
0.91885 1.07834 0.415368 
0.905081 0.439998 0.454979 
0.998167 0.119038 0.280233 
0.975779 0.411799 0.259369 
0.188125 0.0601644 0.997493 
0.80076 1.39465 0.61437 
0.019663 0.579487 1.00145 
0.79912 0.945468 0.621404 
0.232156 0.484477 0.982584 
0.752669 1.45442 0.672993 
0.809038 1.09523 0.596877 
0.721034 1.42933 0.702611 
0.375214 0.818867 0.938949 
0.057441 0.196492 1.03554 
0.0438328 0.242765 1.0248 
0.473697 1.29394 0.89408 
0.881687 0.831041 0.489234 
0.861349 0.604359 0.559194 
1.01108 0.300938 0.012649 
0.144067 3.2637e-07 1.04267 
1.06304 0.00336451 0.393829 
1.77852e-08 1.55849 1.01947 
1.2196 0.261445 0.0277861 
1.02038 0.32686 0.000473067 
0.440973 0.633414 0.903718 
0.996221 1.24061 0.168895 
0.506226 1.02067 0.88479 
0.534373 0.771506 0.866909 
0.744067 0.921803 0.678073 
0.988749 0.351762 0.202673 
0.542333 0.502005 0.882971 
0.768175 0.484218 0.663292 
0.126051 1.04621 0.995521 
1.08137 0.0465236 0.0970846 
0.0289422 0.322629 1.03095 
0.954204 0.666189 0.345952 
0.275648 0.467515 0.979979 
0.741825 1.04017 0.684398 
0.259293 1.12537 0.977282 
0.49036 0.430763 0.908929 
0.862846 0.651424 0.53503 
1.00256 1.14815 0.0530008 
0.807514 0.527822 0.616837 
1.00714 0.981693 0.0170202 
1.15337 0.282168 0.0219124 
