0.888305 0.542115 0.47076 
0.897641 0.125154 0.449734 
0.364646 0.34579 0.951504 
0.583391 0.745351 0.821051 
0.497832 0.596604 0.872902 
0.754001 0.734694 0.664125 
0.225804 0.175922 0.981354 
0.527984 0.386296 0.854663 
0.566368 0.284865 0.833174 
0.780443 1.04915 0.643884 
0.964952 0.942879 0.277956 
0.878173 0.256575 0.495363 
0.793505 0.734323 0.61661 
0.164298 0.556524 0.993736 
0.48396 0.333946 0.885181 
0.959347 0.362304 0.295976 
0.511733 0.853114 0.863846 
0.948996 0.610058 0.321696 
0.725092 0.580216 0.700114 
0.985641 0.138782 0.201835 
0.55456 0.515028 0.840401 
0.809337 0.626057 0.599806 
0.63672 0.359251 0.78533 
0.422339 0.845466 0.912864 
0.922199 0.103646 0.41053 
0.826398 0.196386 0.571098 
0.265664 0.114841 0.972582 
0.276738 0.0813615 0.974484 
0.91689 0.473212 0.425261 
0.652213 0.221731 0.770423 
0.944103 0.477019 0.345236 
1.03234 0.0255498 0.07539 
0.181121 0.736666 0.98837 
0.197253 0.00273263 1.04673 
0.542882 0.511867 0.848615 
0.370753 0.150514 0.940748 
0.240981 0.531267 0.976299 
0.907487 0.267184 0.439168 
0.996623 0.121009 0.135275 
0.993634 0.966882 0.159764 
0.597979 0.335985 0.804832 
0.030776 0.0471024 1.09617 
0.46364 0.314213 0.898422 
0.86045 0.652677 0.536185 
0.736972 0.313592 0.683813 
0.402045 0.0983239 0.920962 
0.760588 1.07824 0.65536 
0.342585 0.401911 0.94731 
0.332288 0.283489 0.967259 
0.712725 0.224174 0.71204 
0.0544156 0.00156656 1.23944 
0.315106 1.1557 0.956161 
0.00677778 0.305023 1.19053 
0.672127 0.766027 0.749835 
0.248706 0.0575589 1.00269 
0.213008 0.409353 0.992035 
0.292789 0.966355 0.96096 
0.694756 0.187005 0.732103 
0.0738306 0.28751 1.00635 
0.628992 0.916601 0.792945 
0.00192885 0.506382 1.28584 
1.09779 0.756444 4.82488e-08 
0.139464 0.03205 1.03141 
1.00769 1.53229 0.0109292 
1.00429 1.45841 0.0182928 
0.394748 1.13439 0.935914 
0.97405 0.719643 0.264562 
0.66831 0.877187 0.752925 
0.615518 0.456565 0.799696 
0.681662 0.632802 0.759605 
0.784856 0.171164 0.628177 
0.871377 0.508372 0.514241 
1.04111 0.424194 0.00981312 
0.126874 1.1723e-06 1.06533 
0.0637098 0.00755245 1.06886 
0.0942422 0.0574865 1.00998 
0.115599 1.02271 0.999628 
1.08368 1.33186 0.000849458 
1.06029 0.829528 0.00367509 
0.000580192 1.31319 1.28833 
0.00063398 0.932981 1.32852 
1.06731e-08 0.864246 1.32985 
1.00015 1.48894 0.0975092 
0.31563 1.11342 0.957237 
0.839089 0.710061 0.562299 
1.00096 1.61961 0.0845726 
0.807896 1.35211 0.609042 
0.440106 1.67442 0.904781 
0.930732 1.39566 0.3808 
0.93318 1.32687 0.380421 
0.0414624 0.15708 1.03629 
0.0100361 0.0966702 1.10957 
0.0119755 1.74723 1.01464 
0.428661 0.796516 0.913438 
0.840892 0.855594 0.55465 
1.02522 0.987905 0.00550025 
0.61533 0.150952 0.805143 
0.94838 1.07131 0.337737 
0.983166 0.53106 0.221638 
0.989795 0.186113 0.180989 
0.943903 0.405894 0.39295 
1.01286 0.901342 0.0190068 
1.00922 0.251452 0.0200832 
1.04018 0.179704 0.0350001 
1.0051 0.0586775 0.0501879 
