0.978064 0.943856 0.227513 
0.902875 0.84916 0.442916 
0.483609 0.189718 0.893263 
0.73154 1.34239 0.692379 
0.927549 1.30146 0.390484 
0.883136 0.750582 0.492731 
0.822519 0.443168 0.593735 
0.824697 1.11396 0.581563 
0.962758 0.927797 0.274118 
0.595439 1.39003 0.815558 
0.973313 1.27551 0.25301 
0.953667 1.47151 0.321755 
0.998867 0.469418 0.133912 
0.922985 0.261745 0.408438 
0.845956 1.24603 0.550254 
0.499304 0.254405 0.881489 
0.891474 0.21835 0.47593 
0.46577 1.43009 0.900663 
1.00294 0.114129 0.0842296 
0.857009 1.41588 0.533596 
0.261141 1.02716 0.982003 
0.753411 0.577046 0.680194 
0.256101 1.31901 0.97106 
0.661859 0.325161 0.778639 
0.518133 0.584026 0.875962 
0.302316 0.890867 0.95727 
0.52848 0.669334 0.865098 
0.64703 0.346497 0.786207 
0.684575 0.39594 0.737917 
0.939461 1.23453 0.361982 
0.934256 1.0642 0.371689 
0.776686 0.27082 0.661922 
0.99245 0.509862 0.211177 
0.672398 0.489021 0.769321 
0.351255 1.23167 0.943361 
0.330836 0.964699 0.951751 
1.73096e-08 1.14066 1.15004 
0.952593 0.424577 0.339201 
0.713878 0.898852 0.703483 
0.946931 0.313299 0.346153 
0.57423 1.52245 0.837646 
0.212806 0.740389 0.983724 
0.44613 0.222798 0.931162 
0.558365 0.32749 0.861272 
0.452311 0.365611 0.904409 
0.72023 0.596457 0.735812 
1.11771 0.70471 4.1168e-09 
0.234326 2.20698e-07 1.02347 
0.151335 2.25243e-07 1.02239 
0.10111 2.39068e-05 1.04523 
0.0787178 0.0029701 1.06667 
0.179448 0.644712 0.99546 
0.0510152 0.233699 1.07623 
0.374276 0.44807 0.937139 
0.909591 0.357125 0.425033 
0.421936 1.05517 0.916911 
0.867296 0.546224 0.516092 
0.058466 0.288807 1.05876 
0.837881 1.44996 0.559075 
0.591535 0.997349 0.849855 
0.816396 0.410291 0.620707 
0.884335 0.731132 0.48625 
1.09853 0.765861 0.000776431 
0.984361 0.97258 0.193959 
0.0887691 0.463493 1.01024 
0.987625 1.2067 0.173147 
0.699058 1.3585 0.718716 
0.0352312 0.634942 1.00239 
0.540642 1.1164 0.852372 
0.405946 1.40173 0.922633 
0.788103 0.480438 0.642488 
0.283169 0.919499 0.963937 
0.207331 0.452757 0.994828 
0.962621 1.18161 0.292583 
0.41612 0.792394 0.934867 
0.622987 2.02173 0.797542 
0.604111 0.398213 0.82477 
0.492248 1.51061 0.880604 
0.794035 0.829404 0.612089 
0.390479 0.249444 0.947749 
0.808824 0.141959 0.634938 
0.994773 0.645545 0.187509 
0.636068 0.547959 0.811358 
1.00773 0.0303887 0.00441977 
0.116893 0.691511 1.00051 
1.04809 0.605278 0.00149964 
0.128496 0.0249284 1.0151 
1.01691 0.0941231 0.00431138 
0.0537838 0.165469 1.08117 
0.901374 0.84108 0.460337 
1.00055 1.17936 0.0143373 
0.698832 1.35464 0.726201 
0.880348 0.138383 0.516375 
0.768939 0.120622 0.748833 
0.575286 1.1118 0.836541 
0.569329 1.67086 0.840277 
0.913566 0.193771 0.448342 
0.0167182 0.295152 1.08987 
0.0147723 1.14339 1.01636 
0.579355 0.87069 0.859421 
0.743591 0.521376 0.718956 
0.317405 0.565313 0.979305 
0.863496 0.609315 0.543896 
0.982242 0.375087 0.24886 
1.01929 0.012312 0.0235477 
