1.21336 0.18955 
0 1 
0 1 
1.14039 0.228706 
0.811634 0.302606 
0.727481 0.339837 
0.62851 0.342616 
0.00389221 0.937658 
0 1 
0.459558 0.402385 
0.791873 0.336828 
0.518167 0.392662 
1.14604 0.191282 
0.534658 0.380387 
1.14604 0.191282 
0.619539 0.351328 
0.806316 0.310853 
0.794664 0.329949 
0.0412966 0.798639 
0.58116 0.379146 
0.03214 0.822075 
0.60006 0.362486 
0.448219 0.41287 
0.578146 0.379445 
0.245248 0.540271 
0.414561 0.429613 
0.429605 0.417243 
0.60006 0.362486 
0.0654673 0.74865 
0.0563414 0.766057 
0.371336 0.455629 
0.0910518 0.705383 
0.0108981 0.89583 
0.101248 0.690078 
0.00389221 0.937658 
0.00657312 0.919024 
0.236224 0.545003 
0.361159 0.45842 
0.38785 0.442847 
0.0271856 0.836138 
0.0143323 0.880646 
0.03214 0.822075 
0.0802295 0.722512 
0.0730409 0.734651 
0.0271126 0.83629 
0.0226639 0.850206 
0.00801467 0.910619 
0.105063 0.68425 
0.113284 0.673747 
0.136632 0.642843 
0.128286 0.653257 
0.173058 0.602073 
0.261332 0.535415 
0.334808 0.483341 
0.0533166 0.772011 
0.0480245 0.783318 
0.430848 0.415548 
0.458598 0.405067 
0.161929 0.61261 
0.0208418 0.856286 
0.231214 0.550982 
0.28853 0.507222 
0.180239 0.592722 
0.405389 0.440375 
0.155542 0.622159 
0.318347 0.486704 
0.265625 0.525578 
0.275985 0.518804 
0.379955 0.447877 
0.113703 0.672689 
0.343221 0.470644 
0.0864055 0.713185 
0.0805903 0.721928 
0.208135 0.572107 
0.119872 0.664758 
0.534208 0.392005 
0.534208 0.392005 
0.518167 0.392662 
0.351644 0.465209 
0.190398 0.584647 
0.202792 0.573845 
0.215951 0.561883 
0.353825 0.463753 
0.086834 0.71249 
0.41035 0.430421 
0.0184546 0.864686 
0.0906898 0.705758 
0.261702 0.527967 
0.323983 0.485609 
0.0184546 0.864686 
0.0163307 0.872644 
0.00657312 0.919024 
0.00801467 0.910619 
0.0163307 0.872644 
0.310658 0.490511 
0.128036 0.653855 
0.123353 0.659443 
0.280525 0.512804 
0.336116 0.478525 
0.151013 0.626647 
0.209126 0.565836 
0.305937 0.492372 
0.261332 0.535415 
0.188183 0.588302 
0.0665972 0.745943 
0.0126803 0.887681 
0.218961 0.561854 
0.223845 0.557757 
0.0480245 0.783318 
0.0455684 0.789 
0.299509 0.502805 
0.168286 0.60758 
0.172239 0.60295 
0.180239 0.592722 
0.186396 0.589583 
0.142915 0.633892 
0.209126 0.565836 
0.285959 0.511421 
0.0451534 0.78974 
0.0429765 0.794927 
0.225005 0.555691 
0.196567 0.581588 
0.196864 0.575244 
0.384437 0.445135 
0.407461 0.434988 
0.337544 0.476545 
0.341756 0.471388 
0.154774 0.622959 
0.101673 0.689672 
0.10411 0.685677 
0.0686531 0.742553 
0.379955 0.447877 
0.195291 0.582228 
0.0712893 0.738693 
0.0119388 0.890996 
0.139701 0.640529 
0.196864 0.575244 
0.0534202 0.771951 
0.406706 0.439543 
0.407461 0.434988 
0.0553228 0.768189 
0.229787 0.555056 
0.164209 0.612082 
0.261875 0.526117 
0.310658 0.490511 
0.149155 0.628998 
0.166171 0.609694 
0.791873 0.336828 
0.323983 0.485609 
0.0428932 0.794928 
0.299509 0.502805 
0.0126803 0.887681 
0.141146 0.63842 
0.0219425 0.852582 
0.279867 0.516065 
0.142134 0.637308 
0.0119388 0.890996 
0.137624 0.641484 
0.229787 0.555056 
0.384843 0.444572 
0.302585 0.495215 
0.302298 0.498709 
0.286105 0.509651 
0.33758 0.473181 
0.302298 0.498709 
0.299527 0.500231 
0.458598 0.405067 
0.146219 0.632823 
0.149851 0.628259 
0.0654809 0.748368 
0.0686394 0.742898 
0.14656 0.631847 
0.265625 0.525578 
0.578146 0.379445 
0.353825 0.463753 
0.351644 0.465209 
0.0226639 0.850206 
0.223845 0.557757 
0.305925 0.495188 
0.119872 0.664758 
0.0562177 0.766166 
0.278813 0.518137 
0.33758 0.473181 
0.0722315 0.737745 
0.0553228 0.768189 
0.122174 0.661449 
0.299527 0.500231 
0.299509 0.502805 
0 1 
0.278444 0.518288 
0.279867 0.516065 
0.14656 0.631847 
0.186396 0.589583 
0.286714 0.508464 
0.16721 0.609187 
0.0219425 0.852582 
0.167937 0.608447 
0.0724317 0.735897 
0.305925 0.495188 
0.302585 0.495215 
0.275985 0.518804 
0.162977 0.6126 
0.218961 0.561854 
0.121323 0.661767 
0.121264 0.662858 
0.430739 0.416004 
0.121264 0.662858 
0.33758 0.473181 
0.141623 0.637412 
1.21336 0.18955 
0.122895 0.660217 
0.406706 0.439543 
0.405389 0.440375 
0.286714 0.508464 
0.196567 0.581588 
0.195291 0.582228 
0.137045 0.642572 
0.172239 0.60295 
0.104445 0.685461 
0.0686394 0.742898 
0.113445 0.673476 
0.155542 0.622159 
0.154774 0.622959 
0.146259 0.632619 
0.149584 0.628947 
0.168286 0.60758 
0.123353 0.659443 
0.122895 0.660217 
0.0864184 0.713108 
0.104933 0.684824 
0.0452442 0.789728 
0.0455684 0.789 
0.384843 0.444572 
0.0712893 0.738693 
0.0714164 0.73797 
0.0729004 0.735085 
0.0725674 0.735662 
0.0219425 0.852582 
0.0714388 0.737923 
0.101325 0.689951 
0.104933 0.684824 
0.105063 0.68425 
0.136632 0.642843 
0.137045 0.642572 
0.128036 0.653855 
0.430739 0.416004 
0.142134 0.637308 
0.128241 0.653455 
0.0803734 0.722208 
0.0805903 0.721928 
0.0803734 0.722208 
0.278813 0.518137 
0.113284 0.673747 
0.0686394 0.742898 
0.128241 0.653455 
0.0725674 0.735662 
0.0729004 0.735085 
0.0730272 0.734846 
0.578146 0.379445 
0.0654673 0.74865 
0.0654809 0.748368 
0.146219 0.632823 
0.128286 0.653257 
0.0730272 0.734846 
0.0271126 0.83629 
0.0563286 0.766081 
0.101248 0.690078 
0.0864055 0.713185 
0.0452334 0.789731 
0.0714164 0.73797 
0.0714388 0.737923 
0.0428932 0.794928 
0.0429765 0.794927 
0.0563414 0.766057 
0.0452442 0.789728 
0 1 
0 1 
0 1 
0 1 
0 1 
0 1 
0 1 
0 1 
0 1 
0 1 
0 1 
0 1 
0 1 
0 1 
0 1 
0 1 
0 1 
0 1 
0 1 
0 1 
0 1 
0 1 
0 1 
0 1 
0 1 
0 1 
0 1 
0 1 
0 1 
0 1 
0 1 
0 1 
0 1 
0 1 
0 1 
0 1 
0 1 
0 1 
0 1 
0 1 
0 1 
0 1 
0 1 
0 1 
0 1 
0 1 
0 1 
0 1 
0 1 
0 1 
0 1 
0 1 
0 1 
0 1 
0 1 
0 1 
0 1 
0 1 
0 1 
0 1 
0 1 
0 1 
0 1 
0 1 
0 1 
0 1 
0 1 
0 1 
0 1 
0 1 
0 1 
0 1 
0 1 
0 1 
0 1 
0 1 
0 1 
0 1 
0 1 
0 1 
0 1 
0 1 
0 1 
0 1 
0 1 
0 1 
0 1 
0 1 
0 1 
0 1 
0 1 
0 1 
0 1 
0 1 
0 1 
0 1 
0 1 
0 1 
0 1 
0 1 
0 1 
0 1 
0 1 
0 1 
0 1 
0 1 
0 1 
0 1 
0 1 
0 1 
0 1 
0 1 
0 1 
0 1 
0 1 
0 1 
0 1 
0 1 
0.60006 0.362486 
0 1 
0 1 
0 1 
0 1 
0 1 
0 1 
0 1 
0 1 
0.60006 0.362486 
0 1 
0 1 
0 1 
0 1 
0 1 
0 1 
0 1 
0 1 
0 1 
0 1 
0 1 
0 1 
0 1 
0 1 
0 1 
0 1 
0 1 
0 1 
0 1 
0 1 
0 1 
0 1 
0 1 
0 1 
0 1 
0 1 
0 1 
0 1 
0 1 
0 1 
0 1 
0 1 
0 1 
0 1 
0 1 
0 1 
0 1 
0 1 
0 1 
0 1 
0 1 
0 1 
0 1 
0 1 
0 1 
0 1 
0 1 
0 1 
0 1 
0 1 
0 1 
0 1 
0 1 
0 1 
0 1 
0 1 
0 1 
0 1 
0 1 
0 1 
0 1 
0 1 
0 1 
0 1 
0 1 
0 1 
0 1 
0 1 
0 1 
0 1 
0 1 
0 1 
0 1 
0 1 
0 1 
0 1 
0 1 
0 1 
0 1 
0 1 
0 1 
0 1 
0 1 
0 1 
0 1 
0 1 
0 1 
0 1 
0 1 
0 1 
0 1 
0 1 
0 1 
0 1 
0 1 
0 1 
0 1 
