1.22427 0.162424 
0 1 
0 1 
1.09006 0.180065 
0.936946 0.244329 
0.0034673 0.941152 
0.711274 0.307889 
0.560249 0.369083 
0.854884 0.288365 
0.0194776 0.861036 
0.632863 0.339095 
0.901577 0.244573 
0 1 
0.887236 0.287445 
0.67521 0.331949 
0.706227 0.322849 
0.474171 0.397999 
0.377552 0.438765 
0.53641 0.381433 
0.656765 0.338686 
0.503473 0.397353 
0.534814 0.38842 
0.0608155 0.762394 
0.459099 0.413052 
0.407624 0.434715 
0.936946 0.244329 
0.887236 0.287445 
0.854884 0.288365 
0.0647645 0.7515 
0.0428012 0.79527 
0.0505303 0.778129 
0.215559 0.564082 
0.228202 0.550836 
0.197159 0.579748 
0.439488 0.420567 
0.415945 0.425805 
0.0887113 0.709575 
0.351688 0.462491 
0.366536 0.451575 
0.503473 0.397353 
0.0511886 0.776701 
0.106268 0.683726 
0.854884 0.288365 
0.115586 0.669936 
0.092119 0.703858 
0.44946 0.414054 
0.0427437 0.795335 
0.0352484 0.813838 
0.0299369 0.828155 
0.0370049 0.809267 
0.267631 0.524105 
0.140067 0.640672 
1.10117 0.166222 
0.632863 0.339095 
0.123553 0.659322 
0.306036 0.490103 
0.0816533 0.720783 
0.0996072 0.693154 
0.070422 0.739614 
0.368671 0.44834 
0.248324 0.53474 
0.137232 0.643265 
0.238459 0.546191 
0.300078 0.495918 
0.329173 0.476842 
0.270364 0.518628 
0.290652 0.503145 
0.0289291 0.83409 
0.0244404 0.844455 
0.443505 0.420253 
0.334282 0.472798 
0.341228 0.472103 
0.157685 0.622694 
0.257561 0.529629 
0.244144 0.538171 
0.34844 0.469573 
0.184874 0.591191 
0.106268 0.683726 
0.100911 0.691011 
0.149559 0.629666 
0.162115 0.615135 
0.278151 0.512032 
0.115586 0.669936 
0.319182 0.48428 
0.205045 0.574792 
0.131893 0.649766 
0.184874 0.591191 
0.0712725 0.738194 
0.278151 0.512032 
0.0752743 0.731313 
0.173934 0.606645 
0.166193 0.61083 
0.284586 0.507734 
0.351373 0.46748 
0.255026 0.530197 
0.236204 0.548151 
0.407624 0.434715 
0.415453 0.431141 
0.131893 0.649766 
0.316172 0.484891 
0.228202 0.550836 
0.283887 0.507789 
0.534814 0.38842 
0.321978 0.478383 
0.459099 0.413052 
0.078344 0.725944 
0.268394 0.51938 
0.0613058 0.756359 
0.162115 0.615135 
0.166193 0.61083 
0.17411 0.603439 
0.314765 0.489549 
0.149559 0.629666 
0.321978 0.478383 
0.115586 0.669936 
0.244144 0.538171 
0.177805 0.599255 
0.0243289 0.844806 
0.155001 0.623558 
0.151328 0.626925 
0.0227955 0.849703 
0.0227955 0.849703 
0.0352484 0.813838 
0.0370049 0.809267 
0.0213535 0.854484 
0.415945 0.425805 
0.415453 0.431141 
0.314765 0.489549 
0.184349 0.592612 
0.200942 0.577444 
0.0608826 0.757257 
0.127365 0.6551 
0.20928 0.569832 
0.0909634 0.705936 
0.351688 0.462491 
0.296725 0.502211 
0.366536 0.451575 
0.368671 0.44834 
0.297121 0.498436 
0.140067 0.640672 
0.177805 0.599255 
0.0213535 0.854484 
0.0202689 0.858255 
0.127365 0.6551 
0.126134 0.656671 
0.0798925 0.723189 
0.296984 0.49974 
0.151061 0.627665 
0.0767633 0.728597 
0.180427 0.597285 
0.0752743 0.731313 
0.181541 0.594403 
0.20744 0.571657 
0.199454 0.579447 
0.0767633 0.728597 
0.12429 0.659073 
0.236739 0.547621 
0.0299369 0.828155 
0.0289595 0.830962 
0.080176 0.723166 
0.0816533 0.720783 
0.17411 0.603439 
0.173934 0.606645 
0.0202505 0.85827 
0.0289291 0.83409 
0.0289595 0.830962 
0.439488 0.420567 
0.210219 0.567765 
0.149559 0.629666 
0.213696 0.565441 
0.0909634 0.705936 
0.210219 0.567765 
0.215559 0.564082 
0.0997229 0.692839 
0.100911 0.691011 
0.296725 0.502211 
0.208252 0.571627 
0.181541 0.594403 
0.180587 0.596224 
0 1 
0.255026 0.530197 
0.257561 0.529629 
0.155393 0.623123 
0.0711258 0.738261 
0.0511886 0.776701 
0.0505303 0.778129 
0.070422 0.739614 
0.212815 0.566489 
0.199772 0.577877 
0.20744 0.571657 
0.297121 0.498436 
0.213688 0.565739 
0.212815 0.566489 
0.212815 0.566489 
0.199772 0.577877 
0.200942 0.577444 
0.0613058 0.756359 
0.180587 0.596224 
0.180427 0.597285 
0.127323 0.656103 
0.0608826 0.757257 
0.127323 0.656103 
0.126371 0.656378 
0.151328 0.626925 
0.12429 0.659073 
0.155001 0.623558 
0.155393 0.623123 
0.208252 0.571627 
0.283887 0.507789 
0.126371 0.656378 
0.184874 0.591191 
0.213688 0.565739 
0.0996072 0.693154 
0.0996156 0.692872 
0.0243994 0.844662 
0.0244404 0.844455 
0.080176 0.723166 
0.0243541 0.844804 
0.0243783 0.844664 
0.0997229 0.692839 
0.0996156 0.692872 
0.0428012 0.79527 
0.0202689 0.858255 
0.0202505 0.85827 
0.0243783 0.844664 
0.0243994 0.844662 
0 1 
0 1 
0 1 
0 1 
0 1 
0 1 
0 1 
0 1 
0 1 
0 1 
0 1 
0 1 
0 1 
0 1 
0 1 
0 1 
0 1 
0 1 
0 1 
0 1 
0 1 
0 1 
0 1 
0 1 
0 1 
0 1 
0 1 
0 1 
0 1 
0 1 
0 1 
0 1 
0 1 
0 1 
0 1 
0 1 
0 1 
0 1 
0 1 
0 1 
0 1 
0 1 
0 1 
0 1 
0 1 
0 1 
0 1 
0 1 
0 1 
0 1 
0 1 
0 1 
0 1 
0 1 
0 1 
0 1 
0 1 
0 1 
0 1 
0 1 
0 1 
0 1 
0 1 
0 1 
0 1 
0.936946 0.244329 
0 1 
0 1 
0 1 
0 1 
0 1 
0 1 
0 1 
0 1 
0 1 
0 1 
0 1 
0 1 
0 1 
0 1 
0 1 
0 1 
0 1 
0 1 
0 1 
0 1 
0 1 
0 1 
0 1 
0 1 
0 1 
0 1 
0 1 
0 1 
0 1 
0 1 
0 1 
0 1 
0 1 
0 1 
0 1 
0 1 
0 1 
0 1 
0 1 
0 1 
0 1 
0 1 
0 1 
0 1 
0 1 
0 1 
0 1 
0 1 
0 1 
0 1 
0 1 
0 1 
0 1 
0 1 
0 1 
0 1 
0 1 
0 1 
0 1 
0 1 
0 1 
0 1 
0 1 
0 1 
0 1 
0 1 
0 1 
0 1 
0 1 
0 1 
0 1 
0 1 
0 1 
0 1 
0 1 
0 1 
0 1 
0 1 
0 1 
0 1 
0 1 
0 1 
0 1 
0 1 
0 1 
0 1 
0 1 
0 1 
0 1 
0 1 
0 1 
0 1 
0 1 
0 1 
0 1 
0 1 
0 1 
0 1 
0 1 
0 1 
0 1 
0 1 
0 1 
0 1 
0 1 
0 1 
0 1 
0 1 
0 1 
0 1 
0 1 
0 1 
0 1 
0 1 
0 1 
0 1 
0 1 
0 1 
0 1 
0 1 
0 1 
0 1 
0 1 
0 1 
0 1 
0 1 
0 1 
0 1 
0 1 
0 1 
0 1 
0 1 
0 1 
0 1 
0 1 
0 1 
0 1 
0 1 
0 1 
0 1 
0 1 
0 1 
0 1 
0 1 
0 1 
0 1 
0 1 
0 1 
0 1 
0 1 
0 1 
0 1 
0 1 
0 1 
0 1 
0 1 
0 1 
0 1 
0 1 
0 1 
0 1 
0 1 
0 1 
0 1 
0 1 
0 1 
0 1 
0 1 
0 1 
0 1 
0 1 
0 1 
0 1 
0 1 
0 1 
0 1 
0 1 
0 1 
0 1 
0 1 
0 1 
0 1 
0 1 
0 1 
0 1 
0 1 
0 1 
0 1 
0 1 
0 1 
0 1 
0 1 
0 1 
0 1 
0 1 
0 1 
0 1 
0 1 
0 1 
0 1 
0 1 
0 1 
0 1 
0 1 
0 1 
0 1 
0 1 
0 1 
