0.0131917 0 
0.0131917 0 
0.0131917 0 
0.0131917 0 
0.0131917 0 
0.0131917 0 
0.0131917 0 
0.0131917 0 
0.0131917 0 
0.0131917 0 
0.0131917 0 
0.0131917 0 
0.0131917 0 
0.0131917 0 
0.0131917 0 
0.0131917 0 
0.0131917 0 
0.0131917 0 
0.0131917 0 
0.0131917 0 
0.0131917 0 
0.0131917 0 
0.0131917 0 
0.0131917 0 
0.0131917 0 
0.0131917 0 
0.0131917 0 
0.0131917 0 
0.0131917 0 
0.0131917 0 
0.0131917 0 
0.0131917 1.1293 
0.0131917 0 
0.0131917 0 
0.0131917 0 
0.0131917 0 
0.0131917 0 
0.0131917 0 
0.0131917 0 
0.0131917 0 
0.0131917 0 
0.0131917 0 
0.0131917 0 
0.0131917 0 
0.0131917 0 
0.0131917 0 
0.0131917 0 
0.0131917 0 
0.0131917 0 
0.0131917 0 
0.0131917 0 
0.0131917 0 
0.0131917 0 
0.0131917 0 
0.0131917 0 
0.0131917 0 
0.0131917 0 
0.0131917 0 
0.0131917 0 
0.0131917 0 
0.0131917 0 
0.0131917 0 
0.0131917 0 
0.0131917 0 
0.0131917 0 
0.0131917 0 
0.0131917 0 
0.0131917 0 
0.0131917 0 
0.0131917 0 
0.0131917 0 
0.0131917 0 
0.0131917 0 
0.0131917 0 
0.0131917 0 
0.0131917 0 
0.0131917 0 
0.0131917 0 
0.0131917 0 
0.0131917 0 
0.0131917 0 
0.0131917 0 
0.0131917 0 
0.0131917 0 
0.0131917 0 
0.0131917 0 
0.0131917 0 
0.0131917 0 
0.0131917 0 
0.0131917 0 
0.0131917 0 
0.0131917 0 
0.0131917 0 
0.0131917 0 
0.0131917 0 
0.0131917 0 
0.0131917 0 
0.0131917 0 
0.0131917 0 
0.0131917 0 
