0.0122535 0 
0.0122535 0 
0.0122535 0 
0.0122535 0 
0.0122535 0 
0.0122535 0 
0.0122535 0 
0.0122535 0 
0.0122535 0 
0.0122535 0 
0.0122535 0 
0.0122535 0 
0.0122535 0 
0.0122535 0 
0.0122535 0 
0.0122535 0 
0.0122535 0 
0.0122535 0 
0.0122535 0 
0.0122535 0 
0.0122535 0 
0.0122535 0 
0.0122535 0 
0.0122535 0 
0.0122535 0 
0.0122535 0 
0.0122535 0 
0.0122535 0 
0.0122535 0 
0.0122535 0 
0.0122535 0 
0.0122535 1.17892 
0.0122535 0 
0.0122535 0 
0.0122535 0 
0.0122535 0 
0.0122535 0 
0.0122535 0 
0.0122535 0 
0.0122535 0 
0.0122535 0 
0.0122535 0 
0.0122535 0 
0.0122535 0 
0.0122535 0 
0.0122535 0 
0.0122535 0 
0.0122535 0 
0.0122535 0 
0.0122535 0 
0.0122535 0 
0.0122535 0 
0.0122535 0 
0.0122535 0 
0.0122535 0 
0.0122535 0 
0.0122535 0 
0.0122535 0 
0.0122535 0 
0.0122535 0 
0.0122535 0 
0.0122535 0 
0.0122535 0 
0.0122535 0 
0.0122535 0 
0.0122535 0 
0.0122535 0 
0.0122535 0 
0.0122535 0 
0.0122535 0 
0.0122535 0 
0.0122535 0 
0.0122535 0 
0.0122535 0 
0.0122535 0 
0.0122535 0 
0.0122535 0 
0.0122535 0 
0.0122535 0 
0.0122535 0 
0.0122535 0 
0.0122535 0 
0.0122535 0 
0.0122535 0 
0.0122535 0 
0.0122535 0 
0.0122535 0 
0.0122535 0 
0.0122535 0 
0.0122535 0 
0.0122535 0 
0.0122535 0 
0.0122535 0 
0.0122535 0 
0.0122535 0 
0.0122535 0 
0.0122535 0 
0.0122535 0 
0.0122535 0 
0.0122535 0 
