0.0150461 0 
0.0150462 0 
0.0150462 0 
0.0150462 0 
0.0150462 0 
0.0150464 0 
0.0150464 0 
0.0150464 0 
0.0150464 0 
0.0150464 0 
0.0150464 0 
0.0150464 0 
0.0150464 0 
0.0150464 0 
0.0150464 0 
0.0150464 0 
0.0150464 0 
0.0150464 0 
0.0150464 0 
0.0150465 0 
0.0150466 0 
0.0150466 0 
0.0150466 0 
0.0150466 0 
0.0150466 0 
0.0150466 0 
0.0150466 0 
0.0150466 0 
0.0150467 0 
0.0150467 0 
0.0150467 0 
0.0150467 1.17605 
0.0150467 0 
0.0150467 0 
0.0150468 0 
0.0150468 0 
0.0150468 0 
0.0150468 0 
0.0150468 0 
0.0150468 0 
0.0150468 0 
0.0150468 0 
0.0150468 0 
0.0150468 0 
0.0150468 0 
0.0150468 0 
0.0150468 0 
0.0150468 0 
0.0150468 0 
0.0150469 0 
0.0150469 0 
0.0150469 0 
0.0150469 0 
0.0150469 0 
0.0150469 0 
0.0150469 0 
0.0150469 0 
0.0150469 0 
0.0150469 0 
0.0150469 0 
0.0150469 0 
0.0150469 0 
0.0150469 0 
0.0150469 0 
0.0150469 0 
0.0150469 0 
0.0150469 0 
0.0150469 0 
0.0150469 0 
0.0150469 0 
0.0150469 0 
0.0150469 0 
0.0150469 0 
0.0150469 0 
0.0150469 0 
0.0150469 0 
0.0150469 0 
0.0150469 0 
0.0150469 0 
0.0150469 0 
0.0150469 0 
0.015047 0 
0.015047 0 
0.015047 0 
0.015047 0 
0.015047 0 
0.015047 0 
0.015047 0 
0.015047 0 
0.015047 0 
0.015047 0 
0.015047 0 
0.015047 0 
0.0150471 0 
0.0150471 0 
0.0150471 0 
0.0150471 0 
0.0150471 0 
0.0150471 0 
0.0150471 0 
