0.0171375 0 
0.0171375 0 
0.0171375 0 
0.0171375 0 
0.0171375 0 
0.0171375 0 
0.0171375 0 
0.0171375 0 
0.0171375 0 
0.0171375 0 
0.0171375 0 
0.0171375 0 
0.0171375 0 
0.0171375 0 
0.0171375 0 
0.0171375 0 
0.0171375 0 
0.0171375 0 
0.0171375 0 
0.0171375 0 
0.0171375 0 
0.0171375 0 
0.0171375 0 
0.0171375 0 
0.0171375 0 
0.0171375 0 
0.0171375 0 
0.0171375 0 
0.0171375 0 
0.0171375 0 
0.0171375 0 
0.0171375 1.1866 
0.0171375 0 
0.0171375 0 
0.0171375 0 
0.0171375 0 
0.0171375 0 
0.0171375 0 
0.0171375 0 
0.0171375 0 
0.0171375 0 
0.0171375 0 
0.0171375 0 
0.0171375 0 
0.0171375 0 
0.0171375 0 
0.0171375 0 
0.0171375 0 
0.0171375 0 
0.0171375 0 
0.0171375 0 
0.0171375 0 
0.0171375 0 
0.0171375 0 
0.0171375 0 
0.0171375 0 
0.0171375 0 
0.0171375 0 
0.0171375 0 
0.0171375 0 
0.0171375 0 
0.0171375 0 
0.0171375 0 
0.0171375 0 
0.0171375 0 
0.0171375 0 
0.0171375 0 
0.0171375 0 
0.0171375 0 
0.0171375 0 
0.0171375 0 
0.0171375 0 
0.0171375 0 
0.0171375 0 
0.0171375 0 
0.0171375 0 
0.0171375 0 
0.0171375 0 
0.0171375 0 
0.0171375 0 
0.0171375 0 
0.0171375 0 
0.0171375 0 
0.0171375 0 
0.0171375 0 
0.0171375 0 
0.0171375 0 
0.0171375 0 
0.0171375 0 
0.0171375 0 
0.0171375 0 
0.0171375 0 
0.0171375 0 
0.0171375 0 
0.0171375 0 
0.0171375 0 
0.0171375 0 
0.0171375 0 
0.0171375 0 
0.0171375 0 
