0.0154658 0 
0.0154658 0 
0.0154658 0 
0.0154658 0 
0.0154658 0 
0.0154658 0 
0.0154658 0 
0.0154658 0 
0.0154658 0 
0.0154658 0 
0.0154658 0 
0.0154658 0 
0.0154658 0 
0.0154658 0 
0.0154658 0 
0.0154658 0 
0.0154658 0 
0.0154658 0 
0.0154658 0 
0.0154658 0 
0.0154658 0 
0.0154658 0 
0.0154658 0 
0.0154658 0 
0.0154658 0 
0.0154658 0 
0.0154658 0 
0.0154658 0 
0.0154658 0 
0.0154658 0 
0.0154658 0 
0.0154658 1.20453 
0.0154658 0 
0.0154658 0 
0.0154658 0 
0.0154658 0 
0.0154658 0 
0.0154658 0 
0.0154658 0 
0.0154658 0 
0.0154658 0 
0.0154658 0 
0.0154658 0 
0.0154658 0 
0.0154658 0 
0.0154658 0 
0.0154658 0 
0.0154658 0 
0.0154658 0 
0.0154658 0 
0.0154658 0 
0.0154658 0 
0.0154658 0 
0.0154658 0 
0.0154658 0 
0.0154658 0 
0.0154658 0 
0.0154658 0 
0.0154658 0 
0.0154658 0 
0.0154658 0 
0.0154658 0 
0.0154658 0 
0.0154658 0 
0.0154658 0 
0.0154658 0 
0.0154658 0 
0.0154658 0 
0.0154658 0 
0.0154658 0 
0.0154658 0 
0.0154658 0 
0.0154658 0 
0.0154658 0 
0.0154658 0 
0.0154658 0 
0.0154658 0 
0.0154658 0 
0.0154658 0 
0.0154658 0 
0.0154658 0 
0.0154658 0 
0.0154658 0 
0.0154658 0 
0.0154658 0 
0.0154658 0 
0.0154658 0 
0.0154658 0 
0.0154658 0 
0.0154658 0 
0.0154658 0 
0.0154658 0 
0.0154658 0 
0.0154658 0 
0.0154658 0 
0.0154658 0 
0.0154658 0 
0.0154658 0 
0.0154658 0 
0.0154658 0 
