0.020571 0 
0.020571 0 
0.020571 0 
0.020571 0 
0.020571 0 
0.020571 0 
0.020571 0 
0.020571 0 
0.020571 0 
0.020571 0 
0.020571 0 
0.020571 0 
0.020571 0 
0.020571 0 
0.020571 0 
0.020571 0 
0.020571 0 
0.020571 0 
0.020571 0 
0.020571 0 
0.020571 0 
0.020571 0 
0.020571 0 
0.020571 0 
0.020571 0 
0.020571 0 
0.020571 0 
0.020571 0 
0.020571 0 
0.020571 0 
0.020571 0 
0.020571 1.15941 
0.020571 0 
0.020571 0 
0.020571 0 
0.020571 0 
0.020571 0 
0.020571 0 
0.020571 0 
0.020571 0 
0.020571 0 
0.020571 0 
0.020571 0 
0.020571 0 
0.020571 0 
0.020571 0 
0.020571 0 
0.020571 0 
0.020571 0 
0.020571 0 
0.020571 0 
0.020571 0 
0.020571 0 
0.020571 0 
0.020571 0 
0.020571 0 
0.020571 0 
0.020571 0 
0.020571 0 
0.020571 0 
0.020571 0 
0.020571 0 
0.020571 0 
0.020571 0 
0.020571 0 
0.020571 0 
0.020571 0 
0.020571 0 
0.020571 0 
0.020571 0 
0.020571 0 
0.020571 0 
0.020571 0 
0.020571 0 
0.020571 0 
0.020571 0 
0.020571 0 
0.020571 0 
0.020571 0 
0.020571 0 
0.020571 0 
0.020571 0 
0.020571 0 
0.020571 0 
0.020571 0 
0.020571 0 
0.020571 0 
0.020571 0 
0.020571 0 
0.020571 0 
0.020571 0 
0.020571 0 
0.020571 0 
0.020571 0 
0.020571 0 
0.020571 0 
0.020571 0 
0.020571 0 
0.020571 0 
0.020571 0 
