0.0147772 0 
0.0147772 0 
0.0147772 0 
0.0147772 0 
0.0147772 0 
0.0147772 0 
0.0147772 0 
0.0147772 0 
0.0147772 0 
0.0147772 0 
0.0147772 0 
0.0147772 0 
0.0147772 0 
0.0147772 0 
0.0147772 0 
0.0147772 0 
0.0147772 0 
0.0147772 0 
0.0147772 0 
0.0147772 0 
0.0147772 0 
0.0147772 0 
0.0147772 0 
0.0147772 0 
0.0147772 0 
0.0147772 0 
0.0147772 0 
0.0147772 0 
0.0147772 0 
0.0147772 0 
0.0147772 0 
0.0147772 1.13307 
0.0147772 0 
0.0147772 0 
0.0147772 0 
0.0147772 0 
0.0147772 0 
0.0147772 0 
0.0147772 0 
0.0147772 0 
0.0147772 0 
0.0147772 0 
0.0147772 0 
0.0147772 0 
0.0147772 0 
0.0147772 0 
0.0147772 0 
0.0147772 0 
0.0147772 0 
0.0147772 0 
0.0147772 0 
0.0147772 0 
0.0147772 0 
0.0147772 0 
0.0147772 0 
0.0147772 0 
0.0147772 0 
0.0147772 0 
0.0147772 0 
0.0147772 0 
0.0147772 0 
0.0147772 0 
0.0147772 0 
0.0147772 0 
0.0147772 0 
0.0147772 0 
0.0147772 0 
0.0147772 0 
0.0147772 0 
0.0147772 0 
0.0147772 0 
0.0147772 0 
0.0147772 0 
0.0147772 0 
0.0147772 0 
0.0147772 0 
0.0147772 0 
0.0147772 0 
0.0147772 0 
0.0147772 0 
0.0147772 0 
0.0147772 0 
0.0147772 0 
0.0147772 0 
0.0147772 0 
0.0147772 0 
0.0147772 0 
0.0147772 0 
0.0147772 0 
0.0147772 0 
0.0147772 0 
0.0147772 0 
0.0147772 0 
0.0147772 0 
0.0147772 0 
0.0147772 0 
0.0147772 0 
0.0147772 0 
0.0147772 0 
0.0147772 0 
