0.0186209 0 
0.0186209 0 
0.0186209 0 
0.0186209 0 
0.0186209 0 
0.0186209 0 
0.0186209 0 
0.0186209 0 
0.0186209 0 
0.0186209 0 
0.0186209 0 
0.0186209 0 
0.0186209 0 
0.0186209 0 
0.0186209 0 
0.0186209 0 
0.0186209 0 
0.0186209 0 
0.0186209 0 
0.0186209 0 
0.0186209 0 
0.0186209 0 
0.0186209 0 
0.0186209 0 
0.0186209 0 
0.0186209 0 
0.0186209 0 
0.0186209 0 
0.0186209 0 
0.0186209 0 
0.0186209 0 
0.0186209 1.16028 
0.0186209 0 
0.0186209 0 
0.0186209 0 
0.0186209 0 
0.0186209 0 
0.0186209 0 
0.0186209 0 
0.0186209 0 
0.0186209 0 
0.0186209 0 
0.0186209 0 
0.0186209 0 
0.0186209 0 
0.0186209 0 
0.0186209 0 
0.0186209 0 
0.0186209 0 
0.0186209 0 
0.0186209 0 
0.0186209 0 
0.0186209 0 
0.0186209 0 
0.0186209 0 
0.0186209 0 
0.0186209 0 
0.0186209 0 
0.0186209 0 
0.0186209 0 
0.0186209 0 
0.0186209 0 
0.0186209 0 
0.0186209 0 
0.0186209 0 
0.0186209 0 
0.0186209 0 
0.0186209 0 
0.0186209 0 
0.0186209 0 
0.0186209 0 
0.0186209 0 
0.0186209 0 
0.0186209 0 
0.0186209 0 
0.0186209 0 
0.0186209 0 
0.0186209 0 
0.0186209 0 
0.0186209 0 
0.0186209 0 
0.0186209 0 
0.0186209 0 
0.0186209 0 
0.0186209 0 
0.0186209 0 
0.0186209 0 
0.0186209 0 
0.0186209 0 
0.0186209 0 
0.0186209 0 
0.0186209 0 
0.0186209 0 
0.0186209 0 
0.0186209 0 
0.0186209 0 
0.0186209 0 
0.0186209 0 
0.0186209 0 
0.0186209 0 
