0.0146447 0 
0.0146447 0 
0.0146447 0 
0.0146447 0 
0.0146447 0 
0.0146447 0 
0.0146447 0 
0.0146447 0 
0.0146447 0 
0.0146447 0 
0.0146447 0 
0.0146447 0 
0.0146447 0 
0.0146447 0 
0.0146447 0 
0.0146447 0 
0.0146447 0 
0.0146447 0 
0.0146447 0 
0.0146447 0 
0.0146447 0 
0.0146447 0 
0.0146447 0 
0.0146447 0 
0.0146447 0 
0.0146447 0 
0.0146447 0 
0.0146447 0 
0.0146447 0 
0.0146447 0 
0.0146447 0 
0.0146447 1.17316 
0.0146447 0 
0.0146447 0 
0.0146447 0 
0.0146447 0 
0.0146447 0 
0.0146447 0 
0.0146447 0 
0.0146447 0 
0.0146447 0 
0.0146447 0 
0.0146447 0 
0.0146447 0 
0.0146447 0 
0.0146447 0 
0.0146447 0 
0.0146447 0 
0.0146447 0 
0.0146447 0 
0.0146447 0 
0.0146447 0 
0.0146447 0 
0.0146447 0 
0.0146447 0 
0.0146447 0 
0.0146447 0 
0.0146447 0 
0.0146447 0 
0.0146447 0 
0.0146447 0 
0.0146447 0 
0.0146447 0 
0.0146447 0 
0.0146447 0 
0.0146447 0 
0.0146447 0 
0.0146447 0 
0.0146447 0 
0.0146447 0 
0.0146447 0 
0.0146447 0 
0.0146447 0 
0.0146447 0 
0.0146447 0 
0.0146447 0 
0.0146447 0 
0.0146447 0 
0.0146447 0 
0.0146447 0 
0.0146447 0 
0.0146447 0 
0.0146447 0 
0.0146447 0 
0.0146447 0 
0.0146447 0 
0.0146447 0 
0.0146447 0 
0.0146447 0 
0.0146447 0 
0.0146447 0 
0.0146447 0 
0.0146447 0 
0.0146447 0 
0.0146447 0 
0.0146447 0 
0.0146447 0 
0.0146447 0 
0.0146447 0 
0.0146447 0 
