0.0251377 0 
0.0251377 0 
0.0251377 0 
0.0251377 0 
0.0251377 0 
0.0251377 0 
0.0251377 0 
0.0251377 0 
0.0251377 0 
0.0251377 0 
0.0251377 0 
0.0251377 0 
0.0251377 0 
0.0251377 0 
0.0251377 0 
0.0251377 0 
0.0251377 0 
0.0251377 0 
0.0251377 0 
0.0251377 0 
0.0251377 0 
0.0251377 0 
0.0251377 0 
0.0251377 0 
0.0251377 0 
0.0251377 0 
0.0251377 0 
0.0251377 0 
0.0251377 0 
0.0251377 0 
0.0251377 0 
0.0251377 1.19382 
0.0251377 0 
0.0251377 0 
0.0251377 0 
0.0251377 0 
0.0251377 0 
0.0251377 0 
0.0251377 0 
0.0251377 0 
0.0251377 0 
0.0251377 0 
0.0251377 0 
0.0251377 0 
0.0251377 0 
0.0251377 0 
0.0251377 0 
0.0251377 0 
0.0251377 0 
0.0251377 0 
0.0251377 0 
0.0251377 0 
0.0251377 0 
0.0251377 0 
0.0251377 0 
0.0251377 0 
0.0251377 0 
0.0251377 0 
0.0251377 0 
0.0251377 0 
0.0251377 0 
0.0251377 0 
0.0251377 0 
0.0251377 0 
0.0251377 0 
0.0251377 0 
0.0251377 0 
0.0251377 0 
0.0251377 0 
0.0251377 0 
0.0251377 0 
0.0251377 0 
0.0251377 0 
0.0251377 0 
0.0251377 0 
0.0251377 0 
0.0251377 0 
0.0251377 0 
0.0251377 0 
0.0251377 0 
0.0251377 0 
0.0251377 0 
0.0251377 0 
0.0251377 0 
0.0251377 0 
0.0251377 0 
0.0251377 0 
0.0251377 0 
0.0251377 0 
0.0251377 0 
0.0251377 0 
0.0251377 0 
0.0251377 0 
0.0251377 0 
0.0251377 0 
0.0251377 0 
0.0251377 0 
0.0251377 0 
0.0251377 0 
0.0251377 0 
