0.0184416 0 
0.0184416 0 
0.0184416 0 
0.0184416 0 
0.0184416 0 
0.0184416 0 
0.0184416 0 
0.0184416 0 
0.0184416 0 
0.0184416 0 
0.0184416 0 
0.0184416 0 
0.0184416 0 
0.0184416 0 
0.0184416 0 
0.0184416 0 
0.0184416 0 
0.0184416 0 
0.0184416 0 
0.0184416 0 
0.0184416 0 
0.0184416 0 
0.0184416 0 
0.0184416 0 
0.0184416 0 
0.0184416 0 
0.0184416 0 
0.0184416 0 
0.0184416 0 
0.0184416 0 
0.0184416 0 
0.0184416 1.17183 
0.0184416 0 
0.0184416 0 
0.0184416 0 
0.0184416 0 
0.0184416 0 
0.0184416 0 
0.0184416 0 
0.0184416 0 
0.0184416 0 
0.0184416 0 
0.0184416 0 
0.0184416 0 
0.0184416 0 
0.0184416 0 
0.0184416 0 
0.0184416 0 
0.0184416 0 
0.0184416 0 
0.0184416 0 
0.0184416 0 
0.0184416 0 
0.0184416 0 
0.0184416 0 
0.0184416 0 
0.0184416 0 
0.0184416 0 
0.0184416 0 
0.0184416 0 
0.0184416 0 
0.0184416 0 
0.0184416 0 
0.0184416 0 
0.0184416 0 
0.0184416 0 
0.0184416 0 
0.0184416 0 
0.0184416 0 
0.0184416 0 
0.0184416 0 
0.0184416 0 
0.0184416 0 
0.0184416 0 
0.0184416 0 
0.0184416 0 
0.0184416 0 
0.0184416 0 
0.0184416 0 
0.0184416 0 
0.0184416 0 
0.0184416 0 
0.0184416 0 
0.0184416 0 
0.0184416 0 
0.0184416 0 
0.0184416 0 
0.0184416 0 
0.0184416 0 
0.0184416 0 
0.0184416 0 
0.0184416 0 
0.0184416 0 
0.0184416 0 
0.0184416 0 
0.0184416 0 
0.0184416 0 
0.0184416 0 
0.0184416 0 
0.0184416 0 
