0 796.578
1 565.712
2 520.681
3 503.728
4 492.360
5 481.761
6 474.290
7 467.774
8 462.773
9 459.298
10 456.432
11 454.430
12 452.736
13 451.859
14 451.216
15 451.013
16 450.914
17 450.607
18 450.607
19 450.607
20 450.607
21 450.607
22 450.607
23 450.607
24 450.607
25 450.607
26 450.607
27 450.607
28 450.607
29 450.607
30 450.607
31 450.607
32 450.607
33 450.607
34 450.607
35 450.607
36 450.607
37 450.607
38 450.607
39 450.607
40 450.607
41 450.607
42 450.607
43 450.607
44 450.607
45 450.607
46 450.607
47 450.607
48 450.607
49 450.607
50 450.607
51 450.607
52 450.607
53 450.607
54 450.607
55 450.607
56 450.607
57 450.607
58 450.607
59 450.607
60 450.319
61 450.010
62 449.450
63 449.160
64 449.131
65 449.131
66 449.131
67 449.131
68 449.131
69 449.131
70 449.131
71 449.131
72 448.457
73 448.228
74 448.166
75 447.972
76 447.943
77 447.943
78 447.943
79 447.943
80 447.943
81 447.943
82 447.943
83 447.943
84 447.943
85 447.943
86 447.943
87 447.943
88 447.943
89 447.943
90 447.943
91 447.943
92 447.943
93 447.943
94 447.943
95 447.943
96 447.943
97 447.943
98 447.943
99 447.943
100 447.943
101 447.943
102 447.943
103 447.943
104 447.943
105 447.943
106 447.943
107 447.943
108 447.943
109 447.943
110 447.943
111 447.943
112 447.943
113 447.943
114 447.943
115 447.943
116 447.943
117 447.943
118 447.943
119 447.943
120 447.943
121 447.943
122 447.943
123 447.943
124 447.943
125 447.943
126 447.943
127 447.943
128 447.943
129 447.943
130 447.943
131 447.943
132 447.943
133 447.943
134 447.943
135 447.943
136 447.943
137 447.943
138 447.943
139 447.943
140 447.943
141 447.943
142 447.943
143 447.943
144 447.943
145 447.943
146 447.943
147 447.943
148 447.943
149 447.943
150 447.943
151 447.943
152 447.943
153 447.943
154 447.943
155 447.943
156 447.943
157 447.943
158 447.943
159 447.943
160 447.943
161 447.232
162 446.971
163 446.496
164 446.467
165 446.467
166 446.467
167 446.467
168 446.073
169 445.916
170 445.887
171 445.887
172 445.887
173 445.887
174 445.887
175 445.887
176 445.887
177 445.887
178 445.887
179 445.887
180 445.887
181 445.887
182 445.887
183 445.887
184 445.887
185 445.887
186 445.887
187 445.887
188 445.887
189 445.887
190 445.887
191 445.887
192 445.887
193 445.887
194 445.887
195 445.887
196 445.887
197 445.887
198 445.887
199 445.887
200 445.887
201 445.887
202 445.887
203 445.887
204 445.887
205 445.887
206 445.887
207 445.887
208 445.887
209 445.887
210 445.887
211 445.887
212 445.887
213 445.887
214 445.887
215 445.887
216 445.887
217 445.887
218 445.887
219 445.887
220 445.887
221 445.887
222 445.887
223 445.887
224 445.887
225 445.887
226 445.887
227 445.887
228 445.887
229 445.887
230 445.887
231 445.887
232 445.887
233 445.887
234 445.887
235 445.887
236 445.887
237 445.887
238 445.527
239 445.465
240 445.271
241 444.938
242 444.695
243 444.538
244 444.505
245 444.477
246 444.477
247 444.477
248 444.477
249 444.477
250 444.477
251 444.477
252 444.477
253 444.477
254 444.477
255 444.477
256 444.477
257 444.477
258 444.477
259 444.477
260 444.477
261 444.477
262 444.477
263 444.477
264 444.477
265 444.477
266 444.477
267 444.477
268 444.477
269 444.477
270 444.477
271 444.477
272 444.477
273 444.477
274 444.477
275 444.477
276 444.477
277 444.477
278 444.477
279 444.477
280 444.477
281 444.477
282 444.477
283 444.477
284 444.477
285 444.477
286 444.477
287 444.477
288 444.477
289 444.477
290 444.477
291 444.477
292 444.477
293 444.477
294 444.477
295 444.477
296 444.477
297 444.477
298 444.477
299 444.477
300 444.477
301 444.477
302 444.477
303 444.477
304 444.477
305 444.477
306 444.477
307 444.477
308 444.477
309 444.477
310 444.477
311 444.477
312 444.477
313 444.477
314 444.477
315 444.477
316 444.477
317 444.477
318 444.477
319 444.477
320 444.477
321 444.477
322 444.477
323 444.477
324 444.477
325 444.477
326 444.477
327 444.477
328 444.392
329 444.392
330 444.392
331 444.392
332 444.392
333 444.392
334 444.392
335 444.392
336 444.392
337 444.392
338 444.392
339 444.392
340 444.392
341 444.392
342 444.392
343 444.392
344 444.392
345 444.392
346 444.392
347 444.392
348 444.392
349 444.392
350 444.392
351 444.392
352 444.392
353 444.392
354 444.392
355 444.392
356 444.392
357 444.392
358 444.392
359 444.392
360 444.392
361 444.392
362 444.392
363 444.043
364 443.813
365 443.650
366 443.622
367 443.622
368 443.622
369 443.622
370 443.622
371 443.622
372 443.622
373 443.622
374 443.622
375 443.622
376 443.622
377 443.622
378 443.622
379 443.622
380 443.622
381 443.622
382 443.622
383 443.622
384 443.283
385 443.146
386 442.909
387 442.648
388 442.619
389 442.619
390 442.619
391 442.619
392 442.619
393 442.619
394 442.619
395 442.619
396 442.619
397 442.619
398 442.619
399 442.619
400 442.619
401 442.619
402 442.619
403 442.619
404 442.619
405 442.619
406 442.619
407 442.619
408 442.619
409 442.619
410 442.619
411 442.619
412 442.619
413 442.619
414 442.619
415 442.619
416 442.269
417 442.230
418 442.073
419 442.044
420 442.044
421 442.044
422 442.044
423 442.044
424 442.044
425 442.044
426 442.044
427 442.044
428 442.044
429 442.044
430 442.044
431 442.044
432 442.044
433 442.044
434 442.044
435 442.044
436 442.044
437 442.044
438 442.044
439 442.044
440 442.044
441 442.044
442 442.044
443 442.044
444 442.044
445 442.044
446 442.044
447 442.044
448 442.044
449 442.044
450 442.044
451 442.044
452 442.044
453 442.044
454 442.044
455 442.044
456 442.044
457 442.044
458 442.044
459 442.044
460 442.044
461 442.044
462 442.044
463 442.044
464 442.044
465 442.044
466 442.044
467 442.044
468 442.044
469 442.044
470 442.044
471 442.044
472 442.044
473 442.044
474 442.044
475 442.044
476 442.044
477 442.044
478 442.044
479 442.044
480 442.044
481 442.044
482 442.044
483 442.044
484 442.044
485 442.044
486 442.044
487 442.044
488 442.044
489 442.044
490 442.044
491 442.044
492 442.044
493 442.044
494 442.044
495 442.044
496 442.044
497 442.044
498 442.044
499 442.044
500 442.044
501 442.044
502 442.044
503 442.044
504 442.044
505 442.044
506 442.044
507 442.044
508 442.044
509 442.044
510 442.044
511 442.044
512 442.044
513 442.044
514 442.044
515 441.601
516 441.550
517 441.521
518 441.521
519 441.521
520 441.521
521 441.521
522 441.521
523 441.521
524 441.521
525 441.521
526 441.521
527 441.521
528 441.521
529 441.521
530 441.521
531 441.521
532 441.521
533 441.521
534 441.521
535 441.521
536 441.521
537 441.521
538 441.521
539 441.521
540 441.521
541 441.521
542 441.521
543 441.521
544 441.521
545 441.521
546 441.521
547 441.521
548 441.521
549 441.521
550 441.521
551 441.521
552 441.521
553 441.521
554 441.521
555 441.521
556 441.521
557 441.521
558 441.521
559 441.521
560 441.521
561 441.521
562 441.521
563 441.521
564 441.521
565 441.521
566 441.521
567 441.521
568 441.521
569 441.521
570 441.521
571 441.521
572 441.521
573 441.521
574 441.521
575 441.521
576 441.521
577 441.521
578 441.521
579 441.521
580 441.521
581 441.521
582 441.521
583 441.521
584 441.521
585 441.521
586 441.521
587 441.521
588 441.521
589 441.521
590 441.521
591 441.521
592 441.521
593 441.521
594 441.521
595 441.521
596 441.521
597 441.521
598 441.521
599 441.521
600 441.521
601 441.521
602 441.521
603 441.521
604 441.521
605 441.521
606 441.521
607 441.521
608 441.521
609 441.521
610 441.521
611 441.521
612 441.304
613 441.171
614 441.142
615 441.142
616 441.142
617 441.142
618 441.142
619 441.142
620 441.142
621 441.142
622 441.142
623 441.142
624 441.142
625 441.142
626 441.142
627 441.142
628 441.142
629 441.142
630 441.142
631 441.142
632 441.142
633 441.142
634 440.896
635 440.868
636 440.868
637 440.868
638 440.868
639 440.868
640 440.868
641 440.868
642 440.868
643 440.868
644 440.868
645 440.868
646 440.868
647 440.868
648 440.868
649 440.868
650 440.868
651 440.868
652 440.868
653 440.868
654 440.868
655 440.868
656 440.868
657 440.868
658 440.868
659 440.868
660 440.868
661 440.868
662 440.868
663 440.868
664 440.868
665 440.868
666 440.868
667 440.868
668 440.868
669 440.868
670 440.868
671 440.868
672 440.868
673 440.868
674 440.868
675 440.868
676 440.868
677 440.868
678 440.868
679 440.868
680 440.868
681 440.868
682 440.868
683 440.868
684 440.868
685 440.868
686 440.868
687 440.868
688 440.868
689 440.868
690 440.868
691 440.868
692 440.868
693 440.868
694 440.868
695 440.868
696 440.868
697 440.868
698 440.868
699 440.868
700 440.868
701 440.868
702 440.868
703 440.868
704 440.868
705 440.868
706 440.868
707 440.868
708 440.868
709 440.868
710 440.868
711 440.868
712 440.868
713 440.868
714 440.868
715 440.868
716 440.868
717 440.868
718 440.868
719 440.868
720 440.868
721 440.868
722 440.868
723 440.868
724 440.868
725 440.868
726 440.868
727 440.868
728 440.868
729 440.868
730 440.868
731 440.868
732 440.868
733 440.868
734 440.868
735 440.868
736 440.868
737 440.868
738 440.868
739 440.868
740 440.868
741 440.868
742 440.868
743 440.868
744 440.868
745 440.868
746 440.868
747 440.868
748 440.868
749 440.868
750 440.868
751 440.868
752 440.868
753 440.868
754 440.868
755 440.868
756 440.868
757 440.868
758 440.868
759 440.868
760 440.868
761 440.868
762 440.868
763 440.868
764 440.868
765 440.868
766 440.868
767 440.868
768 440.868
769 440.868
770 440.868
771 440.868
772 440.525
773 440.296
774 440.267
775 440.267
776 440.267
777 440.267
778 440.267
779 440.267
780 440.267
781 440.267
782 440.267
783 440.267
784 440.267
785 440.267
786 440.267
787 440.267
788 440.267
789 440.267
790 440.267
791 440.267
792 440.267
793 440.267
794 440.267
795 440.267
796 440.267
797 440.267
798 440.267
799 440.267
800 440.267
801 440.267
802 440.267
803 440.267
804 440.267
805 440.267
806 440.267
807 440.267
808 440.267
809 440.267
810 440.267
811 440.267
812 440.267
813 440.267
814 440.267
815 440.267
816 440.267
817 440.267
818 440.267
819 440.267
820 440.267
821 440.267
822 440.267
823 440.267
824 440.267
825 440.267
826 440.267
827 440.267
828 440.267
829 440.267
830 440.267
831 440.267
832 440.267
833 440.267
834 440.267
835 440.267
836 440.267
837 440.267
838 440.267
839 440.267
840 439.949
841 439.920
842 439.910
843 439.889
844 439.889
845 439.889
846 439.889
847 439.889
848 439.889
849 439.889
850 439.889
851 439.889
852 439.889
853 439.889
854 439.889
855 439.889
856 439.889
857 439.889
858 439.889
859 439.889
860 439.889
861 439.889
862 439.889
863 439.889
864 439.889
865 439.889
866 439.889
867 439.889
868 439.889
869 439.889
870 439.889
871 439.889
872 439.889
873 439.889
874 439.889
875 439.889
876 439.889
877 439.889
878 439.889
879 439.889
880 439.889
881 439.889
882 439.889
883 439.889
884 439.889
885 439.889
886 439.889
887 439.889
888 439.889
889 439.783
890 439.783
891 439.783
892 439.783
893 439.783
894 439.783
895 439.783
896 439.783
897 439.783
898 439.783
899 439.783
900 439.783
901 439.783
902 439.783
903 439.783
904 439.783
905 439.783
906 439.783
907 439.783
908 439.783
909 439.783
910 439.783
911 439.783
912 439.783
913 439.783
914 439.783
915 439.783
916 439.783
917 439.783
918 439.783
919 439.783
920 439.783
921 439.783
922 439.783
923 439.783
924 439.783
925 439.783
926 439.783
927 439.783
928 439.783
929 439.783
930 439.783
931 439.783
932 439.783
933 439.783
934 439.783
935 439.783
936 439.783
937 439.783
938 439.783
939 439.783
940 439.783
941 439.783
942 439.783
943 439.783
944 439.783
945 439.783
946 439.783
947 439.783
948 439.783
949 439.783
950 439.783
951 439.783
952 439.783
953 439.783
954 439.783
955 439.783
956 439.783
957 439.783
958 439.783
959 439.783
960 439.783
961 439.783
962 439.783
963 439.783
964 439.783
965 439.783
966 439.783
967 439.783
968 439.783
969 439.783
970 439.783
971 439.783
972 439.783
973 439.783
974 439.783
975 439.783
976 439.783
977 439.783
978 439.783
979 439.783
980 439.783
981 439.783
982 439.783
983 439.783
984 439.783
985 439.783
986 439.783
987 439.783
988 439.783
989 439.783
990 439.783
991 439.783
992 439.783
993 439.783
994 439.783
995 439.783
996 439.783
997 439.783
998 439.783
999 439.783
1000 439.783
1001 439.783
1002 439.783
1003 439.783
1004 439.783
1005 439.783
1006 439.783
1007 439.783
1008 439.783
1009 439.783
1010 439.783
1011 439.783
1012 439.783
1013 439.783
1014 439.783
1015 439.783
1016 439.783
1017 439.783
1018 439.783
1019 439.783
1020 439.783
1021 439.783
1022 439.783
1023 439.783
