0 1087.856
1 848.900
2 739.052
3 694.425
4 650.452
5 623.001
6 599.719
7 580.469
8 563.642
9 549.238
10 535.670
11 522.960
12 512.203
13 503.387
14 495.678
15 488.869
16 482.396
17 476.663
18 471.857
19 466.862
20 463.268
21 460.135
22 457.615
23 455.499
24 454.177
25 453.444
26 452.862
27 452.519
28 452.316
29 451.913
30 451.657
31 451.544
32 451.544
33 451.544
34 451.544
35 451.544
36 451.544
37 451.544
38 451.544
39 451.544
40 451.544
41 451.544
42 451.544
43 451.544
44 451.544
45 451.544
46 451.544
47 451.544
48 451.544
49 451.544
50 451.544
51 451.544
52 451.544
53 451.544
54 451.544
55 451.544
56 451.544
57 451.544
58 451.544
59 451.544
60 451.544
61 451.544
62 451.544
63 451.544
64 451.544
65 451.544
66 451.544
67 451.544
68 451.544
69 451.544
70 451.544
71 451.544
72 451.544
73 451.544
74 451.544
75 451.544
76 451.544
77 451.544
78 451.544
79 451.544
80 451.544
81 451.544
82 451.544
83 451.544
84 451.544
85 451.544
86 451.544
87 451.544
88 451.544
89 451.544
90 451.544
91 451.544
92 451.544
93 451.544
94 451.544
95 451.544
96 451.544
97 451.544
98 451.544
99 451.544
100 451.544
101 451.544
102 451.544
103 451.544
104 451.544
105 451.544
106 451.544
107 451.544
108 451.544
109 451.544
110 451.544
111 451.544
112 451.544
113 451.544
114 451.544
115 451.544
116 451.544
117 451.544
118 451.544
119 451.544
120 451.544
121 451.544
122 451.544
123 451.544
124 451.544
125 451.544
126 451.544
127 451.544
128 451.544
129 451.544
130 451.544
131 451.544
132 451.544
133 451.544
134 451.544
135 451.544
136 451.544
137 451.544
138 451.544
139 451.544
140 451.544
141 451.544
142 451.544
143 451.544
144 451.544
145 451.544
146 451.544
147 451.544
148 451.544
149 451.544
150 451.544
151 451.544
152 451.544
153 451.544
154 451.544
155 451.544
156 451.544
157 451.544
158 451.544
159 451.544
160 451.544
161 451.544
162 451.544
163 451.544
164 451.544
165 451.544
166 451.544
167 451.544
168 451.544
169 451.544
170 451.544
171 451.544
172 451.544
173 451.544
174 451.544
175 451.544
176 451.544
177 451.544
178 451.544
179 451.544
180 451.544
181 451.544
182 451.544
183 451.544
184 451.544
185 451.544
186 451.544
187 451.544
188 451.544
189 451.544
190 451.544
191 451.544
192 451.544
193 451.544
194 451.544
195 451.544
196 451.544
197 451.544
198 450.984
199 450.847
200 450.740
201 450.711
202 450.685
203 450.670
204 450.580
205 450.580
206 450.580
207 450.580
208 450.580
209 450.580
210 450.580
211 450.580
212 450.580
213 450.580
214 450.580
215 450.580
216 450.580
217 450.580
218 450.580
219 450.580
220 450.580
221 450.580
222 450.580
223 450.580
224 450.580
225 450.580
226 450.580
227 450.580
228 450.580
229 450.580
230 450.580
231 450.580
232 450.580
233 450.580
234 450.580
235 450.580
236 450.580
237 450.580
238 450.580
239 450.580
240 450.580
241 450.580
242 450.580
243 450.580
244 450.580
245 450.580
246 450.580
247 450.580
248 450.580
249 450.580
250 450.580
251 450.580
252 450.580
253 450.580
254 450.580
255 450.580
256 450.580
257 450.580
258 450.580
259 450.580
260 450.580
261 450.580
262 450.580
263 450.580
264 450.580
265 450.580
266 450.580
267 450.580
268 450.580
269 450.580
270 450.580
271 450.580
272 450.580
273 450.580
274 450.580
275 450.580
276 450.580
277 450.580
278 450.580
279 450.580
280 450.580
281 450.580
282 450.580
283 450.580
284 450.580
285 450.580
286 450.580
287 450.580
288 450.580
289 450.580
290 450.580
291 450.580
292 450.580
293 450.580
294 450.580
295 450.580
296 450.580
297 450.580
298 450.580
299 450.580
300 450.580
301 450.580
302 450.580
303 450.580
304 450.580
305 450.580
306 450.580
307 450.580
308 450.580
309 450.580
310 450.580
311 450.580
312 450.580
313 450.580
314 450.580
315 450.580
316 450.580
317 450.580
318 450.580
319 450.580
320 450.580
321 450.580
322 450.580
323 450.580
324 450.580
325 450.580
326 450.580
327 450.580
328 450.580
329 450.580
330 450.580
331 450.580
332 450.580
333 450.580
334 450.580
335 450.580
336 450.580
337 450.580
338 450.580
339 450.580
340 450.580
341 450.580
342 450.580
343 450.580
344 450.580
345 450.580
346 450.580
347 450.580
348 450.580
349 450.580
350 450.580
351 450.580
352 450.580
353 450.580
354 450.580
355 450.580
356 450.580
357 450.580
358 450.580
359 450.580
360 450.580
361 450.580
362 450.580
363 450.580
364 450.580
365 450.580
366 450.580
367 450.580
368 450.580
369 450.580
370 450.580
371 450.580
372 450.580
373 450.580
374 450.580
375 450.580
376 450.580
377 450.580
378 450.580
379 450.580
380 450.580
381 450.580
382 450.580
383 450.580
384 450.580
385 450.580
386 450.580
387 450.580
388 450.580
389 450.580
390 450.580
391 450.580
392 450.580
393 450.580
394 450.580
395 450.580
396 450.580
397 450.580
398 450.580
399 450.580
400 450.580
401 450.580
402 450.580
403 450.580
404 450.580
405 450.580
406 450.580
407 450.580
408 450.580
409 450.580
410 450.580
411 450.580
412 450.580
413 450.580
414 450.580
415 450.580
416 450.580
417 450.580
418 450.580
419 450.580
420 450.580
421 450.580
422 450.580
423 450.580
424 450.580
425 450.580
426 450.580
427 450.580
428 450.580
429 450.580
430 450.580
431 450.580
432 450.580
433 450.580
434 450.580
435 450.580
436 450.580
437 450.580
438 450.580
439 450.580
440 450.580
441 450.580
442 450.580
443 450.580
444 450.580
445 450.580
446 450.580
447 450.580
448 450.580
449 450.580
450 450.580
451 450.580
452 450.580
453 450.580
454 450.580
455 450.580
456 450.580
457 450.580
458 450.580
459 450.580
460 450.580
461 450.580
462 450.580
463 450.580
464 450.580
465 450.580
466 450.580
467 450.580
468 450.580
469 450.580
470 450.580
471 450.580
472 450.580
473 450.580
474 450.580
475 450.580
476 450.580
477 450.580
478 450.580
479 450.580
480 450.580
481 450.580
482 450.580
483 450.580
484 450.580
485 450.580
486 450.580
487 450.580
488 450.580
489 450.580
490 450.580
491 450.580
492 450.580
493 450.580
494 450.580
495 450.580
496 450.580
497 450.580
498 450.580
499 450.580
500 450.580
501 450.580
502 450.580
503 450.580
504 450.580
505 450.580
506 450.580
507 450.580
508 450.580
509 450.580
510 450.580
511 450.580
512 450.580
513 450.580
514 450.580
515 450.580
516 450.580
517 450.580
518 450.580
519 450.580
520 450.580
521 450.580
522 450.580
523 450.580
524 450.580
525 450.580
526 450.580
527 450.580
528 450.580
529 450.580
530 450.580
531 450.580
532 450.580
533 450.580
534 450.580
535 450.580
536 450.580
537 450.580
538 450.580
539 450.580
540 450.580
541 450.580
542 450.580
543 450.580
544 450.580
545 450.580
546 450.580
547 450.580
548 450.580
549 450.580
550 450.580
551 450.580
552 450.580
553 450.580
554 450.580
555 450.580
556 450.580
557 450.580
558 450.580
559 450.580
560 450.580
561 450.580
562 450.580
563 450.580
564 450.580
565 450.580
566 450.580
567 450.580
568 450.580
569 450.580
570 450.580
571 450.580
572 450.580
573 450.580
574 450.580
575 450.580
576 450.580
577 450.580
578 450.580
579 450.580
580 450.580
581 450.580
582 450.580
583 450.580
584 450.580
585 450.580
586 450.580
587 450.580
588 450.580
589 450.580
590 450.580
591 450.580
592 450.580
593 450.580
594 450.580
595 450.580
596 450.580
597 450.580
598 450.580
599 450.580
600 450.580
601 450.580
602 450.580
603 450.580
604 450.580
605 450.580
606 450.580
607 450.580
608 450.580
609 450.580
610 450.580
611 450.580
612 450.580
613 450.580
614 450.580
615 450.580
616 450.580
617 450.580
618 450.580
619 450.580
620 450.580
621 450.580
622 450.580
623 450.580
624 450.580
625 450.580
626 450.580
627 450.580
628 450.580
629 450.580
630 450.580
631 450.580
632 450.580
633 450.580
634 450.580
635 450.580
636 450.580
637 450.580
638 450.580
639 450.580
640 450.580
641 450.580
642 450.580
643 450.580
644 450.580
645 450.580
646 450.580
647 449.865
648 449.595
649 449.370
650 449.166
651 449.137
652 449.137
653 449.137
654 449.137
655 449.137
656 449.137
657 449.137
658 449.137
659 449.137
660 449.137
661 449.137
662 449.137
663 449.137
664 449.137
665 449.137
666 449.137
667 449.137
668 449.137
669 449.137
670 449.137
671 449.137
672 449.137
673 449.137
674 449.137
675 449.137
676 449.137
677 449.137
678 449.137
679 449.137
680 449.137
681 449.137
682 449.137
683 449.137
684 449.137
685 449.137
686 449.137
687 449.137
688 449.137
689 449.137
690 449.137
691 449.137
692 449.137
693 449.137
694 449.137
695 449.137
696 449.137
697 449.137
698 449.137
699 449.137
700 449.137
701 449.137
702 449.137
703 449.137
704 449.137
705 449.137
706 449.137
707 449.137
708 449.137
709 449.137
710 449.137
711 449.137
712 449.137
713 449.137
714 449.137
715 449.137
716 449.137
717 449.137
718 449.137
719 449.137
720 449.137
721 449.137
722 449.137
723 449.137
724 449.137
725 449.137
726 449.137
727 449.137
728 449.137
729 449.137
730 449.137
731 449.137
732 449.137
733 449.137
734 449.137
735 449.137
736 449.137
737 449.137
738 449.137
739 449.137
740 449.137
741 449.137
742 449.137
743 449.137
744 449.137
745 449.137
746 449.137
747 449.137
748 449.137
749 449.137
750 449.137
751 449.137
752 449.137
753 449.137
754 449.137
755 449.137
756 449.137
757 449.137
758 449.137
759 449.137
760 449.137
761 449.137
762 449.137
763 449.137
764 449.137
765 449.137
766 449.137
767 449.137
768 449.137
769 449.137
770 449.137
771 449.137
772 449.137
773 449.137
774 449.137
775 449.137
776 449.137
777 449.137
778 449.137
779 449.137
780 449.137
781 449.137
782 449.137
783 449.137
784 449.137
785 449.137
786 449.137
787 449.137
788 449.137
789 449.137
790 449.137
791 449.137
792 449.137
793 449.137
794 449.137
795 449.137
796 449.137
797 449.137
798 449.137
799 449.137
800 449.137
801 449.137
802 449.137
803 449.137
804 449.137
805 449.137
806 449.137
807 449.137
808 449.137
809 449.137
810 449.137
811 449.137
812 449.137
813 449.137
814 449.137
815 449.137
816 449.137
817 449.137
818 449.137
819 449.137
820 449.137
821 449.137
822 449.137
823 449.137
824 449.137
825 449.137
826 449.137
827 449.137
828 449.137
829 449.137
830 449.137
831 449.137
832 449.137
833 449.137
834 449.137
835 449.137
836 449.137
837 449.137
838 449.137
839 449.137
840 449.137
841 449.137
842 449.137
843 449.137
844 449.137
845 449.137
846 449.137
847 449.137
848 449.137
849 449.137
850 449.137
851 449.137
852 449.137
853 449.137
854 449.137
855 449.137
856 449.137
857 449.137
858 449.137
859 449.137
860 449.137
861 449.137
862 449.137
863 449.137
864 449.137
865 449.137
866 449.137
867 449.137
868 449.137
869 449.137
870 449.137
871 449.137
872 449.137
873 449.137
874 449.137
875 449.137
876 449.137
877 449.137
878 449.137
879 449.137
880 449.137
881 449.137
882 449.137
883 449.137
884 449.137
885 449.137
886 449.137
887 449.137
888 449.137
889 449.137
890 449.137
891 449.137
892 449.137
893 449.137
894 449.137
895 449.137
896 449.137
897 449.137
898 449.137
899 449.137
900 449.137
901 449.137
902 449.137
903 449.137
904 449.137
905 449.137
906 449.137
907 449.137
908 449.137
909 449.137
910 449.137
911 449.137
912 449.137
913 449.137
914 449.137
915 449.137
916 449.137
917 449.137
918 449.137
919 449.137
920 449.137
921 449.137
922 449.137
923 449.137
924 449.137
925 449.137
926 449.137
927 449.137
928 449.137
929 449.137
930 449.137
931 449.137
932 449.137
933 449.137
934 449.137
935 449.137
936 449.137
937 449.137
938 449.137
939 449.137
940 449.137
941 449.137
942 449.137
943 449.137
944 449.137
945 449.137
946 449.137
947 449.137
948 449.137
949 449.137
950 449.137
951 449.137
952 449.137
953 449.137
954 449.137
955 449.137
956 449.137
957 449.137
958 449.137
959 449.137
960 449.137
961 449.137
962 449.137
963 449.137
964 449.137
965 449.137
966 449.137
967 449.137
968 449.137
969 449.137
970 449.137
971 449.137
972 449.137
973 449.137
974 449.137
975 449.137
976 449.137
977 449.137
978 449.137
979 449.137
980 449.137
981 449.137
982 449.137
983 449.137
984 449.137
985 449.137
986 449.137
987 449.137
988 449.137
989 449.137
990 449.137
991 449.137
992 449.137
993 449.137
994 449.137
995 449.137
996 449.137
997 449.137
998 449.137
999 449.137
1000 449.137
1001 449.137
1002 449.137
1003 449.137
1004 449.137
1005 449.137
1006 449.137
1007 449.137
1008 449.137
1009 449.137
1010 449.137
1011 449.137
1012 449.137
1013 449.137
1014 449.137
1015 449.137
1016 449.137
1017 449.137
1018 449.137
1019 449.137
1020 449.137
1021 449.137
1022 449.137
1023 449.137
