0.594982 0.645996 
0.420107 0.82351 
0.374512 0.859741 
0.87451 0.235233 
0.679687 0.538255 
0.614321 0.62261 
1 0 
0.5 0.75 
0.531495 0.717513 
0.265625 0.929443 
0.25 0.9375 
0.624512 0.609985 
0.265625 0.929443 
0.844738 0.286418 
0.39241 0.846015 
0.40625 0.834961 
0.40625 0.834961 
0.429687 0.815555 
0.420107 0.823866 
0.614321 0.62261 
0.844738 0.286418 
0.320313 0.897399 
0.696476 0.514921 
0.670107 0.550956 
0.867187 0.247986 
0.670107 0.550956 
0.875 0.234409 
0.8125 0.339844 
0.742187 0.449158 
0.75 0.4375 
0.39241 0.846015 
0.500004 0.749999 
0.433722 0.811885 
0.375 0.859375 
0.984375 0.0311541 
0.71875 0.483513 
0 1 
0.523438 0.726013 
0.8125 0.339844 
0.352795 0.875536 
0.570313 0.674744 
0.765625 0.413818 
0.796875 0.36499 
0.545291 0.702658 
0.594738 0.646287 
0.738282 0.45494 
0.548707 0.69892 
0.828377 0.313792 
0.364321 0.86727 
0.3125 0.902344 
0.477551 0.771946 
0.864321 0.25295 
0.915051 0.162691 
0.468322 0.780681 
0.753906 0.431625 
0.7677 0.411119 
0.679687 0.538255 
0.696415 0.515006 
0.783509 0.386174 
0.625 0.609375 
0.328377 0.892168 
0.78125 0.389648 
0.796877 0.364987 
0.34473 0.881161 
0.920107 0.153402 
0.820313 0.327087 
0.457306 0.790871 
0.602791 0.636643 
0.707306 0.499718 
0.834021 0.304408 
0.488282 0.761581 
0.446415 0.800714 
0.5625 0.683594 
0.977551 0.044395 
0.25 0.9375 
0.988282 0.0232992 
0.515625 0.734131 
0.727551 0.47067 
0.88475 0.217217 
0.9375 0.121521 
0.28125 0.920898 
0.929687 0.135833 
0.296875 0.911865 
0.578499 0.665339 
0.852791 0.272748 
0.96875 0.0615237 
0.89241 0.203605 
0.946415 0.104299 
0.90625 0.178711 
0.65625 0.569336 
0.958283 0.0816938 
0.179687 0.967874 
0.64241 0.58731 
0.170107 0.971063 
0.124512 0.984497 
0.218262 0.952362 
0.03125 0.999023 
0.094738 0.991025 
1 0 
0 1 
