1 0 
0 1 
0.885681 0.215578 
0.87625 0.232189 
0.144764 0.979043 
0.593307 0.647987 
0.916014 0.160919 
0.604989 0.634014 
0.61524 0.621496 
0.894764 0.199397 
0.582031 0.66124 
0.799042 0.361532 
0.990984 0.0179509 
0.705166 0.502741 
0.478445 0.77109 
0.78125 0.389648 
0.62625 0.607814 
0.790195 0.375591 
0.867187 0.247986 
0.560987 0.685294 
0.571674 0.673188 
0.465049 0.783729 
0.511127 0.73875 
0.0820312 0.993271 
0.5 0.75 
0.96508 0.0686211 
0.925327 0.143769 
0.732613 0.463278 
0.82756 0.315145 
0.550323 0.697144 
0.715049 0.488705 
0.851562 0.274841 
0.741023 0.450885 
0.7231 0.477131 
0.266113 0.929184 
0.670131 0.550924 
0.488726 0.761147 
0.837299 0.29893 
0.859497 0.261265 
0.695801 0.515862 
0.75 0.4375 
0.635681 0.595916 
0.25 0.9375 
0.522228 0.727279 
0.6875 0.527344 
0.165525 0.972601 
0.678523 0.539607 
0.939197 0.117909 
0.1875 0.964844 
0.808201 0.346819 
0.660194 0.564143 
0.772228 0.403665 
0.0996301 0.990083 
0.931675 0.131982 
0.540257 0.708123 
0.644643 0.584435 
0.0610175 0.996277 
0.972856 0.0535509 
0.757813 0.42572 
0.205166 0.957907 
0.957614 0.0829753 
0.843491 0.288524 
0.343307 0.882141 
0.907951 0.175626 
0.425789 0.818704 
0.415525 0.827339 
0.36524 0.866611 
0.405181 0.835828 
0.354501 0.874329 
0.435921 0.809973 
0.984375 0.0310059 
0.12625 0.984063 
0.53125 0.717773 
0.902577 0.185364 
0.455198 0.792794 
0.945801 0.105462 
0.765625 0.413818 
0.445801 0.801262 
0.332031 0.889755 
0.278088 0.922674 
0.652925 0.573688 
0.37625 0.858438 
0.289219 0.916373 
0.394764 0.844161 
0.300323 0.909806 
0.820805 0.326283 
0.310987 0.903287 
0.321674 0.896526 
0.228445 0.947813 
0.95187 0.0939444 
0.978445 0.0426454 
0.0314943 0.999008 
0.215049 0.953754 
0.81445 0.336671 
0.385681 0.851256 
0.11524 0.986729 
0.015625 0.999756 
0.0470886 0.997783 
0.238726 0.94301 
0.17582 0.969087 
