1 0 
0 1 
0.0656743 0.995687 
0.0856955 0.992656 
0.106289 0.988779 
0.929695 0.135667 
0.938103 0.119962 
0.920288 0.15307 
0.250122 0.937439 
0.96875 0.0615234 
0.946862 0.10374 
0.903367 0.183928 
0.26953 0.927353 
0.912476 0.167389 
0.992187 0.015564 
0.237463 0.943611 
0.0437632 0.998085 
0.977081 0.0453121 
0.21875 0.952148 
0.830205 0.31076 
0.819367 0.328638 
0.125031 0.984367 
0.75951 0.423145 
0.984374 0.031007 
0.804749 0.35238 
0.15361 0.976404 
0.768859 0.408856 
0.595703 0.645138 
0.606289 0.632517 
0.565674 0.680013 
0.389311 0.848442 
0.750488 0.436767 
0.0143112 0.9998 
0.670288 0.550714 
0.634911 0.596888 
0.487463 0.76238 
0.170288 0.971002 
0.859278 0.262172 
0.585696 0.656961 
0.575682 0.668591 
0.499508 0.750871 
0.625031 0.609337 
0.960696 0.0770824 
0.679695 0.538015 
0.954786 0.0883833 
0.866974 0.248356 
0.661028 0.563042 
0.615969 0.620582 
0.399956 0.840079 
0.139311 0.980597 
0.554756 0.692246 
0.734375 0.460693 
0.03125 0.999023 
0.795288 0.367517 
0.456213 0.791869 
0.837024 0.299423 
0.545841 0.70207 
0.895354 0.198341 
0.742187 0.449393 
0.182969 0.966522 
0.46875 0.780273 
0.375031 0.859352 
0.845215 0.285612 
0.644273 0.584919 
0.509021 0.740897 
0.8125 0.339844 
0.28125 0.920898 
0.535034 0.713751 
0.688103 0.526514 
0.725412 0.473777 
0.652245 0.574576 
0.851444 0.275043 
0.293763 0.913703 
0.710696 0.494912 
0.695916 0.515701 
0.412476 0.829864 
0.477081 0.772393 
0.705233 0.506273 
0.518973 0.730715 
0.71875 0.483398 
0.777024 0.396233 
0.356289 0.873144 
0.304749 0.907128 
0.345703 0.880489 
0.197106 0.961149 
0.315461 0.900485 
0.87402 0.23609 
0.447106 0.800096 
0.335696 0.887309 
0.325682 0.894015 
0.430183 0.814942 
0.206213 0.957476 
0.789369 0.377391 
0.526963 0.72231 
0.366946 0.866125 
0.420288 0.823358 
0.782773 0.387266 
0.438103 0.808066 
0.879076 0.227225 
0.889311 0.209134 
