0 1 
0.34042 0.884125 
0.565425 0.680304 
0.665451 0.557175 
0.976562 0.0463646 
0.844726 0.286438 
0.390608 0.847426 
0.647397 0.580877 
0.326033 0.893702 
0.404225 0.836602 
0.540532 0.707826 
0.835535 0.301913 
0.890608 0.206818 
0.693357 0.519256 
0.882552 0.221101 
0.898177 0.193278 
0.415451 0.827401 
0.675968 0.543067 
0.941391 0.113783 
0.636459 0.594921 
0.628646 0.604804 
0.906006 0.179153 
0.617637 0.618525 
0.804688 0.352478 
0.65625 0.569336 
0.511597 0.738269 
0.960937 0.0765991 
0.68372 0.532527 
0.867622 0.247233 
0.852539 0.273177 
0.820312 0.327088 
0.591628 0.649977 
0.874999 0.234377 
0.859946 0.260492 
0.8125 0.339844 
0.927646 0.140051 
0.427707 0.817067 
0.765656 0.413771 
0.701928 0.507297 
0.710309 0.495466 
0.796391 0.365761 
0.378646 0.856627 
0.828084 0.314277 
0.448586 0.798773 
0.919357 0.154783 
0.520481 0.729099 
0.602602 0.636871 
0.93372 0.128168 
0.203125 0.95874 
0.313216 0.901896 
0.574719 0.669698 
0.757813 0.42578 
0.4375 0.808594 
0.290451 0.91568 
0.458801 0.789501 
0.277222 0.923149 
0.948586 0.100189 
0.726562 0.472137 
0.913245 0.165993 
0.0351563 0.998764 
0.583815 0.65916 
0.301733 0.908957 
0.0156556 0.999755 
0.954605 0.0887339 
0.190476 0.963719 
0.155762 0.975738 
0.140608 0.980229 
0.234253 0.945126 
0.0904202 0.991834 
0.367622 0.864942 
0.609824 0.628114 
0.0507813 0.998029 
0.265656 0.929427 
0.104677 0.989043 
0.354677 0.874204 
0.177707 0.968423 
0.773926 0.401048 
0.117187 0.986267 
0.128646 0.98345 
0.167404 0.971976 
0.0654253 0.995727 
0.789041 0.377414 
0.0760331 0.994219 
0.77792 0.394855 
0.552718 0.694503 
0.25586 0.934576 
0.992168 0.0156036 
1 0 
0.500008 0.749992 
0.96875 0.0615234 
0.53125 0.717773 
0.718734 0.483421 
0.742168 0.449187 
0.734253 0.460873 
0.750008 0.437489 
0.21875 0.952148 
0.46875 0.780273 
0.484253 0.765499 
0.242168 0.941355 
0.984253 0.0312462 
