0.285166 0.918687 
0.821824 0.324605 
0.625 0.609375 
0.821794 0.324655 
0.908569 0.174506 
0.797028 0.364751 
0.327818 0.892541 
0.715762 0.488895 
0.321824 0.896429 
0.670366 0.55061 
0.211794 0.955148 
0.158569 0.974858 
0.588077 0.654165 
0.728074 0.469908 
0.571824 0.673017 
0.4375 0.808594 
0.515747 0.735539 
0.711794 0.494497 
0.28126 0.920893 
0.853073 0.274359 
0.588078 0.654165 
0.992187 0.0156021 
0.148806 0.977896 
0.722618 0.477823 
0.437309 0.808941 
0.22262 0.95044 
0.535158 0.713606 
0.13447 0.981918 
0.492187 0.757752 
0.515747 0.734005 
0.202817 0.958871 
0.702817 0.506056 
0.734375 0.460694 
0.575733 0.670549 
0.84765 0.281506 
0.362669 0.868471 
0.69697 0.514233 
0.373047 0.860836 
0.461794 0.78753 
0.484375 0.765381 
0.858872 0.262339 
0.170366 0.970976 
0.811967 0.340709 
0.742187 0.449188 
0.923231 0.147714 
0.807085 0.348615 
0.750015 0.437477 
0.409363 0.832425 
0.78126 0.389634 
0.757813 0.42572 
0.671342 0.549327 
0.531252 0.717771 
0.602098 0.637504 
0.123047 0.984859 
0.234375 0.945068 
0.310991 0.903285 
0.781263 0.389628 
0.796997 0.364795 
0.931034 0.133246 
0.338093 0.885693 
0.890318 0.207344 
0.296997 0.911793 
0.917358 0.158467 
0.353073 0.876702 
0.623047 0.611813 
0.884469 0.217714 
0.9375 0.121094 
0.839054 0.295989 
0.952818 0.092148 
0.866545 0.249366 
0.946169 0.10484 
0.96875 0.0615234 
0.187309 0.965072 
0.398806 0.840998 
0.472619 0.776631 
0.452817 0.794963 
0.38447 0.852183 
0.501009 0.749003 
0.83149 0.309141 
0.976562 0.0469177 
0.961794 0.0764189 
0.606983 0.633231 
0.984375 0.0310061 
0.249878 0.937571 
0.265747 0.929378 
0.875 0.234375 
0.659363 0.565244 
0.899298 0.191331 
0.420366 0.823293 
0.560991 0.68529 
0.6345 0.59741 
0.546997 0.700794 
0.648806 0.579105 
0.765747 0.413631 
0.687309 0.527829 
0.103073 0.990601 
0.0312595 0.999023 
0.0718319 0.99484 
1 2.31225e-09 
0 1 
