1 0 
0 1 
0.595737 0.645097 
0.53186 0.717125 
0.875047 0.234294 
0.575904 0.668335 
0.9375 0.121094 
0.891877 0.204828 
0.341494 0.883382 
0.899658 0.190615 
0.548767 0.698855 
0.658888 0.565867 
0.668979 0.552501 
0.606142 0.632592 
0.907502 0.17644 
0.583861 0.659106 
0.867187 0.247986 
0.91504 0.162773 
0.968749 0.0615251 
0.851562 0.27485 
0.929863 0.135355 
0.859375 0.261475 
0.843581 0.288371 
0.922609 0.148792 
0.615356 0.621336 
0.625 0.609375 
0.235115 0.944721 
0.677529 0.541066 
0.835815 0.301413 
0.686555 0.528642 
0.75879 0.424238 
0.431648 0.81368 
0.352236 0.875972 
0.443321 0.804192 
0.19629 0.961785 
0.78968 0.376405 
0.694856 0.517176 
0.507813 0.742126 
0.284796 0.918891 
0.365357 0.866514 
0.976318 0.0491694 
0.490357 0.761054 
0.650146 0.577417 
0.742187 0.449158 
0.703063 0.505703 
0.734375 0.460693 
0.400146 0.839884 
0.781929 0.388587 
0.726562 0.472107 
0.16933 0.971327 
0.412282 0.831442 
0.71875 0.483398 
0.710968 0.494524 
0.106143 0.988772 
0.641999 0.587838 
0.42107 0.8227 
0.453063 0.794734 
0.182136 0.966827 
0.993777 0.0124074 
0.982001 0.0356789 
0.805422 0.351296 
0.480225 0.769384 
0.210968 0.955492 
0.0908203 0.991752 
0.820313 0.327087 
0.54776 0.712638 
0.471294 0.777882 
0.462158 0.78641 
0.987792 0.0242707 
0.221379 0.951001 
0.047493 0.99782 
0.945311 0.106387 
0.12191 0.985138 
0.153564 0.976418 
0.375 0.859375 
0.774658 0.399905 
0.031929 0.998981 
0.26196 0.931383 
0.390117 0.847809 
0.76661 0.412309 
0.828125 0.314209 
0.273446 0.925227 
0.797495 0.364001 
0.953124 0.0915546 
0.25 0.938167 
0.750244 0.437134 
0.499969 0.750054 
0.812531 0.339794 
0.0156337 0.999756 
0.075919 0.994236 
0.132813 0.982399 
0.0625 0.996094 
0.63379 0.598311 
0.325904 0.893787 
0.3125 0.902344 
0.88379 0.218916 
0.298736 0.910757 
0.51953 0.730088 
0.5625 0.683594 
0.960968 0.0765405 
