0 1 
1 0 
0.580391 0.663254 
0.566772 0.678769 
0.992182 0.0155765 
0.59082 0.650932 
0.65789 0.567181 
0.409362 0.832424 
0.602052 0.637534 
0.648407 0.579568 
0.451293 0.796382 
0.518018 0.731659 
0.914063 0.16449 
0.21875 0.952148 
0.906251 0.17871 
0.202819 0.958865 
0.882828 0.220615 
0.374267 0.859925 
0.84082 0.293022 
0.61174 0.625774 
0.890869 0.206352 
0.898437 0.19281 
0.386738 0.850434 
0.472661 0.776592 
0.638186 0.592718 
0.832397 0.307115 
0.290382 0.915678 
0.460937 0.787537 
0.621582 0.613637 
0.789231 0.377115 
0.398163 0.841466 
0.976562 0.0463257 
0.797028 0.364747 
0.0879633 0.994782 
0.929626 0.135795 
0.944746 0.107527 
0.969851 0.0593885 
0.318847 0.898336 
0.848637 0.279816 
0.144531 0.979111 
0.757834 0.425688 
0.102052 0.989605 
0.875 0.234375 
0.742182 0.449167 
0.734375 0.460693 
0.36174 0.869144 
0.726562 0.472107 
0.159347 0.974608 
0.71875 0.483398 
0.173515 0.969892 
0.710907 0.494611 
0.765625 0.413818 
0.703125 0.505615 
0.630023 0.603071 
0.695312 0.516541 
0.951293 0.0951528 
0.855492 0.268133 
0.772667 0.402986 
0.34082 0.883842 
0.330391 0.890931 
0.482543 0.767212 
0.508318 0.741613 
0.668704 0.552835 
0.963067 0.0725014 
0.825195 0.319053 
0.862435 0.256734 
0.352052 0.876081 
0.868649 0.245449 
0.491205 0.758718 
0.95752 0.0831564 
0.23355 0.945454 
0.0678707 0.995398 
0.818847 0.329489 
0.12878 0.983416 
0.679626 0.538108 
0.118225 0.986026 
0.265625 0.929443 
0.0126949 0.999877 
0.0442505 0.998042 
0.921871 0.150155 
0.423515 0.820635 
0.555664 0.691237 
0.242167 0.941356 
0.804683 0.352493 
0.257813 0.933533 
0.78125 0.389648 
0.93748 0.121132 
0.278103 0.922659 
0.1875 0.964844 
0.306152 0.906271 
0.812495 0.339853 
0.750004 0.437495 
0.687496 0.52735 
0.0281034 0.99921 
0.5 0.75 
0.98355 0.0326293 
0.0561523 0.996847 
0.54425 0.703792 
0.530089 0.719005 
0.437495 0.808598 
