0.38907 0.848626 
0.124998 0.984375 
0.890499 0.207012 
0.681255 0.535894 
0.683208 0.533338 
0.942716 0.111287 
0.369263 0.863645 
0.202881 0.95884 
0.942716 0.111287 
0.963013 0.0726065 
0.406236 0.834972 
0.192716 0.962861 
0.213013 0.954626 
0.656236 0.569355 
0.181255 0.967225 
0.389626 0.848192 
0.973943 0.0514733 
0.984367 0.0310209 
0.223943 0.94985 
0.984375 0.0310059 
0.492187 0.757757 
0.92032 0.153014 
0.328125 0.892335 
0.0156632 0.999755 
0.853793 0.271037 
0.515663 0.734092 
0.515663 0.734091 
0.671749 0.548754 
0.572543 0.672207 
0.973943 0.0514733 
0.963043 0.0725477 
0.933223 0.129095 
0.358677 0.871351 
0.17032 0.970992 
0.608676 0.629513 
0.640381 0.589912 
0.375 0.859375 
0.639565 0.590957 
0.349858 0.8776 
0.8125 0.340095 
0.562498 0.683633 
0.319257 0.898078 
0.484367 0.765388 
0.858674 0.262679 
0.667842 0.554425 
0.795197 0.383435 
0.654694 0.571439 
0.619278 0.616495 
0.338028 0.885737 
0.931255 0.132906 
0.234375 0.945068 
0.306363 0.906142 
0.452881 0.794899 
0.744263 0.447015 
0.765663 0.41376 
0.765663 0.41376 
0.92032 0.153014 
0.29532 0.912788 
0.124998 0.984375 
0.463013 0.785619 
0.442716 0.804003 
0.819257 0.328823 
0.473943 0.775379 
0.431255 0.814109 
0.847076 0.282462 
0.88907 0.209557 
0.03125 0.999023 
0.79532 0.367476 
0.898431 0.192823 
0.805875 0.350566 
0.867005 0.248368 
0.624998 0.609377 
0.42032 0.823333 
0.28125 0.920898 
0.25 0.9375 
0.692716 0.520145 
0.5 0.75 
0.265663 0.929423 
0.531236 0.717789 
0.702881 0.505959 
0.55634 0.691293 
0.734367 0.460705 
0.828046 0.314348 
0.838013 0.297735 
0.713013 0.491613 
0.0563477 0.997443 
0.545197 0.715315 
0.723882 0.475997 
0.75 0.4375 
0.0774241 0.994015 
0.103793 0.989237 
0.156236 0.97559 
0.952881 0.0920181 
0.78125 0.389648 
0.874998 0.234378 
0.906236 0.178737 
0.577424 0.666594 
0.603793 0.635447 
0 1 
1 0 
