0.779859 0.39182 
0.894325 0.200182 
0.456307 0.791784 
0.999023 0.00195217 
0.799705 0.360473 
0.956307 0.0854762 
0.194142 0.962314 
0.737184 0.45656 
0.694142 0.518174 
0.554823 0.692172 
0.4375 0.810038 
0.750977 0.436034 
0.660645 0.563549 
0.429687 0.815369 
0.21875 0.952148 
0.503925 0.74606 
0.600774 0.63907 
0.698805 0.511672 
0.660237 0.564087 
0.737191 0.456549 
0.32898 0.891772 
0.5625 0.683594 
0.336854 0.88653 
0.596868 0.643748 
0.0649914 0.995781 
0.525333 0.724025 
0.5 0.750003 
0.749023 0.438964 
0.6875 0.527344 
0.110086 0.987881 
0.910237 0.171468 
0.206307 0.957437 
0.568898 0.676368 
0.860086 0.260253 
0.421955 0.821954 
0.910237 0.171468 
0.476164 0.773268 
0.775271 0.398955 
0.444142 0.802744 
0.95687 0.0843999 
0.679687 0.538025 
0.75989 0.422568 
0.0688977 0.995258 
0.46875 0.780279 
0.784368 0.384782 
0.57898 0.664782 
0.586854 0.655603 
0.629395 0.603862 
0.765625 0.413818 
0.875 0.234375 
0.346868 0.879682 
0.318898 0.89831 
0.291016 0.91531 
0.797932 0.371226 
0.875 0.234375 
0.860087 0.26025 
0.0142341 0.999797 
0.279859 0.921679 
0.640625 0.5896 
0.125 0.984375 
0.623413 0.611369 
0.514234 0.735563 
0.385175 0.85164 
0.410237 0.831705 
0.373413 0.860573 
0.671955 0.548476 
0.897983 0.193627 
0.304823 0.907083 
0.397983 0.84161 
0.647983 0.580119 
0.726408 0.472331 
0.144318 0.979172 
0.360086 0.870338 
0.264234 0.93018 
0.226194 0.948836 
0.1875 0.964883 
0.487222 0.762615 
0.82898 0.312792 
0.836854 0.299676 
0.706307 0.50113 
0.0968682 0.990617 
0.71875 0.483398 
0.804823 0.35226 
0.610086 0.627796 
0.529859 0.71925 
0.549705 0.697825 
0.889234 0.209263 
0.976164 0.0471042 
0.0410156 0.998318 
0.96875 0.0615234 
0.25 0.9375 
0.160237 0.974324 
0.947949 0.101392 
0.846883 0.282788 
0.818898 0.329423 
0.987191 0.025453 
0.937469 0.125701 
0.922932 0.148196 
0 1 
1 0 
