0.875004 0.234368 
0.267579 0.928401 
0.767579 0.410822 
0.767579 0.410822 
0.437504 0.80859 
0.209347 0.956174 
0.365074 0.867408 
0.437504 0.80859 
0.872913 0.23909 
0.84437 0.287169 
0.687504 0.527339 
0.365074 0.867408 
0.787094 0.380486 
0.294906 0.913033 
0.199509 0.960196 
0.652405 0.574368 
0.968719 0.0615826 
0.0643907 0.995854 
0.2402 0.942307 
0.731325 0.465165 
0.218719 0.952162 
0.231081 0.946602 
0.301273 0.909234 
0.787094 0.380486 
0.881152 0.223572 
0.414055 0.82856 
0.517579 0.732112 
0.517579 0.732112 
0.968719 0.0615826 
0.337921 0.88581 
0.941697 0.11335 
0.824496 0.321226 
0.848513 0.280026 
0.606081 0.632666 
0.829978 0.311201 
0.459347 0.789001 
0.886719 0.21373 
0.999989 2.28904e-05 
0.4902 0.759707 
0.389037 0.848651 
0.578085 0.665818 
0.837921 0.297889 
0.920703 0.152307 
0.328085 0.89236 
0.0780847 0.993903 
0.540475 0.707886 
0.937504 0.121087 
0.187504 0.964842 
0.687504 0.527339 
0.670218 0.550807 
0.818137 0.334696 
0.152405 0.976773 
0.865074 0.252706 
0.251891 0.936632 
0.670218 0.550807 
0.652405 0.574368 
0.808598 0.346174 
0.449509 0.797942 
0.481081 0.768561 
0.468719 0.780302 
0.282663 0.920102 
0.381152 0.854724 
0.981325 0.0370195 
0.420348 0.823308 
0.0982686 0.990343 
0.314391 0.901159 
0.894531 0.19995 
0.857414 0.264841 
0.583762 0.662471 
0.758301 0.42498 
0.402405 0.83807 
0.348513 0.878539 
0.731325 0.465165 
0.709347 0.496827 
0.170218 0.971026 
0.532663 0.71627 
0.138976 0.980686 
0.927684 0.139402 
0.639037 0.591632 
0.981325 0.0370195 
0.777374 0.395689 
0.551762 0.695559 
0.115074 0.987377 
0.0509072 0.997408 
0.0175792 0.999691 
0.949633 0.0981969 
0.914055 0.164506 
0.598269 0.642075 
0.699509 0.510687 
0.718719 0.483442 
0.631152 0.601648 
0.902412 0.185652 
0.5 0.75 
0.959347 0.0796538 
0.800785 0.358743 
0.564391 0.681463 
0.615074 0.622524 
0.749992 0.437511 
1 0 
0 1 
