1 0 
0 1 
0.0209303 0.999562 
0.94489 0.107202 
0.961945 0.0746621 
0.953149 0.0915066 
0.935547 0.124752 
0.828149 0.314169 
0.420617 0.823081 
0.990742 0.0184297 
0.126975 0.983882 
0.753176 0.432726 
0.78807 0.378948 
0.853042 0.272319 
0.0400542 0.998434 
0.906342 0.178553 
0.562551 0.683536 
0.212086 0.95502 
0.970142 0.0588275 
0.0839412 0.992954 
0.843994 0.287674 
0.770678 0.406055 
0.573504 0.6711 
0.14593 0.978704 
0.39593 0.843239 
0.897932 0.193719 
0.778735 0.393572 
0.531947 0.717032 
0.158225 0.974965 
0.760988 0.420897 
0.408225 0.833353 
0.868912 0.244997 
0.435547 0.810299 
0.861114 0.258482 
0.583941 0.659013 
0.819645 0.33224 
0.976978 0.0455172 
0.622066 0.613033 
0.658225 0.566741 
0.927673 0.139422 
0.685547 0.530026 
0.229126 0.947501 
0.890625 0.206787 
0.836433 0.300379 
0.676404 0.542478 
0.593994 0.647171 
0.796875 0.36499 
0.0546646 0.997012 
0.984375 0.0310059 
0.742187 0.449158 
0.667234 0.554799 
0.52093 0.728632 
0.914062 0.16449 
0.382812 0.853455 
0.694645 0.517475 
0.632262 0.600251 
0.703149 0.505581 
0.0703636 0.995049 
0.711914 0.493178 
0.55332 0.697015 
0.542975 0.705187 
0.603769 0.635463 
0.102554 0.989483 
0.490738 0.759176 
0.612714 0.624584 
0.176404 0.968882 
0.648437 0.579529 
0.720142 0.481398 
0.500977 0.749022 
0.198975 0.960567 
0.480225 0.769384 
0.510988 0.738891 
0.920863 0.152011 
0.728271 0.469629 
0.80442 0.352908 
0.876975 0.230924 
0.882813 0.220642 
0.341427 0.883428 
0.640625 0.589653 
0.352554 0.875706 
0.812352 0.341153 
0.281947 0.920506 
0.372005 0.861612 
0.112713 0.987297 
0.470142 0.778968 
0.736267 0.457911 
0.185547 0.965572 
0.362713 0.868441 
0.312547 0.902314 
0.27093 0.926597 
0.240251 0.942279 
0.444645 0.802297 
0.453149 0.794656 
0.293124 0.914083 
0.250696 0.937473 
0.330035 0.891077 
0.462086 0.786477 
0.260988 0.931885 
0.30218 0.908687 
0.323565 0.897989 
