1.00066 25.1528 
16.8578 0.00227819 
2.06476 20.9122 
2.06914 3.1429 
11.8716 0.224946 
12.0476 0.204751 
15.0658 0.0188604 
1.10638 23.3842 
2.03179 20.9378 
10.0617 0.422691 
1.50095 21.9666 
14.9438 0.0192068 
13.6074 0.0802443 
1.98634 21.0163 
2.6697 2.23757 
1.6655 21.6468 
12.7547 0.144456 
4.53057 1.43953 
2.0843 2.97828 
2.07464 3.04044 
1.66487 21.7174 
2.60165 2.27386 
1.07752 23.6197 
1.06033 23.7307 
4.43132 1.46051 
10.5838 0.358617 
4.07025 1.57508 
2.52532 2.32608 
1.04028 23.9841 
5.08641 1.27914 
1.11948 23.337 
3.24938 1.9078 
1.84797 21.2474 
10.2355 0.393771 
13.488 0.08533 
5.50666 1.17226 
12.8253 0.134883 
1.09226 23.4777 
9.9567 0.427356 
1.58107 21.7853 
4.87323 1.33053 
3.43175 1.81007 
12.6818 0.146641 
14.2259 0.04175 
3.30058 1.88405 
1.71706 21.5102 
1.67759 21.5774 
9.71732 0.465478 
9.04808 0.545119 
6.02107 1.05793 
2.28492 2.59386 
12.4902 0.162857 
11.0479 0.304907 
12.8631 0.13184 
5.12862 1.26406 
8.78562 0.584851 
10.523 0.360329 
1.75048 21.4273 
7.0811 0.852193 
1.44328 22.1071 
14.439 0.0336088 
14.077 0.0503859 
13.7073 0.0736607 
1.04402 23.8949 
4.28398 1.51014 
7.01895 0.872492 
1.82 21.299 
9.53961 0.479787 
2.10898 2.88266 
5.23577 1.23729 
14.5182 0.0298675 
9.60582 0.471284 
3.87614 1.63715 
8.63269 0.603526 
7.81847 0.730889 
5.29579 1.22683 
7.2732 0.82853 
5.17883 1.26362 
8.28671 0.657888 
6.17741 1.02527 
12.551 0.157651 
13.4257 0.0896253 
1.32233 22.4533 
1.80869 21.365 
8.24938 0.66655 
2.39227 2.44585 
2.88154 2.10084 
4.59021 1.40909 
5.58712 1.15777 
10.8627 0.322329 
11.4307 0.264905 
14.3674 0.0353203 
5.37173 1.2042 
7.79148 0.731801 
10.1604 0.402709 
13.8432 0.0650729 
1.20556 22.8924 
8.19656 0.668262 
11.3745 0.275261 
1.76341 21.4122 
2.1598 2.79414 
1.37714 22.2887 
14.5737 0.0282753 
1.94667 21.0879 
5.56517 1.15868 
2.34055 2.51787 
4.02958 1.59333 
6.31326 0.997593 
2.7656 2.16626 
1.9176 21.1425 
1.88765 21.2006 
3.40973 1.83539 
3.47688 1.79103 
1.97771 21.0428 
5.97877 1.06692 
3.85934 1.64831 
1.29082 22.581 
1.58673 21.7654 
6.47087 0.970093 
6.85591 0.893035 
4.74384 1.36576 
14.7687 0.0223038 
1.24328 22.7262 
1.43153 22.1384 
2.17149 2.73589 
4.55042 1.42945 
3.93033 1.61799 
6.91196 0.882739 
5.80089 1.10552 
9.32075 0.516057 
3.11848 1.96054 
3.74283 1.6859 
11.7865 0.227176 
12.3046 0.181301 
11.7201 0.236019 
4.12258 1.55275 
7.44101 0.789678 
6.9568 0.874564 
8.43697 0.635398 
8.51292 0.620944 
14.6118 0.0262743 
14.1435 0.0468506 
6.44051 0.972241 
9.00916 0.559311 
6.80131 0.903152 
1.22853 22.8038 
1.55761 21.8449 
1.67355 21.5861 
14.662 0.024801 
5.0346 1.29643 
12.9759 0.122913 
10.9103 0.31714 
8.92716 0.561809 
3.58767 1.74584 
1.17177 23.0364 
1.39616 22.2342 
9.66221 0.467062 
14.163 0.0448485 
12.2008 0.192691 
1.45881 22.0668 
2.12914 2.82683 
9.88787 0.444064 
6.62865 0.94518 
3.56396 1.76078 
9.41642 0.501565 
13.9103 0.0585708 
13.9908 0.0539884 
1.36452 22.3293 
8.06667 0.691627 
7.04517 0.858617 
5.41667 1.20403 
2.84599 2.10334 
8.97424 0.561261 
5.89077 1.08586 
13.0716 0.115516 
7.69289 0.747798 
6.67737 0.92644 
2.12384 2.85761 
5.75669 1.11938 
3.08202 1.99023 
3.01737 2.00663 
1.47785 22.0194 
7.31021 0.81202 
3.31328 1.862 
1.25725 22.6948 
1.28121 22.612 
13.1661 0.10837 
3.35492 1.8595 
1.52122 21.9132 
1.39069 22.2662 
2.81848 2.12001 
13.7731 0.0667844 
2.44079 2.39939 
1.08056 23.5847 
1.08635 23.5196 
14.8269 0.0211273 
14.9055 0.0201191 
9.83222 0.445649 
1.73853 21.4865 
1.17843 23.0198 
1.24303 22.7654 
2.56684 2.29293 
9.24889 0.51795 
1.05803 23.7844 
10.6487 0.346083 
8.59365 0.612404 
5.87642 1.08897 
5.64567 1.14025 
6.7465 0.923943 
3.63162 1.72848 
10.0185 0.422694 
1.14628 23.1588 
1.35766 22.3469 
8.68711 0.601815 
1.04986 23.8318 
7.1448 0.849962 
7.20085 0.831027 
2.90699 2.06757 
2.23675 2.65752 
7.88023 0.717582 
2.42761 2.4358 
4.6268 1.40738 
2.21396 2.66356 
11.7628 0.229471 
8.89421 0.569557 
1.94194 21.0967 
1.9176 21.1425 
1.14935 23.1396 
1.04402 23.8949 
4.78061 1.35563 
2.95063 2.04294 
4.70846 1.37559 
7.2266 0.830115 
2.68473 2.20675 
3.97317 1.61575 
10.3036 0.388542 
2.38006 2.48349 
9.27614 0.517375 
13.6375 0.0753722 
9.51303 0.48322 
2.25117 2.62005 
4.92872 1.31575 
11.1097 0.295722 
8.70281 0.596654 
7.73055 0.741662 
13.7795 0.0663924 
6.72413 0.924728 
2.91995 2.06666 
6.54245 0.956112 
3.16872 1.93567 
2.0962 2.92633 
13.3637 0.0956605 
2.06998 3.09831 
14.7342 0.0230895 
7.46727 0.788765 
6.64857 0.931916 
12.9309 0.130128 
5.32844 1.21463 
13.3963 0.0948613 
7.52654 0.778799 
6.12983 1.04261 
2.14199 2.79637 
1.30819 22.5395 
4.4126 1.46142 
12.1697 0.19349 
10.8203 0.326984 
10.7657 0.338138 
6.15095 1.04182 
13.028 0.118865 
13.488 0.08533 
9.98774 0.426444 
5.95471 1.08336 
1.60568 21.7235 
11.8512 0.225465 
7.1448 0.849962 
1.60568 21.7235 
3.82046 1.67185 
13.1502 0.109563 
4.64808 1.39257 
7.38633 0.798966 
5.70789 1.13776 
5.64618 1.14014 
12.6389 0.15542 
13.2257 0.103951 
8.38473 0.646143 
8.43697 0.635398 
10.3577 0.379414 
10.3036 0.388542 
8.841 0.577024 
6.36356 0.991364 
7.38633 0.798966 
4.30998 1.49285 
1.16161 23.0836 
1.16161 23.0836 
6.26139 1.00808 
3.62126 1.73254 
1.81253 21.3098 
1.80951 21.363 
8.03919 0.69254 
1.06033 23.7307 
10.7366 0.338937 
1.1871 22.9772 
11.2748 0.278412 
10.6905 0.341391 
3.19475 1.9171 
2.0962 2.92633 
12.2496 0.186241 
10.3804 0.376763 
6.5182 0.957024 
1.05363 23.7943 
1.12779 23.2898 
11.3443 0.276047 
3.7842 1.68523 
1.1307 23.2429 
9.63174 0.467975 
4.24159 1.52647 
8.54133 0.620032 
10.9504 0.315413 
5.82777 1.0996 
10.4408 0.375052 
14.3415 0.0364374 
6.06926 1.04777 
2.36289 2.48508 
1.19573 22.9324 
14.8269 0.0211273 
4.19527 1.52911 
6.39199 0.981844 
9.35945 0.503276 
1.30976 22.494 
9.76037 0.451703 
2.29149 2.55693 
1.23457 22.7882 
1.33492 22.4262 
1.13857 23.1988 
1.0348 24.0051 
1.29563 22.5411 
6.22799 1.01879 
9.10398 0.543407 
4.83826 1.33994 
4.17108 1.54182 
9.87831 0.44433 
1.21198 22.8486 
8.11198 0.681248 
2.24275 2.62096 
13.0117 0.122001 
1.12779 23.2898 
8.33141 0.647855 
13.2756 0.100308 
2.50131 2.35409 
7.65967 0.753238 
11.2249 0.283605 
4.92872 1.31575 
2.99866 2.03443 
12.4028 0.172598 
12.3501 0.175075 
1.19785 22.9237 
3.08202 1.99023 
3.10458 1.96145 
8.33141 0.647855 
2.71116 2.18879 
2.74262 2.16797 
3.67553 1.71145 
8.00954 0.69717 
11.0041 0.31441 
8.16463 0.679513 
8.11198 0.681248 
11.0106 0.306295 
12.2496 0.186241 
3.16872 1.93567 
5.43876 1.18822 
12.5861 0.156739 
6.93709 0.881826 
10.1604 0.402709 
11.6647 0.241462 
13.2257 0.103951 
13.2756 0.100308 
11.5531 0.250097 
1.18491 22.9782 
12.4536 0.170096 
12.4028 0.172598 
1.09226 23.4777 
1.08635 23.5196 
1.30976 22.494 
3.67553 1.71145 
7.94687 0.70702 
8.38473 0.646143 
12.9309 0.130128 
9.35743 0.506584 
1.13857 23.1988 
6.83691 0.900253 
12.6433 0.149851 
10.1918 0.401797 
4.83826 1.33994 
4.99199 1.30354 
9.15858 0.530085 
12.0476 0.204751 
12.3359 0.180502 
9.20434 0.52392 
11.5383 0.254027 
11.4912 0.258768 
1.88765 21.2006 
1.88597 21.2452 
6.5768 0.945673 
1.54072 21.8708 
10.4843 0.367516 
11.5867 0.249185 
11.6309 0.242374 
13.3273 0.0965728 
9.14331 0.535244 
2.06998 3.09831 
2.06914 3.1429 
9.20434 0.52392 
3.79043 1.67343 
2.50131 2.35409 
2.47087 2.37231 
7.3362 0.811108 
3.71128 1.70308 
4.69662 1.39034 
1.40742 22.2029 
8.7433 0.587674 
1.40865 22.2004 
7.93186 0.715871 
3.01737 2.00663 
14.2736 0.039497 
1.1307 23.2429 
3.20906 1.91619 
1.21198 22.8486 
2.19029 2.70219 
11.1202 0.294616 
1.33511 22.4134 
5.47173 1.18463 
5.20932 1.24384 
10.7043 0.339849 
2.58204 2.2888 
9.11377 0.536157 
1.25926 22.668 
1.26905 22.6339 
1.73853 21.4865 
1.71706 21.5102 
14.4732 0.0328231 
13.1076 0.114604 
4.78061 1.35563 
4.38102 1.47575 
10.8203 0.326984 
9.43446 0.493433 
9.47587 0.488038 
14.0366 0.0536715 
10.6487 0.346083 
1.34271 22.39 
3.99657 1.59504 
1.41987 22.1695 
9.76037 0.451703 
2.20218 2.69442 
2.79838 2.13243 
2.70709 2.20504 
10.4843 0.367516 
2.32458 2.53611 
2.30041 2.55602 
1.46566 22.0496 
1.47785 22.0194 
3.53999 1.78046 
3.49628 1.78296 
12.1275 0.197358 
1.41987 22.1695 
12.093 0.19827 
1.04986 23.8318 
1.55761 21.8449 
3.53999 1.78046 
5.70841 1.13764 
6.5768 0.945673 
4.1532 1.54273 
13.9908 0.0539884 
6.08568 1.04432 
4.34279 1.4827 
5.73432 1.12029 
6.26139 1.00808 
6.22799 1.01879 
7.99874 0.705308 
8.7433 0.587674 
10.4408 0.375052 
3.71128 1.70308 
3.36747 1.83788 
12.4536 0.170096 
8.16463 0.679513 
7.73055 0.741662 
4.32345 1.48867 
14.0413 0.0523411 
7.50015 0.779711 
4.97163 1.30445 
1.07752 23.6197 
1.08056 23.5847 
5.95471 1.08336 
9.47587 0.488038 
1.54072 21.8708 
11.6819 0.239768 
10.9451 0.315994 
9.80145 0.446561 
4.13337 1.54921 
1.34561 22.3813 
12.093 0.19827 
