1.00062 25.1259 
16.8888 0.000490202 
1.00062 25.1259 
2.06985 3.14442 
2.06962 20.8741 
14.9487 0.0197039 
1.04239 23.9127 
10.0536 0.415983 
9.41546 0.496365 
10.3985 0.375075 
11.216 0.284918 
7.49169 0.786136 
13.5998 0.0780566 
2.76847 2.1523 
9.204 0.524421 
10.323 0.383884 
7.12777 0.844435 
10.2665 0.394107 
5.84957 1.09543 
5.75673 1.12109 
10.1924 0.402925 
8.82193 0.581055 
6.20551 1.02505 
8.70521 0.593582 
6.34017 0.992759 
1.57292 21.7948 
14.9029 0.0200619 
3.19926 1.91582 
5.16774 1.25486 
9.70294 0.459374 
8.74181 0.592431 
3.39512 1.83385 
1.76441 21.403 
9.04683 0.545752 
8.86502 0.574985 
8.92877 0.56205 
1.08655 23.5189 
10.4725 0.366525 
10.9516 0.316399 
1.09903 23.4846 
5.58579 1.15455 
1.60953 21.7184 
11.3751 0.271649 
1.59932 21.7368 
10.7602 0.334027 
2.8233 2.11806 
13.5329 0.0845205 
7.34014 0.811935 
3.43268 1.8105 
9.56215 0.481141 
2.2616 2.59671 
10.8828 0.323909 
6.55703 0.950053 
14.7868 0.021705 
5.29273 1.22394 
9.48957 0.486704 
2.08897 2.95985 
1.71482 21.5023 
4.91323 1.32618 
1.96401 21.0471 
12.1861 0.190089 
11.1178 0.298541 
5.64551 1.14614 
5.5471 1.16877 
11.8458 0.224843 
1.5604 21.8227 
12.7783 0.138988 
7.0226 0.867862 
5.67511 1.13419 
3.23496 1.8989 
11.4143 0.264447 
5.45966 1.18391 
4.07793 1.56827 
3.99975 1.5947 
13.847 0.062489 
1.22524 22.8004 
2.07328 3.06099 
5.0846 1.27589 
6.14005 1.03357 
11.9468 0.215201 
12.0852 0.202224 
6.48521 0.964027 
4.57904 1.4189 
11.4696 0.258839 
12.8744 0.131229 
4.17672 1.53582 
4.4777 1.44264 
1.06216 23.7197 
11.076 0.299693 
4.42967 1.463 
2.16159 2.75705 
10.6207 0.349633 
1.98444 21.0144 
4.78389 1.36116 
5.87839 1.09427 
1.04844 23.8563 
1.49345 21.9819 
12.0852 0.202224 
2.84602 2.1128 
9.11588 0.53633 
2.09853 2.92094 
11.2605 0.280277 
6.0259 1.06256 
11.6759 0.238296 
2.43377 2.41799 
13.3991 0.0938503 
2.03659 20.9261 
2.5627 2.2973 
1.67075 21.5892 
2.52735 2.32559 
3.60266 1.74757 
1.19544 22.9214 
2.47714 2.36802 
7.87575 0.718802 
4.54202 1.42374 
2.11871 2.85684 
14.081 0.0506453 
12.2718 0.182358 
3.52114 1.77353 
2.10753 2.89013 
4.84117 1.34553 
1.38603 22.2627 
1.0646 23.6913 
1.63503 21.6595 
6.42024 0.981702 
8.11788 0.680833 
4.36306 1.47719 
5.31973 1.22279 
7.68031 0.754787 
2.29379 2.55559 
2.24543 2.61882 
6.79418 0.90503 
10.8268 0.326664 
2.00031 20.9895 
11.9996 0.207278 
9.62836 0.472639 
7.20348 0.831099 
5.22667 1.24565 
1.14927 23.1357 
11.8024 0.225994 
3.58246 1.74872 
7.56288 0.769748 
8.62034 0.609898 
9.6381 0.467603 
3.54104 1.77238 
8.4585 0.633591 
13.8857 0.0601945 
7.29414 0.819877 
10.1924 0.402925 
1.15555 23.1137 
2.88228 2.08284 
1.17296 23.0272 
9.84365 0.445461 
9.00838 0.555021 
13.4865 0.0856718 
1.21032 22.8638 
6.87521 0.890027 
8.30057 0.657193 
8.22654 0.668422 
6.9366 0.878784 
8.19121 0.669573 
1.54311 21.8662 
1.51848 21.9198 
6.11894 1.04298 
9.34486 0.509534 
7.64636 0.755938 
1.07881 23.578 
1.07 23.6451 
1.13845 23.2071 
1.10706 23.4088 
13.6791 0.0729011 
6.46997 0.967015 
5.04497 1.29164 
7.75817 0.742084 
14.6642 0.0250318 
1.29786 22.5342 
10.991 0.308793 
14.4731 0.0318666 
14.2221 0.0420648 
1.17986 23.0083 
13.3532 0.0949728 
1.74043 21.4513 
5.99222 1.06465 
1.74043 21.4513 
1.20218 22.8964 
2.73153 2.17628 
3.14759 1.94091 
12.3791 0.172844 
11.6186 0.247049 
7.91029 0.717651 
3.84962 1.654 
1.78705 21.3607 
1.1188 23.3061 
3.94844 1.61888 
3.99975 1.5947 
9.52298 0.486204 
1.44167 22.1204 
1.8306 21.2779 
1.80634 21.3252 
1.69173 21.543 
6.58798 0.948902 
5.3888 1.20074 
14.7383 0.0228562 
1.3352 22.4189 
3.82827 1.65515 
8.38269 0.644859 
11.3033 0.275833 
5.95993 1.07664 
4.986 1.30697 
3.73736 1.68873 
3.70511 1.70767 
4.87564 1.33623 
2.8986 2.08169 
1.07881 23.578 
2.18557 2.71225 
3.75829 1.68758 
2.14924 2.78261 
2.40275 2.43679 
1.48124 22.0322 
1.67967 21.5704 
1.10036 23.4214 
1.94404 21.0796 
1.29178 22.5536 
3.47158 1.79407 
3.33195 1.85447 
3.28939 1.88109 
1.41026 22.2016 
8.59076 0.614191 
1.34733 22.3785 
5.93086 1.07779 
1.77947 21.3712 
2.50385 2.3451 
10.5888 0.35325 
2.68751 2.20591 
7.08098 0.857382 
1.23142 22.7882 
7.42888 0.792255 
1.05552 23.7749 
1.70269 21.5222 
2.13756 2.82894 
1.05411 23.7888 
7.26121 0.821028 
4.66092 1.38962 
7.23624 0.829948 
7.94762 0.711731 
9.11588 0.53633 
1.26348 22.6619 
12.9669 0.12633 
4.20868 1.52553 
2.95457 2.0417 
3.00199 2.02382 
1.87062 21.2085 
12.362 0.177119 
1.93901 21.0894 
4.96015 1.30812 
6.25563 1.00983 
11.9033 0.216352 
1.54311 21.8662 
7.40466 0.809806 
5.7283 1.12224 
1.13241 23.262 
6.42024 0.981702 
2.07935 3.01141 
1.32476 22.4677 
10.6794 0.343034 
4.75877 1.36231 
4.73367 1.37504 
1.65027 21.6285 
13.7259 0.0717499 
1.11047 23.3557 
7.96829 0.704145 
1.41528 22.1895 
1.42904 22.1449 
8.55453 0.615342 
8.50335 0.626976 
1.11047 23.3557 
1.12745 23.3013 
5.36493 1.20646 
4.62201 1.40067 
9.92057 0.435922 
2.34891 2.49222 
1.85164 21.2411 
1.8306 21.2779 
4.70874 1.37619 
9.25228 0.51795 
9.30684 0.510685 
14.6145 0.0266324 
9.99922 0.422585 
11.9996 0.207278 
2.0149 20.961 
2.30515 2.55444 
2.70248 2.20476 
13.7867 0.0679043 
7.08098 0.857382 
3.10466 1.97008 
6.07547 1.05209 
11.5586 0.253038 
2.58368 2.29075 
4.13226 1.5503 
12.4874 0.163411 
4.31074 1.49944 
13.978 0.0564178 
12.4765 0.16706 
9.75972 0.455972 
8.01963 0.696092 
12.5843 0.155124 
1.80634 21.3252 
2.61371 2.25848 
8.05454 0.694941 
11.0228 0.305375 
1.28249 22.5849 
1.27661 22.6318 
7.82973 0.730526 
1.16521 23.0723 
8.30057 0.657193 
8.34697 0.646011 
14.5663 0.0277837 
1.14083 23.1798 
3.94844 1.61888 
3.03279 1.99939 
3.00199 2.02382 
1.18569 22.9656 
6.70864 0.925848 
1.07 23.6451 
12.432 0.168211 
2.45611 2.38668 
2.92784 2.05666 
2.0526 20.9098 
3.47158 1.79407 
1.23908 22.7485 
4.3133 1.49253 
1.24967 22.7102 
6.82784 0.898776 
5.0846 1.27589 
6.84399 0.898184 
3.88485 1.6348 
5.50207 1.17927 
1.16521 23.0723 
7.72402 0.743235 
6.75214 0.91289 
13.0857 0.114711 
13.0303 0.121355 
4.23166 1.52438 
1.18569 22.9656 
1.85164 21.2411 
2.07979 3.00853 
6.30112 1.00061 
6.25563 1.00983 
8.07028 0.6882 
2.36877 2.4827 
13.4865 0.0856718 
1.30981 22.4959 
9.25228 0.51795 
14.0336 0.0517965 
9.75972 0.455972 
9.80451 0.446612 
13.224 0.106591 
1.24967 22.7102 
10.521 0.360967 
3.27078 1.88224 
2.59527 2.27226 
2.07074 3.09765 
2.06985 3.14442 
1.50429 21.9548 
1.51848 21.9198 
3.80829 1.685 
11.6305 0.245867 
1.40704 22.2459 
6.07547 1.05209 
12.532 0.162259 
14.1729 0.0457626 
13.0857 0.114711 
11.7613 0.229973 
1.37473 22.2994 
13.1314 0.11356 
13.1781 0.107743 
13.0303 0.121355 
1.23701 22.7495 
2.20316 2.68249 
2.22211 2.65276 
3.80829 1.685 
2.33441 2.50816 
14.2503 0.0407124 
14.3005 0.0383789 
1.92292 21.1202 
1.90514 21.1509 
13.2725 0.100781 
14.0336 0.0517965 
2.41531 2.43564 
8.50335 0.626976 
1.05076 23.8316 
1.47784 22.0334 
3.68442 1.70882 
3.66887 1.72159 
1.13453 23.2491 
14.6269 0.0258479 
4.65632 1.39092 
14.4239 0.033905 
11.5123 0.257688 
6.62049 0.937838 
6.66274 0.929774 
8.41664 0.6398 
12.9214 0.127481 
4.25003 1.51236 
13.3186 0.09963 
1.92292 21.1202 
12.9197 0.130077 
4.13226 1.5503 
4.10036 1.56712 
1.89744 21.1588 
1.63503 21.6595 
1.65027 21.6285 
2.13326 2.8295 
4.26838 1.50657 
12.3161 0.181207 
3.08708 1.97124 
3.06095 1.99254 
6.70864 0.925848 
6.66274 0.929774 
7.60405 0.762918 
1.45341 22.0974 
1.46133 22.0604 
9.95519 0.427969 
9.99922 0.422585 
14.5109 0.0297205 
13.2725 0.100781 
14.7855 0.0217359 
1.87644 21.2035 
14.4308 0.0327881 
14.376 0.0350563 
12.2302 0.188938 
5.01892 1.29279 
7.7954 0.731678 
14.3005 0.0383789 
14.3483 0.0372277 
8.97115 0.556173 
2.31995 2.52455 
7.60405 0.762918 
7.56288 0.769748 
8.42259 0.634742 
10.7204 0.341882 
14.123 0.047037 
6.98519 0.869959 
13.978 0.0564178 
13.9307 0.0575691 
4.50775 1.43972 
2.37425 2.46545 
13.7398 0.0690556 
14.5203 0.02938 
13.6791 0.0729011 
13.9307 0.0575691 
1.35806 22.3459 
6.30112 1.00061 
11.3033 0.275833 
2.23252 2.65161 
1.34169 22.3941 
14.5578 0.0286162 
5.47446 1.18043 
1.27661 22.6318 
1.26348 22.6619 
12.7105 0.147141 
2.63952 2.23965 
1.46133 22.0604 
13.224 0.106591 
13.1781 0.107743 
9.88126 0.437073 
1.32476 22.4677 
1.30981 22.4959 
2.0149 20.961 
13.3991 0.0938503 
13.1314 0.11356 
13.7867 0.0679043 
12.9847 0.122506 
12.8744 0.131229 
6.91797 0.886877 
1.35806 22.3459 
1.36856 22.3146 
14.1254 0.0469138 
14.1705 0.0458857 
12.6656 0.148292 
12.7105 0.147141 
14.9214 0.0198925 
12.5843 0.155124 
12.6291 0.153973 
2.18741 2.70902 
2.20316 2.68249 
12.432 0.168211 
3.64836 1.72275 
12.3177 0.178271 
3.35088 1.85332 
4.62201 1.40067 
1.21032 22.8638 
12.2302 0.188938 
12.1861 0.190089 
2.72229 2.1824 
6.62049 0.937838 
1.28249 22.5849 
4.85019 1.33738 
11.9033 0.216352 
12.532 0.162259 
