1.00001 25.0134 
16.8587 0.000163512 
2.07014 3.13029 
2.0576 20.9037 
1.01706 24.295 
1.00001 25.0134 
1.03161 24.0587 
4.99645 1.2989 
4.88524 1.33461 
1.97834 21.0478 
11.9067 0.216167 
1.39741 22.2326 
2.02862 20.9543 
3.95418 1.62756 
1.6546 21.6183 
8.29612 0.658574 
10.2359 0.398346 
1.41928 22.171 
7.24223 0.824551 
6.26262 1.00865 
8.08476 0.686161 
7.16022 0.844076 
10.3213 0.384254 
8.59766 0.609269 
1.31896 22.4759 
2.94845 2.04549 
1.52301 21.9097 
6.0394 1.06055 
1.58379 21.77 
11.3607 0.270079 
5.93043 1.07813 
1.61265 21.7097 
3.6503 1.72232 
8.22172 0.66987 
7.0476 0.864145 
12.7592 0.14354 
12.8288 0.13783 
9.62974 0.477743 
3.62286 1.74905 
1.80038 21.353 
1.90941 21.1502 
1.70149 21.5717 
7.74493 0.74005 
7.51243 0.778388 
3.72199 1.69484 
7.39628 0.798014 
6.39003 0.983041 
11.4763 0.258317 
4.05486 1.59357 
1.62102 21.691 
1.38214 22.2762 
3.82015 1.65842 
1.87959 21.1972 
4.46387 1.44704 
8.18221 0.671154 
8.67299 0.598397 
8.124 0.684878 
8.4363 0.637582 
5.47259 1.18112 
1.05066 23.8378 
5.29804 1.22291 
2.58546 2.30276 
8.91294 0.564448 
8.85791 0.576664 
1.07831 23.5805 
2.28004 2.58801 
11.2379 0.282782 
2.08026 3.00771 
2.41148 2.44123 
5.2569 1.23298 
9.44907 0.496472 
2.36382 2.47687 
9.52361 0.486767 
7.7832 0.738767 
2.55306 2.30537 
2.10459 2.90096 
14.4366 0.0325943 
1.78794 21.3789 
14.387 0.0356617 
12.0035 0.207053 
9.13409 0.534048 
7.84225 0.72925 
7.95403 0.711445 
12.2733 0.182356 
4.56245 1.41808 
3.69964 1.70333 
5.08025 1.2835 
3.33186 1.8739 
7.99733 0.699791 
4.65251 1.39882 
2.99852 2.01805 
6.52137 0.957204 
1.20507 22.8786 
8.77782 0.587988 
1.19659 22.9173 
1.67535 21.6097 
10.7549 0.338614 
14.6505 0.025161 
12.4793 0.167276 
2.17595 2.73036 
3.14952 1.94033 
2.15663 2.78837 
5.8272 1.10057 
1.18067 23.0066 
1.72657 21.5133 
1.05668 23.8036 
1.74263 21.477 
1.76608 21.4142 
6.1029 1.04155 
3.56389 1.7565 
4.82401 1.34474 
7.01326 0.870332 
11.2798 0.27842 
2.71566 2.18726 
9.38503 0.500544 
2.13464 2.81673 
12.1567 0.196118 
7.91356 0.71786 
5.89067 1.08672 
1.85302 21.2478 
1.82926 21.3075 
14.145 0.0474445 
1.71167 21.5343 
2.61161 2.2605 
8.99625 0.557369 
1.91921 21.1245 
3.8867 1.63446 
1.10253 23.406 
1.08851 23.5342 
11.5549 0.250422 
12.313 0.178822 
4.18859 1.53228 
11.8301 0.22348 
14.5267 0.0291791 
14.4903 0.031311 
1.10977 23.3595 
8.81666 0.577947 
4.12559 1.55983 
13.9112 0.0587768 
13.6831 0.0727329 
4.73028 1.37695 
13.6487 0.0770845 
10.1912 0.39963 
2.69203 2.20325 
6.75844 0.911938 
1.3075 22.504 
9.58322 0.47907 
12.5588 0.157421 
1.33555 22.4136 
12.5247 0.162916 
13.3192 0.0975086 
2.39281 2.45981 
2.0576 20.9037 
2.02862 20.9543 
1.26623 22.6452 
1.21909 22.8202 
2.07856 3.07621 
6.87119 0.890995 
2.45492 2.40018 
1.29183 22.5547 
9.86211 0.44379 
9.68977 0.461222 
11.5174 0.257211 
7.60845 0.762404 
1.86999 21.2153 
6.32492 1.00158 
7.67191 0.751956 
1.03595 23.9902 
1.03161 24.0587 
7.11416 0.84707 
2.08359 2.98826 
2.10304 2.93258 
1.11513 23.3299 
4.35091 1.4812 
12.6436 0.150251 
3.47099 1.80258 
5.35033 1.21023 
1.28114 22.5945 
6.42411 0.981757 
10.4828 0.369454 
3.55798 1.77699 
12.9032 0.129044 
1.12501 23.273 
1.23361 22.7703 
7.86799 0.720249 
6.82902 0.898785 
4.10038 1.56111 
1.09339 23.4684 
14.8227 0.0211361 
1.09339 23.4684 
4.58602 1.41127 
1.15759 23.0942 
1.82926 21.3075 
1.57519 21.789 
14.6846 0.0242086 
13.3709 0.0962253 
5.99629 1.06402 
13.4138 0.0907983 
3.07361 1.97851 
4.62496 1.40011 
2.62808 2.25894 
14.249 0.0419395 
2.65504 2.22901 
1.55391 21.837 
13.025 0.119487 
11.4082 0.268796 
5.72334 1.1236 
5.85937 1.09929 
14.098 0.0484062 
12.7088 0.144823 
5.44188 1.19436 
1.13166 23.2353 
5.668 1.14971 
12.2177 0.187362 
3.99516 1.59658 
12.9511 0.125253 
2.5155 2.33584 
13.9703 0.0553831 
12.3845 0.172495 
1.45209 22.0914 
1.43133 22.1384 
7.4737 0.795404 
3.04278 2.01516 
1.34943 22.3776 
1.29909 22.5362 
1.03707 23.9859 
6.45954 0.969298 
2.82938 2.11477 
5.6605 1.15 
7.64632 0.761121 
3.8867 1.63446 
9.69699 0.460307 
1.18822 22.9501 
2.25648 2.60425 
1.24546 22.7275 
9.21918 0.52257 
9.28378 0.513938 
1.22814 22.7839 
5.16071 1.26306 
5.2182 1.24867 
4.70241 1.37823 
1.0613 23.7216 
1.13517 23.2163 
5.13112 1.26434 
6.63227 0.935815 
4.50798 1.43399 
9.34416 0.510279 
8.49845 0.628396 
14.5854 0.0271695 
6.922 0.881674 
13.8567 0.0619903 
2.4831 2.36334 
9.89516 0.435533 
9.78447 0.449297 
11.6029 0.249139 
6.20336 1.02075 
5.05097 1.28478 
11.1744 0.289435 
12.2097 0.194792 
1.07483 23.6246 
1.16155 23.0808 
6.32492 1.00158 
1.04393 23.9336 
2.43716 2.40452 
3.28339 1.8768 
2.11951 2.8557 
2.76324 2.16593 
10.4054 0.374445 
1.35701 22.3559 
1.37075 22.3101 
1.51151 21.9573 
2.30058 2.54796 
9.42777 0.499261 
9.54008 0.480353 
4.77241 1.35883 
5.59535 1.15261 
2.67152 2.22772 
14.2815 0.0405462 
9.75545 0.452937 
1.46167 22.0655 
1.51151 21.9573 
1.48839 21.9938 
5.52503 1.16885 
5.77414 1.11228 
4.16746 1.53912 
7.57221 0.772698 
1.08363 23.5392 
3.43406 1.81026 
4.25049 1.52927 
1.54371 21.8727 
5.55095 1.16284 
7.31149 0.81764 
7.36051 0.804123 
12.1076 0.197401 
12.0524 0.205769 
3.78558 1.6711 
8.69614 0.595076 
1.46648 22.0477 
1.95733 21.0574 
9.32626 0.512654 
13.4719 0.0867647 
6.20336 1.02075 
1.93654 21.0936 
1.76608 21.4142 
5.77414 1.11228 
3.10928 1.96036 
2.21964 2.65722 
13.7355 0.0714496 
4.77241 1.35883 
8.34543 0.646444 
1.14977 23.1406 
3.27179 1.88213 
9.0794 0.541487 
8.55153 0.626784 
1.10376 23.3981 
14.1883 0.0437789 
11.0417 0.303509 
6.54341 0.952923 
4.01986 1.59529 
13.9441 0.0568738 
2.83991 2.10839 
2.87662 2.08656 
13.4719 0.0867647 
3.50652 1.77988 
14.2032 0.0430457 
11.0302 0.304738 
10.9861 0.30948 
6.15334 1.03106 
5.41122 1.19564 
10.5582 0.360798 
2.19573 2.69553 
2.11951 2.8557 
2.49799 2.36205 
6.90682 0.889712 
2.18678 2.72908 
1.25399 22.6858 
2.32471 2.53338 
10.9788 0.314022 
1.04529 23.888 
3.39066 1.82894 
3.35108 1.84631 
10.8828 0.324477 
10.9323 0.315305 
10.1495 0.413115 
2.33736 2.50546 
10.049 0.420812 
1.74263 21.477 
8.39619 0.638865 
8.34543 0.646444 
4.50798 1.43399 
5.34995 1.21637 
13.5317 0.082694 
10.6612 0.345237 
10.6547 0.349845 
13.7928 0.0658567 
13.2393 0.105834 
11.8257 0.227286 
8.55743 0.619744 
4.37967 1.4724 
4.43474 1.4698 
2.80274 2.14082 
1.16884 23.0401 
1.14239 23.1825 
1.14977 23.1406 
10.1601 0.412829 
11.6675 0.242726 
5.2182 1.24867 
3.10928 1.96036 
2.21653 2.66201 
1.33555 22.4136 
10.609 0.351128 
7.99733 0.699791 
13.7928 0.0658567 
4.2751 1.50476 
5.58172 1.16165 
6.96154 0.874471 
4.43474 1.4698 
1.1678 23.044 
1.04436 23.8908 
1.85302 21.2478 
11.714 0.234716 
6.7127 0.920539 
14.9285 0.0190801 
14.8914 0.0201539 
3.21005 1.91104 
14.7387 0.0229253 
14.5806 0.0278959 
9.21918 0.52257 
9.17617 0.532765 
14.3335 0.036945 
8.49845 0.628396 
3.50652 1.77988 
12.9511 0.125253 
1.93654 21.0936 
2.74602 2.16721 
14.0171 0.0527708 
14.0701 0.0514876 
4.2751 1.50476 
4.25049 1.52927 
10.7071 0.343954 
13.8454 0.0645735 
4.3292 1.50215 
14.7853 0.0217428 
13.7355 0.0714496 
13.5965 0.0783678 
2.07029 3.11991 
2.07226 3.07732 
1.54371 21.8727 
13.1391 0.11077 
13.1879 0.107117 
6.79371 0.910655 
13.0734 0.115763 
13.025 0.119487 
13.5317 0.082694 
13.0734 0.115763 
3.35108 1.84631 
9.03659 0.547348 
8.72838 0.590469 
2.91728 2.06306 
1.37075 22.3101 
3.78558 1.6711 
12.8757 0.133637 
1.05963 23.7629 
14.8741 0.0203634 
1.04393 23.9336 
13.2842 0.100039 
12.6089 0.156138 
1.05963 23.7629 
1.43133 22.1384 
12.4295 0.168559 
13.1246 0.114479 
12.3625 0.177539 
3.22763 1.90993 
11.1744 0.289435 
11.1333 0.297458 
2.78521 2.14211 
10.0047 0.422096 
9.96479 0.431099 
10.609 0.351128 
12.1152 0.196701 
6.11293 1.03945 
6.15334 1.03106 
6.45954 0.969298 
12.0524 0.205769 
12.0035 0.207053 
6.66714 0.934532 
3.05816 1.98649 
11.7773 0.228569 
14.0171 0.0527708 
3.80925 1.66981 
9.07504 0.5459 
11.7623 0.233432 
11.714 0.234716 
12.4295 0.168559 
6.80694 0.908186 
11.6195 0.24401 
10.1016 0.414441 
13.3983 0.0942684 
10.3766 0.377797 
2.89484 2.08527 
2.91728 2.06306 
10.794 0.330444 
13.5795 0.081698 
1.27392 22.6282 
6.7127 0.920539 
6.67297 0.92806 
8.95463 0.558652 
7.57221 0.772698 
2.20693 2.69425 
1.48839 21.9938 
1.07231 23.6344 
1.18631 22.9712 
11.1333 0.297458 
5.41122 1.19564 
6.96154 0.874471 
1.21387 22.846 
10.794 0.330444 
1.14239 23.1825 
10.9323 0.315305 
11.6675 0.242726 
1.27574 22.6126 
14.7311 0.0230261 
10.8828 0.324477 
10.8365 0.325761 
3.01759 2.01677 
1.25399 22.6858 
1.24748 22.7196 
10.7071 0.343954 
11.2735 0.279082 
1.07202 23.6724 
1.06401 23.7047 
10.5582 0.360798 
10.5127 0.362081 
10.4374 0.370737 
11.0864 0.298741 
10.36 0.383148 
1.07202 23.6724 
11.0864 0.298741 
3.44912 1.80386 
5.71074 1.12642 
