1 0.00637922 
0.997411 0.0113041 
0.996472 0.0135967 
0.990232 0.0261839 
0.987999 0.0305038 
0.983233 0.0402603 
0.981366 0.0453448 
0.97577 0.0566861 
0.971288 0.0644903 
0.967736 0.0723049 
0.963596 0.0797242 
0.959354 0.0879782 
0.954341 0.0956599 
0.950734 0.102912 
0.944973 0.11307 
0.941333 0.121389 
0.936898 0.130089 
0.931592 0.138561 
0.927195 0.147289 
0.922519 0.155915 
0.918239 0.163005 
0.912392 0.174094 
0.908309 0.182245 
0.903026 0.191959 
0.898299 0.1992 
0.89253 0.210588 
0.887186 0.220078 
0.881934 0.229116 
0.87666 0.238565 
0.871247 0.247414 
0.865332 0.258091 
0.859039 0.267509 
0.85369 0.276867 
0.849142 0.285378 
0.841296 0.297205 
0.836078 0.307388 
0.829178 0.317815 
0.823663 0.328112 
0.817315 0.33709 
0.810686 0.348384 
0.804051 0.358396 
0.797474 0.369087 
0.791095 0.380014 
0.784783 0.390453 
0.776636 0.400542 
0.771097 0.41183 
0.763302 0.422878 
0.756175 0.432997 
0.748623 0.444283 
0.741992 0.45592 
0.733791 0.465898 
0.72662 0.476362 
0.71844 0.488119 
0.710711 0.499492 
0.703206 0.510093 
0.694902 0.521443 
0.686258 0.53253 
0.678038 0.543805 
0.670597 0.554941 
0.662097 0.566128 
0.653257 0.576579 
0.644532 0.58667 
0.635588 0.599292 
0.627031 0.609569 
0.618127 0.621104 
0.60895 0.632411 
0.600026 0.643496 
0.590706 0.654325 
0.581217 0.665131 
0.572387 0.675376 
0.563106 0.686194 
0.55397 0.696847 
0.544084 0.706453 
0.53457 0.716745 
0.524213 0.728118 
0.51529 0.736902 
0.505122 0.747925 
0.495802 0.757149 
0.48581 0.766865 
0.476084 0.775917 
0.465615 0.785001 
0.45623 0.794007 
0.446322 0.802716 
0.436514 0.811752 
0.426169 0.820835 
0.415759 0.82933 
0.406685 0.836973 
0.396304 0.844592 
0.386651 0.852896 
0.376913 0.86028 
0.366883 0.867975 
0.356406 0.875217 
0.347257 0.881975 
0.33719 0.888241 
0.327851 0.894509 
0.318446 0.901528 
0.308875 0.906883 
0.298931 0.912755 
0.28945 0.918712 
0.280775 4.67793 
