0.99993 0.00957404 
0.999626 0.011584 
0.995591 0.0199738 
0.991784 0.0276583 
0.98837 0.034431 
0.985562 0.0403182 
0.980382 0.0507225 
0.976362 0.0584338 
0.972154 0.0661115 
0.967499 0.0743585 
0.964609 0.0824468 
0.960158 0.0891363 
0.95616 0.0979269 
0.950616 0.107015 
0.94558 0.114766 
0.942156 0.123248 
0.937237 0.13212 
0.933345 0.140078 
0.928083 0.148682 
0.923198 0.156786 
0.917539 0.166865 
0.913729 0.175415 
0.90776 0.184613 
0.902613 0.193071 
0.899624 0.200275 
0.893697 0.20945 
0.887565 0.221755 
0.882759 0.230208 
0.877541 0.239813 
0.871789 0.24951 
0.86553 0.260197 
0.860249 0.269804 
0.854359 0.279445 
0.848342 0.288809 
0.842645 0.298712 
0.836544 0.308883 
0.83151 0.320151 
0.82428 0.32946 
0.816417 0.340335 
0.811606 0.34962 
0.804148 0.361326 
0.797435 0.370891 
0.790133 0.380907 
0.784039 0.392718 
0.777344 0.402102 
0.770269 0.413136 
0.763602 0.42213 
0.756563 0.434741 
0.748694 0.444877 
0.740702 0.458016 
0.73255 0.46822 
0.726451 0.477012 
0.717641 0.489607 
0.710123 0.500537 
0.701911 0.512238 
0.694016 0.522881 
0.686505 0.53391 
0.678478 0.544601 
0.669745 0.555602 
0.660311 0.567762 
0.652403 0.578829 
0.643927 0.589063 
0.634984 0.600489 
0.626965 0.611739 
0.616726 0.623333 
0.608468 0.633456 
0.599251 0.645524 
0.590457 0.655029 
0.581633 0.665425 
0.572219 0.676545 
0.562615 0.687341 
0.553852 0.696191 
0.543892 0.708468 
0.534115 0.718423 
0.524519 0.728008 
0.514643 0.738691 
0.505412 0.748438 
0.49568 0.757908 
0.485399 0.768377 
0.476147 0.777421 
0.465686 0.786767 
0.456121 0.795204 
0.445869 0.80415 
0.43589 0.813719 
0.426207 0.821703 
0.415867 0.830151 
0.406485 0.837923 
0.396423 0.846011 
0.386746 0.853892 
0.376522 0.861835 
0.365854 0.869389 
0.356977 0.875692 
0.346827 0.883399 
0.337345 0.889337 
0.327832 0.89563 
0.318113 0.902199 
0.308633 0.908105 
0.298127 0.914049 
0.289908 0.919059 
0.280775 1.38807 
