1 0.00728435 
0.999999 0.00933668 
0.995304 0.0183509 
0.999999 0.00933668 
0.988123 0.0323699 
0.983489 0.0415403 
0.980063 0.0484523 
0.975998 0.0568384 
0.9788 0.050857 
0.967781 0.0722885 
0.963313 0.0791205 
0.959383 0.0892 
0.953851 0.096992 
0.950394 0.105318 
0.946209 0.115081 
0.941166 0.122225 
0.936581 0.13086 
0.931728 0.139497 
0.928467 0.146151 
0.92215 0.156618 
0.91728 0.165977 
0.913157 0.174601 
0.908134 0.184855 
0.904308 0.19249 
0.899525 0.19877 
0.891932 0.210887 
0.888662 0.219223 
0.881211 0.230453 
0.87762 0.237854 
0.871644 0.248714 
0.864738 0.257709 
0.860791 0.268532 
0.853621 0.27712 
0.848401 0.28895 
0.841858 0.297859 
0.836373 0.309326 
0.82955 0.318399 
0.823595 0.327696 
0.817884 0.33966 
0.810047 0.349445 
0.804645 0.358455 
0.796829 0.370972 
0.791142 0.379927 
0.784987 0.392469 
0.77682 0.401675 
0.769996 0.412496 
0.763692 0.422704 
0.756055 0.434747 
0.748165 0.44517 
0.74161 0.454778 
0.734964 0.466292 
0.726037 0.47746 
0.718185 0.489626 
0.709881 0.501022 
0.703324 0.512257 
0.694877 0.522797 
0.686777 0.533991 
0.678392 0.545228 
0.671472 0.556452 
0.661191 0.567195 
0.653205 0.577849 
0.644613 0.589678 
0.635321 0.60095 
0.626762 0.611409 
0.618104 0.62218 
0.609499 0.632882 
0.599851 0.644346 
0.589659 0.656072 
0.581775 0.665719 
0.572403 0.676164 
0.563151 0.686369 
0.55292 0.697766 
0.541588 0.709709 
0.534141 0.718289 
0.524912 0.727753 
0.515249 0.738142 
0.504894 0.748533 
0.49558 0.757618 
0.485838 0.767156 
0.475975 0.776768 
0.465285 0.78625 
0.456245 0.795069 
0.446035 0.804328 
0.436181 0.812701 
0.426367 0.821338 
0.41613 0.829569 
0.406706 0.838317 
0.396492 0.845403 
0.386769 0.853483 
0.376769 0.860727 
0.366666 0.868325 
0.357249 0.875127 
0.346995 0.881994 
0.336694 0.889245 
0.327818 0.895308 
0.317323 0.901928 
0.308186 0.90798 
0.298648 0.912812 
0.28923 0.919212 
0.280775 6.72916 
