1 0.00834852 
0.999927 0.0120319 
0.997808 0.0161211 
0.992299 0.0259211 
0.988522 0.0341758 
0.984201 0.0423652 
0.982276 0.0451856 
0.976342 0.057394 
0.972814 0.064761 
0.967389 0.0737939 
0.963654 0.0812568 
0.960025 0.0884295 
0.9552 0.0973585 
0.951046 0.106401 
0.947122 0.114613 
0.943171 0.120547 
0.937418 0.131422 
0.933399 0.139707 
0.929386 0.148103 
0.923589 0.157772 
0.919394 0.164418 
0.913739 0.174719 
0.911545 0.178391 
0.903556 0.193295 
0.902692 0.194817 
0.894338 0.211361 
0.888529 0.219455 
0.883167 0.230855 
0.877523 0.240649 
0.871611 0.249837 
0.867928 0.25745 
0.861086 0.269501 
0.855768 0.277855 
0.849873 0.286984 
0.843845 0.298537 
0.839023 0.307848 
0.830859 0.317829 
0.827071 0.326876 
0.818942 0.339617 
0.810529 0.349793 
0.804438 0.359812 
0.798276 0.369657 
0.790821 0.381309 
0.785122 0.391422 
0.778302 0.402667 
0.771701 0.412806 
0.764079 0.424016 
0.756213 0.434788 
0.747969 0.446359 
0.740734 0.457968 
0.73347 0.467065 
0.727362 0.476663 
0.719151 0.487243 
0.711088 0.500638 
0.7029 0.511606 
0.695231 0.523182 
0.687296 0.533277 
0.67788 0.544944 
0.669999 0.556424 
0.662052 0.566994 
0.653861 0.578613 
0.644344 0.58908 
0.635542 0.600681 
0.628274 0.61257 
0.617267 0.622358 
0.608796 0.632812 
0.598899 0.645025 
0.590263 0.655153 
0.581013 0.665981 
0.572831 0.676387 
0.56328 0.686969 
0.55187 0.698483 
0.543718 0.707895 
0.533995 0.717604 
0.524748 0.728006 
0.515418 0.737342 
0.505739 0.747661 
0.495432 0.757044 
0.484505 0.768185 
0.476018 0.776552 
0.465695 0.786239 
0.455924 0.79452 
0.446058 0.803638 
0.436371 0.812523 
0.425771 0.821312 
0.415302 0.829873 
0.405508 0.838242 
0.396327 0.845676 
0.386694 0.853118 
0.376466 0.861179 
0.36703 0.867804 
0.356908 0.875304 
0.347271 0.881692 
0.337754 0.888501 
0.327176 0.89531 
0.318164 0.901576 
0.308799 0.907255 
0.299059 0.913147 
0.289869 0.919196 
0.280775 0.930677 
