1 0.00724109 
0.998519 0.0104985 
0.996999 0.0148964 
0.992583 0.0237204 
0.987718 0.0318716 
0.984127 0.039197 
0.979839 0.0466048 
0.975654 0.0557428 
0.972336 0.062422 
0.968353 0.0701255 
0.963084 0.0798037 
0.959344 0.0879756 
0.954679 0.0956148 
0.950354 0.104308 
0.945936 0.112016 
0.941704 0.120995 
0.937238 0.12896 
0.932416 0.138218 
0.927527 0.146614 
0.922936 0.15537 
0.918822 0.162221 
0.913269 0.172848 
0.908152 0.181823 
0.903807 0.191661 
0.898342 0.200764 
0.893731 0.208693 
0.887874 0.218918 
0.882642 0.228279 
0.877308 0.238084 
0.871208 0.247647 
0.865952 0.257376 
0.86028 0.266718 
0.853799 0.277221 
0.848287 0.286588 
0.842196 0.296843 
0.835919 0.306575 
0.829869 0.316849 
0.823334 0.327326 
0.817533 0.337114 
0.810812 0.347123 
0.80489 0.358054 
0.798458 0.365624 
0.791336 0.379297 
0.785349 0.388005 
0.777749 0.39912 
0.770465 0.410568 
0.76311 0.421326 
0.755837 0.432384 
0.748088 0.443829 
0.740622 0.454394 
0.733748 0.465001 
0.726191 0.47643 
0.71857 0.487203 
0.710829 0.498205 
0.704618 0.510548 
0.694411 0.51992 
0.686394 0.531934 
0.678096 0.543395 
0.669708 0.553569 
0.661066 0.565341 
0.653257 0.576327 
0.644393 0.588086 
0.63589 0.598521 
0.626238 0.610219 
0.618136 0.620293 
0.609475 0.631352 
0.600516 0.642165 
0.591142 0.652997 
0.581894 0.663928 
0.572793 0.674553 
0.563345 0.684971 
0.552896 0.697144 
0.543461 0.706886 
0.534408 0.716451 
0.524439 0.727121 
0.515421 0.736364 
0.505751 0.746585 
0.495089 0.757027 
0.486259 0.765579 
0.47571 0.775675 
0.466052 0.784608 
0.456506 0.794034 
0.446449 0.802643 
0.435904 0.811885 
0.426313 0.820147 
0.416621 0.828367 
0.406741 0.836499 
0.396651 0.844677 
0.386821 0.852292 
0.376934 0.85983 
0.366697 0.866927 
0.357273 0.874327 
0.347147 0.881233 
0.336868 0.888706 
0.327752 0.894331 
0.318292 0.900203 
0.30886 0.906863 
0.298393 0.91312 
0.289826 0.917792 
0.280775 1.80783 
