0.999973 0.00538846 
0.99803 0.0116812 
0.995053 0.0169408 
0.992451 0.0219381 
0.986635 0.0337709 
0.982256 0.0416669 
0.979219 0.0488463 
0.974856 0.0571594 
0.970117 0.0649455 
0.967226 0.0724091 
0.962296 0.080739 
0.957932 0.0890903 
0.953808 0.0968216 
0.950139 0.10391 
0.945029 0.112043 
0.940355 0.122216 
0.935699 0.130299 
0.931357 0.136801 
0.927027 0.147032 
0.921941 0.156658 
0.919419 0.160763 
0.912876 0.173108 
0.906837 0.183546 
0.902663 0.192373 
0.898024 0.200326 
0.891794 0.210833 
0.889469 0.215608 
0.882074 0.228599 
0.876123 0.238402 
0.870519 0.248282 
0.865013 0.257808 
0.859019 0.267813 
0.853175 0.277761 
0.847041 0.287364 
0.841687 0.297758 
0.835911 0.307342 
0.829867 0.316634 
0.82318 0.32756 
0.817191 0.337089 
0.810204 0.347854 
0.803872 0.358659 
0.797929 0.367236 
0.790776 0.379769 
0.783974 0.390709 
0.776424 0.401058 
0.769528 0.41189 
0.762512 0.422488 
0.755816 0.433958 
0.748205 0.444019 
0.740998 0.455244 
0.732648 0.467027 
0.726104 0.478348 
0.718792 0.487999 
0.71059 0.499561 
0.702599 0.510133 
0.694592 0.521607 
0.686545 0.532738 
0.678132 0.544418 
0.669476 0.555268 
0.661505 0.566107 
0.652476 0.576877 
0.643862 0.588765 
0.635809 0.599065 
0.62711 0.610464 
0.618079 0.621032 
0.609072 0.632251 
0.599796 0.643834 
0.590947 0.653763 
0.580922 0.665564 
0.572549 0.67521 
0.562894 0.685758 
0.55298 0.69746 
0.543709 0.70682 
0.534637 0.717099 
0.52474 0.727098 
0.515008 0.737073 
0.505185 0.747165 
0.495677 0.756844 
0.485733 0.767009 
0.47606 0.776255 
0.465947 0.785018 
0.456096 0.794627 
0.446104 0.80323 
0.436511 0.812146 
0.426257 0.820369 
0.41652 0.829225 
0.40669 0.837234 
0.396035 0.84513 
0.386217 0.853201 
0.376843 0.86068 
0.366632 0.867834 
0.357082 0.875122 
0.347428 0.881852 
0.336889 0.888914 
0.327575 0.894753 
0.318268 0.900975 
0.308836 0.90729 
0.298883 0.913173 
0.289235 0.918235 
0.280775 0.94299 
