1 0.00855701 
0.999192 0.00976381 
0.997398 0.014045 
0.991638 0.0253921 
0.988438 0.031157 
0.98399 0.0403916 
0.982585 0.042641 
0.975555 0.0561915 
0.972037 0.0636683 
0.968032 0.0715829 
0.963683 0.0795672 
0.959797 0.0869486 
0.95724 0.0923235 
0.950593 0.104459 
0.948084 0.109209 
0.941762 0.120872 
0.93694 0.129262 
0.933472 0.136095 
0.927434 0.146844 
0.923152 0.155643 
0.919432 0.164447 
0.912886 0.17323 
0.909632 0.180441 
0.903789 0.191552 
0.898074 0.20047 
0.893089 0.208797 
0.887973 0.218894 
0.88349 0.225535 
0.876998 0.237292 
0.871447 0.247626 
0.8653 0.256902 
0.860754 0.265436 
0.854277 0.277064 
0.848961 0.286854 
0.844748 0.29336 
0.83629 0.306599 
0.830163 0.316931 
0.824182 0.327351 
0.81803 0.337603 
0.811542 0.347792 
0.805074 0.35859 
0.798513 0.367786 
0.792019 0.378731 
0.784695 0.389607 
0.778186 0.400868 
0.769938 0.411791 
0.763633 0.422488 
0.756604 0.433521 
0.749397 0.443572 
0.743085 0.45391 
0.734352 0.465057 
0.727326 0.475261 
0.720126 0.486028 
0.71033 0.499807 
0.702954 0.509692 
0.694646 0.521344 
0.687497 0.531601 
0.678686 0.543724 
0.670618 0.554493 
0.66233 0.565824 
0.653822 0.576613 
0.644449 0.588218 
0.635183 0.599949 
0.627307 0.609914 
0.617982 0.621498 
0.609407 0.632033 
0.600546 0.642671 
0.591312 0.653559 
0.581657 0.664246 
0.572407 0.674644 
0.563138 0.684971 
0.553493 0.696611 
0.544649 0.706553 
0.533693 0.718105 
0.524161 0.728048 
0.514643 0.737895 
0.505408 0.747417 
0.495489 0.757041 
0.486364 0.766175 
0.476051 0.776022 
0.465465 0.785808 
0.456618 0.794513 
0.446477 0.803286 
0.436026 0.812523 
0.426373 0.820785 
0.416611 0.828628 
0.406681 0.83707 
0.396796 0.84547 
0.386099 0.853187 
0.377001 0.860307 
0.366626 0.867796 
0.356982 0.874404 
0.347469 0.881952 
0.336784 0.888875 
0.327808 0.894828 
0.318313 0.901456 
0.308622 0.907495 
0.298974 0.912992 
0.290071 0.917863 
0.280775 4.95012 
