0.276781 0.388079 1.01878 
0.838372 0.534522 0.690627 
0.921522 0.676503 0.518597 
0.24465 0.312516 1.04606 
0.0604188 0.0763633 1.18229 
0.893097 1.09246 0.626478 
1.27332 0.220322 0.00889135 
0.818505 0.569437 0.682043 
0.949508 0.130939 0.720978 
0.987357 1.36509 0.233068 
1.08259 0.049101 0.125485 
1.05795 0.585222 0.03011 
0.000188969 0.712642 1.20024 
0.795138 0.548112 0.708338 
0.918216 0.661755 0.568591 
0.75538 0.332585 0.835791 
0.231601 0.457446 1.04977 
0.00303976 0.195813 1.53043 
0.535158 0.696749 0.943733 
0.498198 0.175776 1.0636 
1.1719 0.0014504 0.305484 
0.741539 0.486388 0.913303 
0.706151 0.944023 0.749586 
0.985039 0.776481 0.255577 
0.423446 0.865142 1.00042 
0.329277 0.00768648 1.25002 
1.04739 1.07044 0.108161 
0.480898 1.25033 0.968322 
0.744178 0.433687 0.892937 
0.871999 1.28352 0.604452 
0.304915 0.0116891 1.15271 
0.876688 0.800217 0.663293 
0.388377 0.23388 1.08508 
0.974906 1.26066 0.354215 
0.895871 1.4031 0.530325 
0.457962 1.41442 0.99484 
0.356154 6.35076e-06 1.27559 
0.760111 0.557542 0.793428 
0.918096 1.36003 0.50782 
0.0994079 0.0370218 1.09003 
1.26178 0.624785 0.00159561 
0.262871 0.00327334 1.29408 
0.000817794 0.254497 1.42944 
0.00805866 0.151481 1.12183 
1.21637 0.230529 0.0769288 
1.37639 1.12154 7.48296e-07 
1.21768 0.316781 0.0617567 
0.791188 0.331491 0.857495 
0.497265 0.610478 0.953986 
0.408852 0.721701 1.00056 
0.25763 1.18478e-05 1.58694 
0.532366 0.696757 0.918924 
0.177028 6.07284e-06 2.09868 
1.02801 1.28947 0.0388072 
0.131051 6.18664e-06 1.82252 
0.275558 0.388155 1.01046 
0.00924802 0.0705752 1.49687 
0.660559 0.885465 0.763087 
0.578435 0.0119597 0.989131 
0.00371322 0.00850895 1.88161 
0.00489596 1.14551 1.17616 
0.860188 0.0873628 0.806851 
0.945593 1.33375 0.433919 
1.39234 1.21214 7.26675e-07 
5.93491e-05 0.849885 1.94752 
0.0278061 0.886017 1.06133 
5.95131e-05 0.982437 1.77608 
0.073429 0.375097 1.06566 
1.19342 0.348963 0.0595707 
0.206346 0.767983 1.06313 
1.149 0.00146345 0.322208 
1.01675 1.1842 0.054401 
1.10304 0.00148159 0.319709 
0.731785 0.495478 0.912718 
5.88281e-05 0.956434 1.94752 
0.623452 4.73662e-06 1.82141 
1.40935 1.00442 6.92045e-07 
1.18665 0.211344 0.0995946 
0.962156 0.75348 0.402312 
0.8288 0.529818 0.698413 
0.0128583 0.0143341 1.70137 
0.0840354 0.000253143 1.33344 
0.00726062 0.12394 1.13615 
0.00789372 0.0922776 1.42976 
0.903276 1.3157 0.539437 
1.32357 0.220322 0.00889135 
0.875475 0.927979 0.636362 
0.0343814 0.853944 1.07204 
0.745856 0.505012 0.865655 
0.601812 0.0644419 0.972663 
0.0518794 0.772976 1.10731 
1.36146 1.04651 1.74375e-05 
1.33482 0.98434 0.00139956 
0.000272519 0.564506 1.64804 
1.24604 0.207934 0.00905548 
0.0817448 0.00188891 1.35121 
0.026819 0.000290685 1.72329 
5.94713e-05 1.22119 1.75801 
0.00238511 0.0244274 1.55808 
1.04859 0.255669 0.398162 
1.05019 0.182999 0.460787 
1.00268 0.261974 0.119707 
