0.973838 0.624365 0.80732 
0.011308 1.06663 0.360973 
0.862414 0.929485 0.395992 
0.0476649 1.08571 0.337267 
1.18438 0.445914 0.788317 
0.954078 0.772827 0.818105 
1.27237 0.858503 0.396109 
0.477653 0.391971 1.25187 
0.0851314 1.06751 0.299546 
0.407174 0.4653 1.36222 
0.470235 0.369868 1.30071 
0.0223965 1.13136 0.151807 
0.146389 1.08086 0.105819 
0.820517 0.11761 1.62718 
0.153193 1.09036 0.0771163 
0.202142 1.20197 0.065757 
4.7565e-06 1.45901 0.255548 
1.16603 0.858091 0.495149 
4.84845e-06 1.23679 0.190453 
0.922313 0.945186 0.0503895 
0.00220652 1.12872 0.669943 
1.21507 0.11602 1.38447 
1.15432 0.879235 0.489402 
1.1674 0.861719 0.218176 
1.13422 0.89737 0.434404 
0.000499553 1.1578 0.503606 
1.94344 0.952328 0.0319903 
0.0836247 1.08779 0.303711 
1.07291 1.01548 0.0327474 
0.00220654 1.12841 0.509752 
1.57599 0.116885 0.852731 
0.790881 0.262602 0.871303 
0.928691 0.78402 0.845288 
0.710858 0.598017 0.925613 
1.61974 0.17047 0.798101 
0.882948 0.123748 1.22203 
0.82821 0.197069 0.952184 
0.78101 0.131635 1.65234 
1.77744 0.345065 0.785759 
1.41143 0.231504 0.787686 
0.431692 0.393571 1.52195 
0.628307 0.282076 1.73229 
0.125884 1.08627 0.156662 
0.00045615 1.23671 0.467631 
1.84716 1.0786 0.0319898 
0.224741 1.19855 0.0745811 
0.512137 0.369775 1.28067 
0.98187 1.37255 0.0326633 
4.23313e-06 1.51784 0.595316 
1.40165 1.32969 0.031989 
0.596809 0.369725 1.31966 
0.673343 0.288079 1.67169 
1.0448 1.03207 0.0326755 
4.23313e-06 1.51784 0.699097 
1.09079 0.904356 0.434439 
1.66786 0.116056 1.29001 
0.20266 1.19747 0.0767077 
1.33145 0.116084 0.973016 
0.144319 1.4809 0.137049 
4.75711e-06 1.49688 0.246931 
0.735713 0.813564 0.918736 
0.760761 0.340477 0.993654 
0.985309 0.170401 0.825334 
0.561116 0.321744 1.70395 
0.717068 0.155249 1.05943 
1.23389 0.411462 0.79011 
1.49083 1.27049 0.0319891 
4.23287e-06 1.51887 0.548212 
0.912052 0.124365 0.89738 
1.47104 1.27086 0.0319892 
1.32748 0.116339 1.09193 
1.5424 0.116018 1.42435 
0.739092 0.596237 1.02041 
0.667557 0.747108 0.974663 
0.382449 0.48962 1.87518 
1.69527 0.54228 0.785881 
0.658484 1.0624 0.91182 
0.382703 0.707258 1.71932 
0.861639 0.160737 1.02617 
1.3756 0.172777 0.788872 
1.4394 1.31708 0.031989 
1.81366 0.170967 0.796076 
0.382363 0.48962 1.92868 
0.396847 0.512973 1.56598 
1.55043 0.116018 1.42432 
1.76898 0.538854 0.785949 
1.17828 0.632901 0.805284 
1.88888 1.45023 0.031989 
1.91564 1.38772 0.031989 
0.563413 0.311779 1.9065 
0.382449 0.72746 1.55344 
0.596817 0.352675 1.33875 
4.84265e-06 1.43432 0.398909 
1.70315 0.115969 1.69813 
0.382345 0.663443 1.94003 
1.10468 0.983847 0.0321346 
1.14709 0.123536 1.13361 
0.906253 0.116567 1.17666 
2.17832 1.31708 0.031989 
4.23286e-06 1.53772 0.744529 
1.73014 0.115964 1.63945 
2.18592 1.32418 0.0319889 
0.382521 0.389926 1.77919 
1.3063 0.116012 1.77325 
0.455496 0.312319 1.86755 
