0.856788 0.421478 0.530555 
0.578812 0.785961 0.821266 
0.712346 0.46847 0.713132 
0.691414 1.22637 0.732507 
0.932388 0.999668 0.370695 
0.825946 0.642073 0.583591 
0.547145 1.60107 0.844632 
0.482067 0.159786 0.883468 
0.6065 0.840339 0.797809 
0.66496 1.21726 0.76332 
0.646229 1.27125 0.77437 
0.247188 1.43995 0.973342 
0.788942 0.732822 0.635874 
0.357335 1.72397 0.952249 
0.759962 0.812615 0.660878 
0.749048 1.62408 0.67399 
0.157299 0.0307482 1.09004 
0.84356 0.917 0.564405 
0.712477 0.298057 0.860718 
0.122185 0.00568931 1.56642 
0.630861 0.555527 0.793542 
0.407498 1.81784 0.920443 
0.205436 0.00577357 1.232 
0.462108 1.06022 0.905646 
0.968403 1.46941 0.30629 
0.311468 1.10583 0.96018 
1.42448 0.209305 0.0322292 
1.34221 0.241512 0.0326481 
0.000578059 0.49556 1.60558 
1.2615 1.38722 2.99061e-05 
0.0214387 0.349678 1.84631 
0.0277712 0.00472295 1.72883 
1.36858 0.37468 0.00778148 
0.0316108 0.121562 1.62943 
0.5125 1.56467 0.875069 
1.43981 1.29222e-09 1.94968 
1.09244 0.0673344 0.319729 
0.342385 0.332891 1.05055 
0.8968 0.455673 0.498777 
0.864254 0.1818 0.596699 
0.989197 2.39356 0.194206 
0.982396 0.779345 0.261181 
0.854433 0.884937 0.555874 
0.824146 0.942009 0.635635 
0.0512094 0.213637 1.34328 
0.0392295 0.0653285 1.37781 
0.422599 1.66193 0.939798 
0.00161988 0.560519 1.44158 
0.0207953 0.387026 1.81283 
0.990091 2.2371 0.194106 
1.03241 2.0834 0.0024207 
0.0265583 1.9492 1.00067 
0.0172236 1.11914 1.02599 
0.14158 1.33546 0.992528 
0.109493 0.361338 1.31316 
0.014122 0.574176 1.35712 
0.98337 2.26333 0.243526 
2.97998e-06 0.847591 1.46346 
0.205437 0.00571973 1.24837 
0.450504 1.51196 0.920025 
1.00012 1.19339 0.215628 
4.35464e-06 0.668492 1.03759 
0.998765 1.916 0.12443 
0.148961 0.235777 1.09974 
0.932272 0.523603 0.370976 
1.07351 0.62095 0.00113207 
0.43669 1.75969 0.91774 
1.99565e-08 1.00898 1.78399 
1.0076 2.43108 0.0152271 
1.08379 0.000839866 1.48434 
0.218373 0.00118966 1.1741 
1.01285 2.02838 0.117669 
0.681337 2.00638 0.745635 
1.13162 1.67201e-07 1.67799 
1.21853 7.05492e-08 1.90911 
0.000205275 0.406844 1.7636 
1.03263 1.88 0.00237744 
0.218373 0.00118966 1.1741 
1.01361 1.4186 0.0592032 
1.46327 0.297455 0.0136901 
1.09432 0.0657696 0.634767 
1.33733 0.151737 0.269111 
0.712076 2.74911e-07 1.90283 
1.53345 0.000227515 1.52104 
1.18705 1.66663e-07 1.65877 
1.49078 0.0893684 0.172119 
0.88231 2.45502 0.489509 
1.54667 1.39864 2.65584e-10 
0.0449182 0.0189607 1.68334 
0.91841 1.7068 0.419432 
0.928796 1.30716 0.405614 
0.159307 0.548379 1.03015 
1.11128 1.29222e-09 1.97263 
1.63373 1.15003 2.6051e-10 
1.53384 1.57321 2.45075e-10 
1.03063 2.161 0.0187537 
0.918107 2.11537 0.448516 
1.03382 0.266429 0.596669 
0.787187 1.03503 0.639042 
0.247188 1.43995 0.973342 
0.948755 2.01686 0.350215 
1.33212 0.15328 0.275556 
0.559161 1.89521 0.840423 
0.901589 1.46964 0.453606 
