1.10389 0.338868 0.0587591 
1.18822 0.418547 0.0250137 
1.14417 0.443107 0.0215477 
0.98598 0.346265 0.165771 
0.948565 0.410325 0.175235 
0.761871 0.457335 0.690021 
1.32983 0.436401 0.0205227 
0.761867 0.475548 1.04647 
2.06999 0.369868 0.0207429 
1.89237 0.323883 0.153118 
1.75092 0.49815 0.0204383 
1.80577 0.51318 0.0201536 
2.00763 0.323978 0.0933956 
1.68509 0.348248 0.0281325 
1.76695 0.365033 0.0208027 
1.42148 0.676914 0.0203793 
1.87258 0.325349 0.0818575 
2.05155 0.395406 0.0205431 
1.80577 0.51318 0.0201536 
1.08303 0.323553 1.05658 
0.948142 0.531409 0.604962 
1.03572 0.323795 0.20915 
0.818333 0.669627 0.648108 
0.768546 0.911774 0.662988 
0.761865 0.645304 1.06462 
1.37037 0.32352 0.595357 
1.24263 0.323933 0.188329 
0.976294 0.337525 0.243353 
0.761865 0.752733 0.818813 
0.96456 0.347328 0.228658 
0.761865 0.636287 1.08939 
0.761867 0.543735 0.835786 
0.761867 1.0447 0.657978 
0.761865 1.04255 0.679411 
1.27892 0.325283 0.110325 
1.92884 0.323966 0.114442 
1.39208 0.325473 0.0288564 
1.73435 0.323509 0.193687 
0.984277 0.324914 0.357806 
1.66552 0.324159 0.12706 
1.7071 0.724948 0.0199197 
2.00763 0.323978 0.0933956 
1.91267 0.330034 0.0227823 
0.94844 0.544564 0.25779 
0.948047 0.599211 0.565193 
1.23426 0.78082 0.0212147 
1.02174 0.988415 0.019866 
0.763216 1.08628 0.647474 
0.98422 0.329182 0.534699 
0.761865 0.925976 0.918029 
1.94671 0.694398 0.0199655 
1.78856 0.69694 0.0198933 
1.23122 0.365009 0.0553909 
1.96974 0.437944 0.0198492 
1.02955 0.3241 0.342216 
0.761865 0.938728 1.52881 
1.70284 0.323958 0.150676 
0.948148 0.465551 0.392617 
1.90306 0.360947 0.0257037 
0.761865 1.17751 0.644655 
1.73396 0.792923 0.019847 
0.948012 0.397503 0.847042 
0.94807 0.586765 0.0701489 
1.01355 0.843265 0.0313805 
0.94844 0.545324 0.282219 
0.761867 0.545666 0.785695 
1.01977 0.7242 0.0317286 
1.01106 1.12625 0.0596741 
1.71319 0.84202 0.019847 
0.98422 0.329182 0.534699 
1.20674 0.85904 0.0198429 
1.47514 1.01474 0.0198412 
0.946708 1.00669 0.643782 
0.953938 0.390645 0.143495 
0.764732 0.95694 0.647507 
1.95251 0.792912 0.019847 
0.763243 1.074 0.647737 
0.761865 1.18139 0.647779 
1.37625 0.323565 0.414079 
1.24791 0.323504 0.944006 
1.40744 1.01783 0.0198412 
0.825328 0.67083 0.647785 
0.761865 1.50987 0.744785 
1.00254 0.323764 0.408034 
1.15818 0.436296 0.0368901 
0.761867 0.556203 0.668368 
2.27657 0.793424 0.0198456 
1.24801 0.323499 0.694504 
1.47514 1.25846 0.0198412 
0.761865 1.09542 0.668932 
1.44068 0.323499 0.514617 
1.14749 0.323497 1.1071 
0.761865 1.09703 0.816802 
1.31292 0.323497 1.01188 
1.14749 0.323497 1.1071 
1.55142 0.903361 0.0198412 
0.761865 1.50987 0.744785 
1.47514 1.25846 0.0198412 
1.39361 0.391462 0.0206967 
1.93864 0.505078 0.020289 
1.15292 0.323507 0.986973 
0.761865 0.637421 1.06899 
