0.673016 0.231054 1.45539 
1.04483 0.284207 0.838396 
0.560361 0.320653 0.975268 
0.955289 0.128419 1.46815 
1.19632 0.21578 0.857947 
1.12889 0.178575 0.919073 
1.22089 0.46144 0.834736 
0.531655 0.389657 0.909961 
0.971456 0.196799 0.956091 
0.858722 0.152582 1.17118 
0.75247 0.273756 0.950382 
1.30767 0.107706 1.26011 
0.693707 0.246759 1.43529 
0.990332 0.128706 1.2485 
0.907253 0.346274 0.88275 
1.09149 0.674248 0.836974 
0.503403 0.476889 1.16191 
0.729669 0.640353 0.866906 
0.909103 0.74489 0.838608 
0.50356 0.544934 1.12685 
0.504011 0.504412 1.09137 
0.503554 0.602359 1.00712 
0.504094 0.332372 0.999862 
0.503559 0.566663 0.979122 
0.503385 0.702439 1.07423 
1.28352 0.445706 0.835213 
0.782658 0.763355 0.834578 
0.832365 0.155819 1.48977 
1.3197 0.0961119 1.23898 
0.503663 0.520097 1.14849 
0.503359 0.868268 1.42919 
0.599345 0.650219 0.846094 
0.627666 1.06399 0.834578 
0.893204 0.629511 0.852285 
1.18947 0.0962353 1.28787 
1.14574 0.0960241 1.69582 
1.57484 0.761504 0.834557 
1.38229 0.537696 0.834561 
1.43418 0.0961068 1.2307 
0.523537 1.25237 0.925325 
0.594034 1.08615 0.842552 
1.85592 0.839518 0.834552 
0.503387 0.817815 1.04216 
1.86482 1.18501 0.834552 
1.46642 0.0960141 1.8359 
1.6795 0.17383 1.06917 
1.73325 0.0961939 1.18257 
1.91427 0.0988487 1.10278 
2.29449 0.909601 0.834552 
0.503336 1.29687 1.01474 
2.37536 0.898215 0.834541 
0.653743 0.896298 0.834563 
0.503336 1.31414 0.955354 
2.46448 0.0811354 1.6564 
2.20303 0.0810822 1.96925 
1.77698 0.976212 0.834552 
2.00173 0.0821254 1.71268 
1.24633 0.0960213 1.88338 
2.19354 0.0818182 2.06043 
2.05851 0.0821037 1.63264 
0.503337 1.15854 1.21169 
2.52759 0.0810758 1.72034 
0.503285 1.0226 2.05261 
3.22839 0.080937 1.73129 
2.06761 0.0829561 1.52374 
2.24257 1.1166 0.834541 
2.66261 0.971549 0.834538 
0.503285 0.956061 2.11383 
1.51039 1.40414 0.834551 
0.588751 0.303466 1.54217 
0.503375 0.788289 1.93067 
0.503419 0.368352 1.29071 
0.503365 0.821704 1.39358 
2.81334 0.920119 0.834541 
2.42178 1.22017 0.834538 
0.503285 1.04173 2.02775 
0.503365 0.701436 1.95608 
0.503285 1.26869 1.41714 
2.61306 0.0802399 1.79715 
1.62476 1.42834 0.834541 
2.64164 0.0809423 1.67715 
1.38756 0.0960149 1.8359 
0.503292 0.807211 1.60223 
0.503325 0.954656 1.59119 
1.83349 1.43658 0.834538 
1.91643 1.28633 0.834538 
0.503325 1.45619 1.3522 
3.27221 0.0801974 1.80246 
3.04951 0.0802281 1.73568 
0.503285 0.999589 2.15251 
3.01486 0.080937 1.72591 
0.503372 0.38459 2.29289 
0.503285 1.05427 2.026 
2.76981 0.0802348 1.80516 
0.503285 1.37172 2.31335 
1.88122 1.45718 0.834538 
3.07126 0.0801974 1.7779 
3.35079 0.0801944 2.37711 
3.39496 0.0801881 1.98777 
2.32027 0.0802398 2.14882 
2.26149 0.947144 0.834541 
0.586684 0.311285 1.26173 
0.503337 1.15854 1.35806 
2.12338 0.0829783 1.51614 
0.503289 0.927374 1.81486 
