0.977905 0.342803 0.274884 
0.891406 0.287802 0.599641 
0.881674 0.217773 0.727978 
0.909768 0.278249 0.615334 
0.98071 0.323434 0.283803 
0.960495 0.358389 0.36272 
0.931923 0.19857 1.12212 
0.849246 0.422461 0.813987 
1.05664 0.199683 0.637152 
0.904196 0.212027 1.25219 
1.0373 0.360286 0.232941 
1.04316 0.597341 0.223921 
0.882586 0.671108 0.604618 
1.07107 0.198621 0.706032 
0.842139 0.435849 0.622178 
0.846559 0.267513 1.0528 
0.86457 0.301005 0.877575 
1.12682 0.333409 0.223924 
0.927158 0.198687 0.833224 
0.862641 0.273257 0.924853 
0.998647 0.490872 0.236271 
0.969217 0.2673 0.36272 
0.841955 0.315319 1.16751 
0.897733 0.651633 0.562369 
1.00117 0.400264 0.236461 
1.21842 0.198275 0.735022 
1.24794 0.198124 0.858661 
1.1255 0.198128 0.941143 
1.01419 0.236432 0.380092 
1.36208 0.199555 0.539755 
0.924732 0.215252 0.900029 
1.16618 0.208111 0.535527 
1.02397 0.235835 0.380488 
1.11102 0.199725 0.547751 
1.23825 0.19852 0.666609 
1.75433 0.233153 0.255409 
1.20392 0.260239 0.223911 
1.27249 0.239606 0.225008 
1.08359 0.231425 0.469989 
1.02413 0.244503 0.353094 
1.79084 0.236825 0.241656 
1.08983 0.23142 0.255949 
1.23965 0.690545 0.223522 
0.984947 0.234705 0.554298 
1.29651 0.541681 0.223494 
1.16618 0.20834 0.535527 
1.2668 0.304096 0.223501 
0.841895 0.36474 0.982782 
1.09877 0.198082 1.03358 
1.70631 0.237338 0.241669 
1.07321 0.709093 0.223522 
1.0865 0.560126 0.228024 
1.4901 0.198994 0.536913 
1.2341 0.199627 0.560232 
0.85376 0.388087 0.871228 
0.841978 0.569911 0.685825 
1.3222 0.231364 0.473994 
1.54155 0.236935 0.241971 
0.941095 0.198235 1.73842 
1.61126 0.237407 0.241777 
0.956223 0.198207 1.63464 
1.50871 0.236545 0.242209 
0.998133 0.475248 0.255338 
1.51399 0.198058 0.944449 
1.00392 0.198081 1.70555 
0.950439 0.198222 1.57226 
0.956223 0.198207 1.963 
2.03339 0.198053 2.07419 
0.841939 0.823398 0.749933 
1.2579 0.198226 0.575433 
1.08451 0.727116 0.223494 
0.942353 0.198141 2.12153 
0.950439 0.198222 1.57226 
1.33749 0.541685 0.223494 
1.02096 1.02146 0.22374 
1.02911 0.810517 0.223777 
1.61067 0.238477 0.241777 
1.47259 0.198996 0.536899 
0.847653 0.423996 0.823579 
1.07651 0.198067 1.67369 
1.71249 0.542956 0.223486 
1.19504 0.19806 2.31806 
0.841888 0.512017 0.995574 
1.41422 0.198049 2.26115 
0.841891 1.51867 0.734107 
0.841888 2.5581 0.774716 
0.841891 0.474065 1.44383 
0.841895 0.895082 0.986657 
1.41422 0.198049 2.26115 
1.41311 0.19805 2.21341 
2.22055 0.542956 0.223486 
0.841914 0.948832 0.760776 
0.841888 0.512017 0.995574 
0.841889 1.60111 0.738401 
0.841892 1.98182 0.733958 
0.841891 1.15152 0.734712 
0.841926 1.08379 0.745588 
0.84189 0.96106 0.74609 
1.51352 0.198053 2.07595 
0.841955 0.318813 1.10705 
