1.11423 0.116762 0.736047 
0.646091 0.321801 0.966558 
0.695512 0.293151 0.802652 
0.722886 0.0820619 0.850157 
0.672615 0.147125 1.18005 
0.665055 0.0969101 1.27345 
0.750126 0.0795161 0.922265 
0.801517 0.078821 1.05541 
0.895155 0.0832277 0.827943 
0.644647 0.10682 1.2257 
0.682079 0.0902346 1.2495 
0.706652 0.266485 0.880847 
0.91926 0.37447 0.697437 
0.808582 0.07782 1.07044 
0.881862 0.545249 0.792474 
0.741415 0.0778849 1.11456 
0.918008 0.0766055 0.988459 
0.642605 0.171091 1.29702 
0.705893 0.164126 1.12409 
0.687101 0.154383 1.14805 
0.639062 0.408476 1.33477 
0.832785 0.0766059 1.35594 
0.892141 0.523517 0.782805 
0.854117 0.42713 0.794004 
0.788132 0.0765342 1.75745 
0.638729 0.422071 1.55491 
0.638365 0.399362 1.61345 
1.11934 0.118943 0.660216 
1.18552 0.140674 0.385464 
0.919328 0.384337 0.60568 
1.31802 0.1402 0.364814 
0.64526 0.101905 1.21661 
0.882118 0.275565 0.808919 
1.506 0.115985 0.486638 
1.15433 0.12943 0.438192 
0.664639 0.291373 0.890572 
1.20984 0.19068 0.360639 
0.644734 0.598163 0.909356 
1.1651 0.197744 0.360649 
1.00906 0.250953 0.404794 
0.950614 0.49089 0.391635 
0.701839 0.137349 1.15808 
0.942891 0.488538 0.39223 
1.2872 0.208494 0.360279 
1.03492 0.124108 0.46168 
0.800146 0.076572 1.50801 
1.15553 0.0765008 1.63334 
0.638324 0.509527 1.10431 
0.638815 0.335778 1.58793 
1.47435 0.154943 0.360094 
1.34339 0.076501 1.365 
1.35765 0.153578 0.364237 
0.951851 0.396613 0.360601 
0.938025 0.448349 0.406884 
0.877444 0.076526 1.43141 
0.785253 0.076534 1.80199 
0.950679 0.315437 0.394908 
0.638209 0.531577 2.69599 
0.802856 0.0765365 1.68468 
0.638732 0.421525 1.54572 
1.16857 0.0765002 1.43153 
0.963401 0.774199 0.360419 
0.993155 0.273209 0.361072 
0.947878 0.463143 0.403 
1.20426 0.228604 0.360163 
1.33743 0.117031 0.579199 
1.16591 0.0765004 1.39603 
1.25918 0.14748 0.377572 
1.22255 0.0765001 1.87055 
1.4235 0.0765001 1.87055 
1.30442 0.172232 0.360343 
0.930682 0.561101 0.523275 
0.920996 0.182545 0.60275 
1.10061 0.0765001 1.88531 
0.933136 0.618248 0.391638 
0.966542 0.920944 0.360317 
0.969396 0.594208 0.359204 
1.29354 0.872644 0.358959 
0.757825 0.0765072 2.00277 
1.5036 0.118642 0.541552 
1.09478 0.119431 0.461921 
1.05939 0.0765064 2.00058 
1.63189 0.153556 0.364216 
0.640154 0.335199 1.01588 
0.638208 0.566489 1.30558 
0.637752 0.718837 1.94128 
1.27583 1.38341 0.358931 
1.92958 0.0765001 1.87055 
1.02125 0.0765072 1.38285 
0.967687 0.61043 0.360345 
1.24221 0.338325 0.360058 
1.28568 0.87572 0.358959 
0.741707 0.847722 0.797235 
0.637752 1.1682 1.94128 
1.27583 1.38341 0.358931 
1.27583 1.53466 0.358931 
1.37068 0.198782 0.358931 
1.92958 0.0765001 1.9859 
1.36975 0.888068 0.358941 
1.3743 1.60917 0.358926 
0.966438 0.994067 0.359145 
1.8009 0.665446 0.358908 
0.742655 0.0765715 1.73924 
