0.198586 0.109153 1.0937 
0.991893 0.35016 0.791228 
0.16734 0.237897 1.0534 
0.132031 0.291428 1.06045 
0.991793 0.69738 0.693546 
0.610587 0.677338 0.990497 
0.997028 0.453165 0.427941 
1.15744 0.145779 0.414225 
1.02965 0.161619 0.466499 
0.283529 0.0728924 1.1053 
1.02499 0.370972 0.356812 
1.21122 0.1322 0.653815 
0.991792 0.760869 0.906626 
0.264474 0.0978064 1.18837 
0.0373937 0.410278 1.19881 
1.05806 0.438368 0.00747878 
0.230508 0.15392 1.07241 
1.02017 1.2202 0.0146712 
0.524218 0.0194121 1.19395 
0.479436 0.0673553 1.09992 
0.638352 0.560249 0.988999 
0.999348 1.19201 0.287255 
0.41304 0.480082 1.00002 
0.359452 0.730076 1.00001 
0.99179 0.892408 0.851978 
0.647558 0.0410209 1.15282 
0.000110831 0.813704 1.35904 
0.732064 0.0219714 1.14665 
0.99179 0.827625 0.951063 
0.99179 0.89221 0.854259 
1.07976 0.229313 0.331613 
0.0623852 0.232662 1.16091 
0.0164955 0.70195 1.03767 
0.944982 0.201909 1.01167 
0.115707 0.911803 1.00001 
1.07123 0.153579 0.493049 
0.327632 0.599787 1.00854 
0.00913978 0.789512 1.27478 
0.99256 0.265406 0.565272 
0.103504 0.552201 1.05551 
1.04417 0.969418 0.00396952 
1.21262 0.130161 0.372507 
0.14581 0.109201 1.50028 
1.09585 0.156752 0.0474727 
0.748112 0.0218391 1.12404 
1.25653 0.269162 0.0181458 
0.693169 0.0387402 1.15242 
1.09394 0.194217 0.151877 
0.0322662 0.327085 1.20151 
0.0392338 0.188805 1.41629 
1.11943 0.747262 0.00296443 
1.19966 0.132529 0.645194 
1.16194 0.138864 0.518277 
0.996369 0.152459 0.74191 
1.19241 0.132544 0.706705 
0.958699 0.302572 0.99463 
1.01069 1.30012 0.0172003 
0.993317 1.27089 0.0301199 
1.33271 0.916817 7.83303e-06 
1.32725 0.806692 2.34068e-05 
0.874997 0.540624 0.988776 
1.03282 0.442216 0.174325 
0.820703 0.607032 0.988632 
0.999756 1.23858 0.114854 
0.875462 0.494477 0.988631 
0.570948 0.0591973 1.10089 
0.820703 0.662628 0.988632 
0.149222 0.0908916 1.44392 
4.43615e-05 0.824997 1.36926 
0.297679 0.0291072 1.17339 
4.10499e-05 1.33048 1.43159 
1.03036 1.03749 0.19178 
1.39053 1.01051 1.7489e-06 
0.000195538 1.06775 1.01486 
0.421047 0.0244289 1.2217 
0.000611838 0.76811 1.41579 
1.77675 0.659388 0.00428587 
0.000974083 0.504321 1.60181 
0.291907 0.0392456 1.57825 
0.010049 0.630547 1.27484 
0.187346 0.100417 1.11973 
1.64424 1.12634 1.7489e-06 
1.06101 0.279467 0.243915 
1.06619 0.274156 0.156791 
0.145548 0.871236 1.02704 
0.321704 0.639679 1.02576 
0.599895 0.719045 0.997254 
1.05142 0.18875 0.358716 
1.39156 1.33745 1.74883e-06 
2.47589 1.08853 1.74883e-06 
4.04149e-05 1.08138 1.59045 
0.992075 0.930774 0.564802 
1.65091 1.1197 1.74884e-06 
0.991893 0.625545 0.791228 
0.991966 0.482656 0.681383 
1.03423 0.341701 0.27796 
0.439105 0.0193958 1.23496 
3.43602e-05 1.29308 1.59255 
2.41087 1.33744 1.74883e-06 
1.39155 1.34119 1.74883e-06 
1.57688 1.66005 1.74883e-06 
1.86605 1.02123 1.74884e-06 
1.65359 0.705274 1.7489e-06 
0.995247 1.2566 0.28657 
1.04901 0.355387 0.241968 
