0.441977 0.0302639 1.14749 
0.455646 0.109777 0.931697 
0.645105 1.43415 0.388227 
0.629132 0.0301755 1.1036 
0.553304 0.0301752 1.35978 
0.502963 0.0679041 0.945366 
0.582311 0.0301924 1.34811 
0.411725 0.277388 0.995251 
0.262147 0.317871 1.41168 
0.261073 0.498608 1.55428 
0.261071 0.653819 1.49767 
0.261087 0.384426 1.29778 
0.317461 0.365482 1.202 
0.26261 0.408689 1.17599 
0.261081 0.448161 1.38082 
0.410964 0.220629 1.00988 
0.317465 0.328143 1.08655 
0.613576 1.01076 0.561298 
0.603323 1.63039 0.541825 
0.60422 0.964667 0.593444 
0.61615 0.80549 0.617697 
0.607938 1.14662 0.465179 
0.603734 1.72207 0.463385 
0.8796 0.0301656 1.72395 
0.418621 0.175282 1.23519 
0.274949 0.333612 1.24204 
0.807606 0.770934 0.690487 
0.524578 1.07413 0.929798 
0.420984 0.0931423 0.986883 
0.833972 0.76474 0.7456 
0.622952 1.78921 0.449119 
0.686521 1.48216 0.386234 
0.167228 1.18117 1.31569 
0.483452 0.0301671 1.4832 
1.3493 0.759386 0.419574 
0.77358 0.0301656 1.81584 
1.16855 0.0335164 1.04169 
0.167358 0.834606 1.74012 
0.261071 0.601061 1.57062 
0.261071 0.601586 1.57229 
1.00612 0.780824 0.641284 
0.435911 0.677349 0.931065 
0.417787 0.112235 1.26103 
0.502695 0.0679761 0.934381 
0.74762 0.0302625 1.05475 
0.410656 0.228795 1.08772 
0.413347 0.197172 1.07268 
0.784018 0.90692 0.387814 
0.829786 0.0631603 0.985393 
1.04245 0.77709 0.513806 
0.885845 1.40046 0.386232 
0.222283 0.630879 1.87987 
0.789224 0.788398 0.494554 
0.736996 0.84974 0.494625 
0.38 0.302624 1.98096 
0.523814 1.16952 0.929676 
1.27958 0.760568 0.554086 
0.261071 0.547023 2.01771 
1.30731 0.763244 0.527376 
0.163122 0.951452 1.90369 
1.25973 1.05702 0.386246 
0.842532 1.02535 0.38703 
0.218815 0.63478 1.95956 
1.10942 1.11893 0.386233 
0.660117 1.29311 0.388227 
1.37867 0.0301629 1.47811 
0.975963 0.0301632 1.45886 
1.52884 0.759384 0.827907 
0.166184 1.24447 1.58181 
0.166348 1.12879 1.74674 
1.2079 0.030258 1.07758 
1.01374 0.761457 0.641284 
0.949613 0.768727 0.719932 
0.167306 0.787719 1.83341 
1.33325 0.0301629 1.53573 
0.813101 1.49988 0.386232 
0.162202 1.62145 1.78803 
0.797003 1.42279 0.386398 
1.06781 0.787576 0.408261 
0.162202 1.58599 1.92652 
1.52884 0.759384 0.827907 
0.297917 0.304566 2.17641 
1.11009 1.12471 0.386232 
1.25769 0.0302447 1.02727 
1.30437 0.0301629 1.64379 
1.04738 1.16885 0.386232 
0.238557 0.831192 1.79386 
0.925143 1.19998 0.386232 
0.582628 0.120181 0.930298 
1.61519 0.0301629 1.64379 
1.51648 1.02634 0.386234 
0.297892 0.304232 2.17924 
0.758972 1.3482 0.388226 
0.162152 0.922944 2.39852 
1.38439 1.20638 0.386232 
1.36079 0.0301739 1.22617 
1.73807 0.0301629 1.49947 
0.709553 1.1141 0.53592 
0.879389 0.0301652 1.8256 
2.41717 0.0301627 1.44325 
1.75924 0.0301628 1.4368 
0.162032 1.01219 2.43671 
0.162132 0.999319 2.31614 
1.38439 1.7389 0.386232 
0.659945 1.26806 0.45355 
