0.0508828 1.38728 0.0473935 
0.204595 1.02699 0.242144 
0.0282427 1.2096 0.288864 
0.174959 1.01646 0.621548 
0.603979 0.160482 0.963659 
0.106079 1.10626 0.125285 
0.646713 0.102171 1.11683 
0.339169 1.2733 0.00975376 
0.035418 1.68637 0.0229133 
0.485237 1.2412 0.00815368 
0.216721 1.09687 0.21475 
0.324356 1.03944 0.136357 
0.00849005 1.54701 0.104559 
0.0716101 1.15845 0.027633 
0.532733 0.713987 1.18304 
0.550251 0.375608 1.01416 
0.618254 0.443382 0.85664 
0.034104 1.13891 0.354241 
0.542835 0.500278 0.943847 
0.532751 0.594929 1.15103 
0.544851 0.197037 1.22595 
0.634796 0.102837 1.33935 
0.490867 1.25309 0.00795549 
0.532787 0.246853 1.0663 
0.789903 0.100915 1.38264 
0.000883028 1.82118 0.0693745 
0.716257 0.170861 0.84291 
0.749668 0.107656 0.861713 
0.566735 0.895132 0.902625 
0.0125801 1.85736 0.0357166 
0.565429 0.39445 0.910503 
0.24477 1.00859 0.64729 
0.27267 1.0155 0.399526 
0.576047 0.160492 1.07845 
0.138718 1.91227 0.0079407 
0.0877802 1.04921 0.595035 
0.00876623 1.59901 0.0564611 
0.0227101 1.4026 0.0689847 
0.532557 0.93916 1.04708 
0.0635028 1.12756 0.343936 
0.108188 1.08467 0.515001 
0.59947 0.110524 1.03762 
0.22887 1.01689 0.511284 
0.256985 1.01472 0.474513 
0.124291 1.77736 0.00795295 
0.567719 0.938348 0.89041 
0.973507 0.107534 0.993928 
0.532739 0.253141 1.2059 
0.057738 1.34687 0.0772032 
0.844201 0.100912 1.1236 
0.378282 1.44813 0.00793991 
0.944639 0.100826 1.17512 
0.807257 1.36835 0.00794567 
0.855131 1.65451 0.00793982 
0.298772 1.31901 0.0079848 
0.550646 0.286596 0.919648 
0.0275174 1.20934 0.680105 
0.145866 1.03682 0.374641 
0.0374956 1.55264 0.00797219 
0.615561 0.6297 0.882455 
0.532417 0.484133 1.22489 
0.000239801 1.47775 0.153893 
0.551629 0.228034 1.01731 
0.0016 1.50796 0.137855 
0.690133 1.80953 0.00793979 
0.532733 0.713987 1.18304 
0.307966 1.00421 0.546783 
0.255192 1.00237 0.691922 
1.298 0.100804 1.17586 
0.780468 0.100917 1.44318 
0.0232559 1.58855 0.0429428 
0.667781 0.16136 0.943377 
0.880131 0.100859 1.16557 
0.000235796 1.93582 0.456841 
0.052161 1.29623 0.0977922 
0.356984 1.22759 0.0164755 
0.165481 1.02761 0.639521 
0.173535 1.02449 0.26036 
0.562524 0.800447 0.903289 
0.549378 0.527612 0.923572 
0.868117 0.10081 1.29471 
1.18069 0.100722 1.56815 
0.549241 0.788178 0.924276 
0.545747 0.195259 1.49545 
0.000235413 1.4781 0.721128 
0.40299 1.92799 0.00793979 
1.17948 0.100722 1.62471 
1.32333 0.100723 1.40233 
1.22529 0.10478 0.914872 
0.654075 0.281895 0.915844 
0.545517 0.435745 0.958212 
0.238569 1.0836 0.215423 
1.61902 0.100713 1.40579 
0.000235413 1.75452 0.721128 
1.17898 0.10081 1.28093 
1.17714 0.100813 1.11691 
0.723421 0.170861 0.913864 
0.431183 1.45084 0.00793982 
0.457675 1.91428 0.00793979 
1.61902 0.100713 1.40579 
1.18077 0.100713 1.40243 
1.67268 0.100713 1.3892 
1.19599 0.100808 1.0083 
0.562145 0.438428 0.903685 
0.536519 0.198482 1.51802 
