0.889046 0.355827 0.618097 
0.639402 0.18993 0.909787 
1.11769 0.135262 0.813125 
0.888427 0.712833 0.484429 
0.706589 0.135214 0.931416 
0.620844 0.274768 0.867829 
0.763141 0.134972 0.991916 
0.635824 0.260768 1.00876 
0.861565 0.952935 0.6819 
1.292 0.134826 1.02949 
0.679758 0.147331 1.06503 
0.748686 0.465308 0.793412 
0.636758 0.257985 0.940163 
0.620841 0.274564 1.18072 
1.30744 0.24081 0.780296 
0.957922 0.701088 0.483619 
0.671439 0.882521 0.769918 
0.671181 0.222695 0.892259 
0.877128 0.510899 0.579506 
0.661489 0.185004 1.03116 
0.726668 0.15444 0.85587 
0.658865 0.134874 1.73737 
0.909668 0.667561 0.483629 
1.21354 0.369661 0.483723 
0.942087 0.379348 0.536715 
1.05106 0.630073 0.483611 
0.625135 0.161633 1.765 
0.888544 0.411897 0.61697 
0.619971 0.167784 1.79655 
0.619789 0.563609 1.84102 
0.620487 0.658692 1.0655 
1.06658 0.684558 0.483608 
0.86078 0.975705 0.682028 
1.14398 0.865146 0.483596 
1.42569 0.326321 0.483794 
0.974229 0.804324 0.483604 
1.19236 0.738714 0.483555 
1.18912 0.794433 0.483554 
0.881134 1.01322 0.483605 
0.854954 1.1105 0.747065 
0.620846 0.288162 0.825404 
0.86308 0.896573 0.520722 
0.938031 1.08448 0.483555 
0.910763 0.437006 0.610872 
1.15765 0.134766 1.26207 
1.00317 1.06462 0.483557 
1.1823 1.05161 0.483557 
0.858157 1.13053 0.508221 
0.935829 0.351258 0.740489 
1.37385 0.134603 1.27791 
1.13442 0.134601 1.67886 
1.12162 0.134605 1.36988 
1.47571 0.134703 1.10875 
1.37552 0.134701 1.16047 
0.861654 0.976992 0.676825 
1.36723 0.134603 1.27417 
0.619477 1.16437 1.4443 
0.85839 0.1346 1.81214 
1.25764 0.1346 1.45085 
1.4606 0.134601 1.37292 
1.27643 0.134605 1.41207 
0.619586 1.12093 1.32692 
0.619479 1.19799 1.31731 
0.803524 0.134604 1.51493 
1.23393 1.06705 0.483529 
2.35761 0.446343 0.483548 
0.619476 1.16467 1.42743 
0.620768 0.756997 0.878062 
1.40403 0.300805 0.601109 
1.89709 0.794439 0.483549 
1.47544 0.134684 1.12024 
1.12294 0.455022 0.485126 
1.84499 0.296966 0.64699 
0.619306 0.821241 1.47268 
2.01858 0.621819 0.483529 
1.82555 0.598518 0.483549 
1.73645 0.50196 0.483549 
1.65169 0.1347 1.10653 
2.31165 0.446343 0.483548 
2.26535 0.447565 0.483549 
0.844229 0.134601 1.83946 
0.619058 1.06406 1.48929 
0.815533 0.134604 1.53318 
0.836074 0.134603 1.62061 
2.03112 0.532352 0.483529 
1.65089 0.1346 1.68821 
1.91341 0.991381 0.483529 
2.96648 0.557747 0.483528 
0.848024 0.1346 1.92201 
0.645116 0.174591 1.47504 
0.619058 1.06406 1.48929 
2.9548 0.660673 0.483528 
3.04762 0.466741 0.483528 
2.09318 0.466858 0.483528 
0.619052 0.70448 1.49795 
2.67851 1.33257 0.483528 
2.31273 1.68303 0.483528 
0.619052 0.70448 1.49795 
0.619052 0.70448 1.49795 
0.619052 0.804822 1.52971 
0.619052 0.830311 1.49795 
0.619584 1.20624 1.19213 
2.35761 0.446343 0.483548 
1.62292 0.1346 1.77136 
0.619922 0.563501 1.70216 
