0.812108 0.354539 0.716709 
0.945781 0.381681 0.272202 
1.05398 0.294746 0.417311 
0.936414 0.453914 0.54931 
0.943257 0.603004 0.491663 
0.896348 0.272784 0.943597 
0.776185 0.844751 0.661892 
0.704652 0.590119 0.88355 
0.935964 0.934332 0.504809 
1.35067 0.304872 0.243373 
0.776117 0.875537 0.661413 
1.19784 0.298398 0.263695 
3.16957 0.293323 0.40807 
1.15041 0.293347 0.34352 
0.712094 0.417589 0.698038 
0.761439 0.509701 0.684907 
1.38922 0.297582 0.28672 
0.70429 0.733569 1.19726 
0.704294 0.807441 0.902133 
0.715238 0.329063 0.753279 
1.22302 0.528153 0.231373 
0.704529 0.707905 0.839786 
0.704293 0.660332 1.03702 
1.35136 0.484272 0.214858 
0.939219 0.371356 0.521328 
0.94004 0.77411 0.330937 
1.01344 0.906709 0.22685 
0.732971 0.546025 0.693123 
1.48172 0.405303 0.214839 
0.704292 0.625218 1.07691 
0.704261 0.89296 1.11567 
1.53275 0.50219 0.214821 
1.42149 0.653057 0.214819 
0.744997 0.307885 1.2493 
1.15749 0.959496 0.214819 
0.977061 1.00178 0.215673 
0.936414 0.906895 0.54931 
1.47846 0.886494 0.214819 
1.03513 0.793798 0.215655 
0.704659 0.561118 0.927315 
0.70559 0.688781 0.808761 
1.80212 1.16097 0.214818 
1.78973 0.743777 0.214818 
0.984944 1.02333 0.214855 
1.32629 0.362131 0.233458 
1.60035 0.259768 0.760323 
1.76143 0.297196 0.286735 
1.56156 0.258026 1.15483 
0.835971 0.27648 0.681617 
0.704708 0.525823 0.857519 
1.87088 1.14284 0.214818 
0.767269 0.278446 1.0479 
1.15883 0.258227 0.778674 
2.37349 0.339651 0.216935 
1.87088 1.14284 0.214818 
2.48178 0.293344 0.348617 
1.69365 0.316337 0.219002 
2.04048 0.467981 0.214817 
2.40396 0.361866 0.214819 
2.18276 0.467952 0.214817 
2.90729 0.293341 0.311169 
1.22943 0.258093 1.29066 
2.21661 0.920447 0.214817 
2.07463 0.503186 0.214817 
1.2318 0.258009 1.30216 
0.70414 1.08732 0.93651 
0.704139 1.1889 1.00219 
0.704141 0.989412 1.00043 
0.713714 0.40037 1.15313 
2.48178 0.293344 0.348617 
1.67548 0.258025 1.24793 
0.925661 0.258016 1.94378 
1.21526 0.258113 1.26562 
1.56266 0.35033 0.21696 
0.729742 0.267497 1.489 
1.08507 0.260344 0.765898 
0.865255 0.273019 0.88845 
2.90729 0.293341 0.311169 
2.22887 1.15825 0.214817 
0.707682 0.366152 1.30206 
2.52632 0.916607 0.214817 
1.0626 0.293398 0.354067 
0.87401 0.258103 1.56327 
1.91985 1.17211 0.214817 
0.925661 0.258732 1.46256 
0.704222 0.972718 1.36618 
0.707429 0.400511 1.18335 
0.707205 0.39043 1.24364 
1.91985 1.17211 0.214817 
1.82436 1.24063 0.214818 
0.704139 1.05987 1.00708 
1.99804 1.17211 0.214817 
2.17663 1.17139 0.214817 
1.19293 0.257968 1.30691 
1.64045 0.257968 1.30691 
0.938987 0.258014 1.38907 
0.704139 1.05987 1.00708 
0.704114 1.03152 1.40049 
0.873774 0.266116 1.56332 
1.97226 0.915394 0.214817 
2.77167 0.293776 0.292253 
0.77624 0.618885 0.661411 
0.764548 0.546177 0.664337 
0.70414 0.98453 1.27901 
0.704227 0.50951 1.46252 
