0.0839184 0.0891493 1.3824 
0.0630318 0.325684 1.28579 
0.25177 0.0799097 1.05339 
0.220148 0.0191214 1.09664 
0.0441606 0.882387 1.20463 
0.273494 0.0525914 1.0644 
0.00924142 0.258329 1.59514 
0.0094084 0.373579 1.42115 
0.0441992 0.849283 1.17988 
0.122561 0.0253971 1.38834 
0.00922862 0.274599 1.48642 
1.08318 0.114839 0.423259 
0.0781518 0.657084 1.14423 
0.00925827 0.868213 1.21547 
1.42792 0.109929 0.457203 
0.0108886 0.819024 1.23417 
0.132716 0.0244617 1.37582 
1.03332 0.363114 0.391568 
1.00485 0.31539 0.415833 
0.987627 0.351608 0.396354 
0.00921142 0.273885 1.53249 
0.92214 0.270705 0.998458 
0.062294 0.74929 1.17145 
0.173458 0.0821569 1.04418 
0.208811 0.0780132 1.06576 
0.907529 0.45842 0.747223 
0.109598 0.982735 1.13157 
0.179723 0.0244713 1.36752 
0.921396 0.302047 0.76517 
0.0944054 0.561755 1.15087 
0.908248 0.446597 0.87849 
0.00921058 0.785415 1.2866 
0.036316 0.169723 1.3317 
0.906488 0.766327 0.67214 
0.906546 0.96775 0.643697 
0.299156 0.0333851 1.01742 
1.31248 0.109954 0.456487 
0.909883 0.324051 0.720033 
0.275049 0.0525914 1.05657 
1.27228 0.246378 0.379374 
0.487113 0.0191017 1.02619 
0.299156 0.0333833 1.0164 
1.28586 0.112757 0.455818 
0.00919437 0.777291 1.65717 
0.518987 0.0192571 1.00598 
0.83672 0.0190992 1.00616 
0.014732 0.480686 1.26961 
0.906357 0.704648 0.674884 
0.91071 0.510804 0.612314 
1.07008 0.11091 0.472428 
1.0061 0.680797 0.379655 
0.955188 0.845219 0.483035 
0.929595 0.552051 0.550931 
1.46977 0.402038 0.378962 
0.381928 0.0190985 1.17456 
0.90626 1.23071 0.507834 
0.00937798 0.285125 1.43194 
0.00922908 0.558871 1.47709 
0.906251 1.06329 0.905551 
0.0147322 0.413574 1.32824 
0.0490134 0.141776 1.64661 
0.00921077 0.551567 1.53051 
0.936652 0.318393 0.548768 
0.975576 0.39137 0.500974 
0.907065 0.523631 0.700377 
0.90639 1.06901 0.506972 
0.00919436 0.613964 1.67692 
0.490594 0.0190986 1.02591 
0.00919452 0.652282 1.67362 
0.908431 0.76826 0.499659 
0.906217 1.27956 0.51933 
0.00921203 0.258721 1.60333 
0.0490635 0.358201 1.31073 
1.27565 0.824386 0.37824 
0.00917972 0.599592 1.94239 
0.906217 1.27956 0.905352 
0.383044 0.0190984 1.02717 
1.33412 0.0190983 1.15032 
0.726895 0.0192571 1.00426 
0.836702 0.0190991 1.02539 
0.957592 0.10721 0.506292 
1.06549 0.910839 0.378235 
1.33412 0.0190983 1.15032 
0.908356 0.0190983 1.61987 
0.726895 0.0192571 1.00426 
0.00919437 0.613475 1.75824 
0.518987 0.0192571 1.00598 
0.907362 1.06899 0.522505 
0.907335 1.05801 0.611749 
0.906837 1.05559 0.612316 
1.06058 0.404669 0.378244 
0.916481 0.699261 0.518253 
0.784596 0.0192571 1.00426 
0.948577 0.20635 0.83494 
0.907672 0.37108 0.922851 
0.00919359 0.562235 1.80064 
0.00917714 0.905194 1.39667 
0.00917714 0.871007 1.52631 
1.5257 0.0190983 1.05512 
1.06549 0.910839 0.378235 
1.0723 0.117724 0.449416 
0.90626 1.23083 0.50783 
0.00917769 0.784076 1.81643 
0.951475 0.254708 0.664138 
0.0133748 0.393196 1.3571 
