0.389752 0.511275 0.955596 
0.959486 1.14384 0.300417 
0.944382 0.113012 0.338956 
0.861133 1.43268 0.528606 
0.714813 0.366669 0.708632 
1.27927 0.000369754 0.37593 
0.90309 0.803551 0.499953 
0.753008 1.37998 0.667919 
0.930263 1.48414 0.42542 
2.9498e-08 1.67875 1.38017 
0.831279 1.32839 0.574881 
0.828837 1.34185 0.586995 
0.599078 1.05856 0.818554 
0.261318 1.93128 0.977714 
0.487151 1.00199 0.893688 
0.981906 1.94941 0.224598 
0.808679 1.21335 0.618919 
0.658852 0.289268 0.764028 
0.368038 0.534201 1.00094 
0.0366642 0.310959 1.24436 
0.341098 0.727315 0.960257 
0.901336 0.398435 0.54789 
1.29507 0.222739 0.0261755 
0.642569 1.58892 0.785563 
0.216157 1.45941 0.985766 
0.40717 1.54088 0.936405 
0.548662 1.10176 0.851593 
0.304897 0.161374 1.06193 
0.475768 0.962505 0.897263 
0.878781 0.136924 0.795093 
0.790325 0.572181 0.62729 
1.02046 0.599937 0.0488489 
0.510314 1.36593 0.865584 
0.021966 0.527781 1.17607 
0.00282174 0.425796 1.2016 
0.0476133 0.248856 1.22566 
0.277111 1.19507 0.974085 
0.255541 1.26767 0.992492 
0.680649 1.97638 0.755255 
0.229844 0.00495035 1.30203 
0.712628 0.314386 0.712853 
0.583422 1.69565 0.829838 
1.40592 0.0172549 0.0352529 
1.26052 0.00118692 0.399957 
1.49811 0.493377 0.00883535 
0.00115118 0.946482 1.33459 
0.32433 0.271904 1.01411 
0.0749083 0.58237 1.06542 
0.823057 1.63781 0.614495 
1.05828 0.149034 0.220727 
0.0050214 1.07059 1.14102 
1.20456 0.0353733 0.176658 
0.179723 0.0618074 1.41732 
0.176614 0.0618047 1.58819 
0.954907 0.731712 0.30886 
0.636472 1.63046 0.774951 
0.263039 0.00539357 1.27236 
0.89813 0.868969 0.510194 
0.744755 0.723735 0.689598 
0.559676 0.667796 0.835914 
0.731756 1.1224 0.692354 
1.51172 2.07117 5.2177e-08 
1.46748 1.82928e-10 1.64341 
0.422549 0.0530986 1.11975 
0.613377 2.05692 0.805817 
0.446215 1.24385 0.909019 
1.04507 0.00381107 1.21454 
0.906203 0.470025 0.513436 
0.1299 0.457496 1.02894 
0.684478 1.20399 0.741656 
0.0955376 0.182649 1.03221 
1.33458 2.01872 6.12365e-05 
1.45345 1.29315 4.27475e-05 
2.4323e-08 1.88232 1.73266 
1.08114 0.17446 0.0292108 
1.22512 0.0113617 0.171381 
0.0144344 0.825231 1.00534 
0.525177 1.22551 0.864267 
0.998338 0.903324 0.237254 
0.17153 0.10582 1.42877 
0.193168 0.00509697 1.64482 
1.13749 3.4818e-06 1.93651 
0.926646 1.46616 0.446029 
1.00845 2.54279 0.121492 
1.20023 2.07548 0.00344452 
1.19842 2.15402 0.0121324 
1.5002 2.17053 4.253e-07 
0.0597068 0.123534 1.54653 
0.201005 0.135444 1.17505 
0.476995 0.658085 0.898641 
0.44057 1.52445 0.917406 
0.159377 0.0932835 1.57624 
0.138019 0.110873 1.64118 
0.123027 0.0843098 1.81254 
0.757876 0.780914 0.657549 
0.757868 1.17152 0.656999 
1.18416 0.0379386 0.27574 
1.1955 0.0678041 0.254066 
1.07958 0.223273 0.156504 
0.1518 0.00550527 1.87779 
0.178314 0.0618972 1.49041 
1.16903 0.0626841 0.424889 
1.23235 0.0177993 0.0349726 
1.96507 5.70988e-05 1.02647 
0.918557 2.3359 0.430612 
