0.128547 0.798486 
0.137089 0.747171 
0.118751 0.811562 
0.256991 0.641082 
0.250664 0.651448 
0.236734 0.658936 
0.197849 0.726365 
0.17738 0.745767 
0.206065 0.66586 
0.192763 0.74033 
0.0968153 0.824733 
0.0557881 0.964174 
0.0645524 0.93145 
0.0832945 0.902673 
0.0351099 1.08164 
0.0263441 1.14219 
0.0426331 1.07446 
0.0430345 1.0703 
0.0550985 1.06448 
0.0256717 1.186 
0.0226195 1.22583 
0.0216378 1.26169 
0.0216112 1.31538 
0.0167541 1.39101 
0.481079 0.454833 
0.492058 0.45471 
0.451872 0.477083 
0.473442 0.459418 
0.448378 0.482384 
0.434581 0.495119 
0.512564 0.421328 
0.423136 0.500045 
0.40306 0.50216 
0.270797 0.58726 
0.335452 0.547081 
0.378716 0.545452 
0.384584 0.503653 
0.322682 0.583346 
0.827096 0.246674 
0.769951 0.311876 
0.812306 0.269309 
0.788142 0.290313 
0.773233 0.295287 
0.723823 0.319596 
0.552834 0.380142 
0.607877 0.36308 
1.09243 0.0464987 
1.04847 0.0942933 
1.061 0.0640796 
1.07336 0.0568895 
1.05869 0.093125 
1.08456 0.0554968 
1.03579 0.158484 
0.935881 0.246054 
1.02964 0.195195 
1.01252 0.237324 
1.02007 0.212482 
1.13649 0.0455188 
1.18819 0.0425168 
1.25571 0.0353813 
1.26941 0.0287116 
1.19639 0.0418053 
