1.46246 46.5194 34.6482 
35.0639 0.00540402 42.2005 
35.6566 13.5729 39.4644 
37.7439 13.5584 29.8579 
37.4077 13.3728 41.0921 
43.2568 0.330941 31.9027 
46.1598 0.148597 37.9512 
35.495 13.986 39.4629 
2.61954 42.4553 33.9844 
40.5516 1.47199 31.0811 
46.2492 0 0.153701 
1.49098e-16 2.43496 45.7107 
2.92806e-15 47.8188 0.754628 
1.7393e-18 0.028405 46.5892 
2.0908e-16 3.41453 44.3265 
37.6401 33.4471 21.4668 
7.19371e-18 2.83391e-15 46.2815 
3.01709e-15 3.89652e-17 49.2769 
1.12943 0 49.3862 
3.06563e-15 0 50.0655 
3.90642e-15 0 63.7966 
0.0860156 0 67.5375 
49.0087 0 2.909 
0.989141 0 59.9692 
0.00508628 0 72.5077 
3.10816e-15 50.7601 0 
1.84294e-31 3.00975e-15 49.1529 
2.67973e-15 1.31852e-16 43.8163 
4.46309e-15 0 72.8878 
5.56635e-15 0 90.9054 
3.10816e-15 50.7601 0 
3.10816e-15 50.7601 0 
6.46808e-15 0 105.632 
0.265474 41.6478 43.4615 
50.6949 0 0 
235.073 0 0 
160.721 0 0.335561 
158.567 0 13.9112 
1.02212e-14 0 166.925 
1.42258 0 53.1494 
7.70928 0 101.852 
1.08452e-14 0 177.116 
76.9322 5.87979 0 
10.4802 0 82.2028 
3.47171e-15 56.6973 0 
167.769 216.776 0 
204.781 0 4.45792 
193.936 2.42021 0 
4.34367 38.926 29.503 
4.91657 44.0601 24.1566 
59.5926 243.823 0 
232.285 95.1035 0 
70.8484 240.793 0 
1.53693e-14 0 251 
1.53693e-14 251 0 
247.754 40.2356 0 
1.53693e-14 0 251 
1.53693e-14 0 251 
1.53693e-14 0 251 
1.53693e-14 251 0 
1.53693e-14 0 251 
1.53693e-14 251 0 
1.53693e-14 0 251 
1.53693e-14 251 0 
1.53693e-14 251 0 
1.53693e-14 0 251 
1.53693e-14 251 0 
251 0 0 
251 0 0 
1.53693e-14 251 0 
251 0 0 
1.53693e-14 0 251 
251 0 0 
1.53693e-14 0 251 
251 0 0 
1.53693e-14 251 0 
251 0 0 
251 0 0 
5.44769e-14 0 889.675 
251 0 0 
249.924 0 23.215 
2.68481e-14 438.462 0 
