38.054 0.377188 28.0619 
36.6408 1.52725 29.8472 
37.5509 1.19944 30.0008 
0.00118576 33.4187 29.7424 
39.3424 0.132966 0.132163 
0.320318 35.8237 2.29061 
34.8401 0.00691979 32.0655 
2.26391e-15 3.26662e-17 36.9762 
2.57377e-15 9.09277e-20 42.0328 
32.8517 1.04934 30.3551 
0.0757075 38.5105 0 
45.8898 0 0.0155171 
20.5626 30.9523 3.67676 
39.2646 0.0479141 3.80442 
23.6791 36.3032 0 
26.8819 2.11347 35.2017 
40.0573 0.00822617 0 
6.26521e-17 1.02319 35.6106 
2.37948e-15 38.8599 0.153542 
0.00898262 26.0195 34.2514 
4.66603 0 38.1536 
5.27787 0 39.8545 
0.133429 0 40.1957 
6.08458 40.1177 0 
2.46834e-15 40.3111 0 
44.1177 0 1.12306 
9.50195e-07 0 52.2025 
40.0984 0.688896 0 
26.5385 37.0605 0 
42.341 0.122593 0 
20.889 30.7328 3.67675 
3.63602e-15 0 59.3807 
47.8746 0 0 
0.00724564 30.822 22.182 
3.03443e-16 4.95559 35.3832 
0.270063 31.1564 21.7501 
2.70242e-06 0 40.6706 
40.5722 0 2.82813 
2.90687e-06 0 43.7474 
0.14991 0 45.1604 
0.178444 0 53.7565 
46.6088 0 0.541359 
0.205586 0 61.5486 
37.9515 0.818 0 
37.9864 0.875051 0 
37.9904 0.875144 0 
2.34654e-16 2.19143e-15 35.9934 
2.20476e-15 36.0064 0.338335 
41.4478 0 1.7038 
47.8746 0 0 
62.984 0 0 
42.4582 2.59294 0 
2.52287e-15 41.2015 0 
3.62369e-15 59.1794 0 
1.34953e-31 2.20395e-15 35.9933 
0.239087 35.437 3.97124 
1.34953e-31 2.20395e-15 35.9933 
48.9 0 0.155974 
63.2796 0 0 
0.442974 0 61.4952 
4.00433 0 56.4052 
2.20019e-15 8.76594e-17 35.9603 
223.615 0.631666 0 
109.786 0 5.59697e-05 
229.244 0 0 
138.683 0 3.04843 
3.93286e-15 0 64.2285 
6.03656e-15 98.5845 0 
16.3861 224.443 0 
0.0236154 20.9528 29.6481 
1.53689e-14 250.993 0 
219.675 121.424 0 
67.5314 0 241.745 
74.6482 0 240.061 
190.392 0 163.56 
251 0 0 
251 0 0 
216.097 127.683 0 
1.53693e-14 251 0 
1.53693e-14 251 0 
1.53693e-14 0 251 
1.53693e-14 0 251 
251 0 0 
1.53693e-14 251 0 
251 0 0 
251 0 0 
1.53693e-14 0 251 
251 0 0 
251 0 0 
1.53693e-14 0 251 
1.53693e-14 0 251 
146.416 0 204.981 
251 0 0 
242.757 67.7545 0 
251 0 0 
251 0 0 
251 0 0 
251 0 0 
251 0 0 
251 0 0 
251 0 0 
251 0 0 
251 0 0 
251 0 0 
251.007 0 0 
