46.049 0.0553917 50.9056 
0.00787906 0 71.308 
40.587 52.304 2.88559 
34.9656 50.7342 46.904 
0.00787906 0 71.308 
47.9424 39.0189 0.544641 
34.0255 53.6746 48.3202 
34.1959 53.6619 47.1487 
2.62719e-15 2.10538e-15 54.9827 
3.59559e-15 1.05908e-16 58.7458 
47.6053 39.3658 0.544284 
4.76783e-15 0 77.8645 
3.67304e-15 59.9853 1.89168 
52.1015 43.9181 0.0121871 
4.32943 49.5608 50.0449 
3.67366e-15 59.9954 0 
3.81082 0 61.2017 
4.76783e-15 0 77.8645 
55.441 1.22224 0 
0.0134308 0 71.5511 
3.72885e-15 60.8967 0 
4.52498 50.4697 48.3572 
3.69889e-15 4.51568e-19 60.4074 
1.74311 0 71.425 
0.0134308 0 71.5511 
47.8987 38.9833 2.64257 
51.9605 0 25.52 
3.11855e-15 1.19466e-16 50.9671 
0.349293 55.6493 19.5647 
1.18901 58.9127 0 
55.441 1.22224 0 
3.01489 74.4409 0 
0.670224 90.7111 0 
0.00219207 0 108.164 
56.9016 0 0 
0.774098 0 102.846 
70.6016 0 0 
2.08502e-31 3.40509e-15 55.6093 
0.00219207 0 108.164 
0.76601 103.675 0 
8.31923e-15 135.863 0 
1.25417e-14 204.822 0 
4.4218 0 81.7406 
82.8724 0 0.604546 
146.352 0 4.04962 
55.3808 1.22668 0 
0.613001 117.023 0 
241.718 0.13051 0 
190.652 65.7614 0 
250.987 0 0 
97.0336 231.485 0 
123.653 218.428 0 
205.225 144.512 0 
233.111 93.0612 0 
238.466 78.3256 0 
136.993 210.319 0 
200.712 152.642 0 
51.9605 0 25.52 
157.532 0 0.0652297 
0.842961 55.4335 29.1591 
6.47117 0 68.7483 
123.667 0 60.7383 
8.50764e-15 0 138.94 
2.31949 0 147.272 
3.22009 0 204.455 
239.698 8.79037 0 
123.653 218.428 0 
249.431 99.5765 0 
2.95943 0 228.216 
8.1937 0 68.7766 
217.587 125.127 0 
251 0 0 
1.4397e-14 235.12 0 
1.53693e-14 251 0 
1.53693e-14 251 0 
1.53693e-14 0 251 
251 0 0 
228.016 105.019 0 
247.708 0 40.5195 
251 0 0 
1.53693e-14 251 0 
1.53693e-14 251 0 
1.53693e-14 0 251 
1.53693e-14 0 251 
1.53693e-14 0 251 
251 0 0 
1.53693e-14 251 0 
1.53693e-14 251 0 
251 0 0 
1.53693e-14 0 251 
251 0 0 
251 0 0 
251 0 0 
138.073 0 209.611 
251 0 0 
251 0 0 
251 0 0 
251 0 0 
244.828 0 55.3188 
1.53693e-14 251 0 
1.53693e-14 0 251 
96.3494 231.771 0 
206.488 142.702 0 
126.6 216.733 0 
251 0 0 
