46.8137 38.3754 0.000429161 
47.595 39.2149 2.04537e-05 
40.6559 38.8729 13.9152 
2.42243e-15 2.38907e-15 55.5642 
0.0110333 47.0362 31.5186 
0.00882503 48.5867 30.7265 
0.70969 45.9686 29.6849 
0.000232774 48.1847 32.2881 
3.34644e-15 1.46882e-17 54.6521 
43.756 34.4157 6.91052 
43.3961 34.6234 6.8915 
0.00387237 47.1067 31.5658 
44.7298 33.8424 0.255873 
3.24408e-15 52.9798 8.92276 
35.9639 43.6364 0.124962 
53.7387 0.729108 0.410604 
0.681448 44.5923 32.612 
0.00139407 44.3809 33.0807 
3.35471e-15 0 54.7865 
3.37852e-15 55.1755 0 
53.0745 0.106656 17.2176 
53.3804 3.8875 3.65381 
0.409495 0 53.7803 
3.41973e-15 55.8484 0 
55.984 0 0 
35.8479 53.8657 0 
63.8954 0.045184 0 
55.7638 0 0.632495 
0.00980092 54.8393 0 
23.7261 46.2276 21.0379 
63.8863 1.07736 0 
53.5301 2.6854 0.925103 
66.6923 0 0.00109393 
54.1025 0 4.25733 
0.0129505 0 53.9889 
75.872 7.02652e-06 0 
90.15 0 3.54089e-05 
231.107 0 0 
71.8539 0 0.0143194 
4.63468e-06 0 59.1346 
80.1198 0.409294 0 
36.5141 42.6759 0 
46.6352 45.971 0 
42.4026 49.9936 0 
81.1534 0 4.75905 
14.1339 58.5213 0 
4.65363e-15 75.9995 0 
1.67256e-31 2.7315e-15 44.6088 
59.0974 3.18032 0 
191.686 0.301653 0 
4.21059e-15 0 68.7641 
4.94657 59.0135 0 
59.108 2.29653 0 
59.1894 2.29969 0 
78.7417 3.99963 0 
1.67256e-31 2.7315e-15 44.6088 
91.8924 0 8.61932e-06 
171.788 0 3.73777e-05 
5.21206e-15 85.1194 0 
2.44079 79.7046 0 
194.618 0.0688954 0 
222.489 0 0.00379319 
56.4737 5.84094 0 
4.96641 75.4488 0 
96.41 0 0.413238 
1.43891e-14 234.992 0 
1.49849e-14 244.722 0 
0.637905 124.254 0 
50.3122 28.5556 0.150527 
1.84187e-16 3.00801 44.4214 
4.8369e-17 0.789926 44.6018 
103.017 0 3.00939 
3.86377e-05 0 58.058 
4.09186e-05 0 61.1551 
0.643186 125.282 0 
0.238001 46.3587 0.0212938 
1.08688 211.707 0 
233.12 0 5.07222e-05 
159.356 0 2.35286 
207.054 0 8.17251 
4.84903e-15 0 79.1907 
0.00126928 0 112.435 
7.46327 0 129.7 
226.844 0 9.55694 
210.544 12.994 0 
11.3175 0 159.936 
29.7598 249.23 0 
1.53693e-14 0 251 
1.53693e-14 0 251 
1.5369e-14 250.994 0 
249.496 0 27.4346 
1.53693e-14 251 0 
250.988 0 0 
1.53693e-14 251 0 
251 0 0 
251 0 0 
251 0 0 
1.61709e-14 264.09 0 
251 0 0 
251 0 0 
1.77275e-14 0 289.511 
251 0 0 
251 0 0 
251 0 0 
251 0 0 
