45.5475 0.137073 42.8766 
0.374807 37.3482 34.7172 
43.011 27.1206 1.08224 
2.03566e-15 33.2448 39.8399 
0.362655 37.4172 34.8854 
46.958 29.6093 0.787995 
4.65389 50.8231 0.188584 
51.4016 0.670968 0.167413 
52.5447 0.179083 2.1277 
1.3491e-16 2.20325 43.7439 
49.2728 0.00808665 4.80285 
57.6512 0.0621575 1.22705 
42.9962 27.1112 3.16447 
0.389905 38.8526 32.9446 
0.171256 41.9418 35.5626 
2.74121e-15 44.7673 0.331342 
1.58572e-16 2.58968 42.0185 
57.907 0 0 
27.871 0.88456 35.8381 
1.96128 29.2327 34.4348 
3.11802e-15 50.9211 0 
1.93828e-15 2.00961e-15 45.5974 
0.030608 2.37315 43.5539 
41.4695 0.32911 35.1629 
46.9528 1.49017 3.41736 
3.11802e-15 50.9211 0 
5.02714 66.2115 0 
33.4065 2.91373 28.4328 
49.4181 1.29164 0 
49.1003 49.6518 0 
51.6211 64.9066 0 
2.7368e-15 0 44.6954 
1.64822e-31 2.69175e-15 43.9596 
1.64822e-31 2.69175e-15 43.9596 
0.591396 35.5038 29.7904 
7.0982e-15 115.922 0 
1.45314 79.6244 0 
1.53685e-14 250.987 0 
4.17996 92.768 0 
3.7139e-15 0 60.6527 
57.907 0 0 
57.907 0 0 
126.835 0 0 
1.64822e-31 2.69175e-15 43.9596 
4.80041e-15 0 78.3966 
1.11978e-14 0 182.874 
114.529 9.84351 0 
0.442398 27.8075 36.651 
191.624 0 0 
5.5405 72.9729 0 
58.626 59.1403 0 
1.53686e-14 250.989 0 
131.319 213.894 0 
1.53687e-14 0 250.99 
1.53693e-14 0 251 
1.53687e-14 250.99 0 
1.53693e-14 0 251 
1.53693e-14 0 251 
26.4762 249.6 0 
1.53693e-14 250.999 0 
94.3759 232.582 0 
1.53693e-14 0 251 
1.53693e-14 251 0 
67.2725 0 241.817 
1.53693e-14 0 251 
1.60657e-14 0 262.373 
1.53693e-14 251 0 
250.707 0 12.1311 
250.994 0 0 
0.15911 0 251 
250.996 0 0 
251 0 0 
