0.000131022 69.9747 0.0306196 
56.1234 3.24304 38.9804 
3.81625e-15 62.324 0.68016 
0.00159354 59.3142 1.03308 
43.2641 43.6525 0.195901 
3.6277e-15 59.2448 29.8922 
53.8689 1.32703 45.9038 
3.77078e-15 0 61.5815 
0.0433781 57.7732 0.784611 
4.01668e-15 0 65.5974 
2.63001e-15 42.9514 37.7673 
0.0714696 66.7949 0 
0.00361933 59.3017 5.17954 
0.145853 0 67.8763 
0.816441 52.5991 34.6143 
0.959462 61.8132 0 
0.38815 62.6417 0 
4.31041e-15 70.3943 0 
4.51498e-15 73.7352 0 
5.31983 0 71.1187 
57.8394 0.324397 48.0403 
65.6519 0 0 
58.168 0.586496 0 
3.33381e-15 1.91483e-16 54.5349 
56.6479 0.115151 49.9081 
0.180155 62.7536 0.00844252 
3.19515e-15 2.06968e-16 52.2902 
45.9342 45.204 0 
69.1553 0 0 
4.1666e-15 68.0457 0.126937 
117.615 0.00191727 0 
218.272 0 0 
117.615 0.00191727 0 
5.99878e-15 97.9676 0 
7.02477e-15 114.723 0 
2.36189e-15 2.15019e-15 52.1625 
0.0681088 37.429 36.6466 
5.31983 0 71.1187 
5.34457 0 71.4494 
87.4749 0 1.79524 
66 1.36185 0 
71.6761 1.47897 0 
126.499 7.59875e-06 0 
228.011 0 0 
3.56942 0 78.2389 
3.64205 0 80.6652 
3.64205 0 80.6652 
5.48241e-15 0 89.5346 
46.1661 34.1432 0.0922006 
2.16522e-15 35.3607 38.5466 
87.4753 0 1.79525 
58.4853 0.0963173 31.3667 
29.0524 23.142 37.4457 
6.24994e-15 0 102.069 
28.8136 22.9517 37.711 
52.6078 3.969 6.42532 
1.4175 56.3693 0 
0.0875953 0 97.6371 
14.2774 0 101.164 
1.94668e-31 3.17917e-15 51.9198 
0.888862 55.0903 5.21053 
1.94668e-31 3.17917e-15 51.9198 
39.1083 35.3657 0.891474 
1.94668e-31 3.17917e-15 51.9198 
47.0016 43.1478 0 
94.4464 0.343755 0 
47.619 43.7146 0 
105.003 10.7064 0 
138.41 8.31429e-06 0 
180.14 8.11992 0 
9.36844e-15 152.998 0 
102.068 0 0.360178 
229.792 0 2.18482 
217.923 3.95641 0 
8.16305e-15 0 133.313 
0.0182959 68.3529 0 
80.7032 237.672 0 
1.50593e-14 245.937 0 
178.448 0 176.515 
1.53693e-14 0 251 
241.064 0 0 
251 0 0 
1.53693e-14 251 0 
1.53693e-14 251 0 
251 0 0 
251 0 0 
1.53693e-14 251 0 
1.53693e-14 251 0 
251 0 0 
251 0 0 
1.53693e-14 0 251 
251 0 0 
251 0 0 
1.53693e-14 251 0 
1.53693e-14 251 0 
1.53693e-14 0 251 
251 0 0 
1.53693e-14 0 251 
251 0 0 
251 0 0 
251 0 0 
251 0 0 
251 0 0 
251 0 0 
251 0 0 
