34.7417 5.35791e-07 1.7669 
31.9289 0.0339464 4.85519 
11.8289 0.0535369 16.4737 
1.89281 15.9198 1.26268e-05 
9.74761e-06 0 78.5477 
11.4011 0.2084 15.8805 
16.4446 10.7977 0 
4.22608e-15 3.81549e-25 69.0172 
2.65982e-15 43.4382 5.50959 
3.25178e-15 53.1056 0.323428 
0.00431984 35.853 0 
0.12283 23.4657 0 
46.3914 0.000278846 0.00015164 
41.9929 0 0.0339529 
13.8011 0.579187 0.0111686 
0.00585416 0 58.4412 
0.00597854 0 59.683 
2.48236e-15 1.06843e-18 40.5401 
170.818 0 0 
1.36429e-05 0 94.0359 
0.000174486 0 78.5949 
0.123183 22.2423 0 
60.7082 0 0.0252378 
1.11676e-17 1.22569e-15 20.0179 
61.3355 7.42301e-06 0.000200488 
0.000412364 0 107.42 
16.4446 10.7977 0 
24.6956 0.116548 0 
1.15757e-14 0 189.046 
2.10545e-05 0 145.122 
2.27572e-05 0 156.858 
0.467892 0 137.957 
0.515352 0 85.1919 
81.1691 0 0.019329 
84.1247 0 0.000823674 
94.2622 0 0.0224469 
192.244 0 0 
210.392 0 0 
1.15596 0 134.451 
3.90049e-06 0 187.973 
65.8149 0.000605489 0 
3.29885e-15 53.8742 0 
2.58639e-05 0 178.271 
3.82382e-15 62.4476 0 
235.982 0 0 
236.806 83.211 0 
238.158 79.2587 0 
1.53135e-31 2.50088e-15 40.8424 
1.41005e-14 0 230.279 
239.847 0 0.0571154 
3.3543e-05 0 231.201 
3.54038e-05 0 244.027 
1.46935 0 170.902 
9.7585e-15 159.368 0 
242.808 63.6015 0 
244.154 62.5337 0 
232.067 95.6354 0 
238.979 76.7465 0 
243.076 62.5686 0 
1.53135e-31 2.50088e-15 40.8424 
3.18437e-15 52.0048 2.00958 
1.0288e-14 168.016 0 
0.163412 174.764 0 
13.9166 0 190.606 
167.322 96.5233 0 
1.94627 0 226.373 
136.43 0 8.5258 
84.626 236.304 0 
185.703 168.865 0 
173.938 180.96 0 
11.6181 250.731 0 
206.219 143.09 0 
167.107 187.287 0 
138.15 209.56 0 
102.337 229.19 0 
90.0474 234.291 0 
45.7608 246.793 0 
138.082 209.605 0 
210.78 136.282 0 
205.432 144.217 0 
1.53693e-14 0 251 
1.53693e-14 0 251 
187.547 166.815 0 
237.655 80.752 0 
229.65 0 101.3 
1.68007e-14 0 274.376 
228.248 0 104.422 
1.53693e-14 251 0 
240.409 72.1439 0 
220.676 119.595 0 
3.28894e-14 537.124 0 
245.481 0 0 
251 0 0 
251 0 0 
250.987 0 2.59161 
241.933 66.8553 0 
251 0 0 
251 0 0 
251 0 0 
251 0 0 
