75.5199 0 102.99 
7.00635e-15 1.69049e-17 114.423 
66.7124 9.0384 86.6139 
79.4545 68.5489 18.4629 
69.9562 70.1476 45.4573 
84.6438 59.4648 42.6175 
0.550599 0 116.617 
3.73991e-15 61.0774 75.4522 
5.73021e-15 5.77658e-17 93.5861 
79.9745 0.0190373 54.8578 
82.9564 0 81.5963 
0.831004 0 108.617 
86.2475 0 84.8333 
110.059 47.3637 0 
0.426025 94.822 0.496344 
6.15946e-15 100.592 1.33308 
70.8899 31.8347 75.1046 
2.79108e-15 5.13133e-15 95.3955 
94.1787 86.8914 0.0383831 
75.5199 0 102.99 
63.4519 62.6984 47.1483 
72.1781 61.6174 39.0983 
72.275 70.3745 17.8947 
3.3381 74.7702 48.4719 
71.3486 60.9093 41.2825 
229.282 0 0 
1.78875 0 113.265 
17.3286 0 109.107 
18.4159 0 115.953 
2.1056 94.1726 0.256575 
229.282 0 0 
8.76558e-05 0 120.992 
35.3557 68.6396 59.5738 
85.9068 59.4476 18.3805 
36.5439 86.3349 1.04096 
66.7124 9.0384 86.6139 
92.5432 41.5586 1.22354 
5.44271e-15 88.8862 4.07762 
5.45382e-15 89.0676 2.48443 
7.47843e-15 0 122.132 
2.53197 104.025 0.0707124 
0.130939 83.9451 55.9699 
120.027 1.57574 0 
7.52324e-15 0 122.864 
89.7103 0.00466982 58.0994 
24.9026 0 104.917 
86.8708 5.75248 4.47573 
6.58843e-15 107.597 0 
1.96052 0 125.859 
2.19263 0 140.988 
92.801 5.57344 39.0595 
74.6055 75.2527 0.735689 
69.2562 31.1011 77.0965 
123.85 2.39739e-05 0 
8.31114e-15 135.731 0 
8.83209e-15 144.239 0 
179.927 4.46886 0 
2.19263 0 140.988 
1.1902e-14 0 194.374 
27.9212 51.3177 76.9436 
116.614 22.3233 0 
117.681 22.5276 0 
242.029 0 0 
3.30617e-31 5.39938e-15 88.1785 
3.30617e-31 5.39938e-15 88.1785 
4.23009 87.9038 0.271798 
123.054 0 5.07288e-08 
186.795 0 7.70063e-08 
43.5044 90.9009 4.06997e-08 
45.5933 95.2657 0 
9.61227 114.523 0 
47.4013 99.0435 0 
0.103818 126.463 0 
151.057 6.7859 0 
0.231044 128.267 0 
184.438 4.4835 0 
193.626 1.33261 0 
167.193 0 7.91365e-06 
3.04537 0 188.149 
96.1403 0 9.057e-06 
17.429 171.089 0 
187.468 0 31.2728 
55.323 54.4814 50.286 
1.53687e-14 250.989 0 
202.758 118.802 0 
142.547 0 206.594 
245.65 51.546 0 
250.988 0 0 
251 0 0 
251 0 0 
251 0 0 
1.53688e-14 250.991 0 
224.477 0 173.001 
231.044 98.0795 0 
2.44851e-14 399.872 0 
251 0 0 
251 0 0 
1.44532e-14 0 236.039 
92.0278 0 233.521 
251 0 0 
1.53687e-14 0 250.99 
251 0 0 
274.352 0 0 
