3.93414e-15 64.2494 60.3617 
60.5471 0.110155 59.3824 
2.0231 62.2597 61.0471 
0.0197309 62.3775 61.1304 
57.7237 7.20831 56.6392 
67.1235 0 56.908 
65.7318 0.438097 56.1583 
2.39062e-15 39.0418 68.9485 
0.118306 68.3127 28.5893 
1.08312 73.4402 0 
5.92335 72.6553 0 
40.209 2.14552 62.8075 
0.624227 39.6277 62.9412 
4.35341 66.6175 27.9393 
67.4647 7.52755 28.0756 
4.78961e-15 0 78.2203 
2.79533 66.8431 31.6075 
2.36783e-15 38.6696 69.1792 
73.1359 0.0397363 7.74378 
6.46397 0 73.684 
4.23658 64.8296 30.1237 
3.55281 72.9646 4.35409 
0.359316 76.7608 0.129835 
4.76419e-15 77.8052 1.03051 
1.08312 73.4402 0 
3.88965 70.8495 1.4326 
0.154931 33.1415 66.1526 
5.49385 64.0476 57.4142 
4.57553e-15 2.81456e-17 74.7254 
69.833 0.465431 54.3384 
4.44156e-15 3.5062e-16 72.7619 
38.723 4.22533 63.738 
0.000528025 34.8154 69.4929 
2.12357 31.7915 67.0143 
0.111933 0 76.0223 
0.000155813 0 98.395 
0.14088 0 95.6827 
73.4041 0.540621 0 
76.1102 0.153673 0.407678 
0.02774 0 108.161 
41.0273 0.0604243 61.286 
2.53582e-20 4.38469e-15 71.6074 
4.84054e-15 79.052 0 
0.226586 0 97.6366 
58.9987 0.796998 36.4024 
2.48503e-15 40.5836 61.7221 
74.5168 0.0359862 47.4134 
1.26148e-14 0 206.016 
66.3605 7.40435 35.3672 
75.8504 3.3345 0 
1.29635e-14 0 211.71 
2.76965e-31 4.52318e-15 73.8692 
5.32605e-15 86.981 0 
77.703 0 0 
2.76965e-31 4.52318e-15 73.8692 
63.8749 0 60.5318 
3.61917 0 89.0645 
67.9155 0.268192 55.9599 
78.3244 0 0 
78.6764 0 0 
119.458 6.42656 0 
1.36148e-14 0 222.346 
0.000291986 0 108.715 
0.000591567 0 220.257 
1.53685e-14 0 250.987 
1.53686e-14 0 250.988 
2.76965e-31 4.52318e-15 73.8692 
4.5922e-15 74.9964 1.86753 
124.036 0 9.04264 
0.178129 0 120.982 
0.0460247 0 250.114 
206.651 11.1173 0 
7.93799e-15 129.637 0 
27.2797 0 79.8997 
0.292427 0 110.753 
11.2182 39.3979 62.6233 
1.53687e-14 0 250.99 
1.53686e-14 250.988 0 
245.256 0 0 
251 0 0 
251 0 0 
1.53686e-14 250.989 0 
1.53693e-14 0 251 
1.53693e-14 0 251 
251 0 0 
251 0 0 
251 0 0 
251 0 0 
251 0 0 
1.53693e-14 0 251 
251 0 0 
1.53693e-14 251 0 
1.53693e-14 0 251 
251 0 0 
1.53693e-14 251 0 
1.53693e-14 0 251 
251 0 0 
32.9335 248.83 0 
1.53693e-14 0 251 
1.53693e-14 251 0 
251 0 0 
251 0 0 
251 0 0 
251 0 0 
251 0 0 
