1.33447 37.5921 31.7823 
40.7978 0.00915787 34.4708 
1.3069 36.8157 34.5269 
40.6001 0.287709 32.1099 
8.24253e-19 2.97995e-15 48.6662 
2.61474e-15 42.702 35.2779 
0.37003 51.7518 1.87058 
1.90898 0.0135278 46.6064 
39.3576 0.278904 33.2548 
45.5953 0.00325129 38.5243 
1.74683 37.0559 29.5269 
1.3069 36.8157 34.5269 
30.21 43.0768 0.000478438 
31.2985 39.4722 0.000458077 
53.0527 0.0959276 8.59239e-07 
29.5178 44.2696 2.50932 
1.49942 39.3879 30.8561 
1.67693 35.5732 31.0687 
50.1802 2.34564 0 
1.46296e-15 23.892 47.5895 
3.23863e-15 52.8909 0 
29.0324 44.6516 0.856336 
52.5022 0.482705 0 
29.6689 44.1685 2.50933 
1.46296e-15 23.892 47.5895 
1.75823 37.2978 28.5682 
2.09926e-17 2.93868e-15 47.9935 
29.761 44.1507 0.856088 
5.39345e-15 88.0817 0 
1.75101 48.2541 0 
0.313182 72.3474 0 
0.313847 72.501 0 
53.364 0 0 
3.22201e-15 2.96294e-16 52.8415 
28.3961 44.8678 2.50416 
4.51145 53.18 0 
0.861064 54.0688 0 
1.84055 53.5299 0 
1.56369 53.5523 0 
1.97933e-31 3.2325e-15 52.7907 
1.73747 52.7259 1.65703 
5.96117e-15 97.3533 0 
0.00895193 52.7671 1.57668 
2.59191 53.5072 0 
2.59191 53.5072 0 
0.00228266 0.0484227 45.8049 
1.97933e-31 3.2325e-15 52.7907 
5.96117e-15 97.3533 0 
3.24192e-15 0 52.9445 
9.46346e-15 0 154.55 
53.0119 0 6.53702 
9.51205e-15 0 155.344 
1.13415e-14 0 185.221 
54.0229 0 0 
72.096 0 0 
218.551 0 0 
234.087 0 0 
234.141 0.930258 0 
237.81 0 0 
1.97933e-31 3.2325e-15 52.7907 
6.01734e-15 98.2706 0 
1.19745 0 54.7703 
107.805 0 1.39246 
5.27646 0 179.593 
135.387 0 3.94251 
176.938 0 5.77978 
8.74429 0 223.893 
191.108 0 11.697 
165.17 0 16.035 
0.868665 54.5461 0 
163.479 1.54675 0 
175.986 178.969 0 
168.621 185.924 0 
1.5369e-14 250.994 0 
1.5369e-14 250.996 0 
248.988 0 31.7183 
1.53691e-14 250.996 0 
23.905 0 249.859 
251 0 0 
1.53692e-14 250.998 0 
251 0 0 
251 0 0 
249.839 24.1109 0 
1.53693e-14 251 0 
1.53693e-14 251 0 
1.53686e-14 0 250.988 
251 0 0 
1.53693e-14 251 0 
1.53688e-14 0 250.992 
251 0 0 
251 0 0 
251 0 0 
1.53693e-14 0 251 
251 0 0 
251 0 0 
1.53693e-14 251 0 
251 0 0 
251 0 0 
251 0 0 
157.907 195.106 0 
251 0 0 
231.292 79.0302 0 
251 0 0 
1.53693e-14 0 251 
251 0 0 
