72.6424 0.215918 54.731 
29.2018 45.8411 56.7222 
46.3195 73.0644 3.24049 
43.3681 1.59228 67.8013 
0.995593 1.52018 71.8127 
53.1926 0.280374 57.3009 
5.39764e-15 8.76346e-21 88.1501 
84.3863 0 14.2181 
36.7511 17.3162 67.2862 
41.037 4.41791 69.327 
79.4257 0.0376578 13.3823 
40.6025 0.0584344 69.5176 
84.4285 0 14.2252 
35.5564 19.4239 67.1036 
72.7323 0 64.8252 
0.00268347 76.6627 3.89308 
4.40293e-15 1.99336e-15 78.9312 
87.2457 2.17127e-08 0 
36.416 20.0203 66.5617 
47.2797 57.7437 27.7717 
51.7307 67.4416 2.69796 
53.2051 69.7417 2.51537 
1.45784e-15 23.8083 73.8243 
4.57557e-15 4.28859e-16 75.0522 
44.7125 58.2509 26.7273 
4.74567 74.8079 19.9321 
0.00133157 0 84.3074 
49.5805 60.5538 21.4258 
4.68784e-15 76.5582 10.6624 
4.84109e-15 79.0611 0.911531 
89.9089 0 9.5258 
46.8126 58.1285 27.7733 
82.1814 1.82233 0.0456776 
82.1719 2.39187 0.0683831 
51.5336 1.50231 53.6954 
3.90799e-15 63.8223 45.0109 
78.6236 3.69065 0.38655 
3.73709e-15 61.0313 47.5837 
74.9843 0.0122504 16.6434 
92.8306 0 0 
63.0088 1.26836 53.2428 
93.9567 0 0.771979 
0.011807 42.3366 69.6132 
0.473955 41.2203 66.811 
43.1796 53.6174 28.1356 
2.37055e-05 0 86.3411 
0.273769 54.668 57.0525 
9.08399e-16 14.8353 75.9384 
81.2457 0.0211511 1.4857 
43.8667 73.275 2.34557 
85.1824 1.45535 0 
0.0851051 0 80.0661 
44.73 0 67.8239 
30.2122 36.4065 68.3149 
4.41082e-15 72.0341 29.6124 
27.9208 47.4592 57.4642 
30.8734 51.8778 52.3184 
0.0384279 0.673733 72.5006 
64.2341 0.4018 45.3022 
5.77787e-16 9.43597 76.5735 
5.24914e-15 85.725 0.393931 
1.9518 77.4986 0 
69.2485 81.7922 0 
69.3233 81.8805 0 
1.873 76.3923 15.8042 
81.1796 0 15.5576 
2.54542 77.3075 1.58654 
5.13045e-15 83.7865 0.877137 
94.0215 0 6.76345 
77.3378 0 19.6714 
74.8736 0 19.9096 
3.87445 76.2837 20.3108 
75.3832 0 20.0451 
0.000188723 94.0103 0 
98.9142 0 0 
3.83838e-15 62.6855 45.6798 
6.63484e-15 108.355 0 
6.68152e-15 109.118 0 
4.83541e-15 78.9683 2.92996 
4.96101e-15 3.60722e-18 81.0195 
4.7598e-15 1.5358e-16 77.7739 
113.152 0 0 
6.50231 143.479 0 
0.000901943 231.703 0 
2.90078e-31 4.73733e-15 77.3664 
2.90078e-31 4.73733e-15 77.3664 
70.1923 82.907 0 
73.6124 86.9466 0 
115.948 0 0 
0.000901943 231.703 0 
235.425 0.631901 0 
232.98 93.3882 0 
1.40181e-14 0 228.933 
0.00395718 161.402 0 
113.054 0 7.78872 
107.195 124.067 0 
5.26437e-05 0 188.662 
1.43146e-14 233.774 0 
1.43106e-14 0 233.71 
9.11327 0 250.835 
250.988 0 0 
1.53693e-14 0 251 
224.192 0 112.868 
1.53693e-14 0 251 
1.53693e-14 251 0 
