31.9823 2.12252 0.308832 
21.5419 22.1337 0.297592 
1.40085 23.1008 9.70565 
0.000148064 31.1593 11.6727 
0.000153203 32.2407 11.4479 
3.58504e-15 58.5481 0 
17.7295 18.2166 0.935208 
17.0852 22.5729 4.27034 
4.99237e-05 32.5689 2.4271 
3.72471e-15 60.8292 0 
3.74701e-15 61.1933 0 
4.3197e-15 70.546 0 
5.67879 39.7473 0 
6.65189 46.5583 0 
24.5934 0.454151 0.859093 
7.38465e-05 49.6899 0 
23.1285 4.56206 0 
24.1473 4.76301 0 
29.2826 5.77595 0 
0.165691 63.486 0 
5.07001e-15 82.7995 0 
0.00110131 86.6675 0 
1.63875e-15 0 26.7628 
36.1478 0 0.546405 
2.15525e-15 35.198 0.076186 
0.000146154 0 114.184 
37.2698 0 0 
7.64444e-18 0.124843 16.381 
0.14716 34.1432 0.0245047 
0.203094 47.1205 0 
0.203094 47.1205 0 
1.83605 50.3883 0 
37.713 0 0 
46.742 0 0 
7.08778e-15 0 115.752 
8.16529e-15 0 133.349 
8.622e-15 0 140.808 
0.0033755 0 43.0728 
6.69808e-32 1.09388e-15 17.8644 
8.71934e-15 0 142.398 
0.915617 0 54.5325 
0.000146606 0 114.328 
1.53693e-14 0 251 
1.53693e-14 0 251 
0.000290995 23.6429 0.334344 
1.53693e-14 0 251 
1.39125e-14 227.209 0 
1.53693e-14 251 0 
1.53693e-14 251 0 
1.53693e-14 251 0 
1.53693e-14 251 0 
0.397106 59.9273 0 
1.54775e-15 8.34843e-17 25.3135 
0.915617 0 54.5325 
4.02707 0 226.44 
0.00112983 88.9118 0 
72.7295 0 0 
7.80746 232.975 0 
232.322 0 148.49 
203.718 36.7971 0 
194.838 158.238 0 
1.53693e-14 251 0 
149.813 201.388 0 
1.53693e-14 251 0 
1.53693e-14 251 0 
1.53693e-14 251 0 
108.432 226.37 0 
1.53693e-14 251 0 
1.53693e-14 251 0 
1.53693e-14 251 0 
1.53693e-14 251 0 
1.53693e-14 251 0 
1.53693e-14 251 0 
1.53693e-14 251 0 
1.53693e-14 251 0 
1.53693e-14 251 0 
1.53693e-14 251 0 
54.3315 0 245.049 
1.53693e-14 251 0 
1.53693e-14 251 0 
1.53693e-14 251 0 
1.53693e-14 0 251 
1.53693e-14 251 0 
1.53693e-14 251 0 
1.53693e-14 251 0 
1.53693e-14 251 0 
1.53693e-14 251 0 
200.937 0 150.418 
1.53693e-14 251 0 
226.585 107.982 0 
249.205 0 0 
16.7928 250.438 0 
251 0 0 
