45.5787 58.3117 0.0020745 
43.9344 59.5838 0.00207503 
4.72442e-15 2.43214e-18 77.1557 
51.1809 56.4568 0 
51.034 56.9123 0 
4.83373e-15 78.9408 0 
4.90929e-15 9.73837e-21 80.1747 
1.62325 80.8069 0 
51.034 56.9123 0 
1.54413e-05 86.9346 0 
1.62325 80.8069 0 
3.45972e-15 6.07516e-17 56.5102 
53.4098 45.6386 0 
63.0794 0.297119 0.0269149 
0.00233871 0 56.0081 
3.44813e-15 56.3122 0.570744 
31.873 37.5397 29.9311 
3.43428e-15 4.47538e-16 56.5603 
62.0661 0 30.8565 
29.9272 39.5925 30.1651 
8.99888e-05 0 79.8784 
53.1884 56.3289 0 
2.18203 0 71.3515 
7.69279e-07 90.7646 0 
30.6769 39.3347 30.3184 
50.7716 0 33.862 
3.45058e-15 56.3522 0.0390773 
31.873 37.5397 29.9311 
56.4895 0.702589 5.21228 
6.30983 71.536 0.000371551 
7.32618e-15 0 119.646 
7.78338e-15 0 127.112 
0.201774 84.0656 0 
9.28987e-15 0 151.715 
36.0076 42.4094 1.95291 
0.0352977 49.2456 29.9311 
60.3702 10.4511 0 
9.12355e-15 148.999 0 
50.38 31.2791 0.0337323 
48.4173 28.4117 5.3666 
1.96152e-31 3.20341e-15 52.3156 
64.3645 0 0 
163.575 0 0 
166.103 0 0 
169.113 0 17.7611 
250.211 33.9252 0 
0.00462162 0 81.8187 
9.16912e-15 149.743 0 
0.000116514 100.109 0 
0.644518 0 97.3076 
0.708981 0 246.092 
171.346 0 114.279 
0.703462 56.1057 5.36395 
199.46 152.371 0 
1.44681e-14 236.282 0 
1.53693e-14 0 251 
251 0 0 
1.53693e-14 251 0 
1.53693e-14 251 0 
1.53693e-14 251 0 
27.0788 249.535 0 
251 0 0 
1.53693e-14 251 0 
251 0 0 
251 0 0 
251 0 0 
1.53693e-14 0 251 
238.583 77.9703 0 
1.53693e-14 251 0 
1.53693e-14 251 0 
251 0 0 
1.53693e-14 0 251 
1.53693e-14 0 251 
179.038 175.916 0 
1.53693e-14 251 0 
251 0 0 
251 0 0 
1.53693e-14 251 0 
251 0 0 
251 0 0 
1.53693e-14 251 0 
1.53693e-14 251 0 
1.53693e-14 251 0 
1.53693e-14 251 0 
251 0 0 
1.53693e-14 0 251 
1.53693e-14 0 251 
1.53693e-14 251 0 
1.53693e-14 251 0 
1.53693e-14 251 0 
251 0 0 
251 0 0 
104.7 228.12 0 
251 0 0 
251 0 0 
251 0 0 
1.62007e-14 0 264.578 
251 0 0 
251 0 0 
251 0 0 
251 0 0 
251 0 0 
251 0 0 
251 0 0 
369.891 0 0 
