52.3453 0 0.147804 
2.33857e-15 8.44656e-18 38.1919 
34.9167 0 25.7513 
34.9167 0 25.7513 
2.26791e-15 5.08813e-17 37.0471 
37.4734 0 8.03972 
1.79092e-17 0.292479 27.4467 
1.73796e-15 28.383 0 
2.02687e-15 33.1012 0 
1.56208e-16 1.65346e-15 27.1233 
0.00213737 0 26.291 
21.163 0.994923 16.4427 
30.8843 0.0153588 0 
0.0765035 21.4158 15.9113 
69.2768 0 0 
191.252 0.0569497 0 
1.64343e-05 0 26.2914 
0.00214587 0 25.8034 
191.252 0.0569497 0 
69.6267 0.1611 0 
102.181 0.914486 0 
2.47511e-15 0 40.4215 
2.8779e-15 0 46.9996 
48.488 4.64431 0 
6.08537e-17 1.68786e-15 27.5828 
1.92473e-15 7.25833e-16 33.594 
2.39576e-15 39.1258 0 
1.03419e-31 1.68896e-15 27.5828 
191.301 0 0 
1.02914e-14 168.071 0 
125.997 1.89207 0 
156.11 0.0660687 0 
150.633 2.19254 0 
1.03419e-31 1.68896e-15 27.5828 
40.7781 0 0.170925 
3.51951e-15 0 57.478 
6.74919e-15 0 110.223 
8.67527e-15 0 141.678 
176.529 0 2.72442 
201.133 0 0 
241.619 0 10.4661 
234.272 8.76604 0 
1.59418 29.3246 0 
1.53693e-14 251 0 
1.53693e-14 251 0 
151.942 199.786 0 
1.53693e-14 251 0 
1.53693e-14 0 251 
1.53693e-14 0 251 
1.53693e-14 0 251 
1.53693e-14 0 251 
1.53693e-14 251 0 
1.53693e-14 251 0 
129.443 215.048 0 
251 0 0 
1.53693e-14 0 251 
1.53693e-14 0 251 
1.53693e-14 0 251 
62.0732 243.203 0 
1.53693e-14 251 0 
1.53693e-14 251 0 
1.53693e-14 0 251 
251 0 0 
240.395 17.5569 0 
1.53693e-14 0 251 
1.53693e-14 251 0 
74.6426 217.647 0 
247.354 42.6244 0 
146.666 203.691 0 
241.255 69.2616 0 
1.53693e-14 0 251 
160.021 193.376 0 
251 0 0 
1.53693e-14 0 251 
1.53693e-14 0 251 
241.958 66.762 0 
128.789 215.44 0 
1.53693e-14 0 251 
251 0 0 
1.53693e-14 0 251 
2.023e-14 330.38 0 
182.48 172.343 0 
251 0 0 
251 0 0 
251 0 0 
251 0 0 
1.53693e-14 0 251 
251 0 0 
251 0 0 
250.954 4.81695 0 
251 0 0 
1.53693e-14 0 251 
1.53693e-14 0 251 
250.992 2.01747 0 
251 0 0 
1.53693e-14 0 251 
251 0 0 
251 0 0 
251 0 0 
1.53693e-14 0 251 
238.851 0 77.1434 
251 0 0 
251 0 0 
251 0 0 
250.773 10.6657 0 
