0.190172 0.694053 
0.186732 0.703723 
0.181734 0.713868 
0.181882 0.70492 
0.0401182 0.915326 
0.0277481 0.925632 
0.0270215 0.929579 
0.0538632 0.911932 
0.0269602 0.941246 
0.0566876 0.898336 
0.0696024 0.898198 
0.16632 0.749211 
0.053646 0.914287 
0.0266587 0.969019 
0.0266587 0.969019 
0.190442 0.682257 
0.074425 0.888283 
0.00506944 0.992992 
0.199014 0.67129 
0.163942 0.772211 
0.083684 0.867799 
0.0223449 0.992581 
0.0948157 0.79687 
0.329709 0.598196 
0.311703 0.604705 
0.672375 0.308576 
0.218253 0.668543 
0.0936621 0.810965 
0.333347 0.592055 
0.672375 0.311385 
0.165333 0.751396 
0.23427 0.662735 
0.168421 0.725105 
0.597945 0.343969 
0.595271 0.352241 
0.455783 0.47605 
0.699599 0.298547 
0.714458 0.293903 
0.712317 0.29843 
0.454374 0.481248 
0.355232 0.578085 
0.287173 0.609614 
0.388174 0.530261 
0.26205 0.633577 
0.26205 0.633577 
0.406913 0.514229 
0.722757 0.291542 
0.451818 0.486269 
0.421113 0.514229 
0.771653 0.160466 
0.787445 0.160464 
0.730356 0.291542 
0.28394 0.627597 
0.586826 0.355092 
0.244078 0.638446 
0.443179 0.487241 
0.362566 0.551923 
0.738344 0.281408 
0.155881 0.781842 
0.355127 0.57815 
0.511679 0.396575 
0.0952319 0.782394 
0.738344 0.281408 
0.406093 0.522092 
0.617043 0.328774 
0.645779 0.319742 
0.687178 0.307506 
0.12225 0.782394 
0.12534 0.782394 
0.513756 0.369045 
0.317569 0.602547 
0.771002 0.160472 
0.617043 0.328774 
0.437147 0.504155 
0.554266 0.356794 
0.999609 0.0011748 
0.513756 0.369045 
0.770909 0.200369 
0.770909 0.200369 
0.382162 0.531835 
0.458736 0.419019 
0.511679 0.396575 
0.645779 0.319742 
0.598989 0.341188 
0.999609 0.0391723 
0.348993 0.585865 
0.918201 0.130561 
0.554266 0.356794 
0.788874 0.160458 
0.458736 0.439567 
0.999609 0.0391834 
0.798828 0.160458 
0.918201 0.130561 
0.0923076 0.864664 
0.60974 0.330049 
0.989164 0.0826114 
0.0936621 0.810965 
0 1 
0 1 
1 0 
