0.990804 0.0195207 
0.14428 0.799692 
0.124348 0.79971 
0.0641117 0.882145 
0.159807 0.799692 
0.0839018 0.807906 
0.0688525 0.860339 
0.169446 0.797168 
0.184074 0.797168 
0.989237 0.038529 
0.0975055 0.799783 
0.0963234 0.800407 
0.052854 0.913598 
0.999184 0.0113771 
0.971677 0.0717063 
0.94268 0.158261 
0.927408 0.189594 
0.0524844 0.916366 
0.0524844 0.943087 
0.975543 0.071364 
0.321933 0.583535 
0.0523916 0.954738 
0.082251 0.81079 
0.0576493 0.892209 
0.619504 0.306322 
0.421414 0.464418 
0.378603 0.50253 
0.470848 0.386932 
0.929427 0.183089 
0.492973 0.382443 
0.376738 0.513339 
0.0751386 0.844564 
0.364998 0.534981 
0.406042 0.471202 
0.353116 0.53658 
0.97939 0.0470573 
0.346016 0.546415 
0.486462 0.386932 
0.565419 0.323088 
0.716346 0.239979 
0.757745 0.233369 
0.32283 0.565639 
0.781066 0.233369 
0.7449 0.236567 
0.33327 0.555122 
0.649465 0.273183 
0.402761 0.478664 
0.0809984 0.844065 
0.607201 0.312497 
0.674958 0.269195 
0.308684 0.588862 
0.255506 0.643463 
0.712956 0.240151 
0.247268 0.661949 
0.519329 0.36207 
0.623831 0.288958 
0.298154 0.60141 
0.680291 0.257771 
0.800617 0.229852 
0.701114 0.257771 
0.631512 0.288958 
0.96117 0.114841 
0.389993 0.480425 
0.368393 0.524602 
0.246972 0.670272 
0.446031 0.41838 
0.26025 0.632505 
0.829705 0.201547 
0.296559 0.615137 
0.427537 0.431831 
0.463292 0.407381 
0.38556 0.49088 
0.952845 0.116732 
0.538356 0.333193 
0.580334 0.317631 
0.446031 0.41838 
0.233092 0.701632 
0.27955 0.632505 
0.433267 0.431831 
0.229142 0.710169 
0.425442 0.446223 
0.19338 0.795829 
0.803776 0.224639 
0.961554 0.0914984 
0.645967 0.274554 
0.0522665 0.974688 
0.565419 0.328089 
0.000558924 0.997067 
0.829709 0.200842 
0.786652 0.231123 
0.215004 0.725069 
0.943498 0.145302 
0.499892 0.378682 
0.538356 0.339406 
0.85963 0.198152 
0.0522665 0.974688 
0 1 
0.636057 0.28547 
1 0 
1 0 
