0.992275 0.0147285 
0.732085 0.390836 
0.862369 0.287935 
0.68335 0.426872 
0.671686 0.43365 
0.666517 0.446019 
0.811281 0.318179 
0.894644 0.266735 
0.391442 0.580956 
0.0626726 0.919407 
0.10696 0.831812 
0.763969 0.356339 
0.870585 0.281844 
0.262513 0.62288 
0.249337 0.626713 
0.799566 0.32308 
0.991331 0.0211489 
0.713749 0.391218 
0.982942 0.0764132 
0.75797 0.36685 
0.982794 0.099267 
0.475403 0.554487 
0.457216 0.561557 
0.770457 0.344687 
0.116075 0.782844 
0.107512 0.817923 
0.116075 0.803228 
0.054299 0.980647 
0.291756 0.594347 
0.479236 0.540627 
0.633871 0.463454 
0.6321 0.470773 
0.379955 0.58272 
0.823961 0.306255 
0.0803731 0.881343 
0.848839 0.295896 
0.712127 0.408804 
0.982071 0.105054 
0.879012 0.275967 
0.0709856 0.897686 
0.981994 0.136766 
0.98806 0.0487548 
0.0970153 0.842415 
0.0702713 0.913164 
0.054299 0.980647 
0.301128 0.594347 
0.00854119 0.982095 
0.0883017 0.880898 
0.69801 0.418063 
0.0622001 0.944771 
0.612209 0.471783 
0.607402 0.482118 
0.0106873 0.982095 
0.0936727 0.850854 
0.270003 0.603664 
0.269728 0.606753 
0.0622001 0.944771 
0.969468 0.160599 
0.238615 0.632922 
0.185176 0.648709 
0.194836 0.638396 
0.340181 0.585512 
0.350918 0.585512 
0.206676 0.636208 
0.973768 0.138029 
0.650939 0.447833 
0.22783 0.632941 
0.90564 0.255855 
0.443522 0.562786 
0.986835 0.0606844 
0.494096 0.540084 
0.786755 0.338809 
0.398552 0.570923 
0.73998 0.378882 
0.42195 0.569454 
0.541795 0.526533 
0.842447 0.303707 
0.527817 0.53891 
0.565471 0.518864 
0.181715 0.672083 
0.131666 0.713681 
0.572223 0.518864 
0.505406 0.539001 
0.590546 0.488438 
0.541795 0.53503 
0.969107 0.173776 
0.422895 0.565235 
0.144758 0.68628 
0.14453 0.713432 
0.915503 0.244772 
0.147752 0.680213 
0.582812 0.507152 
0.319011 0.58994 
0.118677 0.764854 
0.935452 0.222133 
0.956498 0.221406 
0 1 
0 1 
1 0 
1 0 
