0.999417 0.0264202 
0.187198 0.694937 
0.140822 0.757827 
0.135493 0.824912 
0.135283 0.847524 
0.135493 0.811215 
0.134821 0.857291 
0.133853 0.885079 
0.135768 0.772419 
0.135565 0.788062 
0.152081 0.71788 
0.144129 0.741236 
0.144379 0.722279 
0.133473 0.911495 
0.133473 0.920293 
0.133853 0.885079 
0.133226 0.947583 
0.198321 0.658892 
0.198321 0.68257 
0.214475 0.658892 
0.646349 0.470527 
0.169238 0.699967 
0.239483 0.656059 
0.225404 0.656856 
0.197673 0.684315 
0.25289 0.653794 
0.13287 0.964216 
0.737321 0.398359 
0.128702 0.976331 
0.74937 0.38424 
0.695724 0.437515 
0.945664 0.248963 
0.746346 0.394051 
0.809446 0.356753 
0.82801 0.344568 
0.706549 0.429757 
0.951492 0.242814 
0.919586 0.267211 
0.819662 0.349549 
0.967097 0.237161 
0.80327 0.359568 
0.933999 0.266759 
0.261694 0.648372 
0.732109 0.399359 
0.845479 0.312458 
0.659828 0.454714 
0.934971 0.259566 
0.678613 0.440266 
0.661542 0.443158 
0.903652 0.281282 
0.162385 0.710023 
0.830515 0.321903 
0.347141 0.584124 
0.894155 0.283113 
0.656228 0.463989 
0.9997 0.00071122 
0.336437 0.597394 
0.272616 0.648372 
0.839855 0.315581 
0.972121 0.22732 
0.708358 0.411872 
0.859201 0.302762 
0.31109 0.631081 
0.433893 0.525262 
0.351422 0.579422 
0.311344 0.627425 
0.993597 0.0282654 
0.869923 0.296705 
0.124475 0.987101 
0.878402 0.295089 
0.633887 0.473753 
0.977509 0.226838 
0.977509 0.226838 
0.338262 0.586617 
0.305082 0.636468 
0.980155 0.226838 
0.351422 0.579422 
0.818695 0.355947 
0.124475 0.987474 
0.47383 0.505002 
0.992546 0.0324445 
0.375652 0.530839 
0.488106 0.496379 
0.75566 0.364795 
0.992546 0.0324445 
0.591814 0.479652 
0.437958 0.507445 
0.80327 0.360065 
0.433893 0.525262 
0.455829 0.505267 
0 1 
0 1 
0 1.01202 
1 0 
1 0 
1 0 
1 0 
1 0 
1 0 
1 0 
