0.994258 0.0352366 
0.995429 0.0187624 
0.00300066 0.991163 
0.120351 0.799863 
0.234723 0.661045 
0.151336 0.77045 
0.144842 0.784242 
0.125711 0.789572 
0.459098 0.529606 
0.258603 0.631657 
0.111941 0.841822 
0.969082 0.223025 
0.187654 0.681842 
0.318043 0.581994 
0.187654 0.684527 
0.164286 0.708784 
0.119356 0.810314 
0.166967 0.686126 
0.246683 0.634825 
0.104184 0.858096 
0.338683 0.574391 
0.41408 0.551724 
0.226631 0.663055 
0.967343 0.236722 
0.118417 0.841822 
0.103629 0.864033 
0.379621 0.574278 
0.689454 0.343209 
0.644682 0.349025 
0.66041 0.345561 
0.140046 0.786562 
0.219288 0.675442 
0.563034 0.390406 
0.161449 0.709688 
0.584709 0.374942 
0.625121 0.354146 
0.625121 0.359791 
0.563034 0.390406 
0.321038 0.574989 
0.312393 0.591477 
0.531818 0.408002 
0.354996 0.574391 
0.240976 0.651545 
0.708146 0.3329 
0.379621 0.574278 
0.158958 0.752054 
0.531818 0.408002 
0.402344 0.556263 
0.00517728 0.980274 
0.0358884 0.980274 
0.738623 0.305708 
0.27742 0.598981 
0.54385 0.398024 
0.760887 0.303993 
0.735768 0.318915 
0.158958 0.752054 
0.486797 0.43017 
0.402344 0.564432 
0.597572 0.369709 
0.98866 0.0575893 
0.264937 0.59905 
0.292427 0.591633 
0.994119 0.0404884 
0.506373 0.419639 
0.591333 0.369782 
0.482291 0.438719 
0.946185 0.241538 
0.471607 0.519307 
0.494674 0.424665 
0.946892 0.241538 
0.470985 0.526485 
0.4428 0.53452 
0.782978 0.280776 
0.911542 0.252038 
0.242828 0.645811 
0.984866 0.0699222 
0.154373 0.766092 
0.699603 0.337625 
0.785123 0.278946 
0.814563 0.26955 
0.980427 0.222812 
0.097736 0.86907 
0.985354 0.0699222 
0.219288 0.675442 
0.418434 0.538662 
0.764704 0.292447 
0.000141963 0.99909 
0.983607 0.166961 
0.258603 0.631657 
0.663036 0.343691 
0.0389627 0.979707 
0.824267 0.257246 
0.482291 0.438719 
0 1 
0 1 
1 0 
1 0 
1 0 
1 0 
1 0 
