0.981159 0.0486843 
0.971448 0.10659 
0.965286 0.144139 
0.967722 0.119809 
0.983145 0.0398629 
0.992698 0.0139749 
0.280854 0.551915 
0.290407 0.531027 
0.243264 0.587972 
0.274825 0.557855 
0.256621 0.571312 
0.973314 0.081023 
0.25059 0.57953 
0.27066 0.565283 
0.228259 0.609614 
0.218536 0.628699 
0.407589 0.419307 
0.988787 0.0269404 
0.232723 0.596895 
0.324565 0.484761 
0.521403 0.325364 
0.425985 0.39205 
0.468853 0.357295 
0.30382 0.513128 
0.410533 0.406165 
0.219953 0.621 
0.453111 0.366683 
0.319892 0.492919 
0.826961 0.186675 
0.846711 0.18427 
0.961328 0.148661 
0.441963 0.375218 
0.528414 0.315417 
0.459369 0.364313 
0.119407 0.72208 
0.123426 0.703432 
0.901907 0.16416 
0.979851 0.0669312 
0.487938 0.341341 
0.569578 0.293454 
0.622468 0.272507 
0.34764 0.453113 
0.414931 0.394512 
0.858561 0.173434 
0.357491 0.445006 
0.135619 0.703252 
0.769147 0.212045 
0.203227 0.642916 
0.50884 0.329655 
0.65906 0.253185 
0.203991 0.642916 
0.504739 0.338552 
0.34751 0.467103 
0.328714 0.472302 
0.92709 0.15479 
0.92709 0.15479 
0.601104 0.273938 
0.648265 0.258038 
0.374138 0.425468 
0.634918 0.262471 
0.43058 0.385192 
0.149127 0.702672 
0.56634 0.295712 
0.584055 0.290712 
0.3899 0.422534 
0.480971 0.354317 
0.364606 0.434454 
0.896273 0.16953 
0.295387 0.518111 
0.821147 0.190325 
0.759689 0.218067 
0.781763 0.206913 
0.31223 0.506905 
0.286002 0.541143 
0.684942 0.238253 
0.722229 0.224441 
0.18041 0.684011 
0.542545 0.304348 
0.168959 0.702672 
0.538918 0.311219 
0.336193 0.470581 
0.586046 0.279399 
0.69419 0.233051 
0.119528 0.719593 
0.621849 0.2735 
0.739251 0.221332 
0.666073 0.244403 
0.18041 0.684599 
0.19903 0.68164 
0.0891112 0.759283 
0.79146 0.192279 
0.201076 0.661909 
0.0891112 0.759283 
0 1 
0 1 
1 0 
1 0 
1 0 
1 0 
1 0 
