0.107438 0.792822 
0.100572 0.799307 
0.866776 0.131728 
0.786717 0.156577 
0.970871 0.110846 
0.45229 0.419822 
0.69138 0.222509 
0.474094 0.405179 
0.562587 0.325008 
0.488525 0.38348 
0.975103 0.0885139 
0.524522 0.356781 
0.420754 0.441153 
0.799972 0.148434 
0.658205 0.249145 
0.852984 0.131927 
0.924378 0.117146 
0.08933 0.82617 
0.437652 0.430857 
0.479234 0.393293 
0.816188 0.146797 
0.89856 0.118986 
0.377676 0.458863 
0.876247 0.126548 
0.116081 0.785674 
0.924519 0.116685 
0.413829 0.451993 
0.952671 0.112532 
0.372487 0.470531 
0.385775 0.456642 
0.674571 0.22801 
0.675815 0.224284 
0.239044 0.62746 
0.295245 0.538527 
0.224164 0.642026 
0.568922 0.309494 
0.826464 0.141265 
0.711083 0.207833 
0.239044 0.62746 
0.591133 0.291975 
0.253206 0.596596 
0.719915 0.194495 
0.793726 0.149955 
0.993895 0.0282446 
0.361218 0.486437 
0.54664 0.325768 
0.633904 0.253676 
0.198487 0.672657 
0.782228 0.166521 
0.0941604 0.818294 
0.576653 0.30275 
0.624106 0.263897 
0.636545 0.250762 
0.00820803 0.994669 
0.216624 0.643849 
0.208007 0.672657 
0.135422 0.785371 
0.952671 0.112532 
0.772172 0.166668 
0.506589 0.368846 
0.509327 0.356938 
0.601664 0.277321 
0.719223 0.204495 
0.267569 0.59386 
0.537969 0.337784 
0.876581 0.119253 
0.755686 0.168969 
0.583077 0.295563 
0.982706 0.0359133 
0.745086 0.179503 
0.136171 0.785368 
0.702221 0.213798 
0.75095 0.177199 
0.494925 0.37871 
0.278337 0.578182 
0.342666 0.489453 
0.300164 0.53282 
0.976752 0.0700632 
0.97941 0.0524892 
0.662587 0.239126 
0.0184612 0.985906 
0.137323 0.719254 
0.612099 0.270912 
0.338138 0.519175 
0.341651 0.494677 
0.456203 0.409578 
0.529393 0.344193 
0.139419 0.699536 
0.443831 0.420152 
0.278337 0.578182 
0.284944 0.539098 
0.0193454 0.985109 
0.198265 0.684885 
0.413829 0.451993 
0.0887328 0.849339 
0.0887328 0.849339 
0 1 
0 1 
1 0 
1 0 
