0.0232967 0.87857 
0.0205027 0.897746 
0.0384662 0.874493 
0.0198179 0.918231 
0.420921 0.457687 
0.117105 0.726687 
0.043467 0.852766 
0.11527 0.745107 
0.0198175 0.940693 
0.0511215 0.832876 
0.0198175 0.958746 
0.744531 0.218779 
0.508349 0.356716 
0.363155 0.511918 
0.666192 0.268892 
0.821476 0.164122 
0.735161 0.227259 
0.430696 0.418038 
0.0582463 0.817137 
0.611147 0.291461 
0.18938 0.657472 
0.140981 0.681735 
0.678268 0.253179 
0.372897 0.495251 
0.104277 0.754834 
0.313786 0.536476 
0.0439548 0.837855 
0.339214 0.528568 
0.837426 0.156138 
0.588709 0.301334 
0.34771 0.52174 
0.587317 0.308126 
0.156082 0.678897 
0.751474 0.20721 
0.811564 0.174331 
0.1278 0.711792 
0.765923 0.205178 
0.668991 0.261785 
0.637382 0.286225 
0.137738 0.707852 
0.0144652 0.974558 
0.839409 0.146734 
0.439678 0.408994 
0.640664 0.269126 
0.700145 0.242233 
0.688084 0.242637 
0.774049 0.202134 
0.85959 0.141574 
0.878977 0.139145 
0.852012 0.145154 
0.540665 0.337515 
0.881636 0.134255 
0.992939 0.013573 
0.46123 0.387003 
0.712658 0.234871 
0.20849 0.640289 
0.246026 0.587377 
0.247484 0.577237 
0.724511 0.23352 
0.992526 0.0373043 
0.46123 0.406657 
0.169067 0.675209 
0.494706 0.367828 
0.429179 0.440321 
0.0142881 0.982982 
0.06413 0.809052 
0.173693 0.670143 
0.237009 0.603823 
0.357237 0.517179 
0.916139 0.118764 
0.575369 0.325804 
0.577908 0.317799 
0.21829 0.636474 
0.233774 0.615861 
0.313756 0.538769 
0.548067 0.330631 
0.410612 0.45976 
0.934822 0.118764 
0.19352 0.649111 
0.781563 0.175651 
0.522577 0.352548 
0.794246 0.17437 
0.537126 0.351551 
0.632551 0.28838 
0.9372 0.0993764 
0.389948 0.461357 
0.372897 0.495251 
0.992133 0.0590054 
0.611147 0.291461 
0.892845 0.127139 
0.0679431 0.770963 
0.0839493 0.758882 
0.475812 0.382178 
0.992133 0.0839277 
0 1 
0 1 
0.26475 0.560977 
1 0 
1 0 
1 0 
