0.995539 0.00637295 
0.969929 0.0277783 
0.85096 0.19164 
0.958834 0.0377548 
0.360068 0.525593 
0.363679 0.519058 
0.392217 0.511223 
0.976436 0.0232115 
0.876131 0.155097 
0.928996 0.0775 
0.392222 0.501622 
0.0633122 0.834349 
0.896397 0.116907 
0.353567 0.534008 
0.953197 0.044082 
0.397538 0.490325 
0.859211 0.185182 
0.946791 0.0490584 
0.983936 0.0197906 
0.580086 0.302402 
0.591866 0.298309 
0.98684 0.0126615 
0.438479 0.43602 
0.518626 0.365861 
0.341287 0.56737 
0.343575 0.54538 
0.922831 0.0835997 
0.965003 0.0332897 
0.264922 0.580376 
0.478965 0.402038 
0.915035 0.0952882 
0.90167 0.108181 
0.885708 0.134136 
0.569475 0.318914 
0.419448 0.452782 
0.933953 0.0719713 
0.438479 0.43602 
0.505158 0.387012 
0.893445 0.128053 
0.454161 0.419926 
0.551067 0.326403 
0.412654 0.485686 
0.860635 0.169856 
0.867412 0.158483 
0.454161 0.419926 
0.524927 0.350715 
0.271483 0.578083 
0.604006 0.281134 
0.907868 0.0999639 
0.416271 0.482853 
0.326252 0.567715 
0.941471 0.0531887 
0.3847 0.512909 
0.402751 0.488023 
0.577885 0.30588 
0.50488 0.398353 
0.690461 0.23004 
0.342651 0.562974 
0.744031 0.198032 
0.688533 0.240148 
0.64295 0.251093 
0.509221 0.370275 
0.548918 0.342415 
0.814717 0.19487 
0.770438 0.198032 
0.770438 0.198032 
0.615237 0.274783 
0.814717 0.19487 
0.729597 0.225805 
0.655461 0.245325 
0.0649416 0.822598 
0.0680879 0.815401 
0.881408 0.150565 
0.260899 0.592637 
0.0820833 0.787801 
0.630312 0.274783 
0.47384 0.415242 
0.0820833 0.789749 
0.0632366 0.862729 
0.374668 0.51854 
0.917902 0.0902835 
0.713422 0.226028 
0.0821799 0.732241 
0.286951 0.578083 
0.224042 0.636099 
0.419448 0.452782 
0.218678 0.670178 
0.260501 0.611745 
0.940534 0.0637497 
0.0826767 0.729353 
0.525901 0.346236 
0.0632366 0.872422 
0.220148 0.636126 
0.732867 0.225805 
0.218542 0.684432 
0 1 
0 1.00707 
0.739373 0.213721 
1 0 
1 0 
