0.995652 0.00629251 
0.967754 0.066881 
0.977899 0.0436081 
0.935754 0.179814 
0.963295 0.0864054 
0.271187 0.553921 
0.242884 0.588391 
0.277551 0.547641 
0.952589 0.106053 
0.260005 0.562731 
0.287586 0.543923 
0.231705 0.590692 
0.345617 0.504588 
0.538547 0.401477 
0.971205 0.0569104 
0.534155 0.402407 
0.676651 0.351241 
0.245782 0.581465 
0.0110269 0.926637 
0.940577 0.165814 
0.0108262 0.953011 
0.384384 0.481451 
0.0108262 0.953011 
0.139988 0.710358 
0.303319 0.543923 
0.963295 0.102359 
0.354459 0.499918 
0.888251 0.247411 
0.21861 0.620808 
0.226158 0.610731 
0.682678 0.349202 
0.14079 0.694786 
0.654484 0.355873 
0.313423 0.532315 
0.755437 0.326587 
0.0950699 0.7524 
0.755437 0.326587 
0.874536 0.27501 
0.824896 0.292688 
0.592679 0.382471 
0.37021 0.48856 
0.0234118 0.924257 
0.378149 0.486916 
0.849409 0.285341 
0.313423 0.532315 
0.727817 0.330934 
0.841359 0.290585 
0.18613 0.631961 
0.447575 0.448317 
0.43583 0.452884 
0.477109 0.419577 
0.147903 0.683468 
0.467817 0.427878 
0.987347 0.014302 
0.615585 0.365707 
0.654484 0.355873 
0.421929 0.456826 
0.779155 0.314993 
0.413305 0.460638 
0.36629 0.498082 
0.60116 0.378451 
0.779155 0.314993 
0.703699 0.339838 
0.608497 0.37732 
0.933338 0.189679 
0.0973422 0.743608 
0.463143 0.431472 
0.548955 0.389878 
0.700561 0.347455 
0.903047 0.211951 
0.161555 0.676677 
0.163616 0.672419 
0.884898 0.268534 
0.337043 0.512029 
0.134904 0.72917 
0.813275 0.296275 
0.509566 0.41094 
0.187519 0.631961 
0.804506 0.313996 
0.917105 0.211951 
0.00259638 0.990035 
0.505645 0.416046 
0.7148 0.338805 
0.627457 0.36255 
0.322574 0.51933 
0.0335634 0.92424 
0.564257 0.384622 
0.399653 0.471559 
0.0948031 0.772837 
0.732052 0.328328 
0.0642328 0.92424 
0.207877 0.631961 
0.946186 0.121601 
0.450141 0.442139 
0.0642328 0.92424 
0.0948031 0.830312 
0.946186 0.121601 
0 1 
1 0 
1 0 
