0.00902662 0.952351 
0.000855371 0.996442 
0.0294832 0.886576 
0.0355589 0.870817 
0.0198252 0.895173 
0.0178457 0.907787 
0.129159 0.755886 
0.0414328 0.865006 
0.105194 0.781452 
0.284517 0.665089 
0.254026 0.676492 
0.35122 0.590932 
0.345356 0.596716 
0.0468284 0.853607 
0.284418 0.67345 
0.434237 0.551947 
0.363117 0.577367 
0.121399 0.765229 
0.169748 0.709235 
0.157095 0.7128 
0.230401 0.686166 
0.457698 0.536794 
0.36648 0.575711 
0.412847 0.552879 
0.999697 0.0005946 
0.999697 0.0305538 
0.999697 0.0311638 
0.394933 0.55802 
0.218105 0.693018 
0.211155 0.698547 
0.00690068 0.972647 
0.133742 0.738545 
0.328854 0.598173 
0.0846792 0.782481 
0.183005 0.703323 
0.0726645 0.804505 
0.240769 0.679114 
0.851844 0.133804 
0.143378 0.719095 
0.00902662 0.952351 
0.015053 0.924543 
0.047335 0.824371 
0.111018 0.768948 
0.727612 0.236944 
0.726141 0.2402 
0.438723 0.537032 
0.726141 0.268137 
0.471945 0.512965 
0.382877 0.572028 
0.535612 0.48881 
0.058995 0.823745 
0.391759 0.565054 
0.00619107 0.972647 
0.531025 0.50036 
0.730709 0.220832 
0.717722 0.275683 
0.811986 0.189135 
0.851844 0.148737 
0.994048 0.0505387 
0.0144147 0.925328 
0.0591204 0.810001 
0.746797 0.213038 
0.994048 0.0505387 
0.493084 0.501775 
0.844132 0.189134 
0.719098 0.275295 
0.856428 0.129512 
0.851844 0.148737 
0.597984 0.359263 
0.71589 0.33275 
0.811444 0.189485 
0.749944 0.211895 
0.496582 0.501775 
0.105285 0.776199 
0.550762 0.483829 
0.63565 0.358628 
0.936522 0.0977807 
0.465322 0.521979 
0.994048 0.065199 
0.302579 0.602401 
0.858491 0.122519 
0.986904 0.066274 
0.289579 0.6443 
0.289012 0.644487 
0.656621 0.357936 
0.63565 0.358628 
0.71589 0.33275 
0.936522 0.0977807 
0.597931 0.369139 
0.563706 0.428271 
0.596558 0.413513 
0.844132 0.189134 
0.89056 0.12233 
0.986904 0.066274 
0.07521 0.788046 
0.656621 0.357936 
0 1 
1 0 
1 0 
1 0 
