0.110298 0.752162 
0.123159 0.737303 
0.167259 0.721981 
0.0694042 0.827729 
0.121349 0.748736 
0.15041 0.730977 
0.098118 0.76584 
0.080458 0.812703 
0.861544 0.140953 
0.096585 0.773827 
0.096585 0.797966 
0.145752 0.734662 
0.0917703 0.806078 
0.108962 0.7609 
0.21676 0.651879 
0.211273 0.660805 
0.222654 0.632014 
0.181426 0.714999 
0.0688339 0.845369 
0.194374 0.684779 
0.196947 0.662449 
0.843996 0.165698 
0.049318 0.853912 
0.870301 0.133872 
0.833643 0.169947 
0.808602 0.189827 
0.181426 0.714999 
0.196918 0.681065 
0.828551 0.177172 
0.223843 0.626949 
0.93364 0.0524356 
0.957989 0.0329004 
0.798932 0.199042 
0.89402 0.0955805 
0.232858 0.617847 
0.993264 0.00648142 
0.560562 0.395478 
0.916966 0.0771044 
0.814977 0.181971 
0.929168 0.0590176 
0.922613 0.0679393 
0.406044 0.491217 
0.440372 0.453772 
0.945783 0.0467896 
0.851893 0.147366 
0.845476 0.16122 
0.973561 0.0251271 
0.788813 0.199194 
0.610188 0.340392 
0.698348 0.267067 
0.902482 0.0793797 
0.969347 0.0304061 
0.98115 0.0203063 
0.640957 0.319753 
0.439144 0.484275 
0.48256 0.405549 
0.982544 0.0128642 
0.236258 0.595919 
0.878202 0.113523 
0.280316 0.580825 
0.4935 0.399091 
0.710098 0.254563 
0.59647 0.353779 
0.398814 0.49285 
0.236258 0.615702 
0.610188 0.340392 
0.63357 0.334863 
0.578945 0.395466 
0.0434025 0.863306 
0.482188 0.42428 
0.280316 0.580825 
0.333017 0.496814 
0.882513 0.105833 
0.30786 0.547209 
0.761199 0.204895 
0.718892 0.242776 
0.449879 0.444743 
0.472835 0.444743 
0.751952 0.228188 
0.873496 0.116177 
0.511184 0.398847 
0.561977 0.395478 
0.511184 0.398847 
0.718892 0.242776 
0.332899 0.506635 
0.681461 0.277223 
0.30786 0.548808 
0.323549 0.508758 
0.663534 0.311679 
0.0434025 0.885973 
0.593405 0.364041 
0.696367 0.274662 
0 1 
0.0434025 0.894696 
0.339553 0.496487 
0 1 
1 0 
1 0 
1 0 
1 0 
