0.997082 0.0173394 
0.993596 0.027723 
0.424657 0.414539 
0.436864 0.414539 
0.169115 0.715117 
0.248949 0.604893 
0.31291 0.511574 
0.445496 0.41096 
0.280984 0.58163 
0.165169 0.722029 
0.703994 0.259885 
0.968978 0.182529 
0.483068 0.370574 
0.604675 0.305767 
0.583961 0.31035 
0.371362 0.4498 
0.629372 0.289921 
0.212025 0.656022 
0.813243 0.218517 
0.526699 0.343682 
0.404879 0.429381 
0.763221 0.239071 
0.841838 0.217424 
0.797899 0.233919 
0.391667 0.431936 
0.459671 0.389988 
0.763221 0.239071 
0.307756 0.52138 
0.332731 0.474453 
0.685912 0.267512 
0.368602 0.466179 
0.271215 0.585141 
0.260467 0.592809 
0.848207 0.212442 
0.669587 0.273411 
0.29683 0.523096 
0.856984 0.202747 
0.515607 0.348283 
0.903383 0.201091 
0.254976 0.603307 
0.570922 0.323625 
0.577624 0.311724 
0.539073 0.342975 
0.990874 0.0362032 
0.862698 0.202664 
0.60119 0.309698 
0.549273 0.325445 
0.492726 0.368638 
0.990874 0.0496196 
0.283088 0.547463 
0.177878 0.672314 
0.988939 0.0587953 
0.418275 0.425046 
0.448822 0.396774 
0.165132 0.751086 
0.467308 0.384468 
0.200241 0.668298 
0.783497 0.23408 
0.094728 0.812427 
0.174598 0.713247 
0.287071 0.542891 
0.734499 0.241761 
0.215571 0.616562 
0.344053 0.474453 
0.917619 0.183365 
0.881091 0.201484 
0.988939 0.0691567 
0.495019 0.358191 
0.45487 0.389999 
0.933381 0.183365 
0.355657 0.474453 
0.138517 0.812286 
0.799088 0.230124 
0.618912 0.296342 
0.653788 0.281642 
0.974896 0.182406 
0.988717 0.0996558 
0.17461 0.695259 
0.614908 0.301666 
0.00586537 0.991827 
0.318811 0.509225 
0.750221 0.241711 
0.17549 0.675681 
0.636929 0.284131 
0.212025 0.656022 
0.812311 0.230066 
0.709233 0.250943 
0.391667 0.431936 
0.0889032 0.817767 
0.0867795 0.823221 
0.215571 0.620761 
0.999698 0.000566348 
0.161627 0.760137 
3.94889e-06 0.999667 
0.00924471 0.989425 
0.988049 0.108113 
0.0958438 0.812333 
0 1 
1 0 
1 0 
