0.990701 0.0207704 
0.983209 0.0964304 
0.985742 0.0814916 
0.035235 0.925332 
0.130192 0.750704 
0.0516433 0.884548 
0.0551587 0.881946 
0.0020211 0.99456 
0.402383 0.460675 
0.366703 0.467118 
0.321068 0.514153 
0.0132889 0.969795 
0.291273 0.55676 
0.0206386 0.933732 
0.0132889 0.969795 
0.0204984 0.946627 
0.167187 0.659059 
0.363039 0.481809 
0.999776 0.00853813 
0.11745 0.764729 
0.293862 0.550019 
0.0424145 0.90886 
0.106924 0.80608 
0.106502 0.814234 
0.333136 0.508889 
0.303918 0.522992 
0.303918 0.530465 
0.987655 0.045004 
0.357339 0.497883 
0.106442 0.838615 
0.216398 0.5966 
0.139181 0.734107 
0.350576 0.50467 
0.0424145 0.90886 
0.096779 0.878123 
0.983101 0.123893 
0.987655 0.0517492 
0.164289 0.680232 
0.212991 0.616835 
0.127429 0.757919 
0.0990422 0.850174 
0.274785 0.565645 
0.548584 0.371884 
0.0974346 0.862681 
0.164289 0.689641 
0.38951 0.467118 
0.158025 0.719179 
0.647927 0.306164 
0.188995 0.638747 
0.22948 0.595336 
0.0735878 0.878365 
0.975143 0.144696 
0.18054 0.6571 
0.542528 0.372981 
0.568936 0.342675 
0.576872 0.342245 
0.655177 0.24769 
0.465564 0.410149 
0.264687 0.574358 
0.235907 0.59241 
0.449176 0.425889 
0.417678 0.446715 
0.11745 0.789464 
0.465564 0.410149 
0.594444 0.337821 
0.552487 0.346585 
0.412903 0.448822 
0.983101 0.123893 
0.674753 0.236531 
0.732061 0.214363 
0.248891 0.575538 
0.749029 0.208966 
0.751599 0.208899 
0.205525 0.63627 
0.677411 0.236531 
0.449176 0.425889 
0.729791 0.235861 
0.65359 0.258954 
0.147692 0.721707 
0.436111 0.435366 
0.269516 0.568329 
0.819322 0.163185 
0.632139 0.30709 
0.819322 0.163185 
0.650123 0.305681 
0.466864 0.392151 
0.712446 0.236531 
0.390823 0.467118 
0.511788 0.385891 
0.812696 0.190431 
0.8313 0.153737 
0.828174 0.154283 
0.812684 0.190431 
0.975143 0.144696 
0.632139 0.30709 
0.11745 0.789464 
0 1 
0.604556 0.328036 
1 0 
1 0 
