0.987602 0.0726598 
0.956021 0.141122 
0.00547968 0.994136 
0.241295 0.613485 
0.0971516 0.784822 
0.590654 0.298433 
0.447359 0.394328 
0.23289 0.619015 
0.115891 0.762201 
0.0869251 0.791699 
0.296052 0.535423 
0.735533 0.219071 
0.40717 0.428797 
0.844505 0.178033 
0.0218816 0.962203 
0.244808 0.592245 
0.0305145 0.93857 
0.685519 0.251081 
0.331801 0.487445 
0.0300072 0.961247 
0.851889 0.176312 
0.831277 0.184018 
0.16366 0.697664 
0.102676 0.769779 
0.35031 0.463966 
0.8918 0.162264 
0.223086 0.630461 
0.149714 0.698003 
0.435899 0.406139 
0.944977 0.147682 
0.379412 0.448537 
0.991027 0.0540926 
0.506296 0.348593 
0.281825 0.539952 
0.977519 0.0734514 
0.941954 0.159687 
0.694436 0.232915 
0.529184 0.332773 
0.57429 0.311994 
0.45681 0.381077 
0.915308 0.162264 
0.877505 0.172119 
0.36726 0.455937 
0.711852 0.232225 
0.718871 0.222269 
0.419528 0.409513 
0.915308 0.162264 
0.32356 0.500613 
0.581341 0.308284 
0.0435602 0.931812 
0.268452 0.558046 
0.999909 8.18171e-05 
0.994535 0.0280171 
0.498069 0.358116 
0.599066 0.289858 
0.141224 0.713582 
0.383859 0.448346 
0.392907 0.433231 
0.621726 0.285537 
0.975383 0.0905407 
0.0191278 0.981969 
0.486794 0.371926 
0.469196 0.378993 
0.128162 0.753534 
0.566336 0.318205 
0.816182 0.189902 
0.968308 0.135846 
0.13485 0.750073 
0.975383 0.104822 
0.251698 0.591735 
0.541617 0.331164 
0.626126 0.277066 
0.344065 0.480068 
0.412631 0.424453 
0.554978 0.322997 
0.607002 0.288165 
0.485597 0.377802 
0.51446 0.342755 
0.182491 0.678303 
0.138042 0.734789 
0.354896 0.463928 
0.786992 0.195621 
0.262608 0.561993 
0.772625 0.204367 
0.197345 0.635411 
0.667505 0.255194 
0.300992 0.515888 
0.80331 0.194256 
0.741361 0.21352 
0.877505 0.172119 
0.994535 0.0371994 
0.635206 0.262211 
0.185283 0.678034 
0.189632 0.665237 
0.08565 0.809766 
0.0565245 0.931347 
0.0197003 0.980258 
0 1 
0 1.1769 
1 0 
