0.996803 0.00937463 
0.992769 0.0260497 
0.985473 0.0424435 
0.973016 0.102625 
0.981238 0.0497905 
0.828214 0.186463 
0.480255 0.413154 
0.801108 0.19568 
0.761284 0.217894 
0.848185 0.17166 
0.811868 0.18931 
0.587364 0.337449 
0.786117 0.197035 
0.65303 0.285472 
0.835003 0.177412 
0.642071 0.302975 
0.369499 0.493868 
0.96687 0.133877 
0.733 0.228358 
0.661678 0.280538 
0.745011 0.223472 
0.339994 0.530931 
0.425213 0.454533 
0.437403 0.44878 
0.509385 0.397455 
0.411076 0.456338 
0.764156 0.214939 
0.616954 0.32002 
0.683941 0.261047 
0.279808 0.565845 
0.462052 0.427845 
0.960555 0.136462 
0.596693 0.327689 
0.973939 0.0549518 
0.545751 0.371293 
0.467729 0.419598 
0.492233 0.405907 
0.242709 0.608457 
0.221499 0.608513 
0.272327 0.57151 
0.629801 0.304655 
0.973939 0.0863698 
0.450789 0.432371 
0.944194 0.138988 
0.24628 0.588836 
0.910017 0.143898 
0.970058 0.112641 
0.55169 0.365804 
0.21617 0.625035 
0.40585 0.464597 
0.621804 0.310952 
0.112758 0.718001 
0.893416 0.149535 
0.579284 0.344322 
0.889146 0.152522 
0.872044 0.154425 
0.443091 0.441336 
0.516431 0.391929 
0.693427 0.256815 
0.710062 0.248788 
0.719607 0.242175 
0.497647 0.401427 
0.675806 0.267061 
0.927627 0.141868 
0.52254 0.38243 
0.862669 0.169221 
0.307296 0.534386 
0.305634 0.547174 
0.208829 0.672944 
0.55992 0.358633 
0.72451 0.233423 
0.70412 0.252026 
0.78316 0.208367 
0.299869 0.562328 
0.567145 0.351018 
0.383923 0.481373 
0.216084 0.635331 
0.340846 0.494734 
0.535171 0.380223 
0.380006 0.492333 
0.0972272 0.774614 
0.40075 0.478418 
0.20804 0.688869 
0.0972896 0.774103 
0.20804 0.696914 
0.112758 0.748026 
0.0965581 0.812214 
0.604636 0.326242 
0.64369 0.289419 
0.114305 0.715115 
0.0965575 0.818925 
0.112534 0.763492 
0.0965565 0.894865 
0.0965565 0.905844 
0.58835 0.337412 
0 1 
0 1.01335 
1 0 
1 0 
1 0 
