0.0196925 0.988409 
0.0303019 0.98322 
0.00459993 0.989972 
0.958875 0.162283 
0.957713 0.186392 
0.967673 0.159041 
0.985455 0.0992927 
0.988656 0.0816161 
0.993754 0.0492017 
0.0690354 0.933219 
0.0685854 0.960224 
0.989998 0.0560388 
0.0691611 0.904276 
0.0690354 0.933219 
0.0673384 0.966954 
0.981428 0.106465 
0.156225 0.6954 
0.981428 0.141487 
0.341915 0.528676 
0.240045 0.589573 
0.304999 0.561532 
0.240793 0.589387 
0.266282 0.589387 
0.285441 0.569774 
0.285441 0.569774 
0.266282 0.589387 
0.161761 0.684514 
0.397389 0.467421 
0.378706 0.504456 
0.170101 0.672352 
0.608458 0.299433 
0.170183 0.672352 
0.35513 0.524325 
0.399788 0.455129 
0.361401 0.513081 
0.977958 0.144928 
0.4162 0.427071 
0.738432 0.249908 
0.380434 0.500991 
0.116365 0.749402 
0.203982 0.64138 
0.535156 0.370036 
0.466276 0.409176 
0.413745 0.437317 
0.717595 0.260889 
0.502073 0.375228 
0.393608 0.49532 
0.112396 0.771853 
0.608458 0.299433 
0.0801843 0.866542 
0.208134 0.614584 
0.454086 0.426068 
0.112396 0.771853 
0.109679 0.833703 
0.630077 0.286062 
0.0801843 0.866542 
0.717595 0.264451 
0.691381 0.266728 
0.742831 0.245109 
0.691381 0.266728 
0.507846 0.375228 
0.56389 0.340004 
0.394183 0.478906 
0.662996 0.273868 
0.662996 0.273868 
0.756283 0.237649 
0.756283 0.237649 
0.467777 0.400899 
0.56389 0.340004 
0.536368 0.359189 
0.786407 0.232261 
0.450033 0.427071 
0.0694343 0.896724 
0.581866 0.313982 
0.998756 0.0318842 
0.641196 0.285374 
0.0422704 0.98145 
0.581866 0.313982 
0.131596 0.725799 
0.116365 0.749694 
0.106923 0.8578 
0.786407 0.233865 
0.19019 0.642963 
0.309595 0.534943 
0.306246 0.542031 
0.484184 0.382206 
0.545111 0.359107 
0.213881 0.611216 
0.341915 0.530629 
0.109679 0.833703 
0.152862 0.722644 
0.0538862 0.980815 
0.951444 0.197414 
0.855048 0.207852 
0 1 
0 1 
1 0 
1 0 
1 0 
1 0 
