0 3.73109 
0.998665 1.80078 
0.858063 1.94182 
0.383301 2.53521 
0.65625 2.16631 
0.281982 2.70537 
0.210571 2.84472 
0.0898453 3.15219 
0.834625 1.96642 
0.678223 2.14033 
0.457642 2.42438 
0.0142908 3.50018 
0.820924 1.98115 
0.80127 2.00204 
0.240723 2.78338 
0.9375 1.86083 
0.633301 2.19392 
0.691544 2.12479 
0.356026 2.57855 
0.709595 2.10396 
0.722656 2.08905 
0.529312 2.32578 
0.00201571 3.64437 
0.608041 2.22489 
0.951791 1.84662 
0.886719 1.91218 
0.0352936 3.36821 
0.138361 3.0126 
0.225221 2.8144 
0.15625 2.96756 
0.625 2.20403 
0.397003 2.51402 
0.740723 2.06867 
0.769547 2.03661 
0.543457 2.30712 
0.350098 2.58818 
0.03125 3.38963 
0.105957 3.10234 
0.00978088 3.54006 
0.297363 2.67784 
0.263315 2.73991 
0.188232 2.89305 
0.51429 2.34586 
0.443359 2.44493 
0.0551758 3.29096 
0.3125 2.65129 
0.0742226 3.20485 
0.0665283 3.23287 
0.475229 2.39951 
0.0783081 3.19056 
0.0625 3.25261 
0.748535 2.05991 
0.40625 2.49993 
0.917984 1.88039 
0.553253 2.29435 
0.561165 2.28416 
0.043457 3.32842 
0.570801 2.27174 
0.334474 2.61397 
0.3014 2.67064 
0.785774 2.01884 
0.126953 3.04286 
0.0200195 3.45779 
0.100281 3.11941 
0.168457 2.93829 
0.992676 1.81731 
0.125 3.04817 
0.597656 2.2378 
0.332033 2.61813 
0.887451 1.91143 
0.966812 1.83203 
0.263245 2.74004 
0.903809 1.89474 
0.250611 2.76411 
0.00592196 3.58245 
0.136719 3.01687 
0.320313 2.63788 
0.000611305 3.68333 
0.00439453 3.60304 
0.0509033 3.29529 
0.787781 2.01666 
0.0435877 3.32782 
0.115906 3.07348 
0.507813 2.35461 
0.0253907 3.4233 
0.115234 3.07539 
0.0200196 3.45779 
0.0253906 3.4233 
1.52588e-05 3.72355 
0.490723 2.37912 
0.425781 2.47068 
0.591798 2.24527 
0.176399 2.92143 
0.578615 2.26179 
0.903931 1.89462 
0.426399 2.46977 
0.917984 1.88039 
0.413751 2.48862 
0.000488281 3.68841 
0.437988 2.45274 
