0 3.7548 
0.999466 1.81759 
0.102539 3.13431 
0.329102 2.64318 
0.184616 2.92222 
0.43111 2.48305 
0.21875 2.84851 
0.381836 2.55742 
0.306107 2.68272 
0.163208 2.97199 
0.480469 2.41165 
0.204102 2.8794 
0.40625 2.52029 
0.670898 2.16764 
0.0175781 3.4979 
0.934616 1.88149 
0.861343 1.95642 
0.34375 2.61871 
0.0117188 3.54504 
0.144531 3.01813 
0.886169 1.93072 
0.954102 1.86207 
0.119141 3.08596 
0.296875 2.69901 
0.0644531 3.26286 
0.0795479 3.20828 
0.402542 2.52546 
0.355469 2.5995 
0.0713349 3.23726 
0.507263 2.3747 
0.0273438 3.43438 
0.657349 2.184 
0.82074 1.99932 
0.532242 2.34114 
0.00726318 3.58966 
0.567429 2.29515 
0.644531 2.19914 
0.444336 2.46314 
0.96582 1.85048 
0.0873604 3.18207 
0.626343 2.22125 
0.875 1.94222 
0.236328 2.81338 
0.03125 3.41226 
0.0478516 3.33092 
0.5 2.38462 
0.454102 2.44902 
0.25 2.78594 
0.594849 2.2603 
0.131836 3.05123 
0.587204 2.26994 
0.0449219 3.3441 
0.545898 2.32311 
0.74614 2.081 
0.766602 2.05821 
0.90625 1.91014 
0.727539 2.102 
0.839844 1.97901 
0.688599 2.14684 
0.843216 1.97545 
0.708054 2.12429 
0.69043 2.14472 
0.796875 2.02503 
0.269043 2.74971 
0.8125 2.00816 
0.608444 2.24332 
0.152542 2.99807 
0.743607 2.08385 
0.00141907 3.68181 
0.282673 2.72593 
0.708008 2.12435 
0.00390625 3.63369 
0.23645 2.81256 
0.551758 2.31583 
0.996094 1.82086 
0.266724 2.75406 
0.0560303 3.29613 
0.5625 2.3015 
0.36861 2.57834 
0.121094 3.0805 
0.038208 3.37604 
0.129929 3.05634 
0.282272 2.72665 
0.0561067 3.29582 
0.727967 2.10151 
0.255287 2.77575 
0.921326 1.89486 
0.466225 2.43171 
0.782272 2.04095 
0.766632 2.05817 
0.801758 2.01976 
0.00532532 3.6134 
0.157349 2.98645 
0.36739 2.58029 
0.000244141 3.72453 
0.0382843 3.37566 
0.532272 2.34109 
0.782349 2.04087 
0.980957 1.83561 
0.0159912 3.51284 
