0 5.77839 
0.999943 3.37463 
0.84375 3.57034 
0.0547028 5.21617 
0.09375 5.04237 
0.251923 4.57188 
0.433594 4.19552 
0.520462 4.0442 
0.496094 4.08528 
0.9375 3.4509 
0.78125 3.65369 
0.177734 4.76497 
0.0273438 5.3809 
0.758301 3.68513 
0.0432167 5.27867 
0.421875 4.2174 
0.87178 3.53409 
0.591011 3.9304 
0.469605 4.1311 
0.918214 3.47496 
0.0107574 5.52907 
0.104507 5.00129 
0.00775552 5.56672 
0.658098 3.82833 
0.0829391 5.08611 
0.371109 4.31401 
0.979507 3.39932 
0.237244 4.60757 
0.749027 3.69804 
0.890625 3.50983 
0.0746002 5.12185 
0.500923 4.07706 
0.628906 3.87211 
0.359257 4.33759 
0.402344 4.25363 
0.665039 3.81807 
0.111206 4.97677 
0.707939 3.75583 
0.00390625 5.62815 
0.124895 4.92887 
0.731388 3.72261 
0.547272 4.00013 
0.724663 3.73216 
0.29834 4.46541 
0.96875 3.41299 
0.611378 3.89882 
0.23085 4.62343 
0.145439 4.86166 
0.453125 4.16027 
0.312897 4.43376 
0.383301 4.29015 
0.136963 4.88877 
0.63765 3.85886 
0.40625 4.24625 
0.121109 4.94341 
0.606388 3.90651 
0.289063 4.48599 
0.21875 4.65425 
0.204033 4.69258 
0.808594 3.61683 
0.000923157 5.70575 
0.578125 3.95065 
0.0635071 5.1727 
0.683594 3.79091 
0.000732422 5.73093 
0.558594 3.98179 
0.348564 4.35919 
0.164063 4.80473 
0.277344 4.51247 
0.00432587 5.62029 
0.0204927 5.43428 
0.155212 4.83136 
0.812897 3.61108 
0.265625 4.53949 
0.339874 4.37705 
0.308594 4.44338 
0.327148 4.40348 
0.0625 5.17744 
0.827148 3.59217 
0.953125 3.43158 
0.532959 4.02351 
0.997009 3.37818 
0.015625 5.47791 
0.792007 3.63911 
0.830128 3.58823 
0.684513 3.78958 
0.0390625 5.30329 
0.455154 4.15665 
0.46875 4.1326 
0.699615 3.76776 
0.219666 4.65175 
0.536133 4.01829 
0.875046 3.52976 
0.902344 3.49495 
0.328125 4.40296 
0.955048 3.42921 
0.078125 5.10798 
0.266022 4.53861 
0.0204391 5.43473 
0.0156479 5.47769 
