0.998383 5.00875 
0 7.7992 
0.425781 5.97691 
0.970703 5.04771 
0.75 5.38065 
0.773682 5.34277 
0.117188 6.84319 
0.0117493 7.49649 
0.0234375 7.37166 
0.128906 6.79652 
0.398773 6.03565 
0.0400467 7.24034 
0.859375 5.2103 
0.337677 6.17636 
0.6875 5.48362 
0.789063 5.31847 
0.217133 6.49787 
0.841156 5.23788 
0.875 5.18687 
0.00195313 7.67578 
0.25782 6.38118 
0.734375 5.40597 
0.000335697 7.74804 
0.566742 5.6968 
0.0703125 7.05868 
0.590088 5.65392 
0.9375 5.09518 
0.648445 5.55034 
0.699219 5.46396 
0.470001 5.88462 
0.234375 6.44719 
0.457031 5.91122 
0.175873 6.62802 
0.50782 5.80908 
0.375 6.08903 
0.539063 5.74877 
0.210945 6.51655 
0.1875 6.58992 
0.167969 6.65465 
0.922119 5.11745 
0.355713 6.13358 
0.498383 5.82766 
0.105713 6.89119 
0.548828 5.73028 
0.238281 6.43597 
0.152588 6.70869 
0.667969 5.51675 
0.28907 6.2977 
0.804932 5.29364 
0.828125 5.2578 
0.898682 5.15175 
0.390625 6.05378 
0.157235 6.69181 
0.4375 5.95201 
0.714844 5.43801 
0.445313 5.93558 
0.056427 7.13582 
0.328461 6.19889 
0.277344 6.32847 
0.0312576 7.30546 
0.664063 5.52343 
0.0898438 6.96212 
0.0234451 7.37159 
0.03125 7.30552 
0.197266 6.55883 
0.0820314 6.99934 
0.720703 5.42837 
0.101563 6.9092 
0.26172 6.3705 
0.09375 6.94413 
0.297211 6.2767 
0.890625 5.16366 
0.320313 6.21864 
0.5625 5.70468 
0.00424194 7.61731 
0.046875 7.19456 
0.955078 5.06994 
0.304932 6.25705 
0.3125 6.23803 
0.367188 6.10695 
0.140625 6.75194 
0.484619 5.85507 
0.140717 6.75161 
0.0078125 7.55236 
0.523438 5.77871 
0.523773 5.77807 
0.605469 5.62614 
0.636963 5.57036 
0.59375 5.64728 
0.484375 5.86582 
0.621403 5.59774 
0.804695 5.29403 
0.00787735 7.55134 
0.957275 5.06774 
0.925781 5.11213 
0.0117188 7.49688 
0.00390625 7.62466 
0.0783691 7.0174 
0.0628357 7.09933 
0.278099 6.32647 
