0.999023 6.17273 
0 9.20526 
0.736328 6.60179 
0.876953 6.36404 
0.233398 7.73949 
0.678852 6.70546 
0.764648 6.55219 
0.090332 8.29338 
0.0625 8.44676 
0.720703 6.63054 
0.923828 6.28909 
0.803711 6.48527 
0.193378 7.87122 
0.374023 7.34974 
0.012207 8.87018 
0.953125 6.24321 
0.49128 7.07868 
0.178852 7.92215 
0.000508308 9.13686 
0.294922 7.55759 
0.858398 6.39426 
0.625 6.80667 
0.9375 6.26759 
0.0976563 8.25714 
0.00598907 8.97062 
0.830627 6.4401 
0.900391 6.32633 
0.566895 6.92088 
0.0332108 8.65236 
0.0361328 8.62855 
0.171875 7.94743 
0.441666 7.18892 
0.124023 8.1507 
0.0761719 8.36791 
0.155273 8.00972 
0.608398 6.83873 
0.660187 6.74254 
0.0253906 8.72181 
0.696289 6.67356 
0.251953 7.68235 
0.076416 8.36656 
0.703133 6.66115 
0.340332 7.43529 
0.275411 7.61302 
0.847656 6.4119 
0.0449371 8.56211 
0.244161 7.70607 
0.553238 6.94968 
0.587911 6.87892 
0.160187 7.99096 
0.215347 7.79736 
0.904358 6.31999 
0.5 7.0599 
0.459003 7.14988 
0.391724 7.30635 
0.00195313 9.07118 
0.578133 6.89835 
0.138077 8.07787 
0.0527344 8.50853 
0.600655 6.85384 
0.348633 7.41383 
0.00305367 9.03761 
0.424805 7.22779 
0.472687 7.11931 
0.111328 8.19294 
0.0234375 8.74078 
0.794327 6.5012 
0.976566 6.20701 
0.358398 7.38891 
0.0136871 8.85031 
0.410156 7.26218 
0.452148 7.16513 
0.0577393 8.47622 
0.107422 8.21092 
0.640625 6.77687 
0.393679 7.30161 
0.428852 7.21838 
0.775398 6.53361 
0.142586 8.0596 
0.96875 6.21903 
0.512207 7.03397 
0.303711 7.53322 
0.41066 7.26099 
0.326172 7.47272 
0.834003 6.43463 
0.0488281 8.55318 
0.635866 6.78605 
0.00537109 8.98291 
0.201202 7.84434 
0.127991 8.11983 
0.529541 6.99742 
0.472656 7.11946 
0.0182076 8.79587 
0.263672 7.64733 
0.275391 7.61368 
0.314583 7.5037 
0.263702 7.64724 
0.328125 7.46732 
0.654297 6.75171 
0.0181885 8.79609 
