0.999664 2.40086 
0 4.52854 
0.267242 3.42844 
0.296875 3.37282 
0.660156 2.79951 
0.714355 2.72995 
0.445801 3.10769 
0.133789 3.75017 
0.691437 2.75902 
0.15625 3.68736 
0.195313 3.58807 
0.820313 2.60116 
0.421875 3.14634 
0.463867 3.07918 
0.601563 2.87803 
0.401367 3.18036 
0.148438 3.70866 
0.550903 2.94905 
0.839355 2.57892 
0.679688 2.77412 
0.124664 3.77718 
0.323246 3.31866 
0.0234413 4.20273 
0.524902 2.98987 
0.571289 2.92009 
0.96875 2.43402 
0.792999 2.63351 
0.984375 2.4172 
0.867188 2.54685 
0.914551 2.49345 
0.0083313 4.3343 
0.015625 4.26254 
0.359863 3.25196 
0.853027 2.5631 
0.804688 2.61962 
0.219757 3.53096 
0.431671 3.13039 
0.0787659 3.93133 
0.0478821 4.06289 
0.0893555 3.89242 
0.51123 3.00699 
0.499664 3.02429 
0.476564 3.05948 
0.213867 3.54441 
0.351563 3.26677 
0.883057 2.5288 
0.00195313 4.4345 
0.172852 3.64381 
0.0269776 4.17902 
0.589355 2.89486 
0.25 3.46452 
0.0162659 4.25714 
0.101563 3.85036 
0.0709534 3.9617 
0.623047 2.85334 
0.931671 2.47449 
0.901367 2.50818 
0.234375 3.49831 
0.182617 3.61916 
0.727203 2.71393 
0.9375 2.46808 
0.235962 3.49483 
0.0625 3.99655 
0.633789 2.83439 
0.113281 3.8123 
0.390625 3.19852 
0.774902 2.65526 
0.0429993 4.08727 
0.335938 3.29535 
0.642242 2.82313 
0.338867 3.28991 
0.0859375 3.90471 
0.37561 3.22433 
0.00537109 4.37258 
0.891754 2.51898 
0.539063 2.96612 
0.375612 3.22433 
0.0556641 4.02647 
0.257813 3.44803 
0.757813 2.67699 
0.304688 3.3539 
0.309601 3.34446 
0.000488281 4.48152 
0.0664063 3.98016 
0.773926 2.65644 
0.742188 2.69523 
0.953278 2.45081 
0.759399 2.6741 
0.735046 2.70407 
0.000671387 4.47458 
0.953278 2.45081 
0.104492 3.84065 
0.0390625 4.10795 
0.0327835 4.14328 
0.0327759 4.14328 
4.76837e-07 4.52707 
0.112305 3.81568 
0.476563 3.05948 
0.00357056 4.40139 
0.173004 3.64368 
