0.999878 4.34978 
0 6.99428 
0.332527 5.46933 
0.0380859 6.47817 
0.613281 4.9232 
0.0280762 6.55125 
0.967537 4.39291 
0.521484 5.08477 
0.503906 5.11704 
0.00830078 6.75344 
0.217346 5.76143 
0.631592 4.8925 
0.110107 6.11673 
0.121094 6.07408 
0.676697 4.81883 
0.387756 5.34754 
0.780029 4.65851 
0.402344 5.31676 
0.992188 4.35997 
0.187744 5.84837 
0.0152826 6.66745 
0.176697 5.88269 
0.48867 5.14567 
0.162125 5.92943 
0.563492 5.00902 
0.859741 4.54218 
0.312256 5.51654 
0.555176 5.02404 
0.375 5.37486 
0.953125 4.41243 
0.818359 4.60301 
0.0827637 6.23347 
0.839355 4.57134 
0.710327 4.76534 
0.0117197 6.70809 
0.100586 6.15553 
0.762451 4.68509 
0.202782 5.80459 
0.145753 5.98471 
0.742188 4.71598 
0.242188 5.69287 
0.476563 5.16971 
0.58252 4.9769 
0.693483 4.79201 
0.43457 5.25087 
0.0214844 6.60675 
0.415039 5.29059 
0.131592 6.03504 
0.000991821 6.911 
0.00390625 6.82902 
0.724609 4.74304 
0.145523 5.98551 
0.8125 4.6105 
0.00390816 6.82897 
0.878907 4.51591 
0.26172 5.64141 
0.345459 5.43986 
0.467529 5.18597 
0.282959 5.58758 
0.938492 4.43262 
0.166016 5.91681 
0.0742188 6.2738 
0.0893564 6.20383 
0.755875 4.69507 
0.844742 4.56366 
0.000732422 6.92282 
0.91803 4.46033 
0.595093 4.95413 
0.662354 4.84192 
0.907959 4.47426 
0.537842 5.05484 
0.0449219 6.43375 
0.0947266 6.18032 
0.796875 4.63353 
0.873047 4.52327 
0.230469 5.72475 
0.364273 5.39819 
9.53674e-07 6.99181 
0.0527954 6.38659 
0.228287 5.73078 
0.0551758 6.37341 
0.699219 4.78284 
0.537125 5.05613 
0.434937 5.25014 
0.062256 6.33451 
0.294922 5.55815 
0.0712891 6.28826 
0.793701 4.63853 
0.449951 5.22068 
0.296753 5.5537 
0.350099 5.42955 
0.359623 5.40841 
0.248779 5.67528 
0.0467529 6.42255 
0.894547 4.49294 
0.270264 5.6195 
0.45752 5.20553 
0.278076 5.59968 
0.199219 5.81387 
0.308594 5.52524 
