0 6.46827 
0.999989 3.925 
0.0273438 6.04771 
0.0137672 6.16985 
0.492188 4.684 
0.75 4.26572 
0.351685 4.96003 
0.416107 4.82769 
0.777466 4.22576 
0.39835 4.8631 
0.00390625 6.30931 
0.0529786 5.88288 
0.00107253 6.38498 
0.929691 4.01603 
0.969704 3.96381 
0.00916722 6.22476 
0.0898438 5.70595 
0.515625 4.646 
0.232422 5.24215 
0.191406 5.35558 
0.0996094 5.66558 
0.999974 3.92502 
0.535156 4.60775 
0.386719 4.88669 
0.578125 4.5345 
0.107422 5.6347 
0.546875 4.58749 
0.15625 5.46295 
0.0688248 5.80105 
0.0351567 5.9914 
0.316406 5.03779 
0.25 5.19769 
0.451416 4.76463 
0.468754 4.727 
0.140625 5.51454 
0.8125 4.17579 
0.37146 4.9182 
0.607422 4.48611 
0.328098 5.01148 
0.897949 4.05825 
0.873413 4.09141 
0.296875 5.08253 
0.305054 5.06402 
0.430145 4.80025 
0.146942 5.49335 
0.589844 4.51521 
0.953003 3.98547 
0.242188 5.21666 
0.679688 4.37151 
0.285156 5.11016 
0.203003 5.32237 
0.207127 5.31079 
0.643555 4.42852 
0.68689 4.36043 
0.117188 5.59764 
0.623414 4.46018 
0.171875 5.44471 
0.453369 4.75581 
0.0781294 5.75738 
0.000366211 6.42423 
0.046875 5.91763 
0.665017 4.39426 
0.123413 5.59233 
0.0625 5.83245 
0.273438 5.13836 
0.176147 5.43165 
0.0390625 5.96561 
0.219704 5.27617 
0.263672 5.16232 
0.718754 4.31209 
0.373413 4.91413 
0.340092 4.98509 
0.660156 4.40186 
0.643559 4.428 
0.787109 4.21189 
0.46875 4.727 
0.043335 5.93883 
0.724609 4.30339 
0.519897 4.63446 
0.0820313 5.73984 
0.21875 5.27876 
0.623413 4.46018 
0.561539 4.56269 
0.562866 4.56019 
0.129872 5.55173 
0.181641 5.38434 
0.96875 3.96504 
0.429688 4.80113 
0.914078 4.0367 
0.816406 4.17039 
0.179688 5.39018 
0.89835 4.05771 
0.828369 4.15351 
0.707031 4.32975 
0.953103 3.98534 
0.867188 4.0999 
0.279392 5.12395 
0.735691 4.28689 
0.129856 5.55178 
0.336826 4.99223 
