0.999746 3.96664 
0 6.51969 
0.340828 5.02902 
0.463867 4.78065 
0.273438 5.1845 
0.194855 5.39257 
0.435623 4.83442 
0.312508 5.09229 
0.707371 4.37217 
0.741263 4.32132 
0.593384 4.55281 
0.384308 4.93679 
0.290039 5.14456 
0.931732 4.05502 
0.22673 5.30387 
0.518562 4.68098 
0.852713 4.16185 
0.0933838 5.73942 
0.637863 4.48041 
0.685608 4.40546 
0.677734 4.41788 
0.176758 5.44619 
0.489258 4.73368 
0.3526 5.00349 
0.530996 4.65906 
0.837997 4.18228 
0.212891 5.34156 
0.476685 4.75678 
0.1012 5.70741 
0.545029 4.63464 
0.773476 4.27407 
0.130928 5.59578 
0.138354 5.56994 
0.823898 4.20202 
0.299807 5.1216 
0.185608 5.41964 
0.153982 5.51773 
0.875 4.13123 
0.627975 4.49627 
0.0449734 5.9782 
0.240234 5.26819 
0.148484 5.53579 
0.0040741 6.35671 
0.0738983 5.82557 
0.0293655 6.08213 
0.0322723 6.06099 
0.365408 4.9762 
0.257355 5.22436 
0.707062 4.37625 
0.657567 4.44915 
0.795029 4.243 
0.966482 4.00948 
0.790039 4.25015 
0.0703126 5.84262 
0.576279 4.58136 
0.657257 4.45327 
0.748123 4.31117 
0.257454 5.22411 
0.00302124 6.37934 
0.899096 4.09857 
0.0185852 6.17624 
0.615234 4.51691 
0.893585 4.106 
0.215973 5.33306 
0.946442 4.03564 
0.607473 4.52964 
0.0836182 5.78134 
0.239258 5.27073 
0.914261 4.07903 
0.0830078 5.78403 
0.984375 3.98635 
0.405996 4.89275 
0.812042 4.21876 
0.414063 4.87665 
0.503285 4.70826 
0.000610352 6.45663 
0.556747 4.61448 
0.165047 5.48236 
0.00744629 6.29935 
0.0234835 6.1284 
0.110962 5.67046 
0.869171 4.14273 
0.0625019 5.88134 
0.0498066 5.94984 
6.10352e-05 6.49974 
0.054327 5.92454 
0.165039 5.48238 
0.431183 4.84305 
0.0386963 6.0174 
0.120728 5.6325 
0.120743 5.63244 
0.962891 4.01795 
0.110397 5.6713 
0.310669 5.0965 
0.00930786 6.27335 
0.502975 4.70882 
0.00123596 6.42992 
0.0230751 6.13182 
0.365234 4.97657 
0.950363 4.0305 
