0.999897 2.04372 
0 4.05808 
0.17395 3.2179 
0.585938 2.51607 
0.135742 3.31588 
0.542969 2.57449 
0.607422 2.48806 
0.1875 3.18579 
0.453613 2.70132 
0.812378 2.2424 
0.0136719 3.82253 
0.28907 2.975 
0.4375 2.72563 
0.152866 3.27046 
0.301033 2.95281 
0.937256 2.10783 
0.623048 2.47134 
0.0859375 3.46754 
0.921875 2.1239 
0.00390625 3.93218 
0.523438 2.60063 
0.0175934 3.79088 
0.976563 2.06736 
0.000522614 4.01203 
0.414063 2.76182 
0.03125 3.70197 
0.123051 3.35143 
0.0761871 3.50205 
0.00221252 3.96332 
0.839844 2.21196 
0.273438 3.00469 
0.423828 2.74662 
0.054688 3.58699 
0.46875 2.67887 
0.34375 2.87699 
0.242188 3.06671 
0.477295 2.66635 
0.250523 3.04979 
0.492188 2.64481 
0.562744 2.5469 
0.0493164 3.61072 
0.953613 2.09089 
0.655884 2.42757 
0.151367 3.27433 
0.09375 3.44128 
0.855484 2.19485 
0.768066 2.29279 
0.349869 2.86653 
0.88356 2.16475 
0.365234 2.84064 
0.314713 2.92798 
0.0234528 3.74958 
0.0996094 3.42229 
0.992188 2.0515 
0.0429688 3.6405 
0.961685 2.08258 
0.00793457 3.87929 
0.0703278 3.52385 
0.261726 3.02749 
0.906006 2.14062 
0.6875 2.38777 
0.328007 2.90436 
0.382813 2.81169 
0.226822 3.0998 
0.636726 2.45063 
0.02565 3.73609 
0.875 2.17372 
0.730717 2.33607 
0.641365 2.44479 
0.00784302 3.87968 
0.804935 2.25074 
0.863281 2.18638 
0.0625 3.55446 
0.201172 3.15455 
0.0372467 3.66942 
0.750523 2.31289 
0.363281 2.8439 
0.21315 3.12804 
0.230476 3.09097 
0.664078 2.41647 
0.398689 2.78611 
0.5 2.63364 
0.516365 2.61445 
0.693359 2.38067 
0.507813 2.62255 
0.898438 2.14866 
0.746094 2.31815 
0.213135 3.12833 
0.201172 3.15455 
0.792976 2.26421 
0.388687 2.80216 
0.107422 3.39783 
0.777588 2.2817 
0.110115 3.39396 
0.839859 2.21195 
0.78907 2.26863 
0.672615 2.40595 
0.712525 2.35764 
0.267593 3.01601 
0.0644608 3.54662 
