0.999729 0.658546 
0 2.11142 
0.854492 0.76822 
0.110229 1.62899 
0.899174 0.733549 
0.0214844 1.90645 
0.123047 1.60171 
0.667984 0.923822 
0.6875 0.906598 
0.0136871 1.94142 
0.748047 0.854664 
0.818583 0.796752 
0.00585938 2.00023 
0.0293121 1.86708 
0.00217628 2.04364 
0.705078 0.891293 
0.522575 1.06101 
0.969727 0.680514 
0.840088 0.779589 
0.00890589 1.9743 
0.456528 1.12963 
0.914063 0.722188 
0.804688 0.807952 
0.929688 0.710365 
0.500977 1.08294 
0.992188 0.664037 
0.732666 0.867651 
0.436157 1.15178 
0.216797 1.43485 
0.398682 1.19393 
0.616211 0.970773 
0.0332031 1.84665 
0.636719 0.951948 
0.0957032 1.6619 
0.0538254 1.77431 
0.154541 1.5402 
0.789063 0.820669 
0.178825 1.49695 
0.148438 1.55339 
0.0736008 1.71721 
0.0614014 1.75136 
0.449219 1.13775 
0.046875 1.79682 
0.476563 1.10832 
0.248154 1.38757 
0.0393105 1.82332 
0.257813 1.37362 
0.136719 1.57414 
0.59993 0.985946 
0.625 0.962667 
0.000976563 2.06601 
0.323587 1.28485 
0.539063 1.04456 
0.16431 1.52242 
0.280151 1.34232 
0.768555 0.837554 
0.296875 1.3197 
0.393555 1.20647 
0.78125 0.827075 
0.359375 1.24034 
0.496094 1.08797 
0.227722 1.41801 
0.09375 1.66651 
0.193827 1.4717 
0.380859 1.21469 
0.375 1.2216 
0.191467 1.4756 
0.943827 0.699751 
0.318359 1.29155 
0.000245094 2.08871 
0.530388 1.05341 
0.414063 1.1764 
0.180664 1.4938 
0.648438 0.941326 
0.565491 1.01872 
0.581284 1.00357 
0.553825 1.03005 
0.308711 1.30407 
0.042984 1.81016 
0.240234 1.39922 
0.084259 1.68963 
0.343751 1.25948 
0.549805 1.03399 
0.595703 0.989915 
0.205301 1.45303 
0.205301 1.45303 
0.138926 1.56982 
0.585075 0.999964 
0.648438 0.941326 
0.0585938 1.75972 
0.71875 0.87952 
0.335938 1.26922 
0.482676 1.1019 
0.899174 0.733549 
0.304688 1.30935 
0.226746 1.42345 
0.0812836 1.69715 
0.719727 0.878683 
0.164063 1.52286 
0.273438 1.3518 
