0.999275 4.36596 
0 7.01326 
0.405275 5.32735 
0.957031 4.42252 
0.928741 4.46118 
0.207033 5.80828 
0.420959 5.29503 
0.376106 5.38915 
0.238281 5.72054 
0.878937 4.53196 
0.00110626 6.92518 
0.360383 5.42346 
0.607425 4.94928 
0.0820313 6.25477 
0.816408 4.62044 
0.302743 5.55613 
0.582031 4.99288 
0.910156 4.48677 
0.0605469 6.36162 
0.113281 6.12193 
0.719849 4.76638 
0.191437 5.85455 
0.0527353 6.40511 
0.145752 6.00222 
0.84082 4.58491 
0.594849 4.97075 
0.0703125 6.31103 
0.981445 4.38969 
0.285156 5.59909 
0.00390625 6.84774 
0.219849 5.77201 
0.0976583 6.18567 
0.436661 5.26328 
0.648438 4.88073 
0.457031 5.22293 
0.046875 6.4399 
0.628906 4.9131 
0.686661 4.81878 
0.513672 5.11523 
0.0136719 6.70361 
0.668945 4.84727 
0.176888 5.89946 
0.547882 5.05304 
0.44336 5.24991 
0.0234375 6.60783 
0.00976563 6.75156 
0.264709 5.65073 
0.0078125 6.77918 
0.2854 5.59848 
0.785156 4.66666 
0.766603 4.69455 
0.124025 6.08062 
0.264709 5.65073 
0.164093 5.94049 
0.484375 5.17015 
0.472656 5.19258 
0.0390625 6.48985 
0.0244141 6.59947 
0.333015 5.48502 
0.0166092 6.67196 
0.03125 6.54511 
0.0879517 6.22788 
0.566406 5.02037 
0.310608 5.53733 
0.328125 5.50271 
0.894531 4.50863 
0.796906 4.64917 
0.860382 4.55682 
0.00488281 6.82821 
0.748047 4.72279 
0.529298 5.08658 
0.75415 4.71347 
0.775452 4.68121 
0.625 4.91963 
0.0674133 6.32566 
0.375 5.39154 
0.0322266 6.53785 
0.168945 5.92475 
0.707031 4.78647 
0.544922 5.05835 
0.860504 4.55665 
0.250984 5.68653 
0.347656 5.45178 
0.5 5.14066 
0.465851 5.20574 
0.984375 4.38577 
0.491241 5.15714 
0.0410156 6.47693 
0.115234 6.11428 
0.53125 5.08326 
0.566444 5.02012 
0.828125 4.60331 
0.134827 6.04085 
0.09375 6.20354 
0.128906 6.06244 
0.246124 5.69944 
0.692383 4.80966 
0.734375 4.74382 
0.217911 5.77703 
0.154297 5.97301 
