0.998811 3.94346 
0 6.48936 
0.549105 4.60168 
0.371826 4.93601 
0.574219 4.559 
0.242188 5.23571 
0.0312958 6.03871 
0.753906 4.27749 
0.121094 5.60481 
0.00390625 6.33015 
0.732666 4.30887 
0.0998535 5.68454 
0.226563 5.27683 
0.0449219 5.94944 
0.349731 4.98394 
0.000762939 6.419 
0.498047 4.69159 
0.476563 4.73079 
0.308594 5.07424 
0.923874 4.04082 
0.0546875 5.89364 
0.828125 4.17117 
0.0390625 5.98589 
0.154297 5.48872 
0.873047 4.10913 
0.332153 5.02122 
0.599731 4.51658 
0.889038 4.08743 
0.6875 4.37715 
0.285156 5.12904 
0.96875 3.98206 
0.983171 3.96347 
0.939453 4.02026 
0.015625 6.17094 
0.531494 4.6322 
0.794922 4.21812 
0.00598145 6.29235 
0.587891 4.53615 
0.13501 5.55335 
0.636749 4.45661 
0.46875 4.74526 
0.781252 4.23808 
0.304932 5.08266 
0.857422 4.13054 
0.0859375 5.74258 
0.617188 4.48808 
0.203125 5.34126 
0.0234375 6.09937 
0.388947 4.90065 
0.0686035 5.82214 
0.623047 4.4786 
0.0140381 6.18754 
0.648438 4.43804 
0.0237122 6.09709 
0.123047 5.59578 
0.146486 5.51438 
0.40625 4.86569 
0.386721 4.9052 
0.167999 5.44523 
0.435822 4.80764 
0.84375 4.15109 
0.28125 5.13839 
0.811295 4.19485 
0.906494 4.06396 
0.0605469 5.86254 
0.179688 5.40952 
0.523438 4.64633 
0.189453 5.38057 
0.195313 5.36358 
0.71875 4.32968 
0.213013 5.31365 
0.34375 4.9958 
0.420166 4.83812 
0.701172 4.35625 
0.216797 5.30326 
0.258057 5.19529 
0.441406 4.7969 
0.140625 5.5341 
0.904297 4.06701 
0.0764923 5.78484 
0.258057 5.19529 
0.168092 5.44495 
0.00976563 6.23763 
0.656527 4.42531 
0.671875 4.40129 
0.671875 4.40129 
0.769531 4.25469 
0.419922 4.8386 
0.453125 4.77458 
0.406326 4.86555 
0.269608 5.16665 
0.00979614 6.23723 
0.0644531 5.84263 
0.09375 5.70938 
0.95314 4.00234 
0.998323 3.94416 
0.453125 4.77458 
0.269539 5.17006 
0.51404 4.66295 
0.076416 5.78517 
