0.998543 0.825649 
0 2.36112 
0.693604 1.0814 
0.107422 1.86205 
0.935555 0.874867 
0.310579 1.50479 
0.765625 1.01661 
0.0214844 2.1359 
0.0292969 2.09812 
0.11731 1.83483 
0.051281 2.01316 
0.140625 1.7849 
0.434814 1.34789 
0.0625 1.97698 
0.629028 1.14244 
0.250122 1.59264 
0.890625 0.911001 
0.953125 0.860976 
0.203125 1.66859 
0.00585938 2.2435 
0.484375 1.2917 
0.785156 0.999563 
0.472656 1.30472 
0.000244141 2.33712 
0.0449219 2.03545 
0.837891 0.954581 
0.300903 1.51907 
0.809116 0.978945 
0.154297 1.75754 
0.582031 1.18884 
0.912598 0.893217 
0.00977325 2.20922 
0.96875 0.848731 
0.419922 1.3654 
0.748077 1.0321 
0.738403 1.04146 
0.0917969 1.89557 
0.0898438 1.90055 
0.265625 1.56918 
0.592319 1.17853 
0.185547 1.69923 
0.332039 1.47569 
0.451172 1.329 
0.068367 1.95935 
0.537109 1.23509 
0.544922 1.22683 
0.363289 1.43507 
0.271484 1.5605 
0.717041 1.05996 
0.0761795 1.93701 
0.796875 0.992823 
0.457531 1.32176 
0.00196075 2.29308 
0.521606 1.25136 
0.223206 1.63517 
0.609375 1.16162 
0.381348 1.41223 
0.90625 0.898329 
0.375 1.42016 
0.209106 1.65847 
0.56543 1.20571 
0.0376587 2.06293 
0.128906 1.80943 
0.015625 2.16905 
0.236328 1.61413 
0.644539 1.1275 
0.0356445 2.07102 
0.00195313 2.29322 
0.871338 0.927216 
0.873169 0.925281 
0.5625 1.21505 
0.21875 1.64245 
0.347656 1.45511 
0.332153 1.47554 
0.675816 1.09792 
0.660156 1.11264 
0.607422 1.16354 
0.130859 1.80634 
0.500488 1.27406 
0.720764 1.05659 
0.354012 1.44687 
0.0161209 2.16603 
0.853531 0.941514 
0.406372 1.3824 
0.285156 1.54058 
0.0078125 2.2254 
0.28711 1.53778 
0.509773 1.26402 
0.640625 1.13125 
0.160156 1.74619 
0.662109 1.1108 
0.39502 1.39887 
0.410156 1.37704 
0.853516 0.941528 
0.167969 1.73981 
0.175782 1.71689 
0.824219 0.966104 
0.240234 1.60798 
0.170898 1.72605 
0.99073 0.831668 
