0.824456 -0.480325 
0.205529 0.511827 
0.227203 0.352646 
0.826703 -0.52332 
0.825573 -0.502709 
0.843365 -0.743453 
0.0350816 0.78144 
0.0564207 0.707471 
0.0615201 0.69477 
0.017771 0.857402 
0.0316157 0.795797 
0.437355 -0.0645202 
0.432376 -0.0226451 
0.434654 -0.0437329 
0.208017 0.492078 
0.224465 0.370343 
0.24108 0.2774 
0.20293 0.530875 
0.051536 0.721513 
0.210803 0.470694 
0.230418 0.333482 
0.0212157 0.84142 
0.832075 -0.615182 
0.21331 0.451621 
0.419762 0.107936 
0.200513 0.548989 
0.195794 0.58332 
0.0427763 0.751504 
0.24542 0.261719 
0.839191 -0.707088 
0.215868 0.432176 
0.638709 -0.398127 
0.829348 -0.57067 
0.250437 0.249336 
0.443077 -0.0982707 
0.221676 0.390645 
0.626028 -0.247934 
0.841133 -0.725824 
0.00827197 0.907422 
0.620627 -0.162413 
0.233581 0.313516 
0.0388969 0.766225 
0.237069 0.295494 
0.440033 -0.08171 
0.846393 -0.760942 
0.198324 0.565111 
0.0147907 0.873892 
0.641363 -0.418749 
0.416179 0.152628 
0.0732538 0.675271 
0.830668 -0.592923 
0.835414 -0.660997 
0.447431 -0.114875 
0.621945 -0.184247 
0.0114498 0.890788 
0.412623 0.198268 
0.414404 0.175104 
0.624558 -0.225725 
0.0281355 0.810599 
0.0668782 0.683698 
0.0473026 0.737347 
0.833612 -0.638571 
0.0246701 0.825798 
0.000262389 0.983808 
0.430017 -0.00362595 
0.00569707 0.923535 
0.619501 -0.143312 
0.410914 0.220842 
0.417991 0.129622 
0.629388 -0.29532 
0.423536 0.0641885 
0.623173 -0.203875 
0.827988 -0.547714 
0.218808 0.411339 
0.644154 -0.435911 
0.630177 -0.305704 
0.427762 0.0185209 
0.0013595 0.963072 
0.182456 0.668403 
0.185842 0.648873 
0.425591 0.0411705 
0.647143 -0.447737 
0.85186 -0.773369 
0.823338 -0.458392 
0.00327637 0.942436 
0.651267 -0.457756 
0.453874 -0.124208 
0.618434 -0.124873 
0.409395 0.241078 
0.257621 0.242166 
0.0828106 0.669661 
0.634154 -0.351435 
0.192419 0.606739 
0.63199 -0.324497 
0.189471 0.626378 
0.627673 -0.27175 
0.636235 -0.375308 
0.837152 -0.684835 
0 1 
0.421628 0.0857442 
