0.0274925 0.813825 
0.0465496 0.738162 
0.0313461 0.7984 
0.0348891 0.78219 
0.0553262 0.710653 
0.429977 -0.00336505 
0.0201415 0.846673 
0.0507117 0.725123 
0.631327 -0.319977 
0.420376 0.100785 
0.4344 -0.0422819 
0.62965 -0.298542 
0.23187 0.32374 
0.229245 0.342713 
0.835949 -0.669856 
0.41866 0.122086 
0.833011 -0.628734 
0.207209 0.498843 
0.442914 -0.097269 
0.246164 0.259557 
0.422227 0.079116 
0.250942 0.248242 
0.436998 -0.0620013 
0.00459913 0.931542 
0.0072094 0.913505 
0.828998 -0.565465 
0.635141 -0.364127 
0.0100713 0.896558 
0.637319 -0.385224 
0.220399 0.398966 
0.83756 -0.689577 
0.839297 -0.708414 
0.0385887 0.767425 
0.830277 -0.587121 
0.83158 -0.608091 
0.827803 -0.544385 
0.626556 -0.255691 
0.432078 -0.0227099 
0.22318 0.379483 
0.416965 0.142676 
0.22601 0.360056 
0.235055 0.305586 
0.427955 0.0173639 
0.620011 -0.152005 
0.0131185 0.880486 
0.6281 -0.277723 
0.62511 -0.234145 
0.217663 0.418998 
0.0724236 0.675736 
0.242164 0.27343 
0.439705 -0.0798912 
0.622412 -0.191681 
0.834553 -0.649825 
0.633199 -0.342747 
0.825484 -0.501078 
0.824631 -0.483787 
0.00227713 0.952431 
0.000615914 0.975424 
0.209828 0.478212 
0.212536 0.457612 
0.238565 0.288464 
0.447023 -0.112942 
0.623728 -0.2125 
0.841319 -0.727462 
0.42412 0.0572669 
0.415137 0.165664 
0.0658146 0.685613 
0.621229 -0.172281 
0.84369 -0.745462 
0.215212 0.43712 
0.826607 -0.522424 
0.426136 0.0353273 
0.192514 0.607968 
0.0167684 0.863013 
0.201487 0.541721 
0.0229167 0.833586 
0.204497 0.519 
0.413415 0.187914 
0.190704 0.630112 
0.195887 0.582652 
0.646625 -0.447071 
0.618673 -0.128918 
0.0822207 0.669759 
0.186035 0.647709 
0.198805 0.561606 
0.846756 -0.762452 
0.0603551 0.697604 
0.851885 -0.773368 
0.653044 -0.458161 
0.823612 -0.460644 
0.453362 -0.124151 
0.409393 0.241105 
0.258723 0.242291 
0.18236 0.668946 
0.411531 0.212659 
0.642743 -0.427461 
0.639821 -0.407248 
0.0427148 0.752456 
0.410505 0.226476 
0 1.00002 
