0.0557315 0.709278 
0.423494 0.0643021 
0.218108 0.417142 
0.21278 0.455643 
0.416821 0.144229 
0.627648 -0.271165 
0.210682 0.477951 
0.215435 0.43629 
0.826569 -0.521675 
0.205038 0.51488 
0.047156 0.735923 
0.834777 -0.654778 
0.420055 0.104734 
0.202457 0.534449 
0.837779 -0.692068 
0.244336 0.265229 
0.82904 -0.566226 
0.830373 -0.588682 
0.19978 0.554412 
0.197182 0.573398 
0.188733 0.631016 
0.0434163 0.750153 
0.620918 -0.16696 
0.207571 0.49636 
0.436156 -0.0557766 
0.41837 0.124967 
0.194396 0.593158 
0.642621 -0.426958 
0.014906 0.871221 
0.421835 0.0837557 
0.62483 -0.229915 
0.0512493 0.722483 
0.43379 -0.0373677 
0.623533 -0.209757 
0.0735948 0.674485 
0.841549 -0.729424 
0.839797 -0.712702 
0.229485 0.338194 
0.185653 0.65003 
0.825373 -0.498923 
0.833286 -0.633651 
0.0604329 0.696955 
0.639891 -0.407822 
0.000407551 0.980259 
0.0389364 0.766454 
0.629236 -0.293217 
0.0119189 0.886469 
0.438898 -0.0749627 
0.00595476 0.921749 
0.00362122 0.939437 
0.619686 -0.146485 
0.220722 0.396441 
0.223538 0.376561 
0.622192 -0.188272 
0.00170208 0.958653 
0.0181673 0.855399 
0.431639 -0.0187106 
0.00902726 0.903074 
0.630902 -0.314946 
0.19166 0.611852 
0.425326 0.0440217 
0.429636 -6.13595e-05 
0.249634 0.25075 
0.846778 -0.762648 
0.824498 -0.481547 
0.0666021 0.684183 
0.836252 -0.673925 
0.646147 -0.445252 
0.226445 0.357346 
0.63268 -0.336719 
0.0217841 0.838634 
0.831765 -0.61098 
0.239993 0.28197 
0.410934 0.220565 
0.843919 -0.747217 
0.827763 -0.543662 
0.454 -0.124204 
0.412894 0.194719 
0.635403 -0.36599 
0.633644 -0.345807 
0.626237 -0.251037 
0.236088 0.300217 
0.637508 -0.387479 
0.0349501 0.781936 
0.85183 -0.773369 
0.652073 -0.458198 
0.823401 -0.459676 
0.618466 -0.125425 
0.409368 0.241437 
0.254385 0.243697 
0.182248 0.669547 
0.0831329 0.669653 
0.0264314 0.817925 
0.427431 0.0217968 
0.415008 0.167345 
0.446435 -0.111796 
0.442386 -0.0948331 
0.0312084 0.797815 
0 1.00049 
0.232607 0.318973 
