0.230813 0.329495 
0.427782 0.0182156 
0.0268146 0.816254 
0.193784 0.59771 
0.839078 -0.706168 
0.00949628 0.899763 
0.0460472 0.739779 
0.829529 -0.574607 
0.846362 -0.760815 
0.632458 -0.334093 
0.0230628 0.83285 
0.216996 0.42374 
0.828296 -0.5532 
0.843394 -0.743663 
0.206871 0.502544 
0.222383 0.384686 
0.41206 0.205757 
0.240364 0.280297 
0.0126112 0.882834 
0.209154 0.484334 
0.415199 0.16484 
0.418395 0.124639 
0.634416 -0.356363 
0.214455 0.442833 
0.410658 0.224222 
0.0194758 0.849271 
0.636384 -0.376778 
0.84117 -0.725925 
0.224955 0.366916 
0.196234 0.580179 
0.00202211 0.954905 
0.00668431 0.917109 
0.185535 0.650784 
0.432106 -0.0229526 
0.425813 0.038768 
0.191256 0.614656 
0.201143 0.544343 
0.440274 -0.0834112 
0.188594 0.631871 
0.249925 0.250151 
0.630683 -0.31223 
0.624438 -0.223722 
0.429809 -0.001798 
0.198713 0.562299 
0.832238 -0.618267 
0.623092 -0.202762 
0.0380142 0.769677 
0.434469 -0.0429111 
0.219723 0.403655 
0.835406 -0.663127 
0.837157 -0.684875 
0.824493 -0.481663 
0.830861 -0.596651 
0.625891 -0.245898 
0.0420433 0.754297 
0.628977 -0.289772 
0.236922 0.296049 
0.227783 0.348225 
0.416813 0.145194 
0.827063 -0.530894 
0.0306047 0.799963 
0.244643 0.264201 
0.0159556 0.866018 
0.621623 -0.178962 
0.00415101 0.935034 
0.000553748 0.976491 
0.423917 0.0595317 
0.0343602 0.784539 
0.0708941 0.67759 
0.447428 -0.11487 
0.211612 0.464491 
0.443662 -0.100681 
0.233875 0.311984 
0.619919 -0.150372 
0.0607673 0.696202 
0.641591 -0.420325 
0.0506713 0.724792 
0.0656401 0.68604 
0.851819 -0.773369 
0.645936 -0.444358 
0.618406 -0.124374 
0.638782 -0.39876 
0.454192 -0.124196 
0.413738 0.183698 
0.182327 0.669112 
0.203725 0.524852 
0.833773 -0.64072 
0.653291 -0.458067 
0.823378 -0.459216 
0.0825241 0.669665 
0.258139 0.242187 
0.409323 0.242041 
0.0824684 0.669682 
0.627471 -0.268895 
0.82577 -0.506566 
0.437117 -0.0629523 
0.422222 0.0791605 
0.420078 0.104116 
0 1.00003 
0.055226 0.710577 
