0.429288 0.00363143 
0.0546326 0.713871 
0.831522 -0.606424 
0.638369 -0.394525 
0.829201 -0.568983 
0.834332 -0.64869 
0.824631 -0.484386 
0.431333 -0.015726 
0.832823 -0.626179 
0.837813 -0.692469 
0.825808 -0.507274 
0.0170067 0.862723 
0.624247 -0.22084 
0.237159 0.295682 
0.0456234 0.741213 
0.201496 0.541656 
0.828025 -0.54832 
0.01353 0.879162 
0.204181 0.521397 
0.240724 0.278793 
0.418051 0.128932 
0.229965 0.334583 
0.836057 -0.671214 
0.224528 0.369766 
0.839676 -0.712221 
0.634452 -0.356754 
0.233429 0.314504 
0.41973 0.110522 
0.425691 0.0411976 
0.227276 0.353139 
0.636318 -0.375838 
0.0201645 0.846075 
0.830383 -0.588832 
0.0412349 0.757266 
0.220146 0.403255 
0.646671 -0.447085 
0.643184 -0.430325 
0.415182 0.165096 
0.435863 -0.0537624 
0.416544 0.147726 
0.0327399 0.791309 
0.826904 -0.527961 
0.00999558 0.896971 
0.0368288 0.774372 
0.222627 0.388383 
0.427345 0.0226892 
0.00426992 0.934175 
0.00215138 0.953511 
0.847095 -0.763948 
0.000566581 0.97619 
0.442158 -0.0937568 
0.844113 -0.748472 
0.62576 -0.243973 
0.190316 0.62076 
0.193174 0.603696 
0.0744141 0.674681 
0.433588 -0.0356967 
0.212179 0.460227 
0.245561 0.261285 
0.0637526 0.690066 
0.630879 -0.31467 
0.024128 0.828083 
0.049881 0.72678 
0.209747 0.478789 
0.19569 0.584099 
0.423748 0.0614251 
0.0685413 0.680959 
0.214884 0.439593 
0.438877 -0.074827 
0.19857 0.563305 
0.00697659 0.915486 
0.217452 0.420342 
0.250847 0.248961 
0.18689 0.642515 
0.421671 0.0862304 
0.0283465 0.8096 
0.622734 -0.197036 
0.82337 -0.459022 
0.41015 0.231013 
0.411756 0.209737 
0.446502 -0.111955 
0.621282 -0.172812 
0.207038 0.499629 
0.05859 0.701477 
0.413701 0.184999 
0.640566 -0.412936 
0.851796 -0.773368 
0.454141 -0.122663 
0.652466 -0.458195 
0.841818 -0.731666 
0.618432 -0.124826 
0.257743 0.242166 
0.409429 0.240647 
0.182437 0.668503 
0.629109 -0.291484 
0.62735 -0.267152 
0.619819 -0.14874 
0.0820477 0.669702 
0 1 
0.632615 -0.334747 
