0.196297 0.579817 
0.63021 -0.306046 
0.631693 -0.324762 
0.633492 -0.346064 
0.000416664 0.979717 
0.00791216 0.909423 
0.419901 0.108862 
0.0456311 0.741212 
0.032721 0.79136 
0.041369 0.757014 
0.0553034 0.710416 
0.0503351 0.725323 
0.198816 0.561568 
0.416393 0.149632 
0.0207371 0.84343 
0.414728 0.170893 
0.44341 -0.0998045 
0.635444 -0.367148 
0.427416 0.0220015 
0.231487 0.32545 
0.203988 0.5229 
0.241305 0.276426 
0.447475 -0.114991 
0.0015548 0.960495 
0.228691 0.342534 
0.237979 0.290993 
0.245248 0.262294 
0.639858 -0.407545 
0.193528 0.599185 
0.625687 -0.241996 
0.63751 -0.387469 
0.421523 0.0869906 
0.206569 0.503255 
0.0286411 0.80884 
0.624256 -0.221072 
0.642609 -0.426992 
0.209166 0.483251 
0.425386 0.0433744 
0.423372 0.0656657 
0.62867 -0.28561 
0.234672 0.307587 
0.190755 0.617923 
0.846677 -0.762132 
0.211824 0.462882 
0.00331366 0.942173 
0.185683 0.649849 
0.646284 -0.445209 
0.201639 0.542724 
0.413058 0.192596 
0.0652369 0.687886 
0.429542 0.000768582 
0.0369173 0.77402 
0.431765 -0.0197526 
0.0177198 0.860363 
0.0598593 0.698343 
0.188255 0.634766 
0.839224 -0.707201 
0.841408 -0.728222 
0.843684 -0.745515 
0.627074 -0.263192 
0.434133 -0.0400902 
0.622847 -0.198721 
0.0139534 0.875953 
0.0107163 0.89294 
0.436787 -0.0604756 
0.828557 -0.556885 
0.225452 0.363514 
0.826069 -0.512286 
0.82768 -0.536324 
0.222717 0.382275 
0.00540764 0.925605 
0.0786212 0.673859 
0.418063 0.129397 
0.250035 0.249931 
0.0705129 0.678105 
0.0246244 0.825873 
0.214359 0.443599 
0.217022 0.424236 
0.832052 -0.610139 
0.619932 -0.150666 
0.182409 0.668768 
0.824877 -0.489236 
0.837269 -0.685026 
0.220013 0.402499 
0.823356 -0.45876 
0.851809 -0.773369 
0.652628 -0.455889 
0.618434 -0.124867 
0.453079 -0.124068 
0.261334 0.243886 
0.409459 0.240234 
0.0843529 0.66986 
0.835533 -0.66024 
0.833401 -0.635537 
0.824877 -0.468613 
0.411279 0.216024 
0.62153 -0.174416 
0.829934 -0.581384 
0.439803 -0.0804802 
0 1.00008 
