0.0193813 0.84979 
0.0423217 0.753181 
0.627644 -0.271145 
0.44099 -0.0874949 
0.0128727 0.881558 
0.23907 0.286066 
0.632405 -0.333403 
0.629232 -0.293227 
0.636339 -0.375843 
0.634287 -0.35498 
0.228832 0.34158 
0.840524 -0.720349 
0.0498879 0.727067 
0.828278 -0.552865 
0.00978583 0.898125 
0.22273 0.382219 
0.827085 -0.530009 
0.621982 -0.184811 
0.83852 -0.699417 
0.0313246 0.796942 
0.829617 -0.575497 
0.624967 -0.226775 
0.219913 0.402292 
0.835271 -0.661247 
0.0272152 0.814499 
0.824651 -0.484403 
0.444247 -0.102661 
0.427522 0.0208862 
0.206015 0.508305 
0.415718 0.158887 
0.832319 -0.619504 
0.038971 0.765936 
0.235371 0.304014 
0.623333 -0.206591 
0.0539791 0.71412 
0.208686 0.488892 
0.620786 -0.165051 
0.0352965 0.780548 
0.435523 -0.0511771 
0.833792 -0.640753 
0.447816 -0.114779 
0.626131 -0.249473 
0.0231397 0.832635 
0.825854 -0.507505 
0.41395 0.181212 
0.0464346 0.74024 
0.431165 -0.0141917 
0.843023 -0.740577 
0.61957 -0.144492 
0.846212 -0.760125 
0.647285 -0.449472 
0.225639 0.362695 
0.203466 0.526814 
0.643785 -0.433916 
0.411021 0.219436 
0.201209 0.5438 
0.433322 -0.032414 
0.638233 -0.394009 
0.417535 0.136591 
0.412555 0.20131 
0.640951 -0.415703 
0.830955 -0.598176 
0.064081 0.688945 
0.211365 0.466382 
0.421256 0.0901006 
0.419374 0.112765 
0.836777 -0.68036 
0.198554 0.563616 
0.42923 0.00379676 
0.0703687 0.678331 
0.214078 0.445693 
0.630801 -0.313527 
0.23196 0.322685 
0.42542 0.0430233 
0.195451 0.585927 
0.438061 -0.0694568 
0.249008 0.252286 
0.243663 0.26771 
0.851812 -0.773369 
0.0160518 0.865676 
0.182362 0.66905 
0.423285 0.0666406 
0.21707 0.423208 
0.185832 0.648925 
0.082665 0.66966 
0.823469 -0.461054 
0.652465 -0.458263 
0.00400164 0.936396 
0.453906 -0.124218 
0.618474 -0.125564 
0.409538 0.239155 
0.00256979 0.959611 
0.00114602 0.969572 
0.0067862 0.916203 
0.189219 0.627883 
0.257804 0.242161 
0 1 
0.0587192 0.701202 
0.1924 0.60688 
0.196759 0.57642 
