0.231137 0.327721 
0.213418 0.450844 
0.828501 -0.555964 
0.840557 -0.720651 
0.00365759 0.93911 
0.207946 0.492957 
0.245556 0.261326 
0.220394 0.398798 
0.833778 -0.640271 
0.420495 0.0991231 
0.0148597 0.871419 
0.836741 -0.679848 
0.215858 0.432253 
0.225443 0.363642 
0.228122 0.346055 
0.63988 -0.406876 
0.842965 -0.74059 
0.205457 0.511924 
0.430427 -0.00754859 
0.437395 -0.0648898 
0.418967 0.119254 
0.832377 -0.62029 
0.417227 0.139123 
0.000485203 0.977995 
0.0181852 0.85552 
0.846116 -0.759669 
0.238123 0.290286 
0.415565 0.160149 
0.432591 -0.0271907 
0.63326 -0.343458 
0.637434 -0.386757 
0.440272 -0.0820359 
0.00603743 0.921172 
0.631641 -0.323051 
0.428406 0.0160143 
0.426058 0.0363181 
0.234516 0.308699 
0.00175824 0.957973 
0.635169 -0.364423 
0.412327 0.202151 
0.838543 -0.700523 
0.835189 -0.660285 
0.410883 0.221239 
0.0480096 0.732973 
0.422252 0.0784728 
0.191384 0.613698 
0.188401 0.633106 
0.827249 -0.534309 
0.413903 0.181558 
0.829673 -0.576833 
0.434836 -0.0458298 
0.00876398 0.904005 
0.194435 0.592872 
0.424229 0.0560536 
0.011687 0.888008 
0.0438521 0.748802 
0.0250358 0.824052 
0.241561 0.275398 
0.197002 0.574685 
0.83105 -0.598693 
0.0394516 0.764072 
0.0215883 0.83953 
0.826044 -0.510574 
0.22289 0.381067 
0.0285535 0.808708 
0.646287 -0.445769 
0.218177 0.415127 
0.0358289 0.778429 
0.250554 0.249239 
0.824775 -0.487031 
0.624674 -0.227533 
0.0530846 0.716962 
0.0578279 0.70344 
0.210609 0.472176 
0.446383 -0.111604 
0.629549 -0.29747 
0.199596 0.55577 
0.185487 0.650999 
0.626198 -0.250459 
0.0634151 0.690311 
0.0730603 0.674998 
0.0673611 0.682979 
0.623329 -0.206535 
0.203116 0.529719 
0.627868 -0.274475 
0.851831 -0.773369 
0.823406 -0.459765 
0.652608 -0.458256 
0.032114 0.793626 
0.618442 -0.125009 
0.451816 -0.122747 
0.409324 0.242029 
0.257269 0.242193 
0.0831667 0.669657 
0.182398 0.66872 
0.621918 -0.176881 
0.620041 -0.152504 
0 1.00021 
0.44287 -0.0972905 
0.64265 -0.427244 
