0.421876 0.0880259 
0.43569 -0.0490732 
0.235394 0.303875 
0.424801 0.0505672 
0.238518 0.288571 
0.0262235 0.818964 
0.00892865 0.903093 
0.423206 0.0683999 
0.197319 0.572871 
0.440289 -0.0834821 
0.212811 0.455527 
0.828303 -0.551875 
0.0120099 0.886493 
0.199728 0.554849 
0.827036 -0.530393 
0.188636 0.632253 
0.443223 -0.0989578 
0.205021 0.51563 
0.63879 -0.397605 
0.43078 -0.0109027 
0.417885 0.131168 
0.410955 0.220301 
0.229582 0.336909 
0.412656 0.197841 
0.825832 -0.507758 
0.242036 0.274064 
0.226733 0.355031 
0.447109 -0.113908 
0.218157 0.415129 
0.0152224 0.869671 
0.202211 0.536401 
0.832161 -0.617089 
0.625712 -0.243226 
0.829454 -0.573318 
0.210216 0.475191 
0.191666 0.611814 
0.0224799 0.835692 
0.04233 0.753151 
0.61981 -0.148581 
0.194541 0.592222 
0.640949 -0.415799 
0.0519885 0.720137 
0.00627977 0.921075 
0.643591 -0.432829 
0.43318 -0.0321137 
0.646869 -0.448022 
0.0383346 0.76842 
0.0340821 0.785485 
0.437741 -0.0672905 
0.245861 0.260378 
0.00367769 0.938932 
0.232184 0.32148 
0.416162 0.152569 
0.428571 0.0102843 
0.220831 0.395651 
0.830801 -0.595689 
0.000491946 0.977929 
0.836784 -0.680407 
0.62103 -0.168898 
0.207534 0.496304 
0.846414 -0.761046 
0.018748 0.852662 
0.41965 0.109276 
0.835131 -0.659158 
0.636515 -0.377711 
0.833491 -0.636835 
0.409321 0.24207 
0.0573568 0.704696 
0.838649 -0.701649 
0.629106 -0.291541 
0.215552 0.434555 
0.0473306 0.735281 
0.223913 0.374713 
0.414428 0.174761 
0.00253084 0.956574 
0.84054 -0.720498 
0.851827 -0.773369 
0.623782 -0.21289 
0.250734 0.248602 
0.0718768 0.679067 
0.185528 0.650919 
0.634487 -0.357167 
0.0303793 0.801359 
0.630687 -0.312273 
0.823358 -0.458797 
0.652443 -0.458068 
0.627388 -0.267701 
0.622363 -0.191025 
0.618457 -0.125232 
0.454587 -0.123357 
0.25802 0.242171 
0.0821938 0.670979 
0.6324 -0.33339 
0.064924 0.687301 
0.627262 -0.265912 
0.824647 -0.484695 
0.843101 -0.741564 
0.07894 0.671299 
0 1.00001 
0.426607 0.0310752 
