0.0521808 0.71951 
0.220383 0.399764 
0.632133 -0.330033 
0.00147009 0.961937 
0.0254978 0.822164 
0.231114 0.327852 
0.234089 0.310769 
0.412857 0.195221 
0.63393 -0.350727 
0.204729 0.51737 
0.225545 0.363489 
0.833407 -0.635612 
0.228526 0.345235 
0.414553 0.173151 
0.834867 -0.655986 
0.222874 0.381376 
0.829554 -0.574624 
0.621068 -0.169788 
0.217741 0.418617 
0.643121 -0.430099 
0.419956 0.105641 
0.237559 0.292959 
0.250256 0.249507 
0.425614 0.0409095 
0.637966 -0.391557 
0.437817 -0.0677319 
0.625295 -0.236981 
0.423724 0.061933 
0.635888 -0.371838 
0.61974 -0.147401 
0.824517 -0.482134 
0.421803 0.0836878 
0.197609 0.570416 
0.830829 -0.595759 
0.832072 -0.61573 
0.838561 -0.698146 
0.0569615 0.705975 
0.630471 -0.309508 
0.836563 -0.677521 
0.640334 -0.411241 
0.827127 -0.52834 
0.00315275 0.943539 
0.435001 -0.0461091 
0.432487 -0.0259132 
0.840504 -0.71998 
0.828208 -0.551648 
0.843052 -0.741044 
0.202557 0.533749 
0.245323 0.262124 
0.846225 -0.759978 
0.440467 -0.0845348 
0.443615 -0.100762 
0.622532 -0.192021 
0.623823 -0.214296 
0.0320784 0.793769 
0.241181 0.276943 
0.64654 -0.446789 
0.418118 0.128145 
0.416364 0.150195 
0.00555485 0.924562 
0.0122257 0.884893 
0.01542 0.868643 
0.0393602 0.764424 
0.215213 0.437102 
0.212712 0.456086 
0.0187153 0.852852 
0.200093 0.552356 
0.825692 -0.505075 
0.0224696 0.835623 
0.028302 0.809792 
0.447564 -0.115248 
0.191398 0.613791 
0.0623272 0.692635 
0.209821 0.478225 
0.0687813 0.68418 
0.190753 0.617964 
0.626882 -0.260451 
0.430037 -0.00396888 
0.411118 0.218147 
0.0360369 0.777541 
0.0747132 0.673596 
0.85182 -0.773369 
0.823369 -0.458991 
0.651886 -0.457973 
0.618422 -0.124495 
0.453781 -0.124213 
0.00040463 0.979927 
0.409396 0.24111 
0.183304 0.663665 
0.257351 0.242186 
0.187029 0.641656 
0.628691 -0.285843 
0.19475 0.59079 
0.427808 0.0179566 
0.00840748 0.906159 
0.0472883 0.7355 
0.0430639 0.750728 
0 1.00026 
0.207208 0.498338 
0.0826491 0.669669 
