0.220286 0.399986 
0.837334 -0.68563 
0.416916 0.143316 
0.0342481 0.785044 
0.0380365 0.769606 
0.437269 -0.0635161 
0.23192 0.323174 
0.0550797 0.711014 
0.425695 0.0401305 
0.415156 0.16543 
0.23509 0.305459 
0.213224 0.452344 
0.0506334 0.724374 
0.427554 0.0207397 
0.440122 -0.0824028 
0.83559 -0.665496 
0.829818 -0.578708 
0.0119436 0.886436 
0.432037 -0.0217844 
0.199942 0.553221 
0.447319 -0.114431 
0.217884 0.417153 
0.0463299 0.738744 
0.839243 -0.707577 
0.412216 0.203645 
0.0088335 0.9038 
0.0602449 0.697403 
0.238413 0.288956 
0.0189639 0.851685 
0.0662818 0.684751 
0.832446 -0.621419 
0.410828 0.221976 
0.0228657 0.834439 
0.00600496 0.921386 
0.620856 -0.166238 
0.62474 -0.227909 
0.429699 -0.00072344 
0.623341 -0.206462 
0.622107 -0.186884 
0.229025 0.340388 
0.192146 0.608592 
0.423736 0.0615996 
0.194823 0.590159 
0.015394 0.868795 
0.833978 -0.643749 
0.0304079 0.800972 
0.00364902 0.939194 
0.205271 0.513093 
0.202573 0.53357 
0.846666 -0.762172 
0.210609 0.472208 
0.626278 -0.251499 
0.197511 0.571487 
0.207935 0.492709 
0.443241 -0.0989406 
0.413691 0.184344 
0.242303 0.272505 
0.215696 0.43347 
0.0265957 0.817197 
0.0420621 0.754149 
0.631041 -0.316763 
0.629425 -0.295741 
0.418555 0.122644 
0.43436 -0.0420286 
0.639994 -0.408609 
0.619649 -0.145832 
0.841305 -0.727318 
0.420165 0.103078 
0.824581 -0.483407 
0.0735968 0.674432 
0.188968 0.629483 
0.831078 -0.600068 
0.646816 -0.44777 
0.843778 -0.746286 
0.185699 0.649723 
0.00172345 0.958407 
0.000458067 0.978599 
0.422014 0.0812348 
0.64364 -0.429813 
0.82334 -0.458431 
0.618404 -0.12434 
0.627716 -0.272359 
0.827032 -0.530279 
0.225851 0.360854 
0.223354 0.379742 
0.851854 -0.773369 
0.825779 -0.506732 
0.651854 -0.458106 
0.454306 -0.124177 
0.257807 0.242254 
0.182254 0.66952 
0.0830495 0.669741 
0.251083 0.247982 
0.632976 -0.340182 
0.635143 -0.364149 
0.63738 -0.386297 
0.828445 -0.535205 
0 1.00001 
0.246907 0.257455 
0.828539 -0.557483 
