0.422443 0.0792565 
0.0566509 0.706955 
0.0386006 0.767462 
0.0431612 0.752324 
0.188385 0.633211 
0.41547 0.161597 
0.424261 0.0557833 
0.0667044 0.68401 
0.0471765 0.735813 
0.199489 0.556566 
0.829353 -0.571515 
0.00161723 0.959877 
0.0613731 0.694795 
0.835598 -0.665519 
0.413918 0.181409 
0.194024 0.595738 
0.185472 0.651171 
0.191269 0.614772 
0.830449 -0.589959 
0.646577 -0.446924 
0.218972 0.41017 
0.0149219 0.871491 
0.426218 0.0347219 
0.196852 0.575767 
0.628157 -0.278445 
0.0734371 0.674679 
0.4188 0.120619 
0.828117 -0.54999 
0.00045769 0.978614 
0.221663 0.389718 
0.831617 -0.608683 
0.825527 -0.501898 
0.0116544 0.887886 
0.629883 -0.300896 
0.410819 0.222144 
0.843203 -0.742301 
0.0184596 0.854047 
0.840885 -0.723635 
0.621136 -0.16876 
0.00863854 0.904744 
0.643079 -0.429858 
0.619768 -0.147638 
0.834162 -0.645012 
0.622163 -0.187556 
0.442884 -0.0973437 
0.837267 -0.686135 
0.224397 0.37071 
0.216003 0.431163 
0.640151 -0.409611 
0.0517427 0.721024 
0.417079 0.140994 
0.846241 -0.760259 
0.420566 0.0982906 
0.439434 -0.0780851 
0.0307363 0.799451 
0.637745 -0.389646 
0.00589668 0.922202 
0.0346407 0.783207 
0.227303 0.351321 
0.428248 0.0136561 
0.003441 0.940969 
0.241332 0.276307 
0.633616 -0.347122 
0.635487 -0.367742 
0.412384 0.20141 
0.832719 -0.625508 
0.202269 0.53585 
0.245417 0.261729 
0.233648 0.313207 
0.430449 -0.00786387 
0.230467 0.331515 
0.838983 -0.705188 
0.625436 -0.23905 
0.631585 -0.323527 
0.237394 0.293975 
0.250356 0.250517 
0.208043 0.491881 
0.626701 -0.257827 
0.826768 -0.525435 
0.213658 0.448886 
0.0269802 0.817297 
0.0224792 0.835814 
0.447161 -0.114078 
0.851857 -0.773369 
0.652662 -0.458188 
0.824548 -0.480231 
0.823338 -0.458379 
0.618413 -0.124501 
0.453923 -0.123946 
0.257381 0.242181 
0.409365 0.241468 
0.182336 0.669062 
0.433933 -0.0360035 
0.623689 -0.21221 
0.205286 0.513443 
0.211201 0.474221 
0.436487 -0.0584081 
0 1.00058 
0.0816164 0.669756 
0.632734 -0.337344 
