0.671674 0.180443 
0.479858 0.307282 
0.0234528 0.846857 
0.343753 0.413695 
0.42163 0.352359 
0.350831 0.40769 
0.0780944 0.720548 
0.472673 0.312488 
0.299351 0.452872 
0.0757217 0.724824 
0.609375 0.219375 
0.507874 0.287351 
0.273439 0.477086 
0.515625 0.28193 
0.265625 0.484612 
0.757889 0.129432 
0.03125 0.823223 
0.257813 0.492248 
0.488283 0.301252 
0.663255 0.185597 
0.25 0.5 
0.0273438 0.834641 
0.242187 0.507875 
0.678881 0.176059 
0.701948 0.162177 
0.869059 0.0677666 
0.817909 0.0956167 
0.413263 0.357149 
0.711427 0.156539 
0.87976 0.0620445 
0.619059 0.213197 
0.525973 0.274767 
0.358883 0.400932 
0.307163 0.445777 
0.498047 0.294276 
0.33606 0.420294 
0.600831 0.224869 
0.578094 0.239676 
0.535401 0.268289 
0.890625 0.0562707 
0.567909 0.246402 
0.292294 0.459413 
0.316933 0.437032 
0.62976 0.206426 
0.325722 0.42928 
0.557163 0.253566 
0.463473 0.319218 
0.722673 0.149898 
0.546383 0.260823 
0.428881 0.345112 
0.281251 0.469669 
0.652344 0.192322 
0.767639 0.12386 
0.640625 0.199609 
0.941408 0.0297393 
0.691408 0.168492 
0.13539 0.632047 
0.748047 0.135103 
0.588595 0.232807 
0.928881 0.0362168 
0.369059 0.392498 
0.042294 0.794549 
0.0679703 0.739289 
0.451948 0.32773 
0.78125 0.116117 
0.0625 0.75 
0.101566 0.681306 
0.858644 0.0733712 
0.37976 0.383753 
0.140625 0.625 
0.118571 0.655692 
0.902344 0.0500822 
0.0354006 0.81185 
0.234375 0.515877 
0.807133 0.101594 
0.828094 0.0900044 
0.734375 0.143043 
0.91664 0.042587 
0.792294 0.110017 
0.441408 0.335616 
0.125 0.646447 
0.402344 0.365694 
0.390624 0.375001 
0.0937512 0.693812 
0.191469 0.56243 
0.953124 0.0237193 
0.0859397 0.706845 
0.0463839 0.784631 
0.182265 0.573076 
0.108883 0.670025 
0.222673 0.528118 
0.171874 0.585423 
0.213473 0.537976 
0.162753 0.596582 
0.201948 0.550614 
0.843753 0.0814397 
0.152344 0.609688 
0.0552102 0.76505 
0 1 
1 0 
