0.30116 0.451219 
0.142457 0.622565 
0.734344 0.143754 
0.314518 0.439181 
0.341796 0.416231 
0.601562 0.224395 
0.100739 0.683116 
0.154052 0.607506 
0.520841 0.278307 
0.642457 0.198466 
0.984375 0.00784326 
0.616409 0.214883 
0.0917968 0.69702 
0.65625 0.18991 
0.851562 0.0771986 
0.55116 0.257598 
0.199219 0.553661 
0.044922 0.788187 
0.71875 0.152209 
0.669922 0.181512 
0.0838599 0.710674 
0.628717 0.207083 
0.460075 0.321712 
0.892457 0.0553004 
0.587887 0.233262 
0.90625 0.0480284 
0.109375 0.669281 
0.866409 0.0691889 
0.564518 0.248656 
0.919937 0.0408664 
0.933582 0.0337822 
0.406249 0.362623 
0.132592 0.635868 
0.362778 0.397691 
0.171631 0.585716 
0.210075 0.54166 
0.80116 0.104925 
0.682727 0.173727 
0.00402834 0.936531 
0.471649 0.313233 
0.447264 0.331222 
0.00683543 0.917323 
0.878717 0.0626011 
0.374023 0.388425 
0.0693054 0.737267 
0.351562 0.407073 
0.261841 0.488296 
0.162419 0.59723 
0.189453 0.564856 
0.837891 0.0846364 
0.970399 0.0149117 
0.814453 0.0975294 
0.0511525 0.773831 
0.39486 0.372245 
0.180896 0.574681 
0.484344 0.305646 
0.117172 0.657696 
0.695312 0.166147 
0.94725 0.0267321 
0.706657 0.159371 
0.0155195 0.875427 
0.124996 0.646452 
0.38466 0.37979 
0.0625 0.75 
0.417969 0.353906 
0.437 0.33895 
0.0273131 0.834733 
0.507813 0.28739 
0.00219727 0.953126 
0.0224609 0.85013 
0.0569173 0.761426 
0.958549 0.0209474 
0.426747 0.346742 
0.21875 0.5323 
0.270838 0.481374 
0.000976563 0.96875 
0.763687 0.126193 
0.770841 0.122024 
0.0117188 0.891747 
0.0191123 0.861771 
0.000244141 0.984375 
0.226318 0.524271 
0.234375 0.515877 
0.245727 0.51182 
0.00963716 0.90184 
0.495972 0.299088 
0.279297 0.472407 
0.03125 0.823223 
0.75 0.133975 
0.288247 0.463114 
0.25 0.5 
0.0761719 0.724007 
0.576172 0.24094 
0.826172 0.0910601 
0.0382466 0.804433 
0.53434 0.269014 
0.78434 0.11437 
0 1 
0.326172 0.428885 
1 0 
