1 0 
0.206177 0.545933 
0.162109 0.597372 
0.184075 0.57096 
0.172974 0.584099 
0.195841 0.557933 
0.892746 0.0551501 
0.233656 0.51662 
0.302725 0.449795 
0.365164 0.395712 
0.150879 0.611569 
0.101559 0.681317 
0.271414 0.479922 
0.376911 0.386069 
0.720031 0.151454 
0.35241 0.406359 
0.907551 0.0473552 
0.341875 0.415299 
0.579362 0.238842 
0.388916 0.376369 
0.877708 0.0631393 
0.552725 0.256545 
0.281853 0.469102 
0.434075 0.341156 
0.13336 0.634816 
0.400559 0.367106 
0.259766 0.490328 
0.446832 0.331545 
0.329362 0.426099 
0.1427 0.622243 
0.650559 0.193431 
0.921216 0.040831 
0.457474 0.323632 
0.292598 0.459076 
0.636963 0.201901 
0.829362 0.0893068 
0.412109 0.358043 
0.802725 0.104051 
0.125 0.646447 
0.109374 0.669283 
0.0482478 0.780346 
0.76541 0.126487 
0.865164 0.0698579 
0.422974 0.349636 
0.0923672 0.696114 
0.00415134 0.935569 
0.615164 0.215676 
0.117117 0.657776 
0.684075 0.172911 
0.60241 0.223849 
0.934075 0.0335242 
0.591875 0.230666 
0.0425974 0.793609 
0.00658286 0.918865 
0.0371716 0.807201 
0.0546794 0.7667 
0.0737189 0.728488 
0.706177 0.159657 
0.0234375 0.847467 
0.00219822 0.953115 
0.956179 0.022156 
0.511504 0.286363 
0.0793622 0.718287 
0.0322268 0.820484 
0.662109 0.186299 
0.540893 0.264545 
0.852414 0.0767378 
0.027607 0.833847 
0.841875 0.0824626 
0.625977 0.208814 
0.696836 0.165233 
0.672974 0.17965 
0.0190433 0.862005 
0.0600443 0.754977 
0.0899067 0.708452 
0.521414 0.278007 
0.015625 0.875004 
0.00939187 0.903089 
0.0121329 0.889851 
0.790642 0.110883 
0.945982 0.0273841 
0.000976563 0.96875 
0.242187 0.507875 
0.53125 0.271131 
0.0002442 0.984373 
0.495805 0.295865 
0.777668 0.119501 
0.970031 0.0150985 
0.470031 0.314412 
0.0664062 0.742306 
0.816107 0.0966551 
0.983716 0.00878705 
0.483716 0.305294 
0.566108 0.247599 
0.733716 0.144121 
0.316108 0.437766 
0.220031 0.530925 
0.752014 0.132812 
0 1 
0.25 0.5 
