0.37739 0.385679 
0.797879 0.106759 
0.484375 0.304029 
0.0185779 0.863699 
0.254181 0.495836 
0.0387964 0.8031 
0.492187 0.298439 
0.26172 0.488415 
0.545654 0.261318 
0.248047 0.501958 
0.804685 0.102958 
0.501 0.292187 
0.537674 0.266743 
0.118616 0.655593 
0.509157 0.286447 
0.759033 0.128775 
0.7687 0.123245 
0.778336 0.117772 
0.788071 0.112266 
0.852991 0.0770893 
0.660156 0.18786 
0.618616 0.213479 
0.669944 0.181501 
0.295823 0.456284 
0.528336 0.273139 
0.518578 0.279876 
0.240407 0.510678 
0.268578 0.481755 
0.749512 0.1343 
0.477053 0.30931 
0.597656 0.226918 
0.125 0.646447 
0.650411 0.19352 
0.214571 0.536814 
0.588499 0.232863 
0.28801 0.463452 
0.627894 0.207603 
0.113018 0.663922 
0.375437 0.387271 
0.827393 0.0903888 
0.608482 0.219948 
0.679683 0.175585 
0.554687 0.255227 
0.409732 0.36 
0.132363 0.636319 
0.206059 0.546132 
0.816406 0.096448 
0.419944 0.351969 
0.738297 0.140758 
0.941406 0.0297391 
0.222386 0.52913 
0.929683 0.0358117 
0.727053 0.147326 
0.0546846 0.766153 
0.231934 0.51852 
0.639366 0.200398 
0.577393 0.240136 
0.400411 0.36722 
0.347658 0.410375 
0.691406 0.168492 
0.338499 0.418193 
0.278397 0.472374 
0.566406 0.2474 
0.429683 0.344514 
0.715611 0.154412 
0.858482 0.0734569 
0.703125 0.161475 
0.917789 0.0419871 
0.838499 0.0843041 
0.304685 0.448018 
0.197878 0.555184 
0.1875 0.566987 
0.139669 0.626277 
0.0387964 0.8031 
0.889366 0.0569392 
0.441406 0.335616 
0.159144 0.601315 
0.327393 0.427818 
0.465611 0.318043 
0.388878 0.376401 
0.453125 0.326854 
0.0864544 0.705969 
0.316406 0.4375 
0.0695801 0.73622 
0.179443 0.576396 
0.904316 0.0492036 
0.149563 0.613267 
0.0625 0.75 
0.167789 0.59038 
0.0773926 0.721805 
0.87739 0.063309 
0.03125 0.823223 
0.0927926 0.695382 
0.358726 0.401063 
0.104981 0.675993 
0.0507784 0.774659 
0.0263903 0.838106 
0.953125 0.0237188 
0 1 
1 0 
