0.999728 0.000498142 
0 1.00076 
0.0546875 0.767157 
0.00195313 0.956737 
0.729355 0.146312 
0.436218 0.340099 
0.213566 0.538544 
0.747742 0.135771 
0.633366 0.205359 
0.616891 0.215467 
0.648504 0.195731 
0.0405293 0.799239 
0.664093 0.186201 
0.539553 0.265953 
0.338566 0.418701 
0.451237 0.329157 
0.398993 0.369365 
0.0234375 0.878135 
0.602053 0.224649 
0.588444 0.233654 
0.936218 0.0328531 
0.374705 0.388538 
0.713566 0.15574 
0.526373 0.27549 
0.762765 0.127043 
0.789553 0.111868 
6.10352e-05 0.992944 
0.0078125 0.91451 
0.187226 0.567923 
0.574227 0.243368 
0.701234 0.163552 
0.38971 0.381568 
0.479355 0.308029 
0.351564 0.40772 
0.251953 0.498764 
0.100289 0.684379 
0.0752037 0.727358 
0.362984 0.400233 
0.0237484 0.851498 
0.852053 0.0774527 
0.776373 0.119773 
0.226898 0.525313 
0.112984 0.675058 
0.951237 0.025379 
0.262765 0.487932 
0.512765 0.284388 
0.326173 0.430095 
0.133366 0.636562 
0.421822 0.353304 
0.838566 0.0846998 
0.804688 0.10378 
0.317452 0.438251 
0.116891 0.659154 
0.124704 0.647415 
0.414063 0.358559 
0.491883 0.299216 
0.898993 0.0527155 
0.963566 0.018834 
0.0625 0.752573 
0.0673912 0.741673 
0.305178 0.448548 
0.554688 0.256031 
0.0864892 0.718399 
0.143136 0.625224 
0.88971 0.0591333 
0.679382 0.177278 
0.242543 0.510142 
0.976898 0.0127151 
0.826173 0.0920099 
0.179688 0.583179 
0.148993 0.615335 
0.501953 0.292122 
0.686218 0.172016 
0.164063 0.610422 
0.866402 0.0705591 
0.874704 0.065092 
0.201237 0.552411 
0.0332031 0.819199 
0.921822 0.0420276 
0.273993 0.479477 
0.914063 0.045139 
0.81836 0.100544 
0.289064 0.463798 
0.562204 0.251216 
0.0117882 0.895221 
0.297365 0.45563 
0.0924721 0.696973 
0.0263734 0.839068 
0.23407 0.517128 
0.28125 0.47219 
0.164553 0.595474 
0.198308 0.557952 
0.0127647 0.887699 
0.00489119 0.932241 
0.466862 0.317618 
0.171822 0.588559 
0.00390625 0.938238 
0.0884438 0.703648 
0.0395527 0.801718 
0.463596 0.319783 
