0.0167857 0.870441 
0.190594 0.56343 
0.964356 0.0180223 
0.5457 0.261386 
0.765626 0.124999 
0.757813 0.129486 
0.163368 0.595812 
0.273461 0.477065 
0.1875 0.567002 
0.198494 0.554474 
0.491172 0.299165 
0.507813 0.28739 
0.551758 0.257196 
0.499512 0.293239 
0.75 0.133975 
0.2854 0.465772 
0.537354 0.266957 
0.483398 0.304732 
0.84375 0.0814415 
0.0354004 0.811851 
0.773461 0.120534 
0.906986 0.0476417 
0.293224 0.458499 
0.335961 0.420379 
0.202976 0.549471 
0.853569 0.0774172 
0.646561 0.196097 
0.473881 0.312007 
0.345223 0.412444 
0.917969 0.0418931 
0.59375 0.229448 
0.833008 0.0873087 
0.16803 0.590086 
0.636719 0.202053 
0.129883 0.63967 
0.5625 0.25 
0.92871 0.0363042 
0.603546 0.223121 
0.515817 0.281796 
0.656986 0.189453 
0.572319 0.243482 
0.667969 0.182706 
0.7854 0.113772 
0.583496 0.236134 
0.23169 0.519119 
0.625696 0.208991 
0.952732 0.02392 
0.353813 0.405178 
0.156986 0.603785 
0.614746 0.215943 
0.464356 0.318613 
0.67871 0.176162 
0.396561 0.370485 
0.822319 0.0931819 
0.52832 0.273144 
0.940594 0.0301579 
0.036377 0.809274 
0.2222 0.528623 
0.123228 0.648961 
0.301758 0.450675 
0.864746 0.0700827 
0.714356 0.154848 
0.239746 0.510361 
0.386719 0.378133 
0.0625305 0.749939 
0.795883 0.107882 
0.702732 0.161709 
0.114746 0.661258 
0.739746 0.139915 
0.10787 0.671564 
0.406986 0.362045 
0.690594 0.16898 
0.417969 0.353495 
0.42871 0.345241 
0.375696 0.38706 
0.364746 0.396058 
0.213663 0.537763 
0.725929 0.147986 
0.80957 0.100239 
0.137695 0.629421 
0.452732 0.327146 
0.440594 0.336228 
0.178466 0.577579 
0.0996399 0.684346 
0.0913086 0.697831 
0.328309 0.427234 
0.147452 0.616005 
0.897452 0.0526606 
0.265625 0.484616 
0.0283206 0.831713 
0.3125 0.440983 
0.876672 0.0636925 
0.0234453 0.846882 
0.25 0.5 
0.0834961 0.711045 
0.0595704 0.75593 
0.0723192 0.731078 
0.0458831 0.785797 
1 0 
0 1 
