0.897428 0.0526745 
0.314453 0.439241 
0.897428 0.0526745 
0.320312 0.43404 
0.913084 0.0444457 
0.201904 0.550664 
0.0205078 0.856794 
0.957031 0.0217203 
0.0936469 0.693982 
0.527405 0.273774 
0.728256 0.147316 
0.520508 0.278538 
0.84961 0.0783395 
0.859364 0.0729824 
0.828129 0.0899841 
0.81836 0.0953684 
0.652405 0.192284 
0.289094 0.462339 
0.242187 0.507875 
0.662809 0.18588 
0.0312805 0.823137 
0.749512 0.134257 
0.674055 0.181852 
0.53784 0.266626 
0.718632 0.152279 
0.207031 0.544993 
0.546845 0.260523 
0.838857 0.0841085 
0.125 0.646447 
0.25 0.5 
0.758912 0.128844 
0.307605 0.445393 
0.807605 0.101342 
0.225342 0.5253 
0.609364 0.219384 
0.59961 0.225749 
0.643067 0.198086 
0.578129 0.239652 
0.488434 0.301119 
0.0887964 0.702013 
0.480179 0.307051 
0.870117 0.0671993 
0.56836 0.246106 
0.23412 0.516141 
0.738434 0.140678 
0.0517578 0.772497 
0.328129 0.427175 
0.499996 0.292896 
0.50879 0.286705 
0.796845 0.107349 
0.588796 0.232669 
0.424054 0.348806 
0.296906 0.455124 
0.402344 0.365694 
0.0732316 0.729452 
0.557605 0.253283 
0.28125 0.471452 
0.620117 0.212525 
0.131589 0.637248 
0.683104 0.173499 
0.140291 0.625447 
0.707031 0.159148 
0.433104 0.341894 
0.393067 0.37305 
0.631559 0.205293 
0.166494 0.595824 
0.359364 0.400532 
0.34961 0.40883 
0.217731 0.533383 
0.695297 0.166155 
0.413084 0.357284 
0.147428 0.616038 
0.117884 0.656682 
0.157227 0.603546 
0.0996099 0.684391 
0.338797 0.417938 
0.468632 0.315433 
0.194336 0.559167 
0.945297 0.0277362 
0.174063 0.582792 
0.370117 0.391627 
0.457031 0.323959 
0.25879 0.491286 
0.785156 0.11391 
0.770752 0.122075 
0.381559 0.382295 
0.881589 0.0610707 
0.445295 0.332696 
0.270508 0.479896 
0.0810441 0.715383 
0.183104 0.572094 
0.0273438 0.836865 
0.10912 0.669667 
0.0683596 0.738546 
0.932119 0.0370481 
0.0576055 0.75999 
0.0351563 0.8125 
0.0468451 0.783564 
0 1 
1 0 
