0 1.00051 
0.999992 0.000133096 
0.015625 0.87537 
0.0860646 0.707128 
0.0976602 0.68833 
0.179689 0.581798 
0.445566 0.33282 
0.165046 0.599035 
0.00878908 0.907414 
0.0235605 0.847335 
0.460938 0.321438 
0.500977 0.292536 
0.336061 0.420811 
0.488281 0.302638 
0.473667 0.31215 
0.374992 0.388217 
0.00390625 0.938498 
0.390626 0.378953 
0.03125 0.824533 
0.695566 0.166293 
0.0586634 0.759533 
0.710938 0.157145 
0.322267 0.433049 
0.432747 0.342763 
0.598668 0.226765 
0.586549 0.234587 
0.300851 0.452236 
0.124412 0.649752 
0.613316 0.217533 
0.114293 0.662909 
0.723667 0.149635 
0.539098 0.266266 
0.789098 0.11217 
0.848912 0.0791489 
0.10648 0.674566 
0.640626 0.203354 
0.0508509 0.775513 
0.624992 0.209849 
0.515625 0.282183 
0.835939 0.0863727 
0.066441 0.746184 
0.651374 0.194319 
0.312501 0.441974 
0.863316 0.0714499 
0.572267 0.244167 
0.238281 0.51258 
0.289556 0.462795 
0.890626 0.059599 
0.249015 0.501179 
0.525513 0.275777 
0.422858 0.354236 
0.874992 0.064752 
0.973667 0.013549 
0.401374 0.369079 
0.550851 0.258526 
0.901862 0.0521208 
0.0781263 0.722849 
0.738281 0.141882 
0.219761 0.531662 
0.140626 0.628602 
0.186653 0.569155 
0.822267 0.0936167 
0.23148 0.523359 
0.046936 0.789588 
0.137708 0.643048 
0.949472 0.0260505 
0.93666 0.03297 
0.914098 0.044311 
0.960938 0.0200048 
0.363316 0.397693 
0.664556 0.186312 
0.148454 0.615597 
0.411168 0.360471 
0.0195313 0.862053 
0.00793457 0.916941 
0.682991 0.174334 
0.5625 0.250705 
0.0395861 0.801818 
0.210938 0.541142 
0.195314 0.559403 
0.34766 0.411073 
0.0722669 0.73208 
0.800851 0.105656 
0.000976563 0.969726 
0.757848 0.129956 
0.00195313 0.956741 
0.925782 0.0393368 
0.203373 0.550704 
0.812501 0.100916 
0.155403 0.607005 
0.257813 0.492701 
0.748039 0.135662 
0.0351563 0.813451 
0.28125 0.472229 
0.265625 0.484902 
0.00012207 0.989461 
0.675786 0.182293 
0.773575 0.12095 
0.355503 0.405212 
0.273438 0.477532 
