0.332031 0.423779 
0.640625 0.199613 
0.805877 0.102304 
0.0390625 0.802358 
0.378776 0.384563 
0.121094 0.652015 
0.797852 0.10681 
0.121094 0.652015 
0.339844 0.417039 
0.326153 0.428902 
0.954644 0.0241821 
0.0488281 0.779029 
0.712099 0.156141 
0.777894 0.118017 
0.566296 0.247474 
0.55775 0.253187 
0.73387 0.143338 
0.7874 0.112651 
0.649414 0.194231 
0.767853 0.123728 
0.250015 0.499986 
0.0249634 0.842002 
0.815313 0.0970533 
0.242187 0.507875 
0.164063 0.594957 
0.67041 0.181214 
0.6328 0.204513 
0.527833 0.273479 
0.0454101 0.786905 
0.704644 0.162153 
0.836975 0.0851365 
0.826153 0.0910702 
0.679688 0.175568 
0.5374 0.266932 
0.517853 0.28038 
0.0820389 0.71358 
0.462099 0.320222 
0.2874 0.463912 
0.659964 0.187618 
0.547852 0.259871 
0.0546895 0.766142 
0.576153 0.240952 
0.17041 0.587193 
0.847654 0.0793185 
0.722586 0.149949 
0.408203 0.361092 
0.101561 0.681314 
0.257935 0.492131 
0.156252 0.604713 
0.371094 0.390826 
0.386589 0.378248 
0.29541 0.456484 
0.586975 0.233857 
0.0597832 0.755798 
0.148438 0.614728 
0.871094 0.0666763 
0.347654 0.410378 
0.859355 0.072986 
0.453101 0.326873 
0.0870991 0.704874 
0.140625 0.625001 
0.941336 0.0297751 
0.597654 0.226919 
0.507935 0.287308 
0.742187 0.138502 
0.0955855 0.690831 
0.41803 0.353448 
0.277833 0.472901 
0.316397 0.437543 
0.621094 0.211905 
0.691336 0.168534 
0.472586 0.312551 
0.609355 0.219388 
0.398438 0.368784 
0.267853 0.482455 
0.305877 0.446943 
0.234351 0.515902 
0.496094 0.295661 
0.484351 0.304047 
0.757935 0.129408 
0.441336 0.335668 
0.429688 0.344495 
0.929688 0.035797 
0.8828 0.0604257 
0.359355 0.400538 
0.179688 0.576104 
0.0748944 0.726462 
0.0664043 0.74231 
0.212099 0.539458 
0.190402 0.56366 
0.222586 0.528209 
0.200902 0.55178 
0.1328 0.635583 
0.914063 0.0439338 
0.898438 0.0521431 
0.0249634 0.842002 
0.109375 0.669281 
0.0374 0.80662 
0 1 
1 0 
