0.229332 1.39141 
1.25405 0.114728 
0.936359 0.235879 
0.78694 0.241444 
0.725719 0.560206 
0.229332 1.27197 
0.610829 0.561422 
0.991718 0.173182 
1.05484 0.150993 
0.291495 0.686057 
0.231531 0.877792 
0.229332 1.08878 
0.261031 0.86265 
0.229332 1.18103 
0.229332 1.1226 
0.229332 1.02407 
0.291495 0.630203 
0.27129 0.746804 
0.229332 0.981173 
0.267271 0.800102 
1.17213 0.114728 
0.323748 0.581806 
0.749456 0.247303 
0.229332 1.23694 
0.270901 0.774351 
0.229447 0.909265 
1.06337 0.123912 
0.72966 0.262722 
1.24083 0.114728 
0.555574 0.561432 
0.28707 0.728187 
0.348637 0.56386 
0.441521 0.561914 
0.725932 0.463474 
0.421434 0.561976 
0.229334 0.932651 
0.726443 0.394554 
0.979699 0.176493 
1.11168 0.118529 
0.339738 0.578933 
0.229332 0.958718 
0.40307 0.563649 
0.726188 0.440022 
0.955903 0.17782 
0.302449 0.592449 
1.20896 0.114728 
0.368777 0.563753 
0.500393 0.561448 
0.585258 0.561431 
1.14306 0.114901 
0.726501 0.322485 
0.725719 0.545661 
0.2657 0.829706 
0.229332 1.02088 
0.384805 0.563662 
1.12672 0.11681 
0.726498 0.351162 
1.08862 0.118591 
1.20911 0.114728 
0.461807 0.561704 
0.261407 0.835726 
0.472484 0.561558 
1.05833 0.15077 
0.571672 0.561432 
1.08292 0.123882 
1.16016 0.114865 
0.727562 0.277356 
0.528374 0.561448 
0.492653 0.56145 
0.291495 0.716766 
0.52888 0.561446 
0.229332 1.10819 
0.725836 0.491252 
0.727446 0.295559 
0.607021 0.561423 
0.301032 0.599988 
0.72572 0.517142 
0.762272 0.244302 
0.229332 1.21362 
0.727287 0.309004 
0.229332 1.20167 
0.943128 0.201156 
0.291999 0.610901 
0.725746 0.495464 
0.726144 0.441443 
0.946616 0.187078 
0.939633 0.204955 
0.725745 0.515194 
0.768985 0.241762 
0.726472 0.36496 
0.949846 0.185921 
0.936631 0.21958 
0.937612 0.216707 
0.291498 0.618564 
0.291493 0.720366 
0.726448 0.372335 
0.777486 0.241629 
0.726446 0.379298 
0.229332 1.20834 
0.726445 0.385972 
