1.63694 0.165475 
0.00879863 2.37868 
0.00879865 2.05868 
0.00879863 2.36897 
0.00879992 1.43283 
0.00879949 1.74165 
1.45086 0.165475 
0.00879865 1.97306 
1.6071 0.165475 
1.31879 0.165475 
1.18597 0.165475 
0.00879865 1.81733 
1.42496 0.165475 
1.34252 0.165475 
0.161215 0.836721 
0.772711 0.320867 
0.830839 0.2964 
0.929842 0.184355 
0.327991 0.788614 
0.997324 0.184258 
0.275568 0.829644 
1.05187 0.183626 
0.0283181 1.04788 
0.0249083 1.14374 
0.0541355 1.02249 
1.07877 0.166232 
0.220931 0.831261 
1.14626 0.165476 
0.0102474 1.17963 
0.882773 0.19807 
0.746609 0.321115 
0.690244 0.32783 
0.903557 0.188993 
0.0814049 0.844251 
0.220932 0.830102 
1.01409 0.183653 
0.00880051 1.40131 
0.275568 0.829644 
0.07308 0.866364 
0.632334 0.340702 
0.574732 0.517611 
0.00879873 1.80667 
0.122664 0.838612 
0.862696 0.217349 
0.357279 0.545096 
0.0101752 1.24153 
0.49609 0.517619 
0.00886328 1.35072 
0.406741 0.522193 
0.624639 0.359466 
0.606216 0.374663 
0.604814 0.489698 
0.0654425 0.897179 
0.830947 0.240085 
0.0600666 0.941353 
0.344216 0.59397 
0.344326 0.566713 
0.844064 0.217467 
0.00879948 1.74418 
0.435953 0.517945 
0.365853 0.524576 
0.0102251 1.20776 
0.0257255 1.08432 
0.109681 0.838813 
0.476696 0.517619 
0.0256207 1.10621 
1.10555 0.165481 
0.571103 0.517612 
0.0101417 1.3331 
0.530853 0.517614 
0.388784 0.523406 
0.339028 0.626243 
0.830936 0.267745 
0.45094 0.517712 
0.0577061 0.98078 
1.12236 0.165476 
0.0101427 1.2931 
1.18597 0.165475 
0.665061 0.340224 
0.0101428 1.27853 
0.0600681 0.917178 
0.605035 0.440367 
0.604815 0.462022 
0.329979 0.631811 
0.328177 0.672745 
0.528446 0.517614 
0.66964 0.339081 
0.0542255 0.988874 
0.714795 0.321122 
0.328256 0.659221 
1.62199 0.165475 
0.328009 0.760562 
0.606212 0.403408 
0.605488 0.413066 
0.328177 0.706692 
0.328035 0.743346 
0.328035 0.709263 
0.00879992 1.42538 
0.327992 0.784872 
0.604815 0.489635 
