1.24467 0.201936 
0.0987899 3.34224 
0.0987899 2.76459 
0.0987899 3.3414 
0.234364 0.875965 
0.0987899 2.65735 
0.0987899 2.19291 
0.0987899 1.93557 
0.314665 0.855443 
0.0987899 2.33206 
0.0987899 2.49499 
0.209968 0.876628 
0.0987899 1.57011 
0.156131 0.877971 
1.03592 0.211312 
0.370576 0.570182 
0.616862 0.424785 
0.0987899 1.42649 
0.664792 0.424729 
0.345519 0.572471 
0.922299 0.332157 
0.879894 0.342736 
0.0987899 1.88121 
0.732732 0.34737 
0.581953 0.425623 
1.19534 0.201936 
0.0987899 2.19321 
0.835164 0.342736 
0.75787 0.342745 
0.0987899 1.61392 
0.545921 0.436123 
1.10403 0.206985 
0.640311 0.424761 
1.06246 0.210192 
0.43434 0.544306 
1.19325 0.201938 
0.708309 0.351222 
0.483213 0.442842 
0.872013 0.342736 
1.14892 0.20194 
0.966034 0.227181 
0.404049 0.5636 
0.930363 0.232987 
0.322336 0.588061 
1.082 0.209271 
0.521283 0.436292 
1.12765 0.201987 
0.795171 0.342737 
0.505475 0.440879 
0.0987899 1.70491 
0.118229 1.03686 
0.821282 0.342736 
0.566262 0.427153 
1.00397 0.225986 
0.0987899 2.76178 
0.145361 0.879888 
0.126475 1.00256 
0.0987899 2.42419 
0.961468 0.230553 
0.451655 0.544283 
0.406574 0.548 
1.00398 0.223149 
0.780696 0.342743 
0.0987899 1.78722 
0.09879 1.35028 
0.694238 0.42147 
0.467847 0.461379 
0.103837 1.05088 
0.09879 1.31521 
0.130439 0.965911 
0.136759 0.931758 
0.0987901 1.25699 
0.695096 0.370926 
0.0987902 1.23052 
0.462648 0.51957 
0.09879 1.41357 
0.317796 0.61478 
0.317301 0.67837 
0.93035 0.26553 
0.314857 0.790231 
0.0987903 1.17904 
0.314889 0.718574 
0.0987899 2.43608 
0.0990128 1.0776 
0.922995 0.287068 
0.317621 0.650845 
0.0987909 1.10456 
0.0987899 1.74383 
0.0987899 1.93539 
0.0987903 1.1392 
0.133117 0.931793 
0.314672 0.818616 
0.92274 0.311565 
0.314901 0.718531 
0.0987899 1.77996 
0.694246 0.391682 
0.0987903 1.15784 
0.46281 0.497443 
0.0987899 1.72435 
0.314665 0.851265 
