0.98109 0.338543 
0.205585 1.03668 
0.996469 0.338514 
1.82516 0.146247 
0.983205 0.338514 
0.628531 0.416049 
0.816131 0.35715 
0.767844 0.401056 
0.587312 0.73531 
0.768111 0.395934 
0.621274 0.450515 
0.587312 0.736015 
0.587312 0.755234 
0.587325 0.661324 
0.613424 0.465306 
0.588528 0.643543 
0.762599 0.405104 
0.590896 0.601349 
1.20364 0.157109 
0.642735 0.406887 
0.589897 0.608501 
0.768137 0.388129 
0.59093 0.593089 
0.59739 0.488981 
0.590994 0.574815 
0.633237 0.409026 
0.587311 0.785722 
0.590949 0.583744 
0.588525 0.656981 
0.887335 0.35195 
0.920566 0.351825 
0.587312 0.74964 
0.618937 0.463317 
0.587311 0.829827 
0.71154 0.406365 
0.967194 0.351793 
0.587322 0.671153 
0.819168 0.3549 
0.540667 0.863678 
0.855155 0.353571 
0.902389 0.351825 
0.587312 0.76405 
0.591251 0.565914 
0.784751 0.361648 
0.587311 0.776342 
0.875512 0.353467 
0.976565 0.339104 
0.964696 0.351821 
0.560585 0.863669 
0.751169 0.406296 
1.19992 0.162284 
0.600447 0.481048 
0.604733 0.469693 
0.843583 0.35412 
0.803709 0.357321 
0.728415 0.406332 
1.12196 0.197417 
1.21671 0.15667 
0.589783 0.642304 
0.784204 0.366573 
0.93207 0.351825 
0.593892 0.523251 
0.769162 0.379506 
0.59389 0.523577 
1.11539 0.260977 
0.589786 0.617178 
0.654896 0.406445 
0.587311 0.823656 
0.696527 0.406376 
0.595647 0.495697 
0.996514 0.338514 
0.573644 0.862212 
0.62135 0.450515 
1.11753 0.206483 
0.587311 0.794526 
0.628232 0.417714 
0.587311 0.843791 
1.11517 0.262872 
0.591469 0.553702 
1.11091 0.301591 
0.528912 0.864169 
0.254636 0.934331 
0.587315 0.681533 
0.587314 0.723081 
0.51126 0.893426 
1.11751 0.232133 
1.12366 0.184126 
1.17553 0.162428 
1.11089 0.306558 
1.22849 0.146355 
0.278085 0.925663 
1.05445 0.338513 
0.507689 0.905232 
0.213117 0.934426 
0.365015 0.90566 
1.82517 0.145924 
1.81208 0.146251 
1.33101 0.146354 
2.19133 0.143494 
0.202758 1.39782 
