0.123088 2.56327 
1.2965 0.213334 
0.283816 1.1168 
0.41207 1.10135 
0.123092 2.25898 
0.183312 1.27572 
0.123878 1.4218 
0.123089 2.49223 
0.261926 1.24468 
0.418215 0.996057 
0.262019 1.24467 
0.123093 2.08871 
0.803412 0.481151 
0.143832 1.35605 
0.823278 0.47063 
0.123156 1.9747 
0.735177 0.481801 
0.123161 1.53196 
0.123156 1.66966 
0.123089 2.36667 
0.881959 0.466175 
1.21765 0.21354 
0.123156 1.86269 
0.123156 1.79498 
0.123158 1.56421 
0.688461 0.487002 
0.416609 1.0636 
0.432546 0.915188 
0.123089 2.3596 
1.03712 0.372406 
0.123157 1.65201 
1.2617 0.21341 
0.733158 0.486997 
0.968493 0.447526 
0.171681 1.28767 
1.06086 0.36421 
0.974024 0.447453 
0.64162 0.637316 
0.437382 0.767577 
0.900033 0.454112 
0.924869 0.447598 
1.00192 0.417364 
1.19815 0.213726 
0.43298 0.837037 
1.02225 0.393344 
0.670049 0.551389 
0.123093 2.03192 
1.12897 0.215729 
1.07878 0.252356 
1.10829 0.22422 
0.614665 0.652759 
0.15641 1.31957 
1.16015 0.214525 
0.468125 0.744702 
0.671072 0.508446 
0.590552 0.655112 
1.17615 0.21396 
0.450709 0.752677 
1.26937 0.2134 
0.123156 1.84827 
0.653281 0.551478 
1.07784 0.312098 
0.491406 0.728916 
1.01434 0.406515 
0.476643 0.732386 
0.497161 0.710033 
0.153043 1.32347 
1.07802 0.280742 
0.579552 0.663331 
0.51049 0.705214 
0.123151 2.01164 
0.123093 2.08871 
0.642921 0.563003 
0.678379 0.496791 
0.924737 0.447871 
0.530139 0.68981 
0.523065 0.704399 
1.29539 0.2134 
1.06976 0.340573 
0.541702 0.686524 
0.123156 1.79549 
0.64162 0.610819 
0.553598 0.683367 
1.09056 0.23174 
0.641645 0.584617 
0.80905 0.471487 
1.12567 0.222004 
0.432734 0.841266 
0.8831 0.458678 
0.609811 0.655094 
0.564912 0.663962 
1.07574 0.340474 
0.432559 0.884771 
1.09101 0.226308 
0.558898 0.668282 
0.439409 0.754786 
1.00278 0.417364 
1.16471 0.214525 
0.432546 0.912962 
0.432556 0.884771 
