0.78064 0.482893 
0.370619 0.678152 
0.778955 0.497958 
0.69198 0.510089 
1.20527 0.295877 
0.823032 0.463258 
0.863831 0.424267 
0.36536 0.739732 
1.43198 0.108261 
1.01083 0.311005 
0.563579 0.560712 
0.370523 0.680003 
0.864383 0.419966 
0.365725 0.721637 
0.622987 0.53114 
0.823031 0.46326 
1.03143 0.295922 
0.691982 0.510089 
0.629915 0.518589 
0.65981 0.510106 
0.778955 0.485474 
0.866704 0.399703 
0.628999 0.519236 
0.365591 0.739731 
1.25166 0.117372 
1.01586 0.307374 
0.985215 0.337545 
0.363429 0.811971 
0.382349 0.660473 
0.669233 0.510089 
0.43107 0.577369 
0.369501 0.697947 
0.41519 0.577888 
0.365591 0.723334 
0.622985 0.531156 
0.370233 0.692806 
0.881066 0.359373 
1.01029 0.318877 
0.439428 0.573374 
0.208825 0.959445 
0.927831 0.345492 
0.789535 0.479842 
0.794176 0.471174 
1.01798 0.298292 
0.614186 0.544568 
0.497091 0.568982 
0.611747 0.545057 
0.864652 0.409744 
0.389567 0.628346 
0.363429 0.81392 
0.98531 0.33703 
0.558027 0.562187 
0.868187 0.375331 
0.778955 0.497958 
0.748674 0.510089 
0.36343 0.796801 
0.412075 0.585087 
0.959706 0.339764 
0.524967 0.567731 
0.87369 0.365602 
0.950082 0.341217 
0.570487 0.554231 
0.532915 0.565636 
0.796245 0.463933 
0.365314 0.75399 
0.371964 0.669021 
0.837216 0.457218 
0.64114 0.510289 
0.866997 0.383925 
0.491892 0.569708 
0.36624 0.708616 
0.403474 0.594394 
0.396774 0.603234 
0.76081 0.510089 
0.390751 0.614427 
0.383531 0.657762 
0.925291 0.346742 
0.720332 0.510089 
0.592214 0.553156 
1.00545 0.326906 
0.452258 0.570132 
0.38725 0.633861 
0.363569 0.789427 
0.364893 0.763565 
0.892854 0.357287 
0.863414 0.433269 
1.04181 0.295916 
0.853625 0.455859 
1.20527 0.295883 
0.283812 0.894697 
0.363429 0.833422 
1.09915 0.295889 
0.228267 0.959167 
0.283807 0.907044 
0.363429 0.885751 
1.26556 0.115018 
1.24772 0.121784 
1.22949 0.295877 
0.193467 1.67485 
3.06184 0.100481 
