0.439202 0.705137 
0.310311 0.928761 
1.009 0.342959 
0.634698 0.489598 
0.642552 0.489468 
0.638011 0.489473 
0.590511 0.491795 
0.439211 0.701095 
0.452132 0.64112 
0.631973 0.4896 
0.712806 0.46054 
0.44098 0.697159 
0.518709 0.518122 
0.504973 0.520918 
0.72997 0.425567 
0.988379 0.342977 
0.452132 0.64091 
0.749951 0.378037 
1.17966 0.161927 
0.512889 0.519961 
0.904845 0.343002 
0.712707 0.479274 
0.62379 0.489737 
0.712783 0.465637 
0.813599 0.353746 
0.715947 0.45779 
0.751834 0.375703 
1.00363 0.342963 
0.527639 0.496779 
0.801251 0.36607 
0.730042 0.41753 
0.76485 0.372868 
0.495521 0.53514 
0.452133 0.626231 
0.797242 0.372515 
0.736374 0.386362 
0.839831 0.348979 
0.859485 0.343017 
0.312956 0.846706 
0.720561 0.44865 
0.559162 0.494681 
0.76962 0.372523 
0.738453 0.378206 
0.817494 0.353246 
1.10835 0.255181 
0.455025 0.623237 
1.16045 0.235837 
1.00901 0.342959 
0.471984 0.536674 
0.49964 0.521073 
0.590917 0.491155 
0.494078 0.535999 
0.314326 0.827267 
0.809764 0.364677 
0.519663 0.514793 
0.723568 0.425725 
0.850376 0.346467 
0.734055 0.394521 
0.522913 0.497879 
0.834262 0.351711 
0.720902 0.441489 
0.561761 0.494241 
1.03231 0.342958 
0.786617 0.372515 
0.868545 0.343016 
0.730577 0.405992 
0.905023 0.343001 
0.933463 0.343001 
0.583534 0.491981 
0.445667 0.696022 
0.540255 0.494713 
0.613395 0.489881 
0.887372 0.343002 
0.445932 0.645447 
0.45773 0.572393 
0.471733 0.537723 
1.14955 0.238542 
0.457767 0.56985 
0.445923 0.671766 
0.988378 0.342977 
0.935085 0.342995 
0.455814 0.607631 
1.11767 0.24282 
0.316721 0.761828 
0.318933 0.761212 
0.31556 0.825078 
1.16851 0.234504 
1.10824 0.25577 
0.712701 0.483345 
0.340297 0.716885 
1.05271 0.271854 
0.6447 0.489463 
1.16957 0.17661 
0.312867 0.846889 
1.0494 0.272295 
1.03627 0.342958 
0.439202 0.705676 
0.340466 0.709799 
1.50365 0.161261 
0.307549 1.3083 
