0.14746 1.77396 
2.28187 0.243093 
0.147642 1.66468 
0.147642 1.29707 
1.85496 0.245216 
1.58989 0.245217 
0.344241 1.04856 
0.350167 0.904337 
0.311456 1.13011 
0.244653 1.18312 
1.47123 0.24632 
1.34858 0.246424 
0.147642 1.72739 
1.16116 0.428306 
0.183708 1.23177 
0.244633 1.20589 
1.16797 0.355389 
2.15924 0.243096 
2.02828 0.244889 
1.24423 0.247792 
1.32898 0.247679 
1.92416 0.245188 
1.54776 0.245345 
0.147644 1.26756 
2.21484 0.243096 
2.09577 0.243104 
0.147733 1.23244 
1.17952 0.276185 
0.350172 0.846756 
0.350167 0.897986 
0.672577 0.528563 
0.317382 1.08737 
1.49186 0.245379 
0.534655 0.624762 
0.461644 0.75707 
0.406948 0.789301 
1.0154 0.490981 
0.46167 0.729902 
1.86177 0.245216 
0.49663 0.642283 
0.58461 0.622475 
0.606581 0.585961 
0.729694 0.528484 
0.462872 0.674986 
0.61086 0.563202 
1.17688 0.350799 
0.851126 0.521022 
0.147637 1.76753 
0.429597 0.771148 
0.888391 0.516727 
0.517042 0.627578 
1.92368 0.245188 
1.08819 0.478087 
1.0986 0.456106 
0.934251 0.507017 
0.904163 0.51297 
0.625633 0.534319 
1.17937 0.316841 
2.07452 0.244854 
1.18467 0.260714 
0.363353 0.808845 
1.134 0.446654 
1.1999 0.25046 
0.6249 0.551886 
0.650653 0.528647 
0.343867 1.07269 
0.778887 0.526342 
0.355168 0.829613 
1.15574 0.442869 
0.406291 0.806504 
0.737191 0.527164 
0.470075 0.657525 
0.43937 0.766251 
1.17937 0.316843 
0.785198 0.522552 
1.11516 0.453719 
1.22448 0.249581 
0.483666 0.652741 
1.08554 0.490978 
0.462869 0.70006 
2.04186 0.244855 
0.821483 0.521815 
0.38049 0.807755 
1.0561 0.49098 
0.461729 0.707503 
1.58577 0.245275 
0.951036 0.492446 
0.147643 1.29608 
0.9843 0.490981 
0.592686 0.617874 
0.94988 0.503067 
0.977209 0.49236 
2.24846 0.243094 
0.605969 0.608038 
0.34005 1.08493 
2.24711 0.243094 
0.829634 0.521244 
1.05883 0.49098 
0.351333 0.83924 
0.602905 0.608228 
