1.29372 0.144546 
0.04714 1.32801 
1.03127 0.145228 
1.12321 0.144776 
0.91013 0.285264 
0.0471609 1.2008 
0.213058 0.866431 
0.231307 0.845109 
0.944037 0.201306 
0.682607 0.425748 
0.170009 0.931963 
0.0471609 1.25884 
0.40471 0.50867 
0.179496 0.908976 
0.368326 0.565206 
0.644909 0.446188 
0.390557 0.549441 
0.245279 0.82367 
0.0755035 1.1066 
1.22415 0.144546 
0.0612849 1.13425 
0.991302 0.15757 
0.15087 1.0007 
0.788582 0.285264 
1.19029 0.144546 
0.41029 0.484597 
0.390823 0.527492 
0.682607 0.413445 
0.29462 0.80479 
0.254306 0.80789 
0.32852 0.578982 
0.110465 1.09357 
0.975372 0.182252 
0.350519 0.571682 
0.856357 0.285264 
0.91744 0.219223 
0.965149 0.184485 
0.325507 0.68124 
0.415496 0.463721 
0.151481 0.950673 
0.466439 0.446248 
0.124488 1.01754 
0.325425 0.762325 
0.325536 0.600649 
0.119522 1.0581 
0.682936 0.318504 
0.18148 0.875342 
0.12011 1.01854 
0.0471894 1.15013 
0.685601 0.299146 
0.325506 0.708254 
0.521403 0.446189 
0.440097 0.446252 
0.921806 0.212107 
0.910953 0.25262 
0.04714 1.29265 
0.282506 0.806026 
0.0749425 1.11855 
0.682608 0.372413 
0.537158 0.446188 
0.421778 0.447187 
0.325424 0.793729 
1.25156 0.144546 
0.603957 0.446188 
0.708285 0.297765 
1.26662 0.144546 
0.150996 0.985215 
0.325448 0.725944 
0.682905 0.342312 
0.114219 1.0592 
0.764074 0.285265 
0.110493 1.08784 
0.567495 0.446188 
0.325524 0.653455 
0.325425 0.746771 
0.715699 0.288376 
0.609441 0.446188 
0.181345 0.881771 
0.151074 0.962293 
0.047161 1.17964 
0.73325 0.285456 
0.641831 0.446188 
0.910846 0.254971 
0.823467 0.285264 
1.01165 0.145935 
0.325424 0.793553 
0.856051 0.285264 
0.823567 0.285264 
0.32553 0.622828 
0.490779 0.446217 
0.0471886 1.16587 
0.74857 0.285269 
0.564532 0.446188 
0.325524 0.659478 
0.04714 1.26659 
0.04714 1.28606 
1.1649 0.14455 
1.29265 0.144546 
0.682619 0.356619 
1.1491 0.144744 
