0.752101 0.431558 
0.140472 1.24196 
0.878304 0.314125 
0.311588 0.832686 
0.350989 0.675062 
0.788603 0.33615 
0.796555 0.334853 
0.881539 0.314125 
0.352057 0.661495 
0.697703 0.491409 
0.752057 0.438855 
0.76047 0.386073 
0.759471 0.395076 
0.153023 0.953661 
0.835645 0.31736 
0.56287 0.58804 
0.90903 0.313106 
0.411564 0.603207 
0.425986 0.590674 
0.380651 0.651197 
0.419238 0.599096 
1.01319 0.31063 
0.315853 0.791232 
0.828873 0.323375 
1.13921 0.27762 
0.721746 0.471284 
0.571665 0.58795 
0.955687 0.31089 
0.999416 0.310632 
0.705324 0.484417 
0.725291 0.462784 
0.389925 0.625732 
0.318514 0.780838 
0.900661 0.314116 
0.846382 0.316357 
0.752814 0.42089 
0.710074 0.475214 
0.204656 0.94185 
0.807323 0.332634 
0.311684 0.801272 
0.377342 0.655254 
0.780431 0.34068 
0.969779 0.310735 
0.985178 0.310648 
0.393285 0.615457 
0.222833 0.923208 
0.7621 0.373052 
0.399183 0.604698 
1.12862 0.280301 
1.1471 0.271679 
0.816725 0.325479 
0.311611 0.817072 
0.510029 0.58862 
1.12553 0.294707 
0.356178 0.65636 
0.437033 0.590275 
0.75448 0.404741 
0.471931 0.58916 
0.765809 0.360746 
0.32285 0.729103 
0.942172 0.31089 
0.736647 0.457548 
0.694827 0.498185 
0.751631 0.455706 
1.02615 0.31063 
0.66297 0.511401 
0.86113 0.314245 
0.381654 0.632551 
0.780423 0.358087 
0.59 0.587416 
0.226221 0.919034 
0.922597 0.310969 
0.456067 0.589336 
0.208079 0.930987 
0.23262 0.883869 
0.333285 0.721352 
0.518349 0.588187 
0.488203 0.588795 
0.319555 0.741045 
0.319509 0.765811 
0.226231 0.890513 
0.350989 0.682271 
0.547376 0.58811 
0.672198 0.499551 
0.656529 0.518414 
0.631932 0.527899 
0.163519 0.950913 
0.192037 0.944553 
0.346253 0.714548 
0.628648 0.538827 
0.605962 0.587414 
1.12553 0.308737 
1.04709 0.31063 
0.311587 0.83854 
0.233001 0.859717 
1.15688 0.264469 
0.143892 1.24196 
0.144502 0.95636 
0.125329 1.84704 
1.68508 0.247548 
