0.218384 1.15617 
0.304744 0.819079 
0.30562 0.688776 
0.70866 0.362116 
0.387416 0.572504 
0.714514 0.358527 
0.305624 0.679999 
0.249643 0.916824 
0.753472 0.327382 
0.714714 0.350774 
0.94146 0.323428 
0.753308 0.327387 
0.85619 0.323595 
0.98223 0.323428 
0.310195 0.626633 
0.673247 0.364397 
0.304839 0.812463 
0.654251 0.560107 
0.307109 0.672706 
0.599664 0.568964 
0.846072 0.323595 
0.658005 0.420186 
0.310215 0.626458 
0.305042 0.785017 
1.09884 0.258159 
0.654251 0.564831 
0.365365 0.576535 
0.376697 0.574771 
0.305416 0.695733 
0.866405 0.32357 
0.930713 0.323429 
1.10272 0.249712 
0.703041 0.363562 
0.242695 0.924775 
0.628908 0.568962 
0.462033 0.568973 
0.654728 0.543903 
0.365153 0.588135 
0.304987 0.798136 
1.0971 0.268301 
0.950764 0.323428 
0.462192 0.568972 
0.798988 0.324044 
0.655774 0.499441 
0.307997 0.660899 
0.611526 0.568964 
0.670887 0.372442 
0.74503 0.338887 
0.638658 0.568962 
0.785285 0.324354 
0.305239 0.739615 
0.665293 0.385624 
0.660901 0.392178 
0.68344 0.363786 
0.743599 0.346889 
0.658005 0.408037 
0.914781 0.323429 
0.655069 0.533776 
0.969658 0.323428 
0.359072 0.597652 
0.8994 0.323496 
0.722664 0.347319 
0.882434 0.323506 
0.833125 0.323639 
0.506226 0.568966 
0.547883 0.568964 
0.812933 0.32364 
0.250959 0.914093 
0.76947 0.32436 
0.434745 0.568974 
0.655433 0.513536 
0.305231 0.743887 
0.308823 0.646094 
0.332283 0.625606 
0.33432 0.612902 
0.357197 0.611523 
0.557875 0.568964 
1.09688 0.284031 
0.523705 0.568965 
0.589034 0.568964 
0.305119 0.774739 
0.387759 0.56898 
0.490281 0.56897 
0.30524 0.714302 
0.427036 0.568978 
0.23573 0.9297 
0.990676 0.323428 
0.657002 0.429895 
1.02127 0.302666 
1.02385 0.287976 
0.656134 0.486058 
1.07574 0.287968 
1.11224 0.244852 
1.18909 0.235704 
0.221819 0.951757 
0.304744 0.828047 
0.281278 0.913706 
0.220198 1.02771 
0.217987 1.36152 
1.35851 0.2346 
