0.189188 1.49919 
1.9835 0.153597 
0.189188 1.3526 
0.189192 1.14597 
0.189188 1.27175 
1.62149 0.153599 
1.84485 0.153597 
1.42449 0.153599 
1.7282 0.153597 
1.29082 0.153603 
0.909308 0.292391 
0.786897 0.299233 
1.97915 0.153597 
1.42445 0.153599 
0.189192 1.04664 
0.189249 1.02059 
0.189249 0.951411 
1.69125 0.153598 
0.95273 0.256306 
1.07168 0.216996 
1.12456 0.176636 
0.979915 0.227088 
1.27305 0.153617 
0.190232 0.821292 
0.659291 0.451845 
0.190229 0.852808 
0.357952 0.724603 
0.924866 0.257814 
0.724543 0.30395 
0.229175 0.745003 
1.08727 0.184553 
0.659302 0.390639 
1.21018 0.153618 
0.411909 0.526686 
0.909453 0.278907 
1.13108 0.154387 
0.190287 0.792989 
0.433464 0.502399 
1.07742 0.192995 
0.191461 0.756361 
0.332991 0.724611 
0.659914 0.363569 
1.17464 0.153719 
0.390659 0.630168 
0.674824 0.304658 
0.993196 0.225374 
0.418832 0.503707 
0.189332 0.913635 
0.390223 0.712318 
0.189941 0.876346 
0.207793 0.746547 
0.659295 0.425426 
0.390696 0.57551 
0.659985 0.326234 
1.03412 0.224771 
0.189454 0.892089 
0.190569 0.777094 
0.659973 0.349013 
0.264902 0.736821 
0.300427 0.736188 
0.390223 0.708839 
0.635195 0.464278 
0.302313 0.726008 
0.659297 0.412472 
1.15448 0.153755 
0.390223 0.675897 
0.460352 0.490637 
0.391095 0.552083 
0.390684 0.601487 
1.03224 0.225367 
0.628233 0.46486 
0.498229 0.476138 
0.771336 0.299233 
0.523542 0.465295 
0.512597 0.471009 
0.390683 0.607035 
0.390293 0.648114 
0.390224 0.675897 
0.565754 0.465061 
0.594361 0.464909 
0.266904 0.736319 
0.479686 0.48507 
1.2095 0.153618 
0.666047 0.315598 
0.189249 1.04531 
0.545688 0.465079 
0.18926 0.932237 
0.745582 0.299234 
0.48065 0.478093 
0.40996 0.543949 
0.591768 0.465056 
0.740474 0.299239 
0.460353 0.489734 
0.189249 0.93675 
0.410025 0.543922 
0.390295 0.647933 
0.55481 0.465063 
0.390808 0.562847 
0.667159 0.304879 
0.390819 0.561604 
