0.364084 0.820136 
0.0939187 1.53443 
1.35125 0.123835 
0.799448 0.275447 
0.480226 0.446089 
0.349978 0.866895 
0.927191 0.261613 
0.349925 0.934593 
0.34981 1.05398 
1.1704 0.157076 
0.615361 0.444252 
0.472129 0.44884 
1.16982 0.171164 
1.0626 0.249216 
0.985214 0.261257 
0.424998 0.570477 
1.17604 0.150248 
0.976688 0.261316 
0.797427 0.276398 
0.783439 0.305395 
0.377622 0.769522 
0.349921 0.974186 
1.05315 0.249592 
0.651831 0.444236 
0.349923 0.962947 
0.651847 0.444234 
0.349928 0.933182 
0.56949 0.444892 
0.428551 0.503128 
0.433406 0.49408 
0.913389 0.261643 
0.377935 0.753458 
0.776449 0.315507 
1.24854 0.139443 
0.605465 0.444755 
1.02757 0.256599 
0.418542 0.634484 
0.999409 0.260091 
1.03982 0.25382 
1.01314 0.258174 
0.349978 0.866831 
0.382415 0.708903 
0.377622 0.790772 
0.37736 0.815096 
0.400559 0.687941 
0.521015 0.446053 
0.426264 0.560226 
0.387932 0.696936 
0.740284 0.396861 
0.728643 0.44413 
0.740487 0.369049 
0.761977 0.316965 
0.933229 0.261611 
0.471088 0.46309 
0.794033 0.304267 
0.420817 0.62073 
0.38039 0.731197 
0.34981 1.061 
0.450868 0.494032 
0.586145 0.444846 
0.413787 0.687936 
0.349812 1.03121 
0.726192 0.444135 
0.625811 0.444249 
0.521017 0.445873 
0.420818 0.587103 
0.34983 1.0007 
0.741667 0.350595 
0.678907 0.444173 
0.346307 1.10059 
0.489109 0.446077 
1.16933 0.186005 
0.418506 0.661231 
0.428241 0.527848 
0.462173 0.483555 
0.753039 0.329595 
0.960514 0.261502 
0.740148 0.416572 
0.349928 0.894635 
0.350064 0.821953 
0.692186 0.444153 
0.111124 1.17907 
0.558363 0.445043 
0.115254 1.1316 
1.1841 0.141037 
1.23134 0.140074 
0.22864 1.11245 
0.125028 1.11763 
0.336596 1.10108 
0.105045 1.18735 
0.190982 1.11496 
0.898716 0.261675 
0.805947 0.262376 
1.25998 0.138829 
0.259188 1.10234 
1.07423 0.249133 
1.1611 0.218554 
0.104116 1.31705 
1.75472 0.112773 
0.0864823 2.56123 
