Algorithm:mopso
Number of runs:1
Number of iterations:5000
Number of population:50
1.04152 0.00934918 
0.383955 0.457037 
0.191017 0.917785 
0.3629 0.464512 
0.0368345 0.948894 
0.0225955 0.988819 
0.353955 0.491434 
0.720538 0.205606 
0.341246 0.578486 
0.359741 0.469048 
0.0065038 1.03369 
0.102133 0.932366 
0.0202685 1.02973 
0.713398 0.216907 
0.0125024 1.03244 
0.458147 0.439249 
0.0128769 1.03133 
1.00492 0.113894 
0.0547871 0.943655 
0.22586 0.916853 
0.0225508 1.01335 
0.152402 0.922657 
0.70239 0.227806 
0.00409146 1.17234 
0.68315 0.232987 
0.384128 0.445896 
0.356799 0.481635 
0.00640786 1.0626 
0.350975 0.502769 
1.01359 0.0238941 
1.0189 0.0215936 
0.682135 0.233342 
0.237108 0.903911 
0.173284 0.918626 
0.667793 0.279366 
1.03747 0.0183548 
0.0986622 0.941515 
1.00782 0.0527108 
0.780337 0.200542 
0.365548 0.462256 
0.00500937 1.12662 
1.00956 0.0271404 
1.00524 0.100533 
0.348781 0.523139 
0.343414 0.537521 
0.10653 0.92516 
0.795494 0.19866 
