11.2581 0.279238 
2.59727 2.27384 
4.41591 1.45866 
3.02213 2.0023 
4.86369 1.33175 
2.1847 2.71463 
1.94976 21.0691 
1.84812 21.25 
1.74958 21.4352 
1.79794 21.3382 
1.89871 21.1597 
4.03669 1.57955 
1.52336 21.9246 
7.28814 0.825331 
2.23791 2.6238 
2.65208 2.22857 
4.11964 1.55231 
2.29773 2.54584 
4.3432 1.48111 
7.39173 0.824147 
10.9969 0.311574 
2.51866 2.3286 
2.13837 2.79915 
1.99949 20.9862 
2.96606 2.03245 
2.44236 2.39481 
2.36763 2.46759 
5.59989 1.14983 
3.6433 1.72351 
1.34533 22.4187 
3.94134 1.61317 
3.73661 1.68629 
5.68967 1.12881 
1.48027 22.0244 
9.42371 0.494923 
1.30544 22.5448 
1.3808 22.2818 
1.26015 22.6732 
3.21129 1.907 
4.94756 1.30942 
1.56777 21.8192 
3.30608 1.86473 
3.11591 1.95451 
6.78289 0.905459 
3.83894 1.64859 
7.18051 0.833307 
1.22664 22.8103 
8.23251 0.66483 
4.50945 1.43138 
1.4275 22.1587 
8.33703 0.646191 
4.77595 1.35732 
4.22386 1.51815 
9.53592 0.488339 
9.30625 0.513337 
8.4724 0.626228 
2.74721 2.16239 
10.4256 0.378775 
11.0331 0.309085 
6.36727 0.985348 
2.09341 2.94121 
9.67275 0.462834 
5.48218 1.18038 
1.70285 21.528 
8.58856 0.615542 
6.24903 1.01282 
8.86972 0.570492 
5.34956 1.20821 
3.54357 1.76197 
2.84582 2.10102 
3.40475 1.81955 
6.88552 0.886223 
8.09957 0.682657 
5.81239 1.10147 
8.74259 0.590204 
7.95925 0.713439 
4.63657 1.39483 
9.7949 0.449901 
5.2217 1.23969 
7.4945 0.788093 
5.0759 1.27616 
1.62312 21.6901 
9.17926 0.534471 
7.81697 0.726832 
6.66649 0.934212 
6.1137 1.04827 
7.07106 0.881642 
6.49759 0.959626 
9.01604 0.558729 
5.95719 1.07033 
7.66758 0.757317 
10.5312 0.358795 
10.2729 0.388677 
10.8297 0.351721 
9.96697 0.432048 
1.18861 22.9653 
2.06733 20.8791 
2.06735 3.13463 
16.773 2.41733e-08 
1 25.0014 
