2.06735 3.13463 
2.06735 20.8777 
10.2664 0.396003 
10.5204 0.367409 
5.55892 1.15861 
8.4244 0.632858 
8.64997 0.606116 
13.3238 0.0965134 
12.7432 0.141056 
7.80919 0.727725 
5.35621 1.20831 
14.2024 0.0438936 
13.9709 0.054709 
12.5135 0.160443 
4.8197 1.34538 
9.62432 0.469193 
11.3107 0.27406 
1.94974 21.0699 
6.17823 1.04269 
13.5526 0.0804244 
4.10832 1.56601 
3.12701 1.9516 
12.3045 0.178497 
8.06028 0.702399 
12.0963 0.197157 
9.87216 0.447709 
9.24984 0.518102 
13.7544 0.0676682 
14.4204 0.0329699 
1.74321 21.4441 
5.79429 1.10734 
11.8893 0.217294 
4.6218 1.40859 
8.86004 0.570223 
10.028 0.418961 
11.0806 0.30028 
5.94811 1.09144 
10.7398 0.342478 
15.8671 0.0050861 
9.04174 0.547726 
4.29106 1.50737 
2.4739 2.3666 
16.6 0.000159982 
6.88962 0.887224 
1.65133 21.6306 
1.48469 22.0158 
6.70174 0.920567 
2.35441 2.4815 
3.28716 1.87507 
1.5647 21.8219 
8.21084 0.666639 
7.44429 0.789497 
7.25973 0.828657 
7.07605 0.851874 
15.216 0.0146856 
14.6251 0.0259023 
6.5177 0.955843 
9.44127 0.491473 
11.51 0.254347 
7.6229 0.757995 
11.6923 0.236869 
15.0207 0.0172338 
14.8184 0.0210458 
5.15706 1.2693 
2.9504 2.04105 
6.3411 0.991514 
4.45729 1.45076 
5.00951 1.29399 
2.23079 2.63405 
13.0988 0.113851 
15.6442 0.00738112 
12.9631 0.123375 
10.9116 0.316026 
16.0639 0.00256008 
1.18664 22.9963 
1.13929 23.2254 
1.09148 23.6237 
16.3545 0.00093184 
3.55113 1.76875 
2.62666 2.24538 
1.11126 23.4261 
1.04703 23.8619 
2.82834 2.11149 
1.01872 24.2504 
15.4223 0.0108799 
1.03488 24.0038 
1.40135 22.2219 
1.23562 22.8204 
3.9164 1.62372 
3.72988 1.69064 
1.00647 24.5881 
1.01099 24.4157 
1.8457 21.2518 
2.08297 2.97432 
1.30061 22.564 
1.00159 24.7698 
2.16587 2.78368 
16.7724 9.2891e-13 
1.34454 22.4152 
1 25.0016 
