16.7724 9.32173e-13 
1 25.0016 
2.06735 3.13463 
7.44458 0.791211 
7.18059 0.844409 
6.93189 0.879613 
7.70433 0.748026 
4.86419 1.33141 
6.67246 0.926154 
7.94442 0.706307 
11.4026 0.264663 
4.6062 1.4029 
6.45024 0.972644 
3.09798 1.96264 
2.85775 2.10624 
6.20808 1.02481 
11.7119 0.233805 
13.4486 0.0882981 
6.00779 1.06217 
10.1566 0.402303 
2.52367 2.32462 
8.1939 0.667934 
14.4689 0.0360726 
2.72093 2.17975 
5.77641 1.10944 
10.9813 0.310563 
8.97488 0.563703 
13.2257 0.103522 
4.4132 1.46058 
5.07736 1.28219 
9.93593 0.451688 
13.0034 0.121821 
16.075 0.00247639 
11.2068 0.287547 
12.2647 0.188658 
10.7674 0.33205 
9.51753 0.485715 
5.59678 1.15672 
9.73592 0.454027 
10.3743 0.378702 
14.1985 0.045634 
8.74903 0.586151 
10.5664 0.356042 
4.21778 1.52009 
3.56049 1.75994 
8.38518 0.645523 
14.8249 0.0209912 
12.0411 0.206666 
1.65154 21.6334 
15.8242 0.00462447 
1.56198 21.8219 
12.4669 0.172891 
3.7411 1.70442 
8.57573 0.610939 
13.6993 0.0709763 
3.39991 1.82689 
1.48599 22.0173 
9.1984 0.557851 
5.39381 1.20163 
2.42753 2.47439 
1.41403 22.2112 
14.042 0.0508345 
12.7947 0.138954 
1.34946 22.4064 
5.25827 1.23423 
16.2742 0.0013559 
3.88227 1.63322 
14.6624 0.024819 
9.32757 0.507764 
1.29234 22.6027 
1.13152 23.2313 
13.8325 0.062684 
12.6453 0.148928 
11.872 0.223733 
2.28779 2.55774 
15.6658 0.00675992 
1.74098 21.4506 
1.0422 24.0086 
1.02114 24.2502 
1.09356 23.4674 
2.20937 2.66845 
1.0547 23.8054 
1.00982 24.4485 
2.08513 2.96378 
15.0754 0.0177688 
1.07242 23.6257 
1.8405 21.2628 
1.00426 24.6497 
1.95326 21.0656 
4.0611 1.57147 
15.3291 0.0110817 
1.00105 24.8182 
15.4924 0.00960346 
1.17295 23.0279 
3.24708 1.89173 
1.2303 22.7953 
2.13593 2.80506 
16.6051 0.000150572 
16.4402 0.000602346 
2.06735 20.8789 
