1 25.0001 
16.7659 2.17554e-07 
2.06715 20.8781 
2.06735 3.13485 
4.47279 1.44397 
1.07745 23.5862 
3.21989 1.90293 
15.5291 0.00913539 
7.36211 0.801783 
4.25484 1.50995 
5.45575 1.18265 
9.28708 0.53727 
12.7835 0.137594 
8.01797 0.6949 
10.2881 0.386531 
4.71983 1.39035 
12.5404 0.157781 
11.9051 0.215515 
7.74263 0.742078 
2.35547 2.48038 
11.2614 0.278867 
7.14479 0.860876 
6.72984 0.922289 
6.94813 0.877334 
10.538 0.361882 
4.04978 1.57642 
5.67906 1.13146 
12.1318 0.194401 
5.25623 1.24829 
11.5 0.254497 
9.88143 0.446561 
10.0832 0.411185 
15.2741 0.0126637 
3.44742 1.80144 
3.05215 1.98783 
2.51847 2.32876 
1.03519 24.0033 
15.7775 0.00521455 
1.74604 21.4391 
12.331 0.176463 
11.6854 0.237705 
9.52327 0.489599 
5.06649 1.27919 
16.1849 0.00187856 
13.0144 0.1283 
14.7019 0.0240564 
1.6505 21.6328 
7.59144 0.764563 
4.89362 1.34357 
6.02459 1.05589 
14.5056 0.0296846 
15.9614 0.00338168 
14.3003 0.0389031 
14.1115 0.053723 
1.84536 21.2526 
2.89906 2.09118 
8.5492 0.616914 
1.34896 22.3819 
11.0681 0.308383 
2.23817 2.62384 
1.43483 22.1956 
6.2147 1.01616 
8.73891 0.587229 
8.37553 0.65265 
5.85857 1.10658 
3.88069 1.63379 
14.9202 0.0202394 
13.7357 0.0725306 
6.53471 0.952622 
9.06376 0.54353 
13.1844 0.106363 
13.9036 0.0585606 
3.72935 1.69039 
16.5573 0.000250027 
9.6692 0.467644 
8.18886 0.671075 
1.28177 22.5925 
10.8857 0.320678 
10.713 0.342851 
16.3805 0.000776104 
1.56592 21.8196 
1.49875 21.9843 
2.14652 2.78493 
13.5304 0.086239 
6.37793 0.983237 
13.3855 0.0990748 
15.0901 0.0177388 
8.91398 0.56368 
2.75393 2.15808 
3.57939 1.76822 
1.12148 23.2924 
1.00371 24.6922 
2.63865 2.23647 
1.01241 24.447 
1.94185 21.1018 
1.14889 23.1452 
1.02212 24.1902 
2.08505 2.96416 
1.19553 22.9242 
1.22966 22.7991 
