1.2299 22.7984 
1.1669 23.0585 
1.87996 21.1896 
4.1966 1.52743 
4.28453 1.50404 
7.81397 0.752801 
8.67242 0.610308 
2.11271 2.86465 
4.10888 1.55611 
2.08165 2.9818 
1.43198 22.1494 
10.354 0.378835 
10.9437 0.317045 
2.80046 2.12861 
1.46799 22.0511 
1.2045 22.9131 
7.17799 0.834597 
1.8278 21.2832 
1.94313 21.1379 
2.29958 2.54482 
2.88367 2.09088 
7.27895 0.820982 
2.71751 2.18232 
1.34123 22.3991 
3.06532 1.97991 
2.36482 2.47052 
9.52383 0.486262 
4.83985 1.33827 
7.07435 0.856556 
4.9432 1.31028 
1.39478 22.2799 
5.61597 1.14572 
2.96981 2.0307 
8.59252 0.620351 
1.25931 22.6835 
3.14946 1.93685 
5.948 1.07214 
5.16481 1.25361 
6.68169 0.924268 
5.05079 1.28254 
5.272 1.22705 
7.88072 0.717058 
1.77555 21.385 
9.2649 0.514918 
2.44362 2.39418 
5.39273 1.20647 
4.61645 1.40199 
1.30961 22.5219 
5.85613 1.09642 
1.64724 21.6388 
6.31921 0.999897 
5.49853 1.17288 
4.73803 1.36575 
10.8423 0.326093 
6.19612 1.02001 
2.15679 2.75956 
5.71837 1.12248 
2.63586 2.24018 
9.39261 0.503555 
7.38886 0.798704 
2.24131 2.6395 
4.37205 1.47472 
6.96129 0.873897 
6.08 1.04587 
4.01804 1.58585 
6.59136 0.941609 
3.5218 1.7704 
2.01455 21.0416 
1.71259 21.5137 
2.5301 2.31925 
4.51828 1.43095 
8.31702 0.654539 
8.43462 0.633584 
7.69744 0.758612 
9.15621 0.541967 
8.16903 0.673804 
3.87723 1.63492 
3.62551 1.7289 
6.42808 0.973268 
10.2964 0.387815 
3.76843 1.6744 
6.82585 0.906322 
9.61788 0.48107 
1.5978 21.7462 
8.05135 0.71631 
1.51868 21.93 
3.26351 1.89093 
7.53419 0.785741 
3.40339 1.82823 
8.78856 0.5921 
10.5039 0.366186 
10.6915 0.340318 
8.99527 0.568739 
11.0553 0.310303 
9.80917 0.444618 
10.0652 0.413747 
2.06735 3.13463 
2.06735 20.8777 
1 25.0002 
16.7666 2.41727e-07 
