1 25.0031 
2.06735 3.13463 
3.65446 1.72269 
3.38247 1.8302 
6.44939 0.969073 
2.52651 2.33953 
6.21002 1.01711 
2.70379 2.19782 
7.13328 0.858807 
6.89041 0.887112 
6.68654 0.937539 
13.4386 0.0893056 
4.84461 1.33656 
11.5334 0.253578 
10.9076 0.318906 
15.3627 0.0109553 
4.64224 1.39332 
12.6129 0.152005 
12.354 0.181265 
2.88135 2.09072 
5.05088 1.28232 
5.44497 1.18582 
2.35803 2.47772 
13.1769 0.114672 
15.0967 0.0161693 
8.42205 0.633134 
10.6735 0.342289 
5.99267 1.0686 
14.687 0.0273158 
4.26176 1.51018 
5.24478 1.23453 
4.44329 1.45087 
4.06339 1.57134 
13.842 0.062831 
11.7573 0.247834 
7.34274 0.80799 
8.96979 0.558844 
11.297 0.275507 
14.461 0.032504 
9.20213 0.524229 
1.44663 22.1567 
13.6351 0.0751231 
2.24293 2.62349 
11.1205 0.293781 
14.9085 0.0190471 
10.1072 0.410678 
5.64986 1.14222 
10.48 0.366998 
1.7412 21.4583 
9.73233 0.45628 
8.63762 0.605086 
9.90738 0.433684 
1.83342 21.2724 
12.7957 0.136899 
7.53134 0.787007 
10.2924 0.386024 
9.5327 0.485219 
16.2208 0.00152597 
7.70533 0.74776 
12.9962 0.120753 
14.261 0.0397776 
5.80975 1.10821 
3.04433 1.99608 
16.4346 0.00062553 
1.50338 21.9697 
15.5653 0.00859277 
1.08207 23.5682 
1.65142 21.6311 
1.58183 21.7835 
8.79361 0.579357 
9.36317 0.501657 
16.0384 0.00283386 
1.11839 23.3379 
1.15087 23.1377 
2.14054 2.79753 
11.951 0.211175 
12.168 0.191125 
15.8676 0.00433288 
7.88684 0.722118 
16.5988 0.000163511 
15.7273 0.00574021 
1.00739 24.5707 
1.05154 23.8144 
1.20186 22.934 
1.01409 24.3479 
3.87023 1.64212 
8.22032 0.67127 
1.02548 24.1416 
1.34864 22.4036 
1.03824 23.9643 
14.0661 0.0539018 
1.00122 24.8085 
1.92776 21.1142 
7.98649 0.699928 
1.29431 22.589 
3.23395 1.90187 
1.25051 22.7665 
2.08555 2.96181 
16.7666 2.41727e-07 
2.06735 20.8779 
