11.285 0.278081 
1.46394 22.0678 
1.1531 23.1264 
9.0723 0.548985 
1.49351 21.9813 
1.82752 21.2837 
1.42056 22.1708 
4.59984 1.40465 
1.38926 22.2941 
1.26112 22.6765 
8.01302 0.704086 
8.39051 0.64085 
3.22361 1.90254 
7.30975 0.81116 
5.20667 1.27598 
9.47734 0.50435 
6.14252 1.03155 
7.41546 0.799049 
5.40569 1.19451 
1.87643 21.1952 
3.13352 1.94482 
1.59514 21.7525 
1.54392 21.8619 
1.22844 22.8045 
2.18086 2.71392 
9.53646 0.485278 
1.29909 22.5533 
5.29467 1.22126 
6.02456 1.05596 
6.2387 1.01487 
2.12714 2.82584 
1.64803 21.6376 
2.75748 2.16869 
2.00869 20.972 
1.34484 22.413 
2.08569 2.96115 
5.09418 1.28041 
3.88202 1.63315 
2.48703 2.35738 
3.7633 1.67631 
2.84444 2.1027 
5.50528 1.17248 
3.03696 1.9944 
2.66728 2.2229 
7.91263 0.714159 
2.93855 2.04729 
2.24769 2.62267 
3.67354 1.71023 
2.57142 2.28677 
4.69272 1.38684 
9.15546 0.53243 
7.19877 0.830391 
7.52706 0.773902 
7.65409 0.753129 
8.48193 0.626641 
2.40541 2.43086 
1.94253 21.0822 
1.78398 21.3884 
1.19629 22.9677 
2.31954 2.52 
3.97379 1.60333 
3.55389 1.75989 
7.77204 0.735277 
8.13506 0.702193 
5.63165 1.14191 
4.49848 1.43515 
3.31556 1.85883 
6.79018 0.90395 
1.70214 21.5234 
8.26748 0.656429 
4.23336 1.51766 
7.08367 0.876003 
9.69825 0.458434 
8.96183 0.558014 
3.44813 1.80103 
10.1173 0.40769 
10.27 0.388758 
5.92111 1.07784 
4.96808 1.30378 
6.67635 0.931782 
6.94169 0.889714 
4.11158 1.55461 
9.80712 0.445824 
6.36476 0.986059 
4.36412 1.48825 
4.82534 1.34177 
5.75477 1.11429 
9.98974 0.423151 
9.3131 0.508281 
8.63672 0.603987 
6.51548 0.956158 
8.794 0.583002 
10.8804 0.320333 
11.1468 0.308226 
10.3981 0.374 
10.7461 0.33935 
2.06702 20.8782 
2.06735 3.13463 
16.7712 6.87765e-09 
1 25.0002 
