1 25.0031 
16.6915 0.000333146 
2.06735 20.8796 
2.06735 3.13418 
11.7309 0.231684 
11.3379 0.27713 
13.1044 0.11244 
5.83329 1.11101 
10.9107 0.317642 
12.8348 0.138237 
6.09335 1.05515 
1.03185 24.0555 
11.9689 0.209488 
10.6629 0.345046 
8.93017 0.583353 
4.69346 1.37861 
13.3639 0.0935306 
3.85541 1.64265 
7.22525 0.825853 
6.44522 0.972102 
5.45724 1.1824 
12.4055 0.174713 
1.0979 23.4417 
7.81209 0.740353 
1.95329 21.0665 
3.64577 1.72162 
12.1909 0.188809 
10.4559 0.368596 
1.01691 24.4557 
1.8447 21.2567 
11.1547 0.291455 
12.6333 0.154015 
1.05988 23.7421 
13.7897 0.0652779 
5.20639 1.25798 
13.5635 0.0830957 
8.6961 0.604943 
4.89999 1.32213 
6.68052 0.925169 
2.69147 2.1995 
14.4037 0.0335939 
2.53209 2.32707 
7.01522 0.862646 
1.43936 22.1431 
5.61032 1.1607 
14.1932 0.0448503 
13.9954 0.0533101 
8.33354 0.646311 
1.30339 22.5573 
4.03313 1.58073 
1.52131 21.9312 
6.26252 1.00843 
10.2508 0.416868 
15.8296 0.00457778 
7.56085 0.769042 
10.0924 0.43289 
1.14823 23.1488 
4.20453 1.54548 
9.86213 0.439103 
1.37085 22.3668 
2.83296 2.10869 
9.16235 0.578081 
4.4897 1.43665 
8.13178 0.677048 
8.51058 0.620449 
14.6207 0.0286389 
1.74254 21.4526 
15.1407 0.015019 
6.83575 0.895496 
7.44135 0.79164 
2.97735 2.02586 
1.59821 21.7483 
9.71484 0.462151 
14.9699 0.0184576 
1.22922 22.8009 
7.97846 0.701643 
14.7817 0.0220137 
16.0269 0.0028248 
4.36711 1.4804 
2.14812 2.78517 
3.221 1.90241 
15.6256 0.00690219 
15.3411 0.0112364 
5.09719 1.32023 
1.00382 24.7339 
16.3561 0.000966113 
2.22942 2.63596 
3.37715 1.83153 
3.48969 1.79168 
16.5245 0.000483747 
2.42846 2.47339 
16.1825 0.00179676 
1.67461 21.5865 
9.52486 0.481368 
3.10809 1.9575 
9.29351 0.533748 
2.32095 2.51838 
2.08561 2.96328 
1.18931 22.9537 
15.4843 0.00873032 
