16.7666 2.41727e-07 
1 25.0031 
2.06735 3.13463 
2.06735 20.8778 
3.22025 1.90276 
2.9788 2.03701 
6.81186 0.928421 
5.41198 1.19326 
9.63773 0.468173 
8.6127 0.605217 
7.04258 0.858833 
15.3428 0.0123038 
4.79615 1.3583 
5.64087 1.14218 
11.9898 0.207704 
5.02904 1.28789 
14.4792 0.0306449 
14.0467 0.05061 
13.7954 0.0649198 
10.8526 0.325555 
15.0392 0.0166858 
12.2293 0.187868 
2.36257 2.47293 
15.7588 0.00595453 
15.9896 0.00435749 
7.63658 0.775654 
8.8457 0.572157 
10.5952 0.352234 
2.82971 2.16374 
11.7722 0.230164 
14.2507 0.0411836 
6.58037 0.94359 
4.60725 1.40249 
9.88758 0.436253 
5.21377 1.25846 
8.39412 0.645642 
4.41524 1.45887 
2.50856 2.34218 
9.42954 0.501509 
6.39897 0.97912 
12.4291 0.168843 
6.19194 1.02163 
2.64917 2.2294 
1.74348 21.4437 
8.20899 0.665751 
3.41402 1.82608 
4.06176 1.57169 
16.2168 0.00154777 
5.84085 1.09529 
7.24622 0.830163 
10.4365 0.385729 
7.42581 0.791047 
4.23657 1.51523 
13.0259 0.118679 
9.23113 0.519757 
15.5299 0.00913427 
3.56564 1.76794 
9.03392 0.546465 
1.65132 21.6309 
2.23022 2.6361 
12.6425 0.149424 
14.7134 0.0234559 
7.84453 0.724489 
10.199 0.397831 
13.2237 0.103825 
1.56476 21.8221 
12.8192 0.134895 
11.2179 0.283969 
7.99644 0.698112 
13.5959 0.0778118 
6.015 1.05923 
11.0372 0.31557 
1.95321 21.0642 
13.4127 0.0902295 
11.5701 0.248247 
1.41636 22.2004 
16.4141 0.000704614 
1.34859 22.4029 
11.41 0.268291 
16.5943 0.000172205 
3.74561 1.68781 
10.0477 0.415242 
1.13671 23.3975 
14.8832 0.0197112 
1.08529 23.5928 
1.18633 22.9978 
1.00723 24.5338 
1.16435 23.1944 
1.05644 23.7676 
3.88188 1.63322 
1.03852 23.9634 
1.01586 24.3196 
1.02502 24.1434 
1.84567 21.252 
1.48704 22.0107 
1.24137 22.7966 
2.14471 2.78516 
1.28395 22.5962 
2.08522 2.96375 
1.00288 24.7827 
