16.7713 7.01377e-09 
1 25.0001 
2.06735 20.8818 
2.06735 3.13463 
3.07639 2.02406 
4.85207 1.33456 
4.5641 1.41504 
13.6492 0.0745873 
13.3459 0.0954625 
7.63053 0.756756 
5.06254 1.2793 
2.81418 2.12099 
11.7338 0.236515 
14.9642 0.0181074 
11.4991 0.254623 
7.4197 0.795796 
5.64697 1.17278 
7.20369 0.833931 
6.21547 1.01633 
15.4196 0.0108994 
15.1985 0.0150896 
1.95043 21.1154 
6.43365 0.981221 
11.9563 0.210303 
10.3169 0.383241 
7.87429 0.728279 
16.212 0.00157697 
8.96473 0.558551 
9.75537 0.467913 
9.52776 0.496128 
12.7703 0.139188 
5.28291 1.23034 
11.2824 0.276781 
8.40548 0.665185 
12.5587 0.156871 
14.7267 0.023259 
4.24701 1.51103 
11.0753 0.29932 
4.05062 1.57498 
8.64604 0.609261 
5.87095 1.09619 
6.62413 0.938568 
1.74654 21.4354 
10.869 0.321936 
1.65193 21.6383 
3.88447 1.63291 
3.26108 1.90021 
1.12971 23.2561 
3.70245 1.70196 
6.99397 0.866722 
12.3422 0.175651 
12.9899 0.122447 
2.44848 2.38924 
6.82398 0.906322 
12.1655 0.195614 
1.84602 21.2574 
10.0796 0.411463 
1.56599 21.8296 
3.54155 1.76441 
15.6616 0.00661686 
5.45578 1.18535 
16.4325 0.000608825 
15.9783 0.00325203 
1.18694 22.9953 
9.21245 0.528232 
6.01307 1.05865 
8.04525 0.690766 
10.6695 0.342841 
1.50749 22.0478 
1.41311 22.202 
14.5209 0.0291664 
10.505 0.361809 
4.42355 1.45865 
8.23006 0.6663 
2.30421 2.54311 
13.1679 0.108003 
14.0043 0.0537948 
1.23646 22.7962 
13.8286 0.0629171 
1.0253 24.1415 
3.38173 1.82955 
2.59445 2.34387 
1.29427 22.5772 
14.1905 0.0469046 
2.69196 2.20081 
9.94439 0.435972 
1.35288 22.4065 
8.79011 0.580058 
1.09042 23.5184 
14.3571 0.0391326 
16.6092 0.000143312 
1.01127 24.4164 
9.33533 0.520027 
2.22897 2.63727 
15.8163 0.00479839 
1.00518 24.6421 
1.04489 23.8862 
2.13931 2.79784 
2.10754 2.92001 
1.06315 23.7042 
