16.799 3.95817e-05 
1 25.0014 
2.06735 3.13418 
2.02897 20.9382 
7.29614 0.813907 
6.68141 0.924281 
15.2257 0.0151161 
10.5428 0.358993 
8.97396 0.554246 
10.956 0.311337 
6.40995 0.980883 
7.53417 0.773219 
13.7762 0.066099 
4.96609 1.30683 
7.07099 0.868253 
9.21858 0.538654 
15.8927 0.00399757 
16.1239 0.00213213 
2.98665 2.03569 
14.0226 0.0542568 
1.819 21.2993 
14.6493 0.0251074 
5.1724 1.25382 
11.6125 0.252683 
13.561 0.0894264 
1.71664 21.5124 
15.6575 0.00663292 
1.61876 21.6966 
2.37732 2.47867 
2.53057 2.31886 
1.5228 21.914 
2.81479 2.14522 
10.7397 0.334996 
8.26708 0.664379 
5.36098 1.20817 
16.5491 0.000378323 
1.92488 21.1124 
15.4482 0.0109201 
7.73866 0.745508 
14.4359 0.0390651 
11.3631 0.268458 
11.1989 0.285458 
4.2701 1.50638 
13.3417 0.0949334 
11.7956 0.234731 
1.04701 23.862 
4.10228 1.59557 
16.3594 0.000936963 
1.43929 22.1175 
6.8701 0.889497 
5.72132 1.12167 
14.2297 0.0497291 
12.0132 0.209112 
3.29065 1.8701 
12.1912 0.192705 
4.76136 1.35924 
5.5547 1.15962 
1.08132 23.5549 
10.2832 0.405025 
13.1442 0.109403 
1.36479 22.3385 
2.12076 2.8422 
3.15041 1.93641 
4.44155 1.4511 
3.47806 1.79104 
5.92692 1.07655 
1.30019 22.5496 
2.66032 2.22104 
8.761 0.602315 
9.42067 0.512052 
1.02834 24.1474 
3.92336 1.63306 
8.4631 0.627056 
12.9482 0.125268 
3.76627 1.67522 
6.252 1.01788 
4.60832 1.40218 
1.00347 24.6781 
1.23579 22.763 
8.05883 0.68833 
6.07345 1.04831 
3.61913 1.75198 
1.01114 24.4173 
1.19092 22.9591 
7.92987 0.708544 
12.4061 0.169359 
14.9366 0.0195218 
9.56755 0.475172 
9.99803 0.437807 
9.73201 0.467209 
8.61443 0.606471 
2.2664 2.60669 
10.1764 0.433672 
1.14144 23.1788 
1.11714 23.3173 
2.21034 2.71041 
14.8828 0.0226246 
12.7801 0.137877 
9.86458 0.447683 
12.5209 0.159448 
