13.0116 0.134882 
3.76869 1.67439 
2.02812 20.9396 
2.24223 2.63335 
1.17395 23.0182 
3.40261 1.82047 
8.29664 0.653241 
2.51146 2.33456 
2.59106 2.28672 
1.69238 21.5435 
2.2904 2.55487 
7.49052 0.780255 
3.70512 1.69816 
4.34705 1.48268 
8.21034 0.665686 
3.85469 1.64293 
10.1252 0.410251 
4.44106 1.45113 
9.23659 0.528874 
3.48375 1.78643 
2.44172 2.39547 
10.2088 0.3973 
3.95846 1.61101 
4.04851 1.5802 
4.25179 1.51111 
6.51725 0.977239 
4.54001 1.42382 
6.40988 0.977366 
2.15653 2.78229 
3.31636 1.85847 
4.1609 1.55998 
2.66294 2.2192 
1.48251 22.0115 
5.24724 1.23313 
1.65305 21.6506 
5.34998 1.20786 
2.3648 2.47054 
1.43535 22.1287 
1.38714 22.2604 
6.04474 1.05286 
5.70986 1.1253 
1.53218 21.888 
4.76494 1.36525 
1.29994 22.5338 
1.34436 22.3851 
2.75645 2.15651 
4.64373 1.39211 
5.80907 1.1022 
5.14536 1.27851 
8.40793 0.635736 
5.94106 1.07385 
1.5853 21.7697 
5.46574 1.18094 
3.21109 1.90711 
6.28908 1.00127 
10.3392 0.380561 
6.16565 1.02624 
3.58797 1.74623 
1.7546 21.4549 
5.58712 1.15441 
9.12493 0.538076 
1.97146 21.034 
8.54077 0.617774 
7.57592 0.765882 
8.67382 0.602533 
7.37213 0.800122 
2.8489 2.09917 
9.99421 0.421703 
1.2659 22.672 
4.86575 1.33569 
6.62342 0.935834 
9.71141 0.461583 
9.84394 0.442252 
1.21075 22.8706 
2.09851 2.95216 
3.107 1.95838 
5.01977 1.29086 
11.0325 0.30752 
1.82198 21.3095 
8.08761 0.684083 
7.07324 0.853852 
1.89298 21.17 
8.81105 0.577188 
6.93738 0.88708 
7.22226 0.827007 
8.97528 0.557319 
6.77703 0.90929 
2.97435 2.02833 
10.8711 0.321926 
9.33676 0.507087 
7.91765 0.71221 
7.75983 0.751588 
10.465 0.365978 
9.56205 0.480325 
10.7051 0.340558 
11.1688 0.290254 
2.06733 20.8776 
2.06735 3.13464 
1 25.0014 
16.7666 2.41727e-07 
