1 25.0001 
16.7725 1.67756e-10 
2.06735 3.13452 
2.06735 20.8776 
9.78245 0.447987 
3.36738 1.83584 
10.0715 0.41506 
9.50868 0.482833 
2.95855 2.03644 
2.74341 2.16703 
3.14979 1.93669 
4.53895 1.42228 
9.26739 0.514488 
10.9428 0.313742 
3.61716 1.73717 
5.17401 1.2514 
4.81223 1.36228 
10.3323 0.389311 
9.02388 0.549132 
8.20111 0.6672 
5.78507 1.10947 
4.16528 1.53813 
7.48379 0.781214 
5.99244 1.06533 
8.44924 0.635199 
2.60196 2.32095 
12.7839 0.141249 
13.9179 0.0576798 
3.96993 1.62294 
2.42777 2.40838 
5.42579 1.19771 
6.55303 0.950624 
11.9937 0.207201 
4.3628 1.48509 
11.2186 0.28363 
10.7296 0.33643 
15.4318 0.0107186 
11.5864 0.250892 
1.84475 21.2534 
11.7679 0.228679 
1.74345 21.4436 
4.97637 1.30319 
10.5343 0.35993 
6.20277 1.01906 
8.81328 0.576731 
3.78425 1.66871 
1.94627 21.0758 
12.1909 0.189343 
1.6508 21.6316 
5.57038 1.15723 
1.56467 21.8218 
13.0016 0.1205 
12.5625 0.165445 
16.0309 0.00307946 
13.735 0.0688545 
13.5287 0.0820436 
8.64444 0.626208 
16.2193 0.00153328 
6.37233 0.985234 
15.8133 0.00475057 
11.3589 0.270302 
12.3929 0.170547 
15.643 0.00745966 
1.34617 22.4098 
14.5769 0.0275958 
15.2121 0.0143495 
16.4265 0.000614277 
13.3536 0.0998015 
6.98624 0.868733 
13.1729 0.107234 
8.00443 0.700015 
1.28595 22.6147 
16.5905 0.000162177 
2.28797 2.55759 
14.7403 0.0228042 
14.9136 0.0189008 
1.23101 22.7943 
14.3747 0.0377184 
1.18699 22.9607 
15.0633 0.0168316 
1.11617 23.3243 
1.14942 23.1444 
1.08608 23.5209 
7.8737 0.721489 
7.28395 0.817298 
7.71371 0.743283 
14.1862 0.0442964 
1.00245 24.7505 
1.0623 23.713 
7.11473 0.859434 
2.08564 2.96137 
1.04499 23.8852 
6.7755 0.910389 
1.01123 24.4094 
1.02106 24.2085 
1.03047 24.0738 
1.00587 24.5735 
1.48392 22.0176 
1.40993 22.216 
2.18247 2.71425 
