3.74981e-33 6.12391e-17 1.00011 
0.624748 0.653705 0.449517 
0.906627 0.401578 0.180668 
0.130878 0.907266 0.40057 
0.763561 0.64632 0.0608166 
0.108318 0.697651 0.739531 
0.538246 0.823877 0.190385 
0.256317 0.524529 0.833962 
0.768412 0.279071 0.57957 
0.235215 0.0585178 0.978115 
0.190194 0.662437 0.755748 
0.675719 0.24488 0.720351 
0.266169 0.112143 0.970396 
0.731021 0.178836 0.69447 
0.141568 0.891836 0.441888 
0.680369 0.269105 0.710307 
0.401266 0.173556 0.9145 
0.0731341 0.783401 0.638873 
0.343485 0.671061 0.6787 
0.480032 0.604157 0.648819 
0.637834 0.756522 0.164694 
0.206289 0.0477618 0.985928 
0.170678 0.899899 0.414162 
0.796948 0.634294 0.0008823 
0.600963 0.0737334 0.824521 
0.488799 0.876537 0.0316498 
0.789848 0.616403 0.141756 
0.289949 0.704153 0.68353 
0.548135 0.815078 0.227629 
0.816607 0.602062 0.204494 
0.961728 0.0987439 0.312747 
0.193854 0.828415 0.532227 
0.749395 0.389097 0.540805 
0.00675157 0.437407 0.906782 
0.0487716 0.589428 0.813134 
0.610645 0.796562 0.151977 
0.398491 0.319922 0.864794 
0.644074 0.517306 0.587248 
0.930826 0.0160872 0.371151 
0.948372 0.0163904 0.340159 
0.301364 0.259844 0.92684 
0.379139 0.509035 0.780833 
0.498456 0.688001 0.554078 
0.355341 0.932883 0.240054 
0.85237 0.544173 0.0643485 
0.587052 0.746113 0.330145 
0.700418 0.534901 0.478345 
0.455014 0.860618 0.262513 
0.504868 0.299981 0.838914 
0.184577 0.779712 0.625602 
0.825247 0.581064 0.106444 
0.877325 0.436595 0.244824 
0.656594 0.353179 0.702028 
0.467249 0.675582 0.596589 
0.832528 0.213335 0.566742 
0.786586 0.593341 0.320253 
0.892803 0.0889978 0.482249 
0.280966 0.121781 0.960014 
0.335389 0.0679758 0.953216 
0.243453 0.847939 0.50789 
0.602357 0.727053 0.346735 
0.910058 0.418044 0.0969801 
0.0670629 0.156589 0.99118 
0.841128 0.492445 0.289498 
0.305361 0.569673 0.765229 
0.528582 0.453579 0.741686 
0.0559109 0.675709 0.742126 
0.118892 0.941949 0.358995 
0.693753 0.251415 0.702606 
0.161527 0.799394 0.623275 
0.634838 0.745489 0.282622 
0.666739 0.569145 0.513398 
0.565809 0.0139845 0.846121 
0.927427 0.365559 0.130032 
0.865242 0.221999 0.456423 
0.321275 0.139623 0.937859 
0.0250399 0.696432 0.785932 
0.0949671 0.47865 0.876915 
0.550559 0.843672 0.0486954 
0.416177 0.327632 0.852544 
0.000862011 0.762158 0.659271 
0.439448 0.831177 0.384794 
0.718596 0.562617 0.427554 
0.923133 0.377829 0.0965908 
0.980611 0.208422 0.0108625 
0.0199759 0.748758 0.671435 
0.880713 0.499096 0.0734075 
0.364107 0.919353 0.271622 
0.515308 0.8698 0.0415733 
0.573886 0.288014 0.789924 
0.3877 0.520528 0.779151 
0.74866 0.385024 0.544793 
0.803829 0.417359 0.438303 
0.213012 0.440872 0.887348 
0.205815 0.340799 0.940448 
0.496714 0.353689 0.804332 
0.457658 0.109497 0.893152 
0.858039 0.183694 0.492712 
0.850506 0.465298 0.29426 
0.958494 0.257521 0.207925 
0.668082 0.759074 0.122714 
0.889198 0.0311276 0.506758 
0.941307 0.4005 0 
1.01501 0 0 
1.028 0 0 
