0.712111 0.493388 0.509304 
0.58463 0.133266 0.804719 
0.133038 0.271767 0.958379 
0.280651 0.851734 0.455941 
0.731864 0.671926 0.192624 
0.177276 0.499537 0.854118 
0.336084 0.912031 0.271337 
0.414521 0.306765 0.865686 
0.821459 0.385281 0.46613 
0.381141 0.929674 0.0290315 
0.571584 0.824633 0.0720968 
0.559348 0.0343915 0.834277 
0.209213 0.114757 0.972902 
0.625894 0.754998 0.255025 
0.747135 0.29316 0.619215 
0.837513 0.16652 0.553096 
0.426084 0.921257 0.0442827 
0.687646 0.533433 0.544105 
0.717157 0.625769 0.32135 
0.240636 0.586026 0.795882 
0.222428 0.541683 0.821207 
0.0268209 0.464098 0.898247 
0.799834 0.213235 0.583783 
0.58814 0.102006 0.814809 
0.719752 0.72915 0.0592647 
0.863187 0.319393 0.414009 
0.309265 0.611658 0.747385 
0.140269 0.557983 0.844491 
0.527561 0.357966 0.778859 
0.447179 0.0118311 0.905317 
0.357998 0.635399 0.687374 
0.16688 0.346086 0.938517 
0.762664 0.175743 0.651077 
0.754102 0.0557135 0.675089 
0.487035 0.886495 0.100099 
0.646893 0.706627 0.346223 
0.696895 0.3266 0.657212 
0.18863 0.720437 0.67932 
0.914559 0.206093 0.378467 
0.347492 0.942989 0.0898036 
0.619785 0.373998 0.735491 
0.942571 0.401131 0.0122065 
0.658344 0.740458 0.207492 
0.812775 0.0429929 0.602108 
3.74981e-33 6.1239e-17 1.00011 
0.895776 0.419805 0.17761 
0.298888 0.811084 0.531619 
0.901571 0.4095 0.177558 
0.522552 0.828902 0.241427 
0.40025 0.157857 0.909915 
0.531791 0.0242648 0.873754 
0.948678 0.282898 0.143317 
0.77932 0.44802 0.491757 
0.770067 0.4427 0.515623 
0.226387 0.124177 0.968533 
0.32262 0.254312 0.916266 
0.0987644 0.901189 0.44293 
0.124185 0.896507 0.441983 
0.879228 0.459026 0.158298 
0.256426 0.0459775 0.975724 
0.80408 0.514787 0.331113 
0.606223 0.57063 0.558722 
0.0135427 0.194864 0.986242 
0.456688 0.805945 0.405437 
0.385148 0.605383 0.702003 
0.360042 0.620316 0.708493 
0.154469 0.961153 0.295612 
0.113706 0.964379 0.283405 
0.274823 0.834046 0.490992 
0.49903 0.0895059 0.880122 
0.0152831 0.189218 0.997433 
0.324053 0.5551 0.781978 
0.148604 0.361683 0.937134 
0.235203 0.475345 0.889732 
0.561495 0.76981 0.368214 
0.379889 0.782516 0.53577 
0.60157 0.820694 0.105923 
0.512227 0.789049 0.427144 
0.0649028 0.601954 0.80023 
0.679384 0.216264 0.727214 
0.584134 0.805093 0.130878 
0.468984 0.86691 0.226025 
0.787549 0.263471 0.566717 
0.668865 0.260664 0.722847 
0.422589 0.676286 0.632821 
0.442112 0.707531 0.613456 
0.469062 0.862206 0.212978 
0.927488 0.239962 0.303897 
0.541215 0.762956 0.388446 
0.198419 0.653465 0.76085 
0.0846263 0.660052 0.755616 
0.636546 0.695324 0.352263 
0.0542057 0.470702 0.890153 
0.510027 0.0815667 0.879342 
0.0421694 0.955317 0.35618 
0.480368 0.648744 0.608208 
0.903226 0.0665673 0.473819 
0.849942 0.150307 0.552206 
0.832783 0.542042 0.2436 
0.939691 0.197677 0.313866 
0.982753 0.234796 0 
0.93034 0.329976 0.19109 
0.962461 0 0.335915 
0.996765 0.120642 0 
1.00646 0 0 
