0.346377 0.722975 0.60143 
0.6451 0.69052 0.370962 
0.0265256 0.435458 0.903336 
0.855928 0.491463 0.20545 
0.72097 0.700972 0.0852313 
0.239855 0.235062 0.954759 
0.295679 0.0255246 0.960074 
0.52099 0.842485 0.271045 
0.935596 0.365706 0.0745046 
0.172462 0.797622 0.585057 
0.30005 0.869909 0.397956 
0.423499 0.90511 0.095717 
0.511849 0.660892 0.567947 
0.577609 0.809884 0.124351 
0.409563 0.0356684 0.918823 
0.219125 0.463263 0.868402 
0.215045 0.952655 0.256414 
0.692507 0.480616 0.548906 
0.123855 0.557139 0.831286 
0.66971 0.674424 0.34368 
0.0603831 0.82362 0.574401 
0.754545 0.632364 0.185711 
0.757367 0.634729 0.173639 
0.54945 0.789886 0.324852 
0.482125 0.346969 0.809793 
0.868996 0.205517 0.47451 
0.902582 0.452736 0.0374335 
0.252022 0.730665 0.639305 
0.0938107 0.218349 0.984003 
0.103407 0.356401 0.944975 
0.539469 0.732363 0.452801 
0.782623 0.155303 0.612204 
0.235605 0.744654 0.629309 
0.225127 0.416253 0.89345 
0.189486 0.400033 0.912277 
0.0488662 0.913052 0.42604 
0.919843 0.392641 0.11155 
0.439002 0.908146 0.0448189 
0.737452 0.540601 0.438648 
0.793016 0.509266 0.361695 
0.660965 0.246948 0.718449 
0.892754 0.0513141 0.48071 
0.0149578 0.499298 0.875048 
0.0872544 0.64871 0.764995 
0.46361 0.344535 0.84325 
0.327317 0.780209 0.561243 
0.913095 0.447227 0.106645 
0.495563 0.890326 0 
0.557545 0.801524 0.302078 
0.62562 0.764432 0.238966 
0.039918 0.625206 0.784443 
0.10012 0.712583 0.698138 
0.585705 0.0109478 0.858198 
0.772934 0.176793 0.631987 
0.618138 0.429003 0.685618 
0.641626 0.264901 0.73086 
0.395438 0.924455 0.137917 
0.632772 0.280628 0.728086 
0.195275 0.644658 0.767787 
0.728624 0.137942 0.677504 
0.805787 0.579099 0.147713 
0.688393 0.133108 0.748382 
0.213544 0.945847 0.288174 
0.837704 0.0729548 0.553733 
0.930141 0.309751 0.233874 
0.00158668 0.748237 0.666617 
0.0740854 0.385539 0.925793 
0.0844672 0.372573 0.932252 
0.119388 0.936434 0.384583 
0.426945 0.816431 0.412704 
0.636013 0.41817 0.65771 
0.687223 0.165272 0.743569 
0.866091 0.532221 0.0155506 
3.74965e-33 6.12365e-17 1.00007 
0.0154435 0.109569 0.995755 
0.155979 0.59089 0.794765 
0.272605 0.568994 0.780835 
0.407887 0.851359 0.33755 
0.846834 0.113757 0.525334 
0.265394 0.842317 0.498202 
0.58759 0.0924775 0.82098 
0.733686 0.478636 0.494306 
0.901972 0.00121887 0.473105 
0.603057 0.596932 0.538933 
0.613854 0.607619 0.512983 
0.803782 0.51618 0.316253 
0.70209 0.751523 0.000789205 
0.35355 0.883327 0.373507 
0.649509 0.695241 0.352455 
0.359478 0.912512 0.218547 
0.178255 0.524073 0.844331 
0.377779 0.323544 0.878605 
0.1365 0.763899 0.634395 
0.277022 0 0.975071 
0.830755 0.577324 0.0193138 
0.313235 0.954974 0.163053 
0.333513 0.0598634 0.953436 
0.668547 0.275918 0.708491 
0.816563 0.34047 0.567457 
1.00219 0.0937377 0.0540229 
0.881432 0.225925 0.444801 
0.963478 0.115107 0.33042 
0.987968 0.239368 0 
1.00906 0 0.19598 
1.00333 0 0.33566 
