0.771916 0.196491 0.608278 
0.388755 0.832701 0.476606 
0.360878 0.643298 0.677982 
0.608094 0.785205 0.208423 
0.724776 0.70941 0.0451806 
0.832282 0.390754 0.416911 
0.610726 0.771515 0.185304 
0.383275 0.705407 0.641986 
0.616835 0.0468824 0.808228 
0.805518 0.537993 0.260968 
0.550772 0.292963 0.793734 
0.0937134 0.260307 0.967406 
0.64852 0.0981751 0.764772 
0.563306 0.43021 0.712494 
0.286866 0.171051 0.953299 
0.860408 0.114994 0.513579 
0.642504 0.182583 0.747556 
0.437208 0.0182654 0.91518 
0.790279 0.107399 0.622751 
0.00875924 0.901165 0.439949 
0.715883 0.283778 0.654453 
0.935688 0.210726 0.319911 
0.597204 0.578795 0.561456 
0.4276 0.892115 0.162452 
0.180752 0.55138 0.817153 
0.351789 0.623333 0.724459 
0.63574 0.406809 0.70109 
0.853147 0.484736 0.250642 
0.246965 0.351258 0.905247 
0.586766 0.808931 0.177395 
0.82177 0.311411 0.490047 
0.334226 0.451608 0.854715 
0.165676 0.0332491 0.99467 
0.211789 0.527249 0.843233 
0.862154 0.305332 0.470439 
0.81258 0.166859 0.583914 
0.505988 0.861605 0.162026 
0.296322 0.248996 0.935746 
0.220622 0.436236 0.88277 
0.521202 0.729632 0.452194 
0.23338 0.880742 0.459653 
0.387781 0.0590872 0.921946 
0.448022 0 0.897633 
0.702276 0.719026 0.0357639 
0.683463 0.707063 0.21697 
0.0624857 0.664647 0.785077 
0.669138 0.564785 0.494525 
0.577304 0.821101 0.018874 
0.357237 0.419324 0.881783 
0.066828 0.827851 0.570021 
0.495629 0.463829 0.751177 
0.138214 0.729356 0.685651 
0.309759 0.951469 0.195403 
0.838957 0.273312 0.550842 
3.74968e-33 6.1237e-17 1.00008 
0.757663 0.678098 0.00233763 
0.417929 0.9281 0.0594346 
0.406062 0.910765 0.0961414 
0.905929 0.204024 0.40167 
0.875805 0.489743 0.120898 
0.913249 0.152984 0.383077 
0.74013 0.337721 0.605314 
0.462369 0.741578 0.504607 
0.846306 0.521282 0.146656 
0.684234 0.50771 0.592063 
0.0536114 0.689009 0.726239 
0.924682 0.0113726 0.391773 
0.317694 0.737451 0.613195 
0.15655 0.881262 0.529303 
0.547003 0.853574 0.0296427 
0.750876 0.635949 0.236688 
0.366027 0.937 0.126366 
0.489624 0.802669 0.365218 
0.659252 0.556943 0.535318 
0.729515 0.689045 0.137122 
0.865165 0.388534 0.339827 
0.0791318 0.222601 0.98458 
0.329548 0.917211 0.295081 
0.465514 0.843542 0.305849 
0.10161 0.950742 0.355761 
0.0264949 0.384248 0.937371 
0.027559 0.319143 0.957051 
0.0401164 0.375361 0.933838 
0.146798 0.749742 0.666084 
0.625679 0.128577 0.779783 
0.866704 0.504545 0.0188577 
0.93894 0.367076 0.0755752 
0.199551 0.0871354 0.988289 
0.899816 0.447319 0.113211 
0.11238 0.571129 0.819729 
0.173098 0.537987 0.827023 
0.530204 0.0715263 0.865314 
0.536617 0.0529866 0.872138 
0.47976 0.606979 0.657522 
0.189272 0.124413 0.979475 
0.0408093 0.132648 0.999758 
0.124341 0.677001 0.758344 
0.265919 0 0.969035 
0.704567 0.270874 0.688593 
0.890778 0.325082 0.367787 
0.888619 0.465011 0.0624647 
0.943713 0 0.351406 
0.982795 0.292424 0 
0.981755 0 0.273077 
1.00799 0 0 
