0.829712 0.147147 0.553127 
0.755245 0.359146 0.566424 
0.138998 0.78221 0.631822 
0.0611902 0.311611 0.948352 
3.74997e-33 6.12417e-17 1.00015 
0.345119 0.926464 0.154891 
0.579759 0.258962 0.791055 
0.0373783 0.162207 0.989182 
0.214473 0.873442 0.48324 
0.721629 0.621949 0.347681 
0.899651 0.0194846 0.466212 
0.0907316 0.501748 0.875668 
0.846352 0.17216 0.519404 
0.876262 0.436532 0.250049 
0.925757 0.345985 0.221894 
0.83524 0.133 0.555164 
0.538264 0.60605 0.622414 
0.187447 0.752311 0.639524 
0.798294 0.516616 0.380392 
0.67316 0.269917 0.695011 
0.777205 0.556037 0.333248 
0.388188 0.446939 0.826985 
0.933286 0.232679 0.301406 
0.63394 0.488496 0.611626 
0.354875 0.69305 0.644785 
0.0242873 0.739198 0.722859 
0.95829 0.250978 0.176426 
0.0498948 0.318143 0.9617 
0.0768501 0.46311 0.885622 
0.00939072 0.838157 0.571505 
0.666245 0.764953 0.0684592 
0.424641 0.89269 0.20715 
0.120739 0.562858 0.822051 
0.203499 0.883896 0.437467 
0.0730863 0.871711 0.509845 
0.65429 0.300592 0.724481 
0.62059 0.742736 0.281143 
0.73786 0.585139 0.355528 
0.964944 0.244122 0.192502 
0.142258 0.806064 0.585591 
0.446928 0.675756 0.601354 
0.473598 0.28537 0.836717 
0.815678 0.593505 0.072965 
0.499136 0.0761667 0.867331 
0.219425 0.859046 0.498617 
0.22985 0.846079 0.529491 
0.700128 0.185007 0.699744 
0.782151 0.206682 0.594653 
0.15619 0.900408 0.477151 
0.689751 0.616031 0.397424 
0.89144 0.477063 0.0826313 
0.824599 0.573558 0.0356491 
0.526111 0.855452 0.105247 
0.710011 0.117137 0.707074 
0.798294 0.528683 0.363035 
0.287948 0.031416 0.974836 
0.682104 0.196466 0.712207 
0.767733 0.00879803 0.653681 
0.489845 0.372378 0.811619 
0.167366 0.133048 0.99146 
0.481017 0.382385 0.803876 
0.776433 0.650844 0.113407 
0.64528 0.681475 0.414316 
0.898907 0.0569329 0.453639 
0.874359 0.473194 0.174502 
0.270344 0.639756 0.736608 
0.460258 0.0141152 0.908877 
0.602533 0.222393 0.780939 
0.558953 0.832486 0.137716 
0.261491 0.338372 0.931514 
0.265769 0.333356 0.918218 
0.228003 0.624343 0.765744 
0.331799 0.908569 0.277727 
0.591326 0.768729 0.26462 
0.613263 0.797247 0.011894 
0.371034 0.403129 0.865946 
0.554073 0.543079 0.659597 
0.720958 0.72116 0.052565 
0.108409 0.665497 0.749498 
0.913709 0.0892929 0.40752 
0.150429 0.525182 0.847765 
0.309221 0.603891 0.743282 
0.404832 0.667924 0.64678 
0.514602 0.783353 0.360293 
0.529389 0.794703 0.317373 
0.254601 0.70987 0.682296 
0.546276 0.418377 0.751908 
0.245523 0.630785 0.739671 
0.0770175 0.447968 0.898661 
0.783192 0.621089 0.128578 
0.433424 0.918422 0 
0.286472 0.40307 0.898644 
0.373929 0.648016 0.677175 
0.0346482 0.352028 0.971822 
0.186423 0.102729 0.983305 
0.328995 0.936813 0.232812 
0.500447 0.817312 0.372456 
0.80912 0.540519 0.285976 
0.858853 0.177052 0.506356 
0.861525 0.060528 0.540759 
0.935635 0.431766 0 
0.983593 0.0455957 0.269054 
1.00655 0.0162188 0.24405 
1.03102 0 0.0557148 
1.02662 0 0.122199 
