0.373816 0.336918 0.871684 
0.564372 0.676655 0.489296 
0.196208 0.7615 0.620271 
0.692164 0.506847 0.530346 
0.625672 0.730363 0.360223 
0.498257 0.709065 0.519169 
0.419041 0.00747469 0.916511 
0.383008 0.422374 0.834371 
0.714833 0.735714 0.00589519 
0.249818 0.659934 0.73214 
0.210151 0.89519 0.417483 
0.579216 0.79802 0.177997 
0.894637 0.190826 0.425899 
0.766935 0.594471 0.267218 
0.839916 0.6129 0.0472284 
0.0630142 0.948044 0.316323 
0.464092 0.753623 0.482669 
0.644269 0.0484024 0.780892 
0.482029 0.91403 0.0102123 
0.682659 0.311239 0.677418 
0.824504 0.315249 0.470589 
0.699837 0.0859218 0.721391 
0.429125 0.232422 0.878895 
0.281327 0.642759 0.723797 
0.405385 0.923725 0.029158 
0.587073 0.655425 0.543954 
0.506718 0.15972 0.860371 
0.242114 0.68822 0.70465 
0.777783 0.538321 0.33527 
0.0180974 0.880355 0.484675 
0.154951 0.605765 0.801275 
0.460201 0.45089 0.777659 
0.772747 0.564965 0.347834 
0.305279 0.497286 0.839243 
0.294513 0.479747 0.84364 
0.518661 0.406488 0.756845 
0.596766 0.467701 0.665935 
0.611788 0.460691 0.65988 
0.399752 0.931164 0.0681565 
0.184292 0.0258918 0.989594 
0.813061 0.580609 0.185389 
0.0301099 0.721954 0.694574 
0.810419 0.633986 0.126109 
0.00482434 0.283525 0.985492 
5.13927e-17 0.839307 0.575554 
0.136692 0.903502 0.437303 
0.357057 0.945163 0.017701 
0.491682 0.241784 0.847489 
0.0422017 0.785125 0.651801 
0.115039 0.336046 0.95356 
0.505592 0.293724 0.825559 
3.74948e-33 6.12337e-17 1.00002 
0.0872078 0.265449 0.971038 
0.750766 0.253064 0.627907 
0.79755 0.553204 0.255821 
0.17504 0.821853 0.557496 
0.791567 0.298592 0.563942 
0.980832 0.0712757 0.282534 
0.905577 0.181474 0.403862 
0.532779 0.816373 0.30489 
0.847687 0.541295 0.208309 
0.967546 0.090911 0.270572 
0.228965 0.16874 0.965863 
0.140255 0.622918 0.790026 
0.278322 0.774607 0.609892 
0.151858 0.830857 0.540014 
0.307079 0.531445 0.813301 
0.806766 0.511469 0.393871 
0.939529 0.376904 0.0422321 
0.723469 0.696399 0.171516 
0.634801 0.777465 0.054153 
0.98172 0.10055 0.244873 
0.984881 0.204125 0.0936602 
0.865149 0.109952 0.495326 
0.930777 0.134772 0.370966 
0.948145 0.27515 0.217885 
0.732682 0.0654008 0.691586 
0.666634 0.0595052 0.748994 
0.648015 0.430754 0.632806 
0.880081 0.218385 0.446778 
0.331618 0.86823 0.407419 
0.334433 0.846363 0.432594 
0.342058 0.343388 0.888504 
0.318187 0.563299 0.781099 
0.12399 0.40333 0.921033 
0.265633 0.864085 0.446752 
0.0794523 0.350811 0.939193 
0.108984 0.354517 0.937044 
0.954162 0.244902 0.227049 
0.47024 0.457342 0.770282 
0.40569 0.219938 0.905482 
0.440212 0.156184 0.905641 
0.915469 0.324803 0.294024 
4.96089e-17 0.810175 0.596487 
0.219679 0.57751 0.866055 
0.16076 0.115916 0.994812 
0.746548 0.395736 0.555068 
0.549165 0.480189 0.699689 
0.761972 0.470405 0.511474 
0.959646 0.317135 0.0826947 
0.993708 0 0.153909 
0.729331 0.427981 0.588574 
0.889671 0.513587 0 
1.01187 0.077568 0 
1.03696 0 0 
