0.0309807 0.536826 0.849957 
0.562749 0.260543 0.790553 
0.302055 0.776035 0.556084 
0.570795 0.822771 0.143396 
0.799024 0.427244 0.439358 
0.386244 0.179536 0.907901 
0.103077 0.276742 0.964592 
0.881473 0.378911 0.294933 
0.81041 0.576193 0.21543 
0.147009 0.974108 0.259804 
0.393716 0.402225 0.839294 
0.346064 0.353158 0.878698 
0.705679 0.673595 0.27349 
0.0390231 0.773384 0.638785 
0.431694 0.78549 0.460046 
0.273559 0.872618 0.465958 
0.767971 0.491717 0.498975 
0.676192 0.070684 0.753985 
0.171693 0.484116 0.859891 
0.334503 0.943184 0.0742321 
0.262164 0.967115 0.0147763 
0.715203 0.605725 0.37718 
0.655733 0.62408 0.449816 
0.910644 0.315384 0.329952 
0.0537474 0.885263 0.482587 
0.63895 0.537989 0.572573 
0.860707 0.365482 0.396324 
0.210551 0.052706 0.986612 
0.462765 0.763417 0.463183 
0.447634 0.73867 0.514899 
0.749071 0.572897 0.380343 
0.186798 0.991772 0.114014 
0.668018 0.142574 0.743402 
0.377314 0.104462 0.92446 
0.597497 0.547525 0.618934 
0.7368 0.655577 0.242415 
0.885591 0.322827 0.371022 
0.87761 0.529225 0.0657236 
0.956611 0.305573 0.053366 
0.135986 0.802075 0.588421 
0.921972 0.398035 0.0243342 
0.760616 0.0457757 0.661898 
0.473967 0.482755 0.738674 
0.0502011 0.896961 0.48785 
0.543608 0.251808 0.802727 
0.900679 0.417209 0.199262 
0.484003 0.673236 0.600968 
0.952241 0.153998 0.317981 
0.507225 0.863514 0.187256 
0.234551 0.0910428 0.982036 
0.291559 0.0594154 0.971444 
0.41739 0.934222 0.0459551 
0.788298 0.587335 0.249675 
0.310833 0.960098 0.165517 
0.991399 0.190155 0.14628 
3.75019e-33 6.12453e-17 1.00021 
0.531595 0.227237 0.817475 
0.00851957 0.747368 0.711979 
0.198944 0.29352 0.942059 
0.445726 0.61186 0.675278 
0.284104 0.130937 0.953003 
0.609718 0.434352 0.706227 
0.0584239 0.659517 0.765247 
0.946825 0.170108 0.305408 
0.938079 0.151999 0.330115 
0.726769 0.688605 0.128768 
0.534457 0.712497 0.507978 
0.0622329 0.952321 0.378993 
0.226642 0.200247 0.958699 
0.644915 0.467893 0.664392 
0.347622 0.700284 0.641656 
0.793587 0.120649 0.622708 
0.520753 0.644737 0.580127 
0.779887 0.448164 0.546027 
0.969142 0.280857 0.0325009 
0.975268 0.0655389 0.222279 
0.155302 0.72431 0.698832 
0.853153 0.395194 0.345399 
0.495564 0.407473 0.789511 
0.365041 0.173178 0.919568 
0.179779 0.921819 0.363035 
0.589462 0.455966 0.686082 
0.693197 0.0108556 0.729259 
0.880869 0.274187 0.409337 
0.0935578 0.234411 0.985122 
0.32972 0.854388 0.426255 
0.895918 0.391994 0.284123 
0.83481 0.510042 0.257997 
0.686362 0.340193 0.656732 
0.323383 0.874466 0.395516 
0.588155 0.03451 0.827485 
0.406113 0.797708 0.528819 
0.410326 0.841441 0.515154 
0.565789 0.815555 0.184535 
0.844996 0.55908 0 
0.124028 0.140532 0.989003 
0.245658 0.991302 0.117378 
0.351775 0.316383 0.884751 
0.227603 0.0326559 0.989314 
0.451212 0.90485 0 
0.82632 0.611892 0.0835561 
0.986289 0.19873 0.0380749 
1.01693 0.0772126 0 
1.00325 0 0.0988431 
1.03603 0 0 
