0.497867 0.733714 0.480893 
0.310445 0.820088 0.494848 
0.400248 0.751119 0.546398 
0.902431 0.362962 0.261151 
0.0999353 0.643053 0.76683 
0.919428 0.3998 0.0195514 
0.300923 0.194005 0.943404 
0.435014 0.096904 0.904486 
0.23222 0.599925 0.7831 
0.490805 0.0789126 0.871677 
0.452313 0.815518 0.378044 
0.927685 0.269772 0.308435 
0.478034 0.305256 0.843807 
0.913122 0.0423351 0.424907 
0.190942 0.838926 0.517919 
0.117688 0.751567 0.678381 
0.904486 0.458274 0.0397747 
0.829923 0.0316244 0.571467 
0.0343234 0.888649 0.471636 
0.0211275 0.85852 0.535711 
0.0495219 0.851568 0.531829 
0.749835 0.624694 0.273743 
0.742333 0.346314 0.59687 
0.16482 0.761804 0.641077 
0.705375 0.672658 0.248354 
0.523093 0.101041 0.865889 
0.581886 0.846426 0.0330535 
3.75001e-33 6.12423e-17 1.00016 
0.425382 0.0550964 0.923568 
0.224672 0.916398 0.359489 
0.569114 0.704752 0.456095 
0.625386 0.781218 0.191131 
0.509198 0.574229 0.690108 
0.642813 0.78787 0.0609001 
0.201787 0.910749 0.389906 
0.539503 0.113916 0.839688 
0.464809 0.299289 0.854211 
0.61917 0.741173 0.345987 
0.955898 0.145913 0.300808 
0.672143 0.243668 0.703777 
0.658691 0.441129 0.623534 
0.645871 0.503057 0.583203 
0.685975 0.217271 0.713508 
0.131932 0.686359 0.721508 
0.852483 0.533377 0.00873089 
0.713733 0.449091 0.553489 
0.0869862 0.761606 0.664495 
0.410847 0.870941 0.316108 
0.090351 0.639532 0.778672 
0.210334 0.797688 0.5853 
0.572481 0.412328 0.755271 
0.958447 0.00607798 0.319905 
0.789063 0.613863 0.129157 
0.824046 0.551441 0.209368 
0.941497 0.369925 0.00173589 
0.60362 0.135494 0.799459 
0.691907 0.664549 0.337771 
0.769223 0.484708 0.427525 
0.811581 0.590474 0.0967106 
0.0111754 0.390828 0.933598 
0.282603 0.160722 0.961548 
0.387298 0.0224593 0.936718 
0.575999 0.514017 0.650472 
0.170361 0.0896556 0.99172 
0.142143 0.495214 0.880973 
0.0372349 0.701214 0.736022 
0.0178393 0.318931 0.975942 
0.460681 0.480552 0.788137 
0.348989 0.28197 0.897591 
0.787421 0.608595 0.13997 
0.378005 0.244313 0.900432 
0.859521 0.471032 0.228568 
0.247638 0.230271 0.950073 
0.336372 0.0695893 0.965074 
0.793766 0.176085 0.613373 
0.545768 0.201863 0.826567 
0.55748 0.205657 0.811006 
0.839062 0.565784 0.0767061 
0.839342 0.541581 0.180517 
0.796844 0.567282 0.24001 
0.894995 0.421503 0.170814 
0.291038 0.187632 0.950897 
0.0572461 0.894911 0.457261 
0.886046 0.264387 0.443322 
0.869466 0.27106 0.436653 
0.875163 0.330207 0.370498 
0.724484 0.657571 0.249301 
0.360008 0.72124 0.602758 
0.947504 0.343492 0.0314075 
0.252831 0.694755 0.699356 
0.266919 0.968048 0.111952 
5.40269e-17 0.882325 0.494068 
0.538118 0.808158 0.277302 
0.0642531 0.557245 0.856619 
0.319676 0.947608 0.221981 
0.179447 0.208679 0.985807 
0.529366 0.766178 0.411027 
0.391941 0.92523 0.259729 
0.758816 0.179875 0.655117 
0.486222 0.0450959 0.905084 
0.849959 0.554414 0.159935 
0.99967 0 0.142065 
1.00434 0.037469 0 
1.02021 0 0 
1.0122 0 0.0767735 
