0.179392 0.545033 0.820254 
0.160727 0.532046 0.836068 
0.843932 0.353268 0.416792 
0.257151 0.790181 0.585771 
0.749869 0.301692 0.601673 
0.168823 0.839265 0.527526 
0.832564 0.335389 0.454764 
0.302985 0.120859 0.948867 
0.265051 0.861745 0.439897 
0.333716 0.149265 0.941818 
0.426653 0.587079 0.72845 
0.0863351 0.817672 0.574122 
0.187463 0.560397 0.808288 
0.416156 0.571773 0.735629 
0.644263 0.59855 0.495211 
0.404616 0.63389 0.664057 
0.217809 0.858304 0.505154 
0.376641 0.696199 0.625992 
0.123176 0.520834 0.855485 
0.525335 0.751703 0.424649 
0.724296 0.256053 0.648296 
0.466601 0.260279 0.861828 
0.344331 0.314245 0.925122 
0.698934 0.392424 0.636881 
0.496693 0.275103 0.828545 
0.869025 0.507305 0.0306993 
0.39655 0.153764 0.913736 
0.281157 0.0631076 0.958926 
0.353213 0.938451 0.108671 
0.891196 0.468852 0.0974876 
0.839564 0.496553 0.306459 
0.862192 0.513556 0.174018 
0.601581 0.398649 0.716654 
5.3994e-17 0.881789 0.483159 
0.707535 0.73167 0.0927224 
0.3096 0.932106 0.225936 
0.825003 0.0285795 0.618015 
0.431719 0.843445 0.332657 
0.880446 0.455644 0.147101 
0.47386 0.243804 0.84782 
0.555068 0.679717 0.520822 
0.480232 0.605704 0.698177 
0.0410308 0.968755 0.292175 
0.00597751 0.990356 0.192879 
0.456026 0.915335 0.0429451 
0.438637 0.238175 0.874463 
0.476308 0.701595 0.535199 
0.0490135 0.919448 0.40241 
0.507105 0.0539606 0.897433 
0.108011 0.953646 0.315733 
0.65199 0.174381 0.748383 
0.662571 0.201418 0.727143 
0.89567 0.440723 0.160383 
0.0664191 0.610237 0.797787 
0.588413 0.385647 0.737914 
0.320851 0.957463 0.0721769 
0.581434 0.802063 0.209536 
0.444441 0.0815733 0.906394 
0.873853 0.507004 0.0144504 
0.932575 0.369505 0.135058 
3.7497e-33 6.12373e-17 1.00008 
0.128909 0.811809 0.576842 
0.922547 0.2855 0.276488 
0.0228759 0.660952 0.758222 
0.910942 0.318124 0.291059 
0.56825 0.162345 0.808377 
0.720331 0.640961 0.343152 
0.759801 0.339358 0.562118 
0.788555 0.0988409 0.628503 
0.711242 0.219291 0.677289 
0.6274 0.0880569 0.776471 
0.658992 0.780114 0.117534 
0.82139 0.43266 0.387732 
0.150935 0.452451 0.88384 
0.622316 0.00726324 0.819574 
0.144341 0.267595 0.965797 
0.0784756 0.655101 0.764012 
0.231691 0.17895 0.971485 
0.604071 0.739636 0.361934 
0.513692 0.869304 0.0581746 
0.611792 0.109074 0.798268 
0.59163 0.479507 0.686295 
0.670703 0.755743 0 
0.36597 0.901155 0.258329 
0.388032 0.897871 0.241283 
0.207861 0.0192052 0.98654 
0.804861 0.0383019 0.603247 
0.539665 0.414484 0.7499 
0.735231 0.328384 0.600972 
0.820194 0.130495 0.585446 
0.320249 0.769356 0.587446 
0.523081 0.717036 0.469834 
0.632207 0.774178 0.243896 
0.560223 0.686029 0.506967 
0.0397326 0.703635 0.715343 
0.245084 0.874393 0.467657 
0.292941 0.963487 0.176289 
0.571543 0.284043 0.788717 
0.679488 0.272879 0.694975 
0.768963 0.72263 0 
0.798713 0.619035 0.0509658 
0.953366 0.316892 0 
0.816651 0.614838 0.119528 
0.964141 0.150387 0.267989 
1.01479 0 0 
