0.165916 0.483445 0.865246 
0.72036 0.60534 0.378427 
0.157954 0.460248 0.874322 
0.65788 0.721128 0.229589 
0.233226 0.443549 0.882783 
0.788148 0.114651 0.632174 
0.709402 0.728246 0.158748 
0.00760665 0.329113 0.947208 
0.689135 0.684153 0.247743 
0.432437 0.875139 0.261268 
0.579221 0.823389 0.0862358 
0.70425 0.26948 0.670701 
0.0884347 0.911666 0.416331 
0.336573 0.864895 0.397456 
0.588873 0.796959 0.175604 
0.321809 0.0971371 0.957508 
0.607336 0.806721 0.152456 
0.777463 0.487827 0.430835 
0.814531 0.51106 0.330034 
0.708386 0.66987 0.242267 
0.489184 0.894276 0.0126799 
0.458181 0.591803 0.681981 
0.752686 0.259013 0.612687 
0.601579 0.678906 0.493568 
0.862856 0.503109 0.126984 
3.74952e-33 6.12343e-17 1.00003 
0.88546 0.0378991 0.465887 
0.631885 0.21627 0.748297 
0.609761 0.238084 0.776971 
0.653524 0.235901 0.733614 
0.242802 0.0234718 0.976068 
0.292781 0.540176 0.798291 
0.100606 0.616224 0.785605 
0.81118 0.317831 0.499066 
0.303275 0.124329 0.949095 
0.900392 0.342278 0.280283 
0.704486 0.741362 0.0676309 
0.462857 0.0613435 0.892526 
0.808908 0.248641 0.552474 
0.820639 0.522781 0.297769 
0.388076 0.880561 0.31686 
0.0166413 0.839423 0.576296 
0.109889 0.828917 0.570771 
0.757479 0.636533 0.191135 
0.209379 0.198603 0.959775 
0.0466753 0.529811 0.850684 
0.088911 0.847102 0.538422 
0.535067 0.560646 0.656054 
0.741106 0.105236 0.689925 
0.645641 0.166497 0.803406 
0.676135 0.226802 0.717394 
0.36443 0.0180836 0.934384 
0.173895 0.781068 0.600772 
0.4004 0.902149 0.19067 
0.509074 0.757001 0.461631 
0.544974 0.471606 0.697061 
0.894459 0.340023 0.309469 
0.344667 0.575564 0.749904 
0.377519 0.924271 0.134122 
0.523922 0.428135 0.7707 
0.0741409 0.410646 0.920669 
0.278287 0.858281 0.450388 
0.367702 0.753078 0.564329 
0.0814769 0.999689 0.205418 
0.311354 0.693068 0.688069 
0.622845 0.087607 0.811593 
0.709961 0.0836268 0.711233 
0.668592 0.764479 0.172238 
0.846806 0.187016 0.513835 
0.198043 0.00248122 0.983085 
0.12827 0.556796 0.828473 
0.41109 0.392311 0.823929 
0.496423 0.708415 0.517045 
0.121311 0.0538691 0.993103 
0.865487 0.1511 0.478912 
0.269279 0.373284 0.900845 
0.567923 0.843732 0.0276761 
0.146704 0.649978 0.757081 
0.691258 0.424903 0.64405 
0.0637704 0.891607 0.468796 
0.792846 0.477281 0.437254 
0.222544 0.182619 0.968025 
0.0264036 0.288101 0.974758 
0.184461 0.929108 0.347662 
0.500543 0.87428 0.10608 
0.575609 0.81851 0.105365 
0.729634 0.302429 0.623232 
0.0295606 0.627105 0.796542 
0.0718831 0.941699 0.360724 
6.05047e-17 0.988116 0.263554 
0.264363 0.621227 0.761854 
0.442101 0.0364011 0.911351 
0.281439 0.951265 0.225032 
0.0547285 0.973392 0.298022 
0.79894 0.356116 0.588671 
0.851036 0.531931 0.0424567 
0.254598 0.9944 0 
0.836055 0.108111 0.599509 
0.548672 0 0.845816 
0.909826 0 0.423419 
0.977861 0 0.242792 
1.0024 0.0406374 0 
0.931025 0 0.369443 
0.931507 0.327439 0.203484 
0.87472 0.521477 0.00543123 
