0.427928 0.449012 0.790099 
0.811187 0.487076 0.376218 
0.903618 0.429859 0.118531 
0.933464 0.348118 0.16892 
0.454554 0.601667 0.690216 
0.847662 0.113434 0.541152 
0.530586 0.833161 0.226018 
0.332789 0.177756 0.948248 
0.358939 0.700959 0.639177 
0.0736419 0.542657 0.842037 
0.98221 0.125694 0.181259 
0.894005 0.291562 0.391012 
0.891208 0.224212 0.440452 
0.440977 0.0580815 0.89783 
0.880879 0.45735 0.200339 
0.626465 0.788565 0.057477 
0.00421793 0.903355 0.43338 
3.74989e-33 6.12403e-17 1.00013 
0.684432 0.389928 0.62315 
0.425002 0.141741 0.904348 
0.83463 0.300039 0.469798 
0.385433 0.906811 0.19132 
0.956955 0.343299 0.0667541 
0.961926 0.186957 0.236155 
0.256606 0.320839 0.926358 
0.779154 0.566576 0.303398 
0.746174 0.403807 0.576497 
0.109789 0.809016 0.583461 
0.698023 0.517775 0.504059 
0.186379 0.81633 0.563641 
0.927891 0.167924 0.346331 
0.292784 0.46962 0.853178 
0.500346 0.244839 0.85877 
0.309357 0.598558 0.744464 
0.220766 0.913348 0.361303 
0.152005 0.927339 0.361328 
0.20939 0.640962 0.754777 
0.264438 0.963017 0.133962 
0.985681 0.234273 0.0977607 
5.32556e-17 0.86973 0.515175 
0.275903 0.063787 0.971533 
0.326966 0.950304 0.163281 
0.114628 0.944683 0.365875 
0.673421 0.768814 0.264502 
0.98843 0.158614 0.143962 
0.774672 0.664016 0.0116757 
0.235751 0.770906 0.606472 
0.134644 0.64708 0.763258 
0.615745 0.388563 0.729455 
0.567863 0.358348 0.775055 
0.701475 0.0925276 0.710953 
0.0990487 0.701487 0.711852 
0.783215 0.579606 0.252619 
0.5743 0.0734936 0.82163 
0.635685 0.679855 0.452256 
0.144556 0.894787 0.44854 
0.184231 0.557736 0.833483 
0.0207855 0.722598 0.701582 
0.606276 0.773225 0.213197 
0.0867498 0.21144 0.998929 
0.414294 0.882075 0.255656 
0.289992 0.0749849 0.960695 
0.393921 0.233431 0.915086 
0.72809 0.27652 0.677757 
0.375055 0.720262 0.601647 
0.563014 0.853373 0.0878999 
0.410736 0.0222564 0.934972 
0.6563 0.781078 0 
0.972527 0.262997 0.077773 
0.585948 0.755739 0.297587 
0.853618 0.00173779 0.52511 
0.841052 0.112549 0.545474 
0.876219 0.15217 0.488281 
0.578175 0.712845 0.416705 
0.814078 0.585189 0.0251152 
0.455969 0.595918 0.665531 
0.715993 0.632174 0.322008 
0.039388 0.243808 0.983909 
0.471212 0.613024 0.650363 
0.0505091 0.371823 0.933419 
0.914739 0.43515 0.0450075 
0.999197 0.00986374 0.118365 
0.343782 0.439633 0.860388 
0.741689 0.685217 0.0478858 
0.600183 0.759019 0.280795 
0.472223 0.823586 0.336354 
0.166008 0.797815 0.592862 
0.647048 0.73933 0.279113 
0.539362 0.305643 0.807111 
0.485039 0.0331769 0.893913 
0.695728 0.500992 0.528634 
0.0605332 0.323443 0.962518 
0.102762 0.530158 0.881539 
0.523799 0.422562 0.749189 
0.558495 0.849058 0.0927413 
0.83079 0.416698 0.399074 
0.760343 0 0.671893 
0.491692 0.14857 0.886789 
0.737347 0.325426 0.632403 
0.791922 0.650878 0 
0.638559 0.522645 0.607803 
0.945141 0.194295 0.296966 
0.873053 0.0345728 0.495148 
1.00394 0 0.117866 
0.997733 0.0445585 0.118917 
