5.97409e-06 1.05065 
1.0418 0.00223443 
0.9747 0.0614429 
0.722534 0.166224 
0.779292 0.166212 
0.427107 0.357675 
0.925244 0.0614478 
0.877324 0.0890321 
0.405027 0.378492 
0.852893 0.092237 
0.893453 0.0753029 
0.00187335 0.98848 
0.00363512 0.959048 
0.62947 0.225019 
0.990692 0.0332579 
0.535072 0.284885 
0.288858 0.470171 
0.521577 0.295694 
0.38051 0.391817 
0.905703 0.0615362 
0.445995 0.34897 
0.817396 0.124552 
0.301706 0.459615 
0.1548 0.626981 
0.5027 0.298922 
0.161888 0.61093 
0.0899589 0.712954 
0.616728 0.239741 
0.227266 0.538308 
0.811812 0.137973 
0.999558 0.0129361 
0.18698 0.576666 
0.000295941 1.01094 
0.650508 0.220179 
0.588939 0.247834 
0.138974 0.632669 
0.0167879 0.892147 
0.0824893 0.726688 
0.246242 0.516484 
0.353015 0.419885 
0.832637 0.101102 
0.0443959 0.802551 
0.24058 0.529029 
0.792988 0.143288 
0.54603 0.272635 
0.314833 0.451467 
0.0969916 0.697555 
0.701572 0.172134 
0.011967 0.909605 
6.7261e-06 1.02971 
0.0075132 0.940284 
0.039488 0.819005 
0.0204775 0.875953 
0.203413 0.571664 
0.217894 0.549501 
0.559052 0.268142 
0.0740463 0.739149 
0.178572 0.589791 
0.0231552 0.858902 
0.822824 0.103826 
0.665994 0.199951 
0.132522 0.647293 
0.398411 0.386523 
0.029314 0.845955 
0.0496808 0.788224 
0.0680243 0.751106 
0.170527 0.599067 
0.280263 0.484666 
0.0623671 0.765336 
0.343868 0.432154 
0.03494 0.832775 
0.205917 0.556154 
0.788475 0.155407 
1.01112 0.00668891 
0.469825 0.337745 
0.493669 0.311793 
0.601264 0.240006 
0.655133 0.207759 
0.0553655 0.775634 
0.127302 0.659395 
0.475267 0.324417 
0.1055 0.688176 
0.368544 0.402755 
1.02514 0.00224269 
0.457097 0.342496 
0.00849348 0.924095 
0.676569 0.190676 
0.258363 0.505023 
0.118357 0.668678 
0.326234 0.443812 
0.361567 0.408087 
0.111902 0.677095 
0.277558 0.496515 
0.480991 0.313428 
0.690884 0.189909 
0.331714 0.435688 
0.990781 0.0293624 
0.575226 0.256819 
0.700321 0.184263 
0.260813 0.49664 
