1.08686 0.000326803 
9.16272e-05 1.03989 
0.699032 0.173911 
0.728746 0.154648 
0.905631 0.0817382 
0.748969 0.141461 
0.252072 0.507978 
0.0602341 0.767544 
0.772302 0.128874 
0.820873 0.109239 
1.04722 0.000460756 
0.26856 0.494926 
0.0739115 0.749944 
0.858615 0.0845079 
0.0528341 0.782882 
0.934772 0.0814006 
0.0794685 0.736521 
0.79401 0.117132 
0.943093 0.0473188 
0.87745 0.0830727 
0.350204 0.428116 
0.332485 0.431483 
0.616911 0.222271 
0.951877 0.0296577 
0.971412 0.027497 
0.599193 0.232723 
0.167137 0.599388 
0.091808 0.718706 
0.280256 0.484028 
0.00635304 0.948421 
0.239433 0.520465 
0.188642 0.594266 
0.0175887 0.877243 
0.569553 0.258018 
0.557983 0.267948 
0.653992 0.201195 
0.0241949 0.860455 
0.360543 0.41074 
0.0351733 0.831565 
0.41349 0.366463 
0.0162382 0.897089 
1.02163 0.000703608 
0.838183 0.0946275 
0.400322 0.374451 
0.939582 0.0657339 
0.295801 0.475283 
0.107953 0.678285 
0.0499633 0.806307 
0.426334 0.356189 
0.148094 0.621565 
0.541577 0.274623 
0.00232388 0.966042 
0.491152 0.30588 
0.51491 0.289897 
0.5294 0.281962 
0.436615 0.346979 
0.990283 0.0195698 
0.159097 0.612078 
0.450927 0.339116 
0.14112 0.636398 
0.0994816 0.690112 
0.318709 0.445271 
0.376428 0.409947 
0.0433608 0.815493 
0.0277176 0.843677 
0.229669 0.53118 
0.302084 0.463022 
0.00841879 0.926416 
0.507208 0.301525 
0.00088833 1.00322 
0.00140507 0.98466 
1.07537 0.000457381 
0.00017159 1.02206 
0.119937 0.667944 
0.671301 0.194687 
0.642639 0.21063 
0.0120146 0.914901 
0.383113 0.392909 
0.461273 0.330327 
0.218969 0.540277 
0.131611 0.645592 
0.632145 0.217129 
0.0967394 0.707289 
0.481676 0.31795 
0.395082 0.39101 
0.587012 0.252025 
1.00965 0.00731801 
0.312613 0.452102 
0.202937 0.558225 
0.124211 0.656703 
0.692532 0.183596 
0.208916 0.54794 
0.733354 0.147846 
0.784617 0.122783 
0.192977 0.579679 
0.476894 0.327301 
0.67883 0.187934 
0.835007 0.104597 
0.194136 0.567337 
0.590488 0.243442 
