6.53128e-05 1.00086 
0.938442 0.0314139 
0.627889 0.210841 
0.706917 0.161146 
0.784325 0.122899 
0.710972 0.157522 
0.879137 0.0652215 
0.919582 0.0415102 
0.431495 0.343638 
0.837329 0.0857723 
0.85535 0.0753024 
0.16511 0.594754 
0.00659635 0.929245 
0.456183 0.326345 
0.312282 0.442272 
0.472433 0.312864 
0.259535 0.491939 
0.153924 0.608065 
0.272955 0.482734 
0.577335 0.241416 
0.801873 0.110213 
0.0315052 0.823747 
0.176031 0.581648 
0.207979 0.544995 
0.225102 0.526078 
0.323257 0.432151 
0.0367046 0.809036 
0.0744506 0.728909 
0.814552 0.100451 
0.237124 0.514198 
0.0439308 0.796376 
0.59223 0.230791 
0.0272075 0.84069 
0.82478 0.093786 
0.112656 0.668894 
0.41459 0.35717 
0.335128 0.425183 
0.0673051 0.743622 
0.217119 0.534337 
0.567312 0.247067 
0.0810599 0.717696 
0.304181 0.456349 
0.36227 0.401391 
0.403984 0.365857 
0.488976 0.301184 
0.555415 0.255185 
0.183581 0.572714 
0.104568 0.678819 
0.19879 0.556353 
0.871578 0.0712009 
0.350566 0.40803 
0.501022 0.29239 
0.372612 0.394705 
0.00391783 0.950608 
0.0129686 0.889757 
0.0083363 0.909479 
0.0227957 0.853487 
0.0480482 0.781402 
0.344702 0.417473 
0.609818 0.222403 
0.0983651 0.688936 
0.191514 0.56272 
0.380509 0.386238 
0.0644775 0.755297 
0.28005 0.471063 
0.087913 0.706456 
0.424236 0.349287 
0.787362 0.113829 
0.14704 0.618296 
0.118826 0.655985 
0.141245 0.625745 
0.017238 0.872813 
0.457261 0.325886 
0.619286 0.213198 
0.399381 0.377165 
0.249565 0.500908 
0.531134 0.271391 
0.0566295 0.763899 
0.481006 0.306984 
0.134069 0.635228 
0.388023 0.37923 
0.54729 0.261339 
0.0932918 0.699326 
0.508554 0.287397 
0.00315001 0.95955 
0.29328 0.458806 
0.936653 0.0323494 
0.920661 0.0405886 
0.538542 0.266202 
0.600054 0.225763 
0.000627834 0.981482 
0.0541179 0.773622 
0.245004 0.506619 
0.286067 0.465238 
0.129183 0.641891 
0.0187409 0.865421 
0.1242 0.650284 
0.00207537 0.976383 
0.0117115 0.90082 
0.521861 0.278497 
