0.000300533 1.00467 
1.10516 0.00559764 
0.931797 0.101939 
0.795113 0.124593 
1.01668 0.00671422 
1.07561 0.00645028 
0.7603 0.172528 
0.760302 0.138863 
0.979943 0.0325716 
0.718022 0.182383 
0.737086 0.177093 
0.260716 0.493937 
0.697443 0.190073 
0.952568 0.033273 
0.675875 0.191071 
0.774745 0.128173 
0.933339 0.0803005 
0.250792 0.51142 
0.934926 0.059324 
0.391351 0.386363 
0.401099 0.371583 
0.946396 0.0489223 
0.413948 0.36423 
0.654385 0.197037 
0.504043 0.308339 
0.144477 0.62877 
0.98957 0.0122476 
0.0840057 0.735316 
0.20711 0.555993 
0.085161 0.716886 
0.196178 0.566609 
0.164572 0.621129 
0.370388 0.403017 
0.273984 0.484976 
0.0924761 0.701778 
0.427426 0.35345 
0.595089 0.252647 
0.00736318 0.925613 
0.04095 0.811086 
0.123975 0.664513 
0.190214 0.581818 
0.333925 0.429693 
0.358289 0.416398 
0.12949 0.649519 
0.486985 0.310843 
0.589864 0.264698 
0.637902 0.217999 
0.519421 0.298409 
0.623403 0.222991 
0.604686 0.238021 
0.00384319 0.956685 
0.180644 0.591378 
0.0709384 0.745487 
0.644361 0.204371 
0.380256 0.395667 
0.55085 0.28197 
0.0471625 0.794904 
0.34841 0.421714 
0.322904 0.437319 
0.217184 0.544169 
0.436402 0.344382 
0.137585 0.63842 
0.0104098 0.905861 
0.00509124 0.941116 
0.0343906 0.823281 
0.237909 0.518196 
0.475594 0.320908 
0.111222 0.672713 
0.0992704 0.689467 
0.569482 0.267202 
0.0305106 0.835788 
0.283009 0.473734 
0.609489 0.229117 
0.298806 0.459783 
0.559348 0.269878 
0.00127587 0.985415 
0.541171 0.288946 
0.026394 0.848706 
0.46569 0.324904 
0.00158708 0.974392 
0.231955 0.527925 
0.998026 0.00743575 
0.0212331 0.858582 
0.0168323 0.88346 
0.22424 0.536222 
0.0642638 0.753369 
0.171936 0.601224 
0.528133 0.292638 
0.0609319 0.765654 
0.020715 0.87349 
0.290738 0.467754 
0.0138312 0.897183 
0.0594221 0.777962 
0.454204 0.33272 
0.0529352 0.786559 
0.446692 0.335807 
0.315946 0.448747 
1.09305 0.00643454 
0.10538 0.680623 
0.166452 0.607743 
