0.924844 0.0386702 
6.93043e-05 1.00514 
0.91632 0.0539407 
0.839267 0.0852508 
0.703108 0.166605 
0.739978 0.141179 
0.573611 0.244796 
0.608159 0.225128 
0.52547 0.276841 
0.556087 0.254591 
0.781331 0.131122 
0.749579 0.13726 
0.369958 0.397828 
0.351941 0.410391 
0.814504 0.0984056 
0.39094 0.378018 
0.803811 0.105551 
0.0195474 0.862508 
0.37836 0.389597 
0.0686307 0.738569 
0.0022951 0.970292 
0.288918 0.465701 
0.623997 0.211128 
0.172228 0.585757 
0.40029 0.368415 
0.00690857 0.922155 
0.832464 0.0909685 
0.503462 0.292511 
0.209626 0.545666 
0.149116 0.615912 
0.515961 0.282505 
0.688351 0.172589 
0.317741 0.438328 
0.014659 0.881142 
0.0237034 0.84813 
0.638925 0.201786 
0.000377508 0.987164 
0.420558 0.355535 
0.446054 0.332448 
0.125813 0.646526 
0.232403 0.519814 
0.306784 0.448232 
0.298477 0.454468 
0.162172 0.599596 
0.433004 0.345296 
0.242442 0.508968 
0.00279147 0.94886 
0.0623583 0.752651 
0.00974882 0.903164 
0.0453272 0.79244 
0.217445 0.535646 
0.135274 0.633098 
0.098778 0.687458 
0.41163 0.360122 
0.475379 0.310929 
0.787925 0.114358 
0.278032 0.473656 
0.0279928 0.8339 
0.493279 0.297819 
0.45882 0.322743 
0.198764 0.55485 
0.326184 0.430274 
0.0879987 0.70663 
0.335033 0.424476 
0.485076 0.306372 
0.0769075 0.726459 
0.346002 0.419153 
0.141088 0.628047 
0.225038 0.527159 
0.0500022 0.778188 
0.080252 0.718909 
0.039661 0.802021 
0.17984 0.578121 
0.00418659 0.936735 
0.186732 0.56973 
0.104891 0.678382 
0.616041 0.218275 
0.0914257 0.698751 
0.157351 0.606318 
0.264174 0.487803 
0.0364046 0.814452 
0.257298 0.496184 
0.46469 0.319121 
0.646028 0.196884 
0.272438 0.482165 
0.111027 0.669603 
0.249515 0.501869 
0.0317047 0.823403 
0.562034 0.250616 
0.193965 0.561981 
0.677301 0.17823 
0.0122425 0.892939 
0.656493 0.191388 
0.43939 0.339384 
0.0581855 0.76257 
0.12032 0.654407 
0.116465 0.661936 
0.662312 0.187338 
0.67179 0.182499 
0.053633 0.769661 
