0.974337 0.0129857 
0.000309494 0.98621 
0.912692 0.0461374 
0.974156 0.0139414 
0.797267 0.109578 
0.700989 0.164025 
0.843474 0.0829505 
0.688544 0.171606 
0.648279 0.19499 
0.744032 0.139682 
0.637212 0.201918 
0.890383 0.0580866 
0.600042 0.225516 
0.852866 0.0784135 
0.190878 0.57069 
0.203912 0.550785 
0.227829 0.525785 
0.0635279 0.748164 
0.448035 0.332763 
0.341619 0.416222 
0.0567985 0.76374 
0.216495 0.537061 
0.0823787 0.713578 
0.500667 0.295772 
0.00316957 0.959165 
0.557814 0.255653 
0.169149 0.592174 
0.487914 0.302384 
0.0459369 0.785953 
0.0133739 0.896864 
0.372009 0.392007 
0.00745005 0.915854 
0.158622 0.603212 
0.429528 0.350413 
0.437064 0.342465 
0.382898 0.383652 
0.0392518 0.802824 
0.459349 0.323691 
0.352912 0.406781 
0.543641 0.264008 
0.258249 0.492659 
0.477612 0.311745 
0.00402038 0.94008 
0.415161 0.357194 
0.902783 0.0509744 
0.0756386 0.727041 
0.120572 0.654306 
0.305575 0.457828 
0.36218 0.401403 
0.113276 0.664098 
0.0911233 0.70272 
0.288844 0.472664 
0.0701603 0.735594 
0.0276131 0.836496 
0.0511204 0.775743 
0.237584 0.516221 
0.0312938 0.825619 
0.0953954 0.692911 
0.267365 0.483307 
0.391304 0.375168 
0.332674 0.42759 
0.274421 0.476325 
0.0226827 0.850176 
0.12705 0.643687 
0.511939 0.286658 
0.315171 0.449495 
0.291736 0.459973 
0.0376061 0.813689 
0.0143049 0.883951 
0.251656 0.502809 
0.778381 0.118574 
0.528208 0.273321 
0.469482 0.318783 
0.151464 0.611371 
0.56808 0.249352 
0.102011 0.68086 
0.00220918 0.977512 
0.518682 0.282063 
0.574392 0.242173 
0.752005 0.135134 
0.0179843 0.870818 
0.133472 0.635485 
0.400132 0.368416 
0.175701 0.581246 
0.10663 0.674106 
0.145255 0.619938 
0.785055 0.114595 
0.00613876 0.927489 
0.244427 0.509494 
0.139341 0.627234 
0.584978 0.236721 
0.316993 0.437555 
0.207873 0.545658 
0.592168 0.232653 
0.406885 0.362403 
0.765389 0.125548 
0.183484 0.578298 
0.329443 0.436483 
0.0199623 0.860572 
0.535337 0.268421 
