1.31726 0.0213178 
6.01426e-06 0.999361 
1.15404 0.0248919 
1.01081 0.0662442 
1.26562 0.0214832 
0.928441 0.0716134 
0.879742 0.0762217 
0.695245 0.18068 
0.571002 0.266669 
0.732925 0.174107 
1.20738 0.021925 
0.677806 0.205689 
0.744973 0.152457 
0.546056 0.271054 
0.787859 0.116872 
0.528393 0.279612 
1.20549 0.0242434 
0.174485 0.589721 
0.514837 0.291122 
0.644683 0.21107 
0.956725 0.0665661 
0.0287559 0.835055 
0.63333 0.221068 
0.253094 0.509076 
0.26601 0.497608 
0.612026 0.226421 
0.0896281 0.706683 
0.320629 0.450972 
0.135456 0.643239 
0.16611 0.604042 
0.772729 0.130238 
0.330988 0.438155 
0.216462 0.54901 
0.593363 0.256605 
0.187323 0.578219 
0.41537 0.3628 
0.502708 0.30205 
0.00328908 0.94844 
0.12177 0.655146 
0.0354137 0.816157 
0.381591 0.391197 
0.304967 0.45694 
0.277877 0.488524 
0.976094 0.0664225 
0.0829738 0.724069 
0.857892 0.0812168 
0.0500654 0.780206 
0.204513 0.559752 
0.377382 0.403948 
0.0480344 0.795228 
0.000978048 0.97515 
0.140849 0.631228 
0.0689232 0.743496 
0.716744 0.179482 
0.340505 0.428303 
0.812637 0.116462 
0.0165011 0.892689 
0.224009 0.537245 
0.361486 0.411146 
0.112229 0.674318 
0.295742 0.468187 
0.604109 0.238185 
0.405598 0.376049 
0.0106934 0.905353 
0.283809 0.475134 
0.0246891 0.848252 
0.0189886 0.877063 
0.101932 0.688148 
0.460253 0.333191 
0.0206015 0.862447 
0.398119 0.383633 
0.241463 0.518493 
0.34957 0.41741 
0.0575251 0.767107 
0.0629425 0.757082 
0.00546697 0.932421 
0.447648 0.339492 
0.490076 0.309301 
0.230783 0.525256 
0.195922 0.568761 
0.435082 0.346305 
0.429973 0.357544 
0.00698368 0.919241 
0.470408 0.323272 
0.0392626 0.807031 
0.667628 0.205703 
0.0769318 0.732777 
0.752275 0.143802 
0.840216 0.0960625 
0.766335 0.138608 
0.152105 0.620873 
0.481345 0.317931 
0.00196522 0.966066 
0.853537 0.0920517 
0.098286 0.697186 
0.161734 0.618089 
0.596305 0.24858 
0.115614 0.664388 
1.00426 0.0663024 
0.822578 0.108193 
