0.899916 0.0519657 
4.8244e-05 1.00612 
0.678982 0.180348 
0.771874 0.121743 
0.664181 0.185944 
0.59579 0.23011 
0.581491 0.247089 
0.542528 0.264688 
0.867428 0.0691587 
0.811944 0.104178 
0.499656 0.306619 
0.838551 0.0849183 
0.896001 0.0535232 
0.514216 0.285816 
0.001473 0.966913 
0.280256 0.471709 
0.00104369 0.990226 
0.479979 0.30785 
0.270697 0.481912 
0.386946 0.378361 
0.219224 0.533089 
0.0328354 0.821871 
0.858139 0.0767654 
0.0270061 0.8363 
0.532674 0.271172 
0.290902 0.460968 
0.36774 0.396792 
0.00322873 0.949657 
0.326072 0.431029 
0.342102 0.417494 
0.228864 0.522463 
0.0175682 0.867819 
0.0136267 0.884514 
0.400025 0.367887 
0.31525 0.441016 
0.522703 0.28163 
0.123792 0.649761 
0.212718 0.543972 
0.0498749 0.777399 
0.0587026 0.758466 
0.00469082 0.933538 
0.103854 0.678226 
0.299353 0.454767 
0.469435 0.314994 
0.260415 0.49034 
0.587697 0.236595 
0.17174 0.58579 
0.0921786 0.696966 
0.111368 0.66701 
0.0374597 0.808941 
0.203496 0.550082 
0.783031 0.11636 
0.0649109 0.745353 
0.099326 0.686948 
0.436237 0.341707 
0.140535 0.626294 
0.0445131 0.79054 
0.307777 0.446155 
0.334026 0.425015 
0.180093 0.575905 
0.00669387 0.920207 
0.116267 0.659768 
0.147267 0.616681 
0.160051 0.600906 
0.237452 0.516835 
0.153153 0.609438 
0.843621 0.0820876 
0.00874245 0.907363 
0.799518 0.106413 
0.426777 0.348934 
0.0544731 0.767615 
0.35683 0.407256 
0.0117777 0.896868 
0.087508 0.706073 
0.166103 0.593091 
0.791697 0.111266 
0.0229303 0.849536 
0.0825914 0.714379 
0.13022 0.640652 
0.461627 0.320889 
0.243154 0.507691 
0.0780211 0.72304 
0.19656 0.558368 
0.0407307 0.798676 
0.352918 0.409287 
0.41319 0.357592 
0.13475 0.634411 
0.0740228 0.731638 
0.185556 0.56991 
0.442968 0.335001 
0.254046 0.4965 
0.406306 0.363709 
0.374403 0.389012 
0.0217493 0.857759 
0.379094 0.384705 
0.454853 0.326233 
0.0694135 0.738651 
0.191509 0.563665 
0.41964 0.352449 
0.248498 0.502 
