1.03535 0.0153932 
0.000316294 1.00244 
0.741997 0.160136 
0.923083 0.0689609 
0.98092 0.0401233 
0.830771 0.146738 
0.850465 0.136976 
0.859755 0.0861192 
0.658976 0.196869 
0.691924 0.193942 
0.715334 0.160153 
0.3973 0.387567 
0.0151434 0.893105 
0.601501 0.236091 
0.889528 0.0762856 
0.406948 0.374284 
0.450569 0.339501 
0.618024 0.227825 
0.598521 0.251689 
0.0352149 0.824904 
0.00113836 0.979463 
0.530984 0.278602 
0.0397032 0.806264 
0.278991 0.480123 
1.01986 0.0233859 
0.233115 0.525145 
0.0668519 0.750676 
0.325837 0.441042 
0.222216 0.534384 
0.70013 0.169643 
0.902093 0.0708746 
0.434793 0.347047 
0.019005 0.874232 
0.0741873 0.734012 
0.568996 0.25927 
0.517526 0.287506 
0.248624 0.519841 
0.86413 0.0767536 
0.124089 0.65507 
0.0095685 0.908425 
0.115852 0.665552 
0.487803 0.312009 
0.55051 0.267405 
0.415938 0.363879 
0.377749 0.39161 
0.13119 0.642228 
0.988964 0.026105 
0.266352 0.49181 
0.350792 0.414856 
0.15577 0.614015 
0.211855 0.544473 
0.638387 0.213107 
0.648435 0.203563 
0.498622 0.304123 
0.580623 0.257395 
0.315857 0.452448 
0.426118 0.355456 
0.00217684 0.963967 
0.507665 0.295089 
0.361665 0.404777 
0.0449589 0.794249 
0.090328 0.705243 
0.14519 0.62386 
0.628499 0.220506 
0.334421 0.430502 
0.464413 0.333952 
0.0040699 0.947499 
0.0209772 0.859736 
0.108509 0.677864 
0.207715 0.556591 
0.297687 0.466004 
0.0616778 0.761758 
0.0492012 0.780827 
0.162398 0.604075 
1.00268 0.024066 
0.696465 0.181657 
0.287102 0.471659 
0.252548 0.505421 
0.140521 0.633791 
0.184361 0.577945 
0.0293005 0.836855 
0.341767 0.422297 
0.177667 0.587688 
0.0553509 0.771934 
0.173296 0.598519 
0.305342 0.45681 
0.0261432 0.84755 
0.0971217 0.693123 
0.540652 0.269399 
0.477985 0.321928 
0.00688 0.923053 
0.084543 0.715566 
0.833278 0.145654 
0.372257 0.400722 
0.196603 0.562277 
0.0833985 0.727581 
0.189621 0.56775 
0.00608387 0.934103 
0.260164 0.498948 
0.102464 0.686116 
