8.51975e-06 1.02163 
1.08263 8.64882e-05 
0.898753 0.0925943 
0.927156 0.0699267 
0.720292 0.175891 
0.465699 0.334983 
0.867074 0.09417 
0.812762 0.131024 
0.448303 0.344931 
0.536022 0.284761 
0.480702 0.321813 
0.513461 0.289314 
0.660501 0.219489 
0.347267 0.424022 
1.00138 0.019251 
0.558168 0.281869 
0.30284 0.461836 
0.192518 0.575304 
0.000678243 0.980839 
0.786256 0.131934 
0.253356 0.5092 
0.837382 0.130082 
0.94607 0.0340315 
0.837753 0.108687 
0.565836 0.265114 
0.267455 0.500583 
0.988788 0.0331656 
0.104119 0.691393 
0.736315 0.162217 
0.360282 0.409517 
0.215636 0.555257 
0.0509163 0.794741 
0.00993105 0.931492 
0.145086 0.63246 
0.610774 0.235123 
0.858809 0.105811 
0.0934384 0.704786 
0.435285 0.356149 
0.765677 0.152837 
0.200829 0.560541 
0.182599 0.590203 
1.33172e-05 1.00604 
0.0412719 0.810842 
0.386938 0.39748 
0.0114746 0.909714 
0.505088 0.30415 
0.315219 0.449687 
0.96978 0.0332017 
0.636306 0.222665 
0.223319 0.538568 
0.0330475 0.839119 
0.111245 0.677957 
0.499118 0.316984 
0.244836 0.525286 
0.664401 0.200752 
0.780577 0.147464 
1.00795 0.00320061 
0.171427 0.596983 
0.0612158 0.765301 
0.0681267 0.753586 
0.671363 0.189307 
0.396779 0.386128 
0.161085 0.609776 
0.0539253 0.779962 
0.137448 0.646436 
0.00265096 0.961699 
0.334007 0.433075 
0.120228 0.665796 
0.937957 0.0487168 
0.0774523 0.740881 
0.578877 0.257171 
0.688414 0.176625 
0.152947 0.618805 
0.375387 0.407217 
0.741939 0.152883 
0.00580846 0.946692 
0.0257401 0.853139 
0.628149 0.230041 
0.0140643 0.894134 
0.293302 0.475926 
0.0379543 0.823804 
0.0205487 0.88176 
0.274175 0.484835 
0.12999 0.657221 
0.0868332 0.717196 
0.596707 0.24259 
0.324627 0.441217 
0.228465 0.526355 
0.0223148 0.865964 
0.410481 0.380376 
0.422689 0.362857 
1.05197 0.000313142 
0.0811145 0.727703 
0.591059 0.250878 
0.933702 0.0606441 
1.06757 9.12214e-05 
0.419328 0.37409 
0.686689 0.182071 
0.286699 0.483119 
1.02638 0.00273084 
