1.00116 0.0238539 
0.000196367 1.00167 
0.836658 0.112606 
0.927452 0.10362 
0.698283 0.208176 
0.650914 0.208452 
0.722816 0.184559 
0.764071 0.155173 
0.733656 0.167637 
0.561523 0.279344 
0.0374228 0.821117 
0.121001 0.657654 
0.575583 0.265347 
0.93116 0.0491241 
0.613835 0.22836 
0.544516 0.283927 
0.0705391 0.750196 
0.265573 0.500275 
0.0787107 0.731033 
0.598992 0.239058 
0.362481 0.416755 
0.220711 0.544931 
0.00137238 0.970036 
0.379682 0.392644 
0.786264 0.121298 
0.276668 0.48457 
0.00352651 0.951038 
0.372354 0.404592 
0.0280306 0.836898 
0.237287 0.524077 
0.4305 0.352665 
0.168173 0.59999 
0.944816 0.0401644 
0.133534 0.643558 
0.211564 0.558875 
0.814771 0.115308 
0.442695 0.346312 
0.34855 0.424196 
0.525021 0.288545 
0.39276 0.383024 
0.051885 0.780743 
0.225913 0.530708 
0.50522 0.303319 
0.95649 0.0346185 
0.775291 0.133298 
0.632171 0.211145 
0.928342 0.069273 
0.191348 0.571452 
0.496042 0.311799 
0.00506795 0.932706 
0.0953055 0.698304 
0.300813 0.462507 
0.482308 0.316772 
0.92756 0.0816278 
0.622519 0.216853 
0.342378 0.435861 
0.0432613 0.805621 
0.245949 0.510318 
0.981487 0.0244886 
0.158332 0.610831 
0.968649 0.0267807 
0.326083 0.437256 
0.317057 0.445673 
0.471907 0.323557 
0.519892 0.298111 
0.451847 0.334535 
0.101498 0.685538 
0.420117 0.364095 
0.801307 0.117245 
0.0453675 0.793976 
0.401503 0.375766 
0.0889861 0.708857 
0.766102 0.137804 
0.000822289 0.990343 
0.308392 0.454482 
0.200283 0.56416 
0.0820146 0.718376 
0.182424 0.582556 
0.0595825 0.770764 
0.115134 0.671592 
0.586695 0.244788 
0.581677 0.253719 
0.178587 0.590958 
0.0245263 0.84889 
0.0642882 0.760925 
0.0208937 0.861268 
0.28795 0.469913 
0.460986 0.330071 
0.144647 0.626615 
0.415853 0.37234 
0.00756997 0.919436 
0.0176013 0.873263 
0.255354 0.506999 
0.15011 0.616932 
0.00973636 0.907572 
0.1387 0.635704 
0.0122657 0.895236 
0.731708 0.178654 
0.107724 0.676399 
0.0142993 0.884463 
