1.08769 0.0119092 
5.06555e-06 1.00087 
0.782302 0.161401 
0.811523 0.125744 
0.874127 0.0978535 
0.838699 0.113394 
0.746467 0.161527 
0.971124 0.0229886 
0.909204 0.0580567 
0.413747 0.369801 
1.03593 0.01195 
0.523502 0.29493 
1.06445 0.0119296 
0.997274 0.0121513 
0.933654 0.0546936 
0.702027 0.178053 
0.400058 0.383508 
0.691928 0.194445 
0.428261 0.358941 
0.0689826 0.75566 
0.166572 0.603855 
0.0750783 0.73698 
0.0354187 0.820598 
0.284929 0.477667 
0.558159 0.263175 
0.00415113 0.949338 
0.533868 0.277689 
0.597023 0.241003 
0.480297 0.329031 
0.643186 0.20738 
0.0191525 0.867555 
0.892792 0.0678915 
0.0284609 0.838428 
0.00655618 0.927024 
0.297269 0.466553 
0.467136 0.337571 
0.176414 0.588545 
0.273817 0.488675 
0.227248 0.536728 
0.155475 0.613059 
0.265416 0.499277 
0.384764 0.388774 
0.217798 0.548097 
0.372161 0.396491 
0.570425 0.251277 
0.612074 0.230999 
0.234539 0.523991 
0.0837281 0.725595 
0.0263123 0.852906 
0.661064 0.200992 
0.0162317 0.885973 
0.088081 0.711209 
0.129049 0.644671 
0.629566 0.214726 
0.149048 0.627099 
0.48989 0.315583 
0.938836 0.0391664 
0.447146 0.35622 
0.825626 0.116198 
0.732954 0.170063 
0.455515 0.346511 
0.000488429 0.980512 
0.543027 0.269618 
0.308588 0.459034 
0.717614 0.172345 
0.509426 0.303633 
0.139043 0.63551 
0.121712 0.657261 
0.102778 0.691042 
1.01054 0.0120129 
0.361606 0.405964 
0.671206 0.195271 
0.111755 0.678146 
0.00178771 0.965794 
0.578458 0.243407 
0.334226 0.430274 
0.250443 0.506261 
0.0112926 0.897963 
0.352226 0.413317 
0.325719 0.440991 
0.316691 0.44796 
0.0948598 0.698179 
0.00884362 0.913114 
0.342538 0.422269 
0.0611473 0.768213 
0.0398097 0.805278 
0.190917 0.572114 
0.247283 0.516803 
0.615746 0.21987 
0.882439 0.0834251 
0.203912 0.553849 
0.201828 0.564029 
0.0521644 0.787291 
0.116439 0.668891 
0.496538 0.306407 
0.18543 0.581396 
0.0460913 0.797728 
0.956455 0.0283633 
0.0537729 0.774646 
0.949689 0.0318947 
