0.000450366 1.00013 
1.05711 0.00379507 
0.838814 0.0889705 
0.989895 0.0183676 
0.754828 0.160019 
0.689613 0.181839 
0.827796 0.0971314 
0.789012 0.11652 
0.642014 0.215783 
1.01835 0.0038559 
0.15157 0.625986 
0.0106668 0.90624 
0.00715325 0.925189 
0.655126 0.203416 
0.394746 0.385533 
0.138304 0.634991 
0.76365 0.145208 
0.023598 0.851267 
0.618899 0.221943 
0.559046 0.265183 
0.17606 0.587816 
0.677209 0.187457 
0.381219 0.393987 
0.09363 0.699581 
0.158368 0.60835 
0.235716 0.519577 
0.121962 0.655032 
0.167165 0.602713 
0.115534 0.668978 
0.660168 0.19235 
0.345302 0.419815 
0.296552 0.463453 
0.33584 0.432613 
0.781549 0.125855 
0.771679 0.13648 
0.0278335 0.835242 
0.0195574 0.866713 
0.0736661 0.734679 
0.0867862 0.712542 
0.0460474 0.788805 
0.129674 0.644871 
0.430718 0.351036 
0.524249 0.28407 
0.308453 0.453829 
0.247507 0.510084 
0.0797741 0.722188 
0.42417 0.364669 
0.101872 0.688787 
0.203742 0.55567 
0.032229 0.823447 
0.00237753 0.970768 
0.0542817 0.775223 
0.405109 0.376115 
0.229413 0.530832 
0.370679 0.40099 
0.0379192 0.81066 
0.547455 0.275576 
0.606711 0.236532 
0.109251 0.680077 
0.324564 0.436666 
0.212742 0.54357 
0.316616 0.447069 
0.00549883 0.94196 
0.0033049 0.953626 
0.287641 0.470625 
0.278357 0.477976 
0.263928 0.494579 
0.49668 0.30079 
0.013331 0.888478 
0.00191186 0.986373 
0.2547 0.502644 
0.537901 0.278532 
0.271715 0.487262 
0.993852 0.00780878 
0.0605889 0.76847 
0.490455 0.312453 
0.0418603 0.799038 
0.58222 0.258643 
0.41607 0.371614 
0.190642 0.57242 
0.0664391 0.745447 
0.182858 0.578888 
0.199666 0.565435 
0.512946 0.290336 
0.0642312 0.754937 
0.219951 0.538521 
0.572452 0.260497 
0.438481 0.34281 
0.363567 0.410982 
0.0160332 0.880042 
0.596434 0.253669 
0.45416 0.33132 
0.475162 0.324093 
1.00809 0.00540301 
0.462218 0.325135 
0.600696 0.248438 
0.44612 0.337434 
0.61308 0.227295 
0.483841 0.318322 
0.354182 0.413376 
