0.253241 0.749327 
0.236322 0.765583 
0.164658 0.838195 
0.219212 0.782092 
0.227979 0.773902 
0.120335 0.881725 
0.286057 0.717077 
0.426599 0.581937 
0.210794 0.790944 
0.129858 0.872844 
0.409321 0.597625 
0.418303 0.588898 
0.201518 0.79967 
0.111996 0.89004 
0.278018 0.725578 
0.304477 0.697927 
0.0947275 0.906572 
0.464491 0.546792 
0.95361 0.066647 
0.367904 0.636986 
0.244545 0.757357 
0.1928 0.807745 
0.102201 0.898465 
0.444226 0.564479 
0.350677 0.653399 
0.139199 0.864992 
0.943612 0.0689616 
0.376454 0.628955 
0.57563 0.438103 
0.53187 0.477292 
0.400384 0.60555 
0.0845319 0.916712 
0.3336 0.669923 
0.541029 0.471238 
0.453393 0.554516 
0.564432 0.443479 
0.548579 0.461967 
0.618645 0.401667 
0.55714 0.454835 
0.359552 0.646153 
0.505074 0.507751 
0.832969 0.181102 
0.487712 0.524435 
0.832399 0.187989 
0.392082 0.61266 
0.261417 0.740632 
0.601682 0.412254 
0.14802 0.856204 
0.610953 0.40922 
0.269805 0.733514 
0.0357883 0.967522 
0.471611 0.539066 
0.157268 0.847852 
0.314609 0.688454 
0.592096 0.418788 
0.342852 0.660595 
0.434675 0.572348 
0.64291 0.38603 
0.708783 0.35578 
0.325348 0.679627 
0.66484 0.370746 
0.384735 0.621798 
0.652299 0.37723 
0.635827 0.395268 
0.0274407 0.975172 
0.80119 0.217941 
0.497168 0.517048 
0.68487 0.356086 
0.67821 0.360312 
0.29602 0.70809 
0.932259 0.0778874 
0.0782307 0.924962 
0.515029 0.499402 
0.521408 0.486892 
0.0473042 0.958653 
0.714145 0.355706 
0.851896 0.173154 
0.479654 0.532164 
0.998689 0.0331359 
0.922144 0.0833114 
0.818967 0.19703 
0.583752 0.427651 
0.97409 0.0657314 
0.804778 0.201744 
0.17439 0.828669 
0.920152 0.113068 
0.79924 0.234939 
0.856992 0.172762 
0.0578471 0.948207 
0.920616 0.0995834 
0.733342 0.348361 
0.0178644 0.983739 
0.182342 0.818063 
0.0026918 1.0011 
2.8297e-07 1.00925 
0.0113405 0.992908 
0.0681192 0.935955 
1.00864 2.46498e-07 
1.00035 0.0106434 
0.0716349 0.931963 
