0.256803 0.745395 
0.0595081 0.941599 
0.0678236 0.933869 
0.796281 0.220642 
0.411863 0.597289 
0.189493 0.813073 
0.0429445 0.960029 
0.160446 0.841982 
0.180955 0.821808 
0.198847 0.803563 
0.266484 0.73692 
0.429262 0.581029 
0.0509872 0.951034 
0.294818 0.708705 
0.451699 0.562132 
0.303734 0.698988 
0.420142 0.590246 
0.170631 0.831859 
0.500232 0.513542 
0.151814 0.850678 
0.508472 0.505427 
0.22903 0.771866 
0.142217 0.858351 
0.23922 0.765707 
0.0858725 0.915018 
0.0254191 0.976346 
0.376071 0.629339 
0.0352428 0.970759 
0.283648 0.718079 
0.366627 0.636923 
0.555563 0.458251 
0.4005 0.603631 
0.544175 0.467696 
0.922548 0.0842591 
0.130431 0.879514 
0.592718 0.421629 
0.609281 0.42144 
0.481877 0.535477 
0.0777444 0.925791 
0.136739 0.868088 
0.641181 0.398749 
0.487933 0.522236 
0.662066 0.392025 
0.585358 0.431052 
0.518734 0.49635 
0.623071 0.401388 
0.620185 0.413141 
0.119491 0.887218 
0.648651 0.396785 
0.72122 0.378296 
0.527312 0.486289 
0.385805 0.6218 
0.248128 0.755884 
0.469248 0.543452 
0.210164 0.793927 
0.318973 0.683145 
0.461942 0.552899 
0.273944 0.727311 
0.392109 0.614955 
0.785917 0.294458 
0.785918 0.270688 
0.934077 0.081276 
0.785413 0.298203 
0.339852 0.664154 
0.3483 0.655329 
0.360999 0.6487 
0.312356 0.693518 
0.803692 0.209312 
1.0113 0.000117437 
0.0987325 0.906516 
0.109277 0.897773 
0.33155 0.675455 
0.782132 0.332628 
0.947795 0.080063 
0.561032 0.450576 
0.0119054 1.00076 
0.0212173 0.988941 
0.536489 0.478034 
0.667168 0.387686 
0.807169 0.197921 
0.999971 0.00896828 
0.994665 0.0765742 
0.743652 0.367571 
0.577983 0.445572 
0.221088 0.783439 
0.788624 0.258238 
0.781932 0.360716 
0.442583 0.571464 
0.914796 0.0972111 
0.995092 0.0233137 
0.700511 0.38517 
0.785171 0.322064 
1.05278 7.07486e-05 
1.67549e-07 1.01264 
0.781885 0.360761 
0.994953 0.0529336 
1.02165 7.24207e-05 
0.81996 0.19708 
0.78986 0.222331 
0.00125192 1.00279 
