0.170909 0.835246 
0.161402 0.841769 
0.435896 0.576199 
0.360537 0.645652 
0.369922 0.637643 
0.14621 0.858778 
0.206198 0.795124 
0.0877116 0.918975 
0.397946 0.612412 
0.291238 0.712583 
0.507103 0.51386 
0.136795 0.866433 
0.378659 0.627325 
0.234239 0.768901 
0.218024 0.788368 
0.456205 0.560354 
0.783016 0.227015 
0.152929 0.852124 
0.782192 0.238663 
0.911661 0.10735 
0.0952979 0.907932 
0.406306 0.602376 
0.227186 0.778871 
0.418607 0.595739 
0.325302 0.680049 
0.200957 0.807069 
0.527039 0.496302 
0.245967 0.762977 
0.176558 0.824903 
0.30117 0.706064 
0.446247 0.56861 
0.310446 0.697076 
0.336151 0.673014 
0.283014 0.723364 
0.0105663 0.993434 
0.0212914 0.985944 
0.0656402 0.936376 
0.496656 0.522163 
0.768737 0.252268 
0.555171 0.472424 
0.000821644 1.00166 
0.768381 0.25544 
0.684105 0.355874 
0.593399 0.422919 
0.534449 0.489053 
0.583166 0.439177 
0.639894 0.369956 
0.62979 0.385828 
0.647873 0.366659 
0.616951 0.415607 
0.0791092 0.931206 
0.686176 0.347921 
0.477236 0.54596 
0.481736 0.539813 
0.464356 0.549827 
0.612972 0.419698 
0.588605 0.426858 
0.707093 0.335229 
0.271376 0.731395 
0.706775 0.336346 
0.31893 0.691778 
0.793643 0.216898 
0.807302 0.21494 
0.573167 0.448487 
0.749614 0.267745 
0.99998 0.015231 
0.916905 0.0913352 
0.344477 0.663067 
0.425093 0.584806 
0.253495 0.753373 
0.261845 0.741392 
0.516291 0.504641 
0.713076 0.310806 
0.543883 0.479272 
0.627815 0.405483 
0.670852 0.362563 
0.71441 0.310493 
0.933331 0.0875049 
0.0402958 0.963753 
0.820012 0.21414 
0.746261 0.275724 
0.188321 0.816182 
0.35343 0.654487 
0.952986 0.0874791 
0.0571378 0.946724 
0.0499516 0.95813 
0.125783 0.877117 
0.960721 0.0874791 
0.834725 0.214136 
0.0315984 0.975045 
0.116043 0.887903 
0.487472 0.532566 
0.568719 0.4627 
0.389156 0.620897 
6.58599e-07 1.01127 
1.00122 0.000801193 
0.903257 0.112951 
0.991588 0.0245161 
0.105395 0.896618 
0.260229 0.747119 
