0.859574 0.142158 
0.555896 0.461631 
0.143329 0.859222 
0.855991 0.153776 
0.65397 0.368765 
0.0873592 0.913961 
0.0793769 0.923336 
0.255342 0.751894 
0.1357 0.866371 
0.0333459 0.967566 
0.128492 0.873505 
0.278659 0.728195 
0.120609 0.882777 
0.26282 0.744364 
0.493706 0.519748 
0.961412 0.044651 
0.095264 0.906516 
0.023467 0.977462 
0.0424954 0.959652 
0.00884785 0.992681 
0.484265 0.528907 
0.511925 0.501224 
0.388746 0.61875 
0.286476 0.71983 
0.595693 0.419504 
0.614758 0.396963 
0.0696989 0.932577 
0.959276 0.0571009 
0.22018 0.781879 
0.444896 0.5637 
0.381257 0.627847 
0.400144 0.612921 
0.953111 0.0724805 
0.695225 0.324182 
0.454241 0.554339 
0.429057 0.57853 
0.269559 0.73726 
0.406893 0.601747 
0.23791 0.76531 
0.529515 0.487519 
0.504998 0.513531 
0.586892 0.427432 
0.344774 0.660763 
0.415656 0.592433 
0.245549 0.759242 
0.640184 0.377583 
0.625032 0.389178 
0.172523 0.832583 
0.703969 0.314918 
0.11076 0.890304 
0.365611 0.643466 
0.517892 0.492444 
0.564337 0.452719 
0.105129 0.901046 
0.637589 0.38876 
0.661872 0.362006 
0.578274 0.435849 
0.951778 0.0851578 
0.567635 0.445247 
0.199034 0.801918 
0.373101 0.633899 
0.690955 0.33271 
0.474141 0.536687 
0.854617 0.170565 
0.465124 0.545054 
0.356 0.653186 
0.0167869 0.988545 
0.0517876 0.95073 
0.226103 0.776031 
0.296152 0.710437 
0.209457 0.791788 
0.717005 0.314039 
0.0621991 0.942708 
0.327557 0.681652 
0.546219 0.465519 
0.179972 0.821829 
0.675359 0.337245 
0.305343 0.699988 
0.85222 0.184009 
0.163421 0.840466 
0.851285 0.19787 
0.609514 0.410038 
0.00134242 1.00231 
0.537402 0.475449 
0.424008 0.5866 
0.87356 0.140562 
0.316832 0.690854 
0.191461 0.8158 
0.730257 0.313972 
0.667682 0.350298 
0.335458 0.670236 
0.851171 0.213953 
0.951596 0.105761 
1.29536e-06 1.0122 
0.971141 0.043149 
0.741179 0.313961 
0.892755 0.140562 
0.209432 0.792666 
0.156657 0.852513 
0.435546 0.570827 
