0.029495 0.974473 
0.020792 0.9842 
0.0372484 0.965921 
0.954592 0.0571879 
0.238663 0.764468 
0.221424 0.785728 
0.0965968 0.90458 
0.172005 0.832317 
0.071922 0.929579 
0.255572 0.747098 
0.0801932 0.920611 
0.11214 0.888476 
0.105321 0.89691 
0.318202 0.687073 
0.667908 0.351651 
0.20997 0.791621 
0.478672 0.539928 
0.0879329 0.912528 
0.633949 0.373364 
0.16407 0.84175 
0.625773 0.383032 
0.154477 0.846908 
0.527929 0.496654 
0.662793 0.365403 
0.487164 0.535365 
0.345405 0.660225 
0.460926 0.558638 
0.363523 0.644289 
0.062451 0.938575 
0.850153 0.158285 
0.865994 0.152402 
0.337842 0.670521 
0.328627 0.679296 
0.122388 0.878738 
0.227804 0.773164 
0.648138 0.369119 
0.468877 0.550726 
0.875905 0.149357 
0.699988 0.328664 
0.0119508 0.992573 
0.246633 0.758366 
0.542022 0.478228 
0.683253 0.330818 
0.67889 0.342236 
0.404316 0.607484 
0.518532 0.503918 
0.309058 0.696331 
0.581975 0.441582 
0.589533 0.425775 
0.504307 0.521608 
0.0535906 0.949963 
0.371853 0.634844 
0.356565 0.653594 
9.30856e-05 1.00059 
0.846137 0.169688 
0.843835 0.18951 
0.963052 0.0462352 
0.395257 0.618168 
0.617757 0.395192 
0.495566 0.529732 
0.452508 0.569526 
0.537116 0.490566 
0.60812 0.406081 
0.570815 0.444978 
0.563986 0.466172 
0.568843 0.456137 
0.949579 0.0713644 
0.513816 0.514525 
0.188819 0.811605 
0.383332 0.624663 
0.265528 0.745894 
0.269986 0.73292 
0.143297 0.857585 
0.181013 0.820931 
0.417136 0.596325 
0.132629 0.868764 
0.426686 0.586502 
0.440246 0.579103 
0.946926 0.0889999 
0.045432 0.958 
0.199951 0.801678 
0.730948 0.308475 
0.30185 0.701858 
0.606287 0.420063 
0.772588 0.304889 
0.946921 0.114017 
0.719777 0.327178 
0.292238 0.712611 
0.895408 0.149283 
0.280486 0.722256 
0.792279 0.304848 
0.550988 0.473302 
0.973478 0.0431797 
0.843829 0.191366 
0.761066 0.307854 
0.724081 0.32523 
1.23989e-06 1.01475 
0.792279 0.304848 
0.946918 0.12932 
0.280672 0.722184 
