0.546627 0.464739 
0.0506095 0.957031 
0.530647 0.481076 
0.379151 0.624753 
0.311176 0.693617 
0.0410376 0.963702 
0.024265 0.98107 
0.0315976 0.974481 
0.11234 0.89177 
0.241433 0.762743 
0.249845 0.755244 
0.123196 0.882714 
0.0943314 0.910513 
0.159903 0.845829 
0.130988 0.872878 
0.539521 0.473946 
0.176746 0.828666 
0.491361 0.518631 
0.140242 0.865217 
0.0605745 0.947466 
0.555589 0.4568 
0.320142 0.685665 
0.0759139 0.929025 
0.195741 0.812221 
0.340428 0.668948 
0.482013 0.528498 
0.520753 0.489514 
0.390188 0.619757 
0.328768 0.676085 
0.258821 0.746439 
0.278924 0.73075 
0.589854 0.420662 
0.269158 0.737522 
0.358539 0.647678 
0.23579 0.772512 
0.425367 0.58468 
0.397546 0.610783 
0.202319 0.800461 
0.404603 0.600997 
0.167949 0.837963 
0.303312 0.701556 
0.149597 0.854896 
0.293485 0.70886 
0.103331 0.901692 
0.97475 0.0521744 
0.0851492 0.919615 
0.643705 0.380582 
0.974748 0.0668246 
0.0677474 0.936448 
0.603192 0.413875 
0.446404 0.56437 
0.880791 0.14133 
0.223873 0.780236 
0.213908 0.791329 
0.974748 0.0830107 
0.435481 0.576235 
0.614547 0.403474 
0.369185 0.637261 
0.346509 0.656691 
0.627214 0.392676 
0.886218 0.122572 
0.500028 0.510894 
0.458543 0.555812 
0.679918 0.354325 
0.908737 0.11438 
0.509062 0.49837 
0.888803 0.115305 
0.416619 0.591238 
0.929898 0.114328 
0.716377 0.318608 
0.676822 0.354975 
0.0126482 0.991071 
0.974748 0.0981126 
0.697428 0.345413 
0.472568 0.537981 
0.285745 0.720253 
0.660521 0.366733 
0.465946 0.547436 
0.568678 0.44501 
0.660521 0.37684 
0.878572 0.158987 
0.978267 0.0330823 
0.57931 0.433319 
0.87841 0.211614 
0.7104 0.340082 
0.733821 0.271553 
0.186873 0.821781 
0.878385 0.217184 
0.878428 0.179172 
0.717758 0.302372 
0.741081 0.266362 
1.02543 0.0255196 
0.991746 0.0255404 
1.02073 0.0255299 
1.1525e-07 1.04717 
0.779461 0.266325 
0.937569 0.114169 
1.21575e-07 1.01975 
0.00321042 1.00186 
0.000736385 1.00778 
