0.134915 0.868432 
0.14347 0.859947 
0.34789 0.65747 
0.179024 0.824199 
0.356929 0.64752 
0.338928 0.666731 
0.304227 0.699236 
0.151063 0.851124 
0.080299 0.920963 
0.432959 0.571663 
0.295838 0.707169 
0.286692 0.715878 
0.125484 0.875947 
0.160608 0.842168 
0.0901819 0.911259 
0.235986 0.765604 
0.245553 0.75647 
0.196633 0.806665 
0.171136 0.832881 
0.0736997 0.927971 
0.108133 0.892941 
0.454947 0.551787 
0.505855 0.506196 
0.00751251 0.99389 
0.681854 0.335649 
0.685936 0.324376 
0.205387 0.79535 
0.496229 0.515492 
0.681075 0.352165 
0.314925 0.691815 
0.522144 0.489973 
0.365951 0.638236 
0.85596 0.172956 
0.534342 0.47968 
0.375388 0.629057 
0.031806 0.970106 
0.589039 0.427466 
0.328766 0.673919 
0.101032 0.902644 
0.544192 0.470802 
0.487685 0.525527 
0.603039 0.41559 
0.38414 0.620336 
0.658385 0.369571 
0.515224 0.498477 
0.697983 0.313028 
0.278289 0.724632 
0.117491 0.885437 
0.426201 0.582809 
0.0630517 0.939428 
0.615225 0.405466 
0.963818 0.0470903 
0.628598 0.386537 
0.186997 0.814067 
0.415336 0.589656 
0.855519 0.185677 
0.263521 0.742447 
0.563811 0.457103 
0.25478 0.74695 
0.59785 0.424392 
0.551534 0.46186 
0.624623 0.395801 
0.0519334 0.950342 
0.017233 0.984399 
0.647074 0.37703 
0.3966 0.610968 
0.325497 0.681644 
0.0241426 0.979084 
0.974469 0.0405921 
0.405382 0.599732 
0.959454 0.063926 
0.271683 0.734665 
0.0630517 0.943856 
0.465576 0.541973 
0.713102 0.31125 
0.222269 0.779175 
0.21533 0.787926 
0.234177 0.771793 
0.863321 0.164627 
0.889611 0.133843 
0.393428 0.615428 
0.449712 0.558644 
0.58373 0.433141 
0.0412618 0.961208 
0.88203 0.134402 
0.867587 0.136466 
0.726266 0.310983 
0.954377 0.081746 
0.666098 0.357728 
0.0960067 0.907444 
0.441051 0.5643 
0.855512 0.19891 
0.568558 0.443304 
0.317392 0.68991 
0.476785 0.532172 
0.474245 0.534784 
1.21989e-07 1.01965 
0.979546 0.0388034 
0.954469 0.0723363 
9.42995e-05 1.00228 
