0.383018 0.626478 
0.988386 0.0295326 
0.165216 0.841504 
0.155904 0.851523 
0.280174 0.724462 
0.338591 0.666985 
0.261784 0.744497 
0.212546 0.791818 
0.909626 0.103532 
0.357126 0.650898 
0.922352 0.100172 
0.994238 0.0203654 
0.0809151 0.920238 
0.0639476 0.93812 
0.223113 0.784871 
0.232143 0.774389 
0.398417 0.607998 
0.291103 0.716204 
0.481949 0.528085 
0.488119 0.520135 
0.686232 0.352171 
0.053979 0.94822 
0.759028 0.268131 
0.510635 0.506396 
0.69565 0.347669 
0.174142 0.833082 
0.472084 0.539274 
0.7834 0.235269 
0.34906 0.660035 
0.18434 0.821232 
0.775583 0.238715 
0.529071 0.488234 
0.0338044 0.968191 
0.462907 0.55063 
0.982507 0.0415371 
0.322027 0.685393 
0.599648 0.417479 
0.902575 0.11225 
0.563156 0.446956 
0.629256 0.396227 
0.299291 0.706852 
0.707701 0.331506 
0.435609 0.575477 
0.453998 0.559095 
0.201278 0.80241 
0.576894 0.435999 
0.707471 0.342218 
0.7576 0.281737 
0.586345 0.429493 
0.550428 0.465563 
0.416177 0.593613 
0.374589 0.630181 
0.366919 0.638756 
0.1238 0.878382 
0.725046 0.312111 
0.558866 0.456085 
0.144966 0.859886 
0.329714 0.676875 
0.134384 0.869473 
0.982357 0.0503676 
0.673044 0.357954 
0.673044 0.372717 
0.802542 0.233747 
0.194989 0.815144 
0.897212 0.129603 
0.498433 0.513556 
0.426139 0.581365 
0.724842 0.315841 
0.518418 0.494755 
0.982355 0.0768785 
0.240326 0.761088 
0.253088 0.756211 
0.113676 0.88829 
0.762801 0.249297 
0.64045 0.384427 
0.655043 0.379113 
0.102621 0.898849 
0.408229 0.601559 
0.0436284 0.958314 
0.0920365 0.909877 
0.897212 0.143366 
0.614312 0.409536 
0.938262 0.0980453 
0.312344 0.697316 
0.897203 0.169783 
0.825638 0.233693 
0.539855 0.474465 
0.270602 0.73552 
0.0743353 0.929649 
1.0135 0.0143441 
0.0117076 0.991447 
0.897203 0.175113 
0.948206 0.0980427 
0.747938 0.297717 
0.0234708 0.978987 
1.03268 0.014314 
3.32496e-07 1.01103 
0.00346419 1.00139 
0.389025 0.617971 
0.444735 0.56754 
