0.0499621 0.953673 
0.305258 0.699869 
0.497065 0.510505 
0.312667 0.690548 
0.263144 0.741835 
0.398962 0.609843 
0.461449 0.545595 
0.940764 0.0658544 
0.576049 0.426788 
0.321565 0.684256 
0.0573187 0.944934 
0.335268 0.667505 
0.515288 0.494824 
0.0652158 0.936414 
0.0980971 0.904458 
0.236118 0.766551 
0.363159 0.641047 
0.378859 0.624707 
0.574996 0.43868 
0.253724 0.749079 
0.389008 0.61804 
0.694172 0.347876 
0.61462 0.395952 
0.278928 0.722746 
0.707352 0.347443 
0.743848 0.347306 
0.226928 0.774797 
0.34554 0.659702 
0.680112 0.35229 
0.724809 0.347442 
0.505921 0.502391 
0.547393 0.457125 
0.434939 0.57379 
0.472938 0.538028 
0.560164 0.450322 
0.425682 0.582391 
0.406475 0.599915 
0.488989 0.519762 
0.354909 0.650651 
0.218407 0.783928 
0.329105 0.675985 
0.590771 0.419831 
0.937692 0.0775946 
0.141856 0.860271 
0.246113 0.759899 
0.523479 0.485642 
0.645474 0.38202 
0.834772 0.168797 
0.0740106 0.928921 
0.568016 0.444786 
0.125626 0.877465 
0.133637 0.867968 
0.418144 0.592949 
0.608131 0.408002 
0.529868 0.477057 
0.657609 0.366073 
0.540468 0.468706 
0.4529 0.554998 
0.148066 0.854656 
0.44414 0.563892 
0.603467 0.419198 
0.482046 0.529357 
0.172145 0.831297 
0.198851 0.801889 
0.166158 0.838734 
0.157337 0.847464 
0.106164 0.89609 
0.374631 0.635079 
0.208855 0.792976 
0.664963 0.361305 
0.298369 0.707404 
0.0125178 0.98911 
0.826017 0.201054 
0.00663391 0.995837 
0.654551 0.377381 
0.181061 0.821072 
0.0811532 0.92161 
0.0898956 0.911446 
0.937533 0.0959228 
0.270632 0.732351 
0.286351 0.714811 
0.937357 0.115336 
0.937307 0.122905 
0.0425277 0.960301 
0.191324 0.812191 
0.824731 0.219717 
0.115162 0.886156 
0.0239312 0.981759 
0.0344211 0.97425 
0.0347683 0.970485 
0.829101 0.182626 
0.85029 0.167548 
0.824731 0.221154 
0.747124 0.337401 
0.630563 0.387481 
3.75123e-07 1.0063 
0.955276 0.0602829 
0.937304 0.138332 
0.824703 0.240833 
0.618048 0.395609 
