0.610678 0.403183 
0.385592 0.61968 
0.295847 0.707594 
0.151636 0.850721 
0.312811 0.69168 
0.279691 0.722343 
0.839249 0.172502 
0.572901 0.437615 
0.167303 0.833363 
0.504297 0.501768 
0.844332 0.161861 
0.234709 0.767511 
0.288087 0.715253 
0.555691 0.454835 
0.0207225 0.984289 
0.620942 0.395067 
0.225905 0.775301 
0.0112721 0.990621 
0.420672 0.585056 
0.393051 0.609959 
0.580765 0.430774 
0.562594 0.444696 
0.0274711 0.975612 
0.1409 0.859646 
0.939318 0.0705622 
0.495472 0.51021 
0.303723 0.699689 
0.445547 0.559647 
0.176561 0.826128 
0.377365 0.630277 
0.243602 0.758975 
0.51396 0.492493 
0.132656 0.868553 
0.0921892 0.90922 
0.589381 0.418887 
0.262863 0.739209 
0.0355232 0.967008 
0.83228 0.184853 
0.464438 0.541987 
0.272013 0.732203 
0.545275 0.461659 
0.15966 0.842191 
0.18566 0.815958 
0.933881 0.0808219 
0.933401 0.0946876 
0.320766 0.682597 
0.864332 0.161861 
0.472679 0.535329 
0.0540197 0.948208 
0.455454 0.552536 
0.0438809 0.957142 
0.337995 0.669491 
0.330088 0.677632 
0.415583 0.59389 
0.437388 0.56707 
0.890342 0.153959 
0.676841 0.341246 
0.101668 0.898812 
0.480077 0.526708 
0.405428 0.600865 
0.253062 0.748153 
0.111664 0.888887 
0.121814 0.878475 
0.0594633 0.940821 
0.695156 0.33837 
0.488714 0.51866 
0.524375 0.483348 
0.705834 0.336281 
0.360119 0.649327 
0.350444 0.660975 
0.818129 0.19221 
0.367501 0.639761 
0.603927 0.415082 
0.204582 0.7967 
0.535479 0.472549 
0.630024 0.386306 
0.0723271 0.934778 
0.216049 0.78691 
5.14067e-05 1.00085 
0.802154 0.221823 
0.933072 0.116954 
0.663975 0.34784 
0.94646 0.0605672 
0.19645 0.806642 
0.0820851 0.922699 
0.724814 0.32952 
0.660879 0.366261 
0.63978 0.371872 
0.800514 0.24455 
0.87018 0.157365 
0.90502 0.153838 
0.798601 0.313753 
0.958142 0.0461181 
0.80277 0.20204 
0.978753 0.0460626 
0.766612 0.324278 
0.743189 0.324549 
7.80301e-08 1.01057 
0.933072 0.121016 
0.42952 0.573009 
