0.897111 0.108443 
0.758899 0.247698 
0.894215 0.123563 
0.746356 0.282886 
0.773048 0.242986 
0.737975 0.291105 
0.994355 0.0174944 
1.00894 0.0174497 
0.392297 0.620249 
0.21208 0.79215 
0.407567 0.603177 
0.372761 0.636347 
0.699185 0.339159 
0.149014 0.854554 
0.399631 0.611583 
0.0411709 0.961636 
0.708177 0.337401 
0.106312 0.896311 
0.0965391 0.906219 
0.473559 0.541164 
0.600894 0.418195 
0.517714 0.497623 
0.977158 0.0466677 
0.595415 0.426474 
0.975906 0.0611033 
0.887824 0.135427 
0.25196 0.754889 
0.0319065 0.971737 
0.0236162 0.982082 
0.362434 0.647724 
0.0582027 0.945531 
0.0858213 0.916313 
0.791554 0.24117 
0.2732 0.735811 
0.456108 0.561216 
0.0763779 0.926124 
0.545214 0.473244 
0.536036 0.481099 
0.908429 0.10423 
0.238831 0.76321 
0.624696 0.399786 
0.0106409 0.991895 
0.0663991 0.935727 
0.665575 0.376484 
0.431939 0.577987 
0.158958 0.842859 
0.665951 0.357949 
0.142134 0.866351 
0.588884 0.437323 
0.887704 0.148596 
0.283624 0.72607 
0.329779 0.677119 
0.887699 0.165951 
0.221436 0.785772 
0.259894 0.743944 
0.612389 0.409925 
0.80545 0.236053 
0.336187 0.667432 
0.415653 0.594928 
0.480987 0.530279 
0.97583 0.0784424 
0.678503 0.347273 
0.291896 0.711976 
0.444762 0.568288 
0.232477 0.77292 
0.171368 0.834377 
0.317856 0.687342 
0.19403 0.812564 
0.30446 0.707185 
0.308124 0.696093 
0.203157 0.802852 
0.463236 0.550055 
0.048853 0.953115 
0.64007 0.397199 
0.497689 0.523169 
0.656762 0.382216 
0.506494 0.508386 
0.128711 0.873962 
0.577289 0.444973 
0.379087 0.627606 
0.553639 0.468354 
1.03045 0.0157617 
0.985783 0.0322752 
0.426482 0.588079 
0.752382 0.265197 
0.351513 0.659204 
0.93462 0.102639 
0.00468811 0.998817 
0.11706 0.884791 
0.182978 0.823462 
0.887654 0.18875 
0.753112 0.265197 
0.732341 0.307674 
0.560492 0.455841 
1.04222 0.0151173 
6.24125e-07 1.01038 
0.827898 0.235913 
0.975822 0.102196 
0.717488 0.322144 
0.527262 0.491474 
