1.22753 0.208212 
0.296132 1.06308 
0.523829 1.06295 
0.829351 0.459384 
1.19146 0.220034 
0.701631 0.800388 
0.789054 0.500285 
0.702296 0.798973 
0.816137 0.46204 
0.809672 0.463746 
0.824038 0.459769 
1.20835 0.212022 
1.211 0.210848 
0.789062 0.496316 
0.789225 0.493208 
1.22003 0.208752 
0.809173 0.464527 
0.791959 0.482919 
0.789643 0.491715 
0.789177 0.496187 
0.7944 0.478684 
0.80711 0.465459 
0.800032 0.472243 
0.791371 0.484317 
1.21752 0.209042 
0.795152 0.477679 
1.19891 0.215268 
1.20017 0.214618 
0.79088 0.486436 
0.803758 0.469113 
1.21606 0.209725 
0.820506 0.460654 
1.22369 0.208319 
0.790143 0.488138 
0.818492 0.461781 
0.789826 0.489494 
1.19671 0.216322 
1.19469 0.217971 
0.793651 0.479511 
0.817172 0.461851 
1.21269 0.210289 
1.19549 0.216939 
0.805922 0.466258 
0.800626 0.471212 
1.22519 0.208229 
0.790422 0.487321 
1.19272 0.218999 
1.22269 0.208506 
1.21533 0.209849 
1.19242 0.219663 
0.793425 0.480266 
0.80227 0.469682 
1.19343 0.218327 
1.21153 0.210718 
0.797529 0.474684 
0.796608 0.476017 
0.805143 0.467016 
1.21741 0.209164 
0.79295 0.481014 
0.798008 0.474214 
1.21386 0.209937 
0.8225 0.459963 
0.795697 0.476863 
0.799633 0.473181 
0.791491 0.484146 
0.802663 0.469233 
0.804021 0.467881 
0.798764 0.473808 
0.789613 0.492577 
1.20107 0.214566 
1.20407 0.213535 
1.20647 0.212633 
0.796952 0.475345 
1.19595 0.216784 
0.819744 0.461563 
0.806776 0.465993 
0.789932 0.489431 
0.823172 0.459815 
1.1977 0.215846 
1.20277 0.213782 
0.821665 0.460407 
1.22127 0.208728 
1.22157 0.20862 
0.801417 0.471179 
1.19396 0.218025 
0.80168 0.470463 
1.19834 0.215655 
0.805297 0.466979 
0.80402 0.467884 
1.21332 0.209984 
0.799052 0.473295 
0.819659 0.461581 
1.22659 0.208212 
1.20559 0.213061 
0.79556 0.477021 
1.20533 0.21312 
0.821371 0.460476 
0.790815 0.486486 
1.22605 0.208216 
0.792517 0.481713 
