0.394164 0.811557 
0.296304 1.06132 
0.31668 0.811575 
0.296306 0.917081 
0.296341 0.901565 
0.296436 0.843301 
0.31407 0.811612 
0.29632 0.909307 
0.30714 0.813124 
0.311699 0.811841 
0.296312 0.910278 
0.297167 0.836795 
0.29753 0.830333 
0.297219 0.833335 
0.309006 0.813033 
0.298324 0.828733 
0.303083 0.815027 
0.296927 0.84034 
0.301179 0.818466 
0.305821 0.813408 
0.302321 0.815824 
0.299577 0.820307 
0.304925 0.81376 
0.298502 0.827199 
0.300501 0.819421 
0.2994 0.822041 
0.310479 0.812143 
0.298734 0.825911 
0.304338 0.814387 
0.309877 0.812849 
0.296686 0.842571 
0.298899 0.82462 
0.304018 0.814871 
0.305702 0.813714 
0.299001 0.822404 
0.301949 0.816382 
0.31088 0.811856 
0.30959 0.812984 
0.301587 0.817836 
0.300325 0.820244 
0.296689 0.841005 
0.301777 0.817004 
0.298819 0.824838 
0.299034 0.82237 
0.301684 0.817647 
0.304071 0.814711 
0.300373 0.82024 
0.310835 0.812077 
0.296748 0.840534 
0.296723 0.840724 
0.296745 0.840534 
0.296308 1.25825 
0.460086 0.811586 
0.369969 0.811613 
0.296327 1.1574 
0.29633 0.916148 
0.31648 0.81162 
0.296439 0.911862 
0.29646 0.845069 
0.314225 0.811832 
0.311795 0.811854 
0.297193 0.83826 
0.30594 0.81349 
0.307793 0.813378 
0.297308 0.833468 
0.296834 0.841192 
0.298329 0.82952 
0.309893 0.813037 
0.300377 0.820337 
0.30125 0.818795 
0.299723 0.821493 
0.298754 0.827662 
0.305069 0.813994 
0.300934 0.820009 
0.310968 0.81215 
0.296682 0.844115 
0.310479 0.81217 
0.315169 0.811828 
0.301816 0.817663 
0.308671 0.813291 
0.309026 0.813059 
0.299446 0.822275 
0.298111 0.831063 
0.297535 0.832303 
0.298893 0.825875 
0.299103 0.824142 
0.304915 0.814654 
0.303362 0.815114 
0.297685 0.831218 
0.299106 0.82334 
0.304233 0.81476 
0.304036 0.815008 
0.315603 0.811809 
0.302911 0.816249 
0.302588 0.816715 
0.316145 0.811786 
0.303341 0.816084 
0.298813 0.826588 
0.30219 0.816952 
0.302145 0.817513 
