1.29867 0.210422 
0.774043 0.812548 
1.29852 0.210545 
0.774043 0.52985 
0.774043 0.529855 
1.29853 0.210532 
1.29854 0.210494 
1.29853 0.21054 
1.29857 0.210457 
1.2986 0.210443 
1.29864 0.210428 
1.29858 0.21045 
1.29859 0.210443 
1.29862 0.210433 
1.29861 0.210435 
1.29855 0.210483 
1.29865 0.210424 
1.29863 0.210428 
1.29856 0.210465 
1.29863 0.210432 
1.2986 0.210437 
1.29858 0.210455 
1.29854 0.21049 
1.29866 0.210422 
1.29861 0.210437 
1.29866 0.210422 
1.29855 0.210475 
1.29856 0.210475 
1.29855 0.210485 
1.29856 0.210473 
1.29855 0.210484 
1.29856 0.210465 
1.29859 0.210443 
1.29864 0.210425 
1.29856 0.210473 
1.29853 0.210533 
1.29857 0.210455 
1.29858 0.21045 
1.29853 0.210532 
1.29864 0.210425 
1.29857 0.210456 
1.29856 0.210475 
1.29855 0.210484 
1.29858 0.21045 
1.29857 0.210456 
1.29853 0.210533 
1.29857 0.210456 
1.29853 0.210532 
0.774043 0.529861 
1.2987 0.210422 
0.774043 0.52985 
1.29852 0.210552 
1.29853 0.210532 
1.29854 0.210494 
1.29869 0.210422 
1.29853 0.21054 
1.29866 0.210422 
1.29863 0.210436 
1.2986 0.210444 
1.29852 0.210552 
1.29857 0.210457 
1.29856 0.210475 
1.29865 0.210424 
1.2986 0.210443 
1.29856 0.210465 
1.29853 0.210533 
1.29858 0.210455 
1.29856 0.210483 
1.29855 0.210493 
1.29856 0.210475 
1.29855 0.210485 
1.29862 0.210437 
1.29861 0.210439 
1.29863 0.210429 
1.29864 0.210425 
1.29864 0.210428 
1.29858 0.21045 
1.29863 0.210428 
1.29866 0.210423 
1.29859 0.21045 
1.29857 0.210456 
1.29856 0.210465 
1.29861 0.210437 
1.29853 0.210533 
1.29864 0.210425 
1.29857 0.210457 
1.29855 0.210485 
1.29858 0.21045 
1.29855 0.210485 
1.29855 0.210493 
1.29856 0.210475 
1.29864 0.210425 
1.29861 0.210437 
1.29857 0.210456 
1.29861 0.210438 
1.29855 0.210484 
1.29856 0.210484 
1.29861 0.210437 
1.29853 0.210533 
1.29856 0.210484 
