0.282664 1.0493 
1.11808 0.308848 
0.283265 0.872315 
1.11771 0.309429 
0.282665 0.872893 
0.283252 0.872396 
0.282673 0.872885 
1.11786 0.308848 
1.11774 0.309238 
1.11784 0.308881 
1.11781 0.308973 
1.11776 0.30915 
1.11773 0.309342 
1.11778 0.309056 
0.283265 0.872315 
1.11774 0.30922 
1.11775 0.309183 
1.11772 0.309387 
1.11771 0.309417 
1.1178 0.308991 
1.11786 0.308849 
1.11784 0.308863 
1.11779 0.309033 
1.11779 0.309011 
1.11774 0.30922 
1.11781 0.308977 
1.11784 0.308879 
1.11772 0.309349 
1.11772 0.309366 
1.11776 0.309159 
1.11784 0.308863 
1.11776 0.309173 
1.11772 0.309377 
1.11771 0.309417 
1.11776 0.309156 
1.11778 0.309053 
1.11779 0.309042 
1.11779 0.309037 
1.11772 0.309342 
1.11772 0.309375 
1.11779 0.309046 
1.11772 0.309367 
1.11772 0.309348 
1.11779 0.309033 
1.11775 0.309179 
1.11781 0.308975 
1.11779 0.309046 
1.11775 0.309174 
0.282665 0.87289 
0.282671 0.872887 
0.282667 0.872888 
1.11775 0.309182 
0.282667 0.872888 
1.1178 0.30901 
1.11775 0.309179 
1.1178 0.30901 
1.11786 0.308849 
0.282665 0.872891 
1.11775 0.309174 
1.11772 0.309375 
0.282672 0.872885 
1.11786 0.308848 
0.282672 0.872887 
1.1178 0.309009 
1.1178 0.309009 
1.11772 0.309348 
1.1178 0.309001 
1.11786 0.308848 
0.282672 0.872887 
0.282665 1.0493 
1.26599 0.308848 
0.283265 0.872315 
1.11771 0.309432 
0.282665 0.872897 
1.15292 0.308848 
1.11866 0.308848 
0.283252 0.872521 
1.11865 0.308848 
1.11787 0.308848 
0.282687 0.872885 
0.282687 0.872885 
1.11773 0.309343 
1.11781 0.308973 
0.283255 0.872411 
1.11778 0.309061 
1.11776 0.309156 
1.11784 0.308883 
1.11774 0.309241 
0.283257 0.8724 
1.11775 0.30922 
1.11772 0.309388 
1.11775 0.30918 
1.11772 0.309366 
1.1178 0.309011 
1.11779 0.309034 
1.11786 0.308851 
0.282665 0.872892 
1.11775 0.309174 
1.11774 0.309238 
1.1178 0.308991 
