0.410288 1.41904 
2.46416 0.326487 
1.11171 0.62036 
0.716008 1.05218 
1.81464 0.32651 
0.410434 1.19743 
1.11224 0.480693 
1.11229 0.340294 
1.4961 0.326731 
1.33224 0.326745 
0.61978 1.05285 
0.410468 1.11176 
1.64431 0.326659 
0.489737 1.05292 
1.26711 0.326752 
1.59554 0.326705 
1.13804 0.326816 
0.415595 1.05387 
0.410477 1.07937 
0.411639 1.06328 
0.412188 1.0567 
1.13504 0.326854 
1.11632 0.327617 
1.1134 0.336115 
1.12569 0.327067 
0.411074 1.07392 
1.11343 0.332003 
0.411166 1.07047 
1.1252 0.327432 
0.411545 1.06787 
1.11251 0.337763 
0.411066 1.07621 
0.410808 1.07776 
1.11419 0.328035 
0.413819 1.05523 
0.411228 1.06837 
0.414475 1.05504 
1.11396 0.329744 
1.11359 0.330512 
1.11367 0.329983 
1.97426 0.326548 
0.410308 1.6266 
1.11223 0.770055 
1.06407 1.05369 
0.410471 1.19318 
1.11227 0.481762 
0.729134 1.05394 
1.33183 0.3268 
0.642882 1.05414 
1.5745 0.326742 
1.81561 0.3267 
0.415847 1.05505 
1.25771 0.327013 
1.663 0.326706 
1.11272 0.340196 
1.13579 0.327077 
0.410505 1.11728 
1.91546 0.3267 
1.62102 0.326724 
1.91621 0.326649 
0.410519 1.09692 
0.411966 1.07065 
0.412201 1.05758 
0.410706 1.08794 
0.411006 1.08239 
1.11726 0.327858 
1.11361 0.33691 
1.12724 0.327822 
1.11368 0.330752 
1.1319 0.327188 
0.411183 1.0783 
0.411597 1.07444 
0.414811 1.05656 
1.12769 0.327287 
1.11342 0.33993 
1.11419 0.329406 
1.11638 0.328461 
0.411446 1.0768 
0.415349 1.05574 
0.411486 1.07494 
0.411456 1.07627 
1.11572 0.328885 
1.11492 0.329069 
0.415681 1.05505 
1.12727 0.327753 
1.11534 0.329055 
0.410308 1.64339 
3.48631 0.32658 
2.21685 0.326584 
3.36632 0.326582 
1.11226 0.885364 
0.761075 1.05415 
1.65497 0.32675 
0.41051 1.39545 
0.410598 1.32579 
0.410624 1.11935 
1.39146 0.326872 
1.1128 0.400238 
0.642912 1.05428 
1.13161 0.328554 
