0.2249 2.23846 
1.35048 0.104571 
0.510574 0.564008 
0.500223 0.566507 
0.279232 0.672661 
0.688849 0.385085 
0.225351 2.23649 
0.225429 1.22349 
0.225353 1.72361 
0.225355 1.64421 
1.28894 0.104572 
0.279129 0.978314 
0.279129 0.777365 
1.18467 0.104574 
0.226664 1.05408 
0.279129 0.978314 
0.22543 1.13124 
0.933877 0.250646 
0.834295 0.318077 
0.911155 0.318076 
1.03184 0.109028 
1.00556 0.236148 
1.09851 0.109017 
1.02215 0.109919 
1.01 0.212359 
1.09984 0.108937 
1.15895 0.105819 
0.784787 0.363656 
0.821238 0.326007 
0.226664 1.05408 
0.225355 1.64421 
0.225353 1.72361 
0.691919 0.379932 
0.918508 0.255155 
0.732208 0.379876 
0.279129 0.777331 
0.279225 0.705333 
0.911162 0.318047 
1.31767 0.104571 
1.29453 0.104572 
1.32684 0.104571 
0.784787 0.364839 
0.761881 0.364967 
0.732209 0.37913 
0.749986 0.378136 
0.752075 0.371021 
0.279225 0.705333 
0.279232 0.672661 
1.00999 0.21321 
1.00567 0.234242 
1.17307 0.104825 
1.16021 0.10578 
0.924916 0.251933 
0.761881 0.364967 
0.500223 0.566224 
1.17452 0.104723 
1.18413 0.104574 
1.02537 0.109082 
1.32684 0.104571 
0.822831 0.318889 
0.831607 0.318505 
0.932215 0.251521 
1.00556 0.236148 
0.911162 0.318047 
0.918535 0.251937 
0.750185 0.377976 
0.821476 0.324342 
0.691919 0.381163 
0.822749 0.318889 
0.688881 0.382866 
1.02268 0.109919 
0.918508 0.252866 
0.932769 0.251202 
1.15962 0.105818 
0.918508 0.255147 
0.68888 0.384969 
1.00567 0.234242 
0.688881 0.382866 
0.833215 0.318082 
0.225351 2.23846 
0.833043 0.318086 
0.821475 0.325416 
0.83219 0.318099 
0.932769 0.251202 
0.784787 0.363656 
0.821471 0.326007 
1.18413 0.104574 
0.831623 0.31812 
0.732208 0.379876 
0.83219 0.318099 
0.831865 0.318119 
0.831865 0.318119 
0.821238 0.326007 
0.831623 0.318504 
0.833215 0.318086 
0.500223 0.566224 
0.68885 0.385085 
0.68888 0.384969 
0.691919 0.379932 
0.279129 0.777365 
