1.63465 0.0973238 
0.203145 0.888009 
0.475328 0.439317 
0.309412 0.583556 
1.09187 0.0976267 
0.869573 0.207266 
0.683495 0.303795 
1.39756 0.0973474 
1.6206 0.0973346 
1.39756 0.0973474 
0.203146 0.780537 
0.999552 0.097635 
0.204599 0.620551 
0.501991 0.394135 
0.20329 0.727239 
0.537118 0.304252 
0.203146 0.78053 
0.536289 0.354033 
0.880463 0.0979547 
0.308759 0.583595 
0.217256 0.583982 
0.969703 0.0978949 
0.547423 0.303884 
0.629775 0.303883 
0.20442 0.662199 
0.873549 0.138935 
0.536019 0.357483 
0.203315 0.713206 
0.869588 0.196133 
0.875955 0.100302 
0.204061 0.666793 
0.203359 0.694163 
0.870143 0.174576 
0.207168 0.59965 
0.203899 0.687941 
0.536019 0.357483 
0.875656 0.121279 
0.475328 0.435081 
0.498899 0.400433 
0.872095 0.15625 
0.875646 0.121378 
0.660341 0.303809 
0.475329 0.41918 
0.97161 0.0976404 
0.475465 0.401263 
0.636335 0.303867 
0.20329 0.727121 
0.871856 0.156955 
0.871769 0.168845 
0.869582 0.207162 
0.208443 0.586451 
0.208209 0.594121 
0.475342 0.414423 
0.207767 0.594821 
0.683488 0.303795 
0.672465 0.303795 
0.871308 0.170484 
0.499035 0.394841 
0.207168 0.59965 
0.475454 0.402328 
0.878354 0.0985369 
0.475329 0.419178 
0.870904 0.174453 
0.668804 0.303796 
1.62903 0.0973346 
0.203442 0.68987 
0.475328 0.439017 
0.475445 0.408744 
0.475448 0.406257 
0.475342 0.41294 
0.543793 0.30417 
0.21234 0.586271 
0.536228 0.354883 
0.634851 0.303867 
1.62903 0.0973346 
0.630683 0.303878 
0.475342 0.410633 
0.212695 0.583983 
0.21725 0.583982 
0.204066 0.664466 
0.475448 0.406257 
0.212695 0.584003 
0.210207 0.586271 
0.204066 0.664497 
0.543795 0.304161 
0.203631 0.688055 
0.672465 0.303795 
0.668804 0.303796 
0.547423 0.303884 
0.475373 0.410364 
0.203442 0.68987 
0.871769 0.168845 
0.971574 0.0976632 
0.500077 0.394135 
0.500062 0.39428 
0.499036 0.394737 
0.501991 0.394135 
0.537118 0.304252 
0.629775 0.303883 
0.30929 0.583573 
