1.58559 0.221145 
0.127929 1.00179 
1.02386 0.221148 
1.58082 0.221145 
0.463587 0.575116 
0.548238 0.386953 
0.754222 0.384125 
0.463586 0.685418 
0.463587 0.684113 
0.127929 0.96891 
0.463587 0.482826 
0.296851 0.706875 
0.127929 0.897286 
0.840132 0.266774 
0.897582 0.230791 
0.127962 0.866831 
0.754244 0.295475 
0.754241 0.353212 
0.128005 0.814875 
0.128461 0.79802 
0.152266 0.768669 
0.954936 0.221289 
0.127929 1.00178 
0.248792 0.707031 
0.754237 0.363681 
0.155265 0.746722 
0.463587 0.455865 
0.463587 0.481872 
0.296807 0.706946 
0.47206 0.396656 
0.468969 0.416686 
0.161036 0.736755 
0.155246 0.768048 
0.127931 0.888633 
0.953276 0.221297 
0.913475 0.221304 
0.190721 0.715658 
0.296851 0.706875 
0.795062 0.280544 
0.754223 0.383033 
0.463587 0.455841 
0.463588 0.435802 
0.474636 0.395253 
0.777776 0.293607 
0.526175 0.391445 
0.186468 0.731576 
0.505109 0.394609 
0.186474 0.731574 
0.21931 0.711135 
0.817756 0.269025 
0.236196 0.707251 
0.127932 0.874082 
0.754251 0.295049 
0.838923 0.266806 
0.464949 0.426657 
0.158259 0.740053 
0.510308 0.391704 
0.128066 0.805254 
0.780857 0.290214 
0.780857 0.290214 
0.898876 0.222129 
0.54305 0.390311 
0.754237 0.353215 
0.201133 0.713883 
0.463588 0.435794 
0.465501 0.423408 
0.128007 0.813095 
0.81127 0.270097 
0.897582 0.230791 
0.127929 0.897286 
0.466987 0.418077 
0.802094 0.277703 
0.899742 0.221342 
0.128066 0.800925 
0.912633 0.221304 
0.807161 0.275116 
0.211098 0.711162 
0.127932 0.8739 
0.240359 0.707031 
0.799567 0.279746 
0.543373 0.390171 
0.507901 0.394609 
0.806936 0.275158 
0.20447 0.712741 
0.206098 0.711339 
0.814234 0.269288 
0.190721 0.715658 
1.58082 0.221145 
0.463586 0.685418 
0.754222 0.384087 
0.463587 0.481881 
0.954881 0.221289 
0.839907 0.266795 
0.127932 0.874082 
0.954936 0.221289 
0.840039 0.266788 
0.840076 0.266779 
0.754222 0.384095 
0.754222 0.384114 
0.754222 0.384122 
