1.96338 0.0010393 
1.36773e-05 1.11817 
0.329426 0.483077 
0.316095 0.657512 
0.734661 0.321725 
1.77548 0.0010393 
0.567986 0.356704 
0.734661 0.26507 
1.36893 0.0010393 
1.5156 0.0010393 
0.999038 0.0987297 
0.130642 0.696251 
0.931334 0.122854 
0.093934 0.731865 
0.058925 0.908481 
0.734661 0.210494 
0.418024 0.405795 
0.08442 0.834681 
0.084633 0.783386 
0.0397312 0.929105 
0.0737759 0.879014 
0.0844235 0.82585 
0.017797 0.966453 
0.027015 0.947359 
1.02001 0.0227799 
0.0848294 0.767982 
0.422119 0.368624 
0.272255 0.657512 
1.65407 0.0010393 
1.00452 0.0383623 
0.0050098 0.986074 
0.734662 0.17852 
0.0939003 0.74004 
0.760593 0.136937 
0.875138 0.131096 
1.20271 0.00104002 
0.367817 0.433774 
0.838784 0.131105 
0.409701 0.424224 
0.0635539 0.879233 
1.36792e-05 1.08467 
0.999332 0.0617066 
1.03537 0.00681007 
0.99915 0.0934211 
0.00457131 1.00334 
0.000675348 1.02077 
1.71528 0.0010393 
0.898246 0.123882 
0.210336 0.657512 
0.000578506 1.03699 
1.71689 0.0010393 
0.338717 0.439387 
1.36773e-05 1.10517 
0.388628 0.427791 
0.131404 0.657534 
1.11724 0.00104003 
0.734661 0.202125 
0.000571489 1.05557 
0.329427 0.467515 
0.44458 0.356755 
1.61123e-05 1.06766 
1.24885 0.00103934 
0.15512 0.657517 
1.15537 0.00104003 
0.740442 0.15186 
1.32307 0.0010393 
1.09717 0.00168326 
1.07807 0.00667031 
0.131003 0.676991 
1.54998 0.0010393 
0.786451 0.136905 
1.58848 0.0010393 
1.00406 0.0587005 
1.22637 0.00103935 
0.734782 0.15968 
0.293745 0.657512 
1.62819 0.0010393 
0.422889 0.36056 
1.05766 0.00680359 
1.28613 0.00103932 
0.815754 0.136898 
0.182017 0.657516 
1.1528 0.00104003 
0.551684 0.356704 
1.27797 0.00103932 
1.31975 0.00103931 
0.923342 0.122915 
0.468113 0.356708 
1.56263 0.0010393 
0.807362 0.136898 
0.5307 0.356704 
0.193507 0.657515 
0.330262 0.452645 
0.477521 0.356707 
0.504772 0.356704 
0.495724 0.356704 
0.522987 0.356704 
1.63228 0.0010393 
1.58156 0.0010393 
0.130646 0.68522 
