1.59376 0.0472412 
0.144423 1.51944 
0.416396 0.490969 
0.555366 0.321592 
1.49846 0.0472412 
1.26425 0.0472412 
0.144579 1.35921 
1.1414 0.0472414 
0.834016 0.253668 
0.144872 1.266 
0.919356 0.17993 
0.145946 0.932018 
0.816802 0.253668 
0.655823 0.253668 
0.145946 0.770603 
1.00293 0.0472414 
1.23411 0.0472414 
0.144881 1.1299 
0.145941 0.952173 
0.145589 1.04228 
0.259653 0.617466 
0.154851 0.643502 
0.235084 0.642257 
0.144873 1.18388 
0.145072 1.0592 
0.151087 0.68959 
0.14488 1.18157 
0.259653 0.567683 
0.153247 0.650431 
0.241935 0.642239 
0.922708 0.124229 
0.927766 0.0677689 
0.603426 0.253668 
0.927477 0.0938881 
0.146079 0.73768 
0.147188 0.705807 
0.624773 0.253668 
0.145946 0.768943 
0.555366 0.299492 
0.145946 0.739174 
1.26367 0.0472412 
0.259653 0.523011 
0.388073 0.490969 
0.920496 0.134796 
0.41262 0.490969 
0.270015 0.505926 
0.261725 0.509944 
0.285273 0.505797 
0.91941 0.150081 
0.927478 0.0932552 
0.370549 0.490969 
0.927825 0.0520015 
0.583905 0.253668 
0.939375 0.0491129 
0.635639 0.253668 
0.957999 0.048036 
0.295604 0.505026 
0.358366 0.490969 
0.556865 0.267601 
0.259653 0.537386 
0.555417 0.278929 
0.328786 0.490988 
0.555366 0.31956 
0.971811 0.0473258 
0.300466 0.497271 
0.91941 0.160407 
0.555366 0.288374 
0.649247 0.253668 
0.986233 0.047316 
0.147188 0.705807 
0.145946 0.938556 
0.259653 0.545481 
0.341714 0.490971 
0.91936 0.170707 
0.561479 0.262503 
0.259653 0.557387 
0.383856 0.490969 
0.31981 0.490992 
0.81794 0.253668 
0.145257 1.04647 
0.311352 0.490993 
0.308672 0.497017 
0.569972 0.255116 
0.348265 0.490969 
0.564182 0.255921 
0.578628 0.253669 
0.962532 0.0477975 
0.9831 0.0473257 
0.934687 0.0494106 
0.259653 0.56374 
0.655814 0.253668 
0.145951 0.73813 
0.144433 1.50116 
1.55238 0.0472412 
1.59426 0.0472412 
0.144579 1.53633 
1.14136 0.0801868 
0.655823 0.253668 
0.145946 0.981918 
0.145946 0.801454 
