0.0455112 1.19297 
1.65207 0.0101882 
0.0455112 1.03214 
1.42073 0.0101882 
1.60449 0.0101882 
1.27439 0.0101882 
0.0455112 1.02307 
0.0455112 0.90937 
0.860591 0.152611 
0.984972 0.132916 
0.288304 0.727916 
0.383078 0.713925 
1.38601 0.0101882 
1.15181 0.0101882 
0.592161 0.375365 
0.660771 0.333242 
0.383078 0.529325 
0.0455112 0.860437 
0.660771 0.374428 
0.0814438 0.740989 
1.10663 0.0101882 
0.0801089 0.790343 
0.642115 0.375365 
1.2053 0.0101882 
0.383078 0.618803 
0.0801092 0.767857 
0.0465949 0.830252 
0.0455112 0.905915 
0.538266 0.375365 
0.485608 0.375365 
0.383078 0.57581 
0.984972 0.0985327 
0.100063 0.727961 
0.660771 0.211009 
0.383078 0.57581 
0.660771 0.269673 
0.985053 0.051545 
0.383181 0.389578 
0.383078 0.666469 
0.383078 0.648525 
0.809611 0.152611 
0.162655 0.727917 
0.54996 0.375365 
0.383078 0.689178 
1.20525 0.0101882 
1.07875 0.0101882 
0.383078 0.503606 
0.265811 0.727916 
0.6666 0.194508 
0.396382 0.378392 
0.853707 0.152611 
0.985055 0.0335189 
0.660771 0.2457 
0.383078 0.475823 
1.00664 0.0169261 
0.984972 0.0747214 
0.685459 0.190758 
0.660771 0.23329 
0.7084 0.190518 
0.984972 0.132703 
0.0613698 0.807387 
0.754722 0.152611 
1.63454 0.0101882 
0.784102 0.152611 
0.383116 0.40942 
0.990521 0.0183799 
0.721086 0.182351 
1.02887 0.0103936 
0.0455113 0.845305 
0.383078 0.422457 
0.0613775 0.807387 
0.660771 0.312075 
0.235935 0.727916 
0.383078 0.440361 
0.383078 0.626558 
0.417619 0.376573 
0.721151 0.167901 
0.721534 0.154363 
0.124338 0.727917 
1.0532 0.0101882 
0.178345 0.727916 
0.383078 0.452245 
0.73878 0.152611 
0.383078 0.514814 
1.38745 0.0101882 
0.383078 0.706088 
0.984972 0.0864059 
0.383078 0.467251 
0.199909 0.727916 
0.660771 0.302445 
0.443143 0.375365 
0.43187 0.375377 
0.224743 0.727916 
0.799564 0.152611 
0.660771 0.287217 
0.209692 0.727916 
1.04077 0.0101887 
0.12433 0.727919 
0.475038 0.375365 
0.460524 0.375365 
