0.0786168 1.40451 
1.27143 0.0332847 
0.0786168 1.11668 
0.0786168 1.05179 
0.0786168 1.25785 
1.00444 0.0332847 
0.408164 0.571055 
0.0786168 1.27285 
0.408164 0.428306 
1.12261 0.0332847 
0.0786168 1.40418 
0.922613 0.114211 
0.854727 0.134629 
0.0786168 0.957961 
0.0786172 0.87805 
1.24307 0.0332847 
0.224296 0.634762 
1.17159 0.0332847 
0.0942188 0.722642 
0.0786168 0.946534 
0.296192 0.623032 
0.741393 0.267362 
0.333507 0.623032 
0.144989 0.650676 
0.403395 0.623031 
0.357321 0.623032 
0.266611 0.62306 
0.0811993 0.743525 
0.736133 0.316123 
0.0788562 0.766557 
0.144198 0.681851 
0.242595 0.623793 
0.0788509 0.801675 
0.619221 0.31613 
0.687809 0.316125 
0.730327 0.316124 
0.58742 0.31613 
1.12607 0.0332847 
0.190967 0.64977 
0.190368 0.650149 
0.408164 0.579254 
0.123892 0.711187 
0.388655 0.623031 
0.130307 0.710919 
1.17002 0.0332847 
0.929498 0.0732461 
0.40893 0.385508 
0.96678 0.038426 
0.557139 0.31613 
0.946162 0.0596138 
0.948555 0.0496111 
0.471047 0.331888 
0.0786287 0.823954 
0.655378 0.31613 
0.495162 0.318052 
0.45216 0.362221 
0.487533 0.329116 
0.408269 0.407993 
0.794033 0.134629 
0.818751 0.134629 
0.605325 0.31613 
0.418626 0.370689 
0.741393 0.247286 
0.827841 0.134629 
0.923205 0.0853978 
0.0786287 0.845034 
0.0786174 0.856976 
1.24932 0.0332847 
0.515365 0.31803 
0.144229 0.6665 
0.754404 0.142799 
0.741395 0.220056 
0.848786 0.134629 
0.741415 0.20089 
0.784553 0.134634 
0.538831 0.316131 
0.923095 0.100258 
0.470482 0.354267 
0.521615 0.316203 
0.742585 0.17887 
0.771505 0.13954 
0.741393 0.23209 
0.665836 0.31613 
0.9934 0.0332851 
0.680401 0.316126 
0.752306 0.156982 
0.747599 0.168237 
0.434949 0.365987 
0.442466 0.36404 
0.423611 0.365987 
0.741416 0.18927 
0.470482 0.35414 
0.766817 0.142107 
0.981194 0.0383792 
0.547402 0.31613 
0.408165 0.424746 
0.981385 0.0332851 
0.751329 0.164413 
0.656742 0.31613 
0.408164 0.575274 
