1.41638 0.0398765 
0.0363629 1.17649 
0.802617 0.193503 
0.602769 0.2486 
0.0363629 1.04327 
1.30822 0.0398765 
1.1951 0.0398766 
0.512919 0.35678 
0.147986 0.783928 
0.833453 0.193349 
0.92753 0.053221 
0.188772 0.691336 
1.11687 0.0398782 
1.04786 0.0398782 
0.847354 0.152368 
0.470637 0.384577 
0.188771 0.755059 
0.188745 0.756519 
0.3563 0.493164 
0.37792 0.451735 
1.13353 0.0398772 
0.205469 0.603906 
0.22291 0.584547 
0.0363629 1.00084 
0.0428415 0.838488 
0.901741 0.0826637 
0.0363629 0.959858 
0.246323 0.580629 
1.18821 0.0398769 
0.188839 0.646235 
0.252296 0.530351 
1.37144 0.0398765 
0.274911 0.503005 
0.266569 0.518082 
0.188773 0.684431 
0.847605 0.110342 
0.200188 0.624453 
0.036363 0.909897 
0.860957 0.0920105 
0.86472 0.0829933 
0.0406297 0.860575 
0.036363 0.930668 
0.0558466 0.820117 
0.512919 0.337718 
1.41598 0.0398765 
0.39376 0.389904 
0.0661462 0.796488 
0.564639 0.291004 
0.292863 0.493646 
0.512919 0.31863 
0.95848 0.0467557 
0.409476 0.387279 
1.35898 0.0398765 
0.978124 0.0398973 
0.568816 0.271369 
0.378135 0.398299 
0.431013 0.38628 
0.251765 0.556374 
0.0592301 0.813817 
0.945698 0.047558 
0.446077 0.384577 
0.0710882 0.786792 
0.196383 0.640638 
0.514813 0.304453 
0.999279 0.0398962 
0.0891666 0.784065 
0.899279 0.0827113 
0.325476 0.493165 
0.527896 0.299848 
0.036363 0.948157 
0.84736 0.125692 
0.37792 0.433562 
1.02806 0.0398783 
0.307333 0.493167 
0.0363629 1.02197 
0.847358 0.13916 
0.25193 0.552989 
0.0384716 0.87324 
0.571077 0.263097 
0.105289 0.784022 
0.534833 0.291358 
0.344043 0.493164 
0.036363 0.887168 
0.548556 0.291337 
0.377942 0.409814 
0.37792 0.422816 
1.33055 0.0398765 
0.0363629 1.01608 
0.123306 0.783928 
0.581955 0.248606 
0.467299 0.384577 
1.30884 0.0398765 
0.37792 0.451638 
1.33053 0.0398765 
0.990515 0.0398973 
0.599015 0.2486 
0.574882 0.250654 
1.03364 0.0398782 
0.120138 0.783929 
0.0368157 0.883457 
