0.0322619 1.66133 
1.30936 0.111986 
1.07147 0.111986 
1.30806 0.111986 
0.032262 1.47613 
0.032262 1.61557 
0.183797 0.708703 
0.541499 0.338018 
0.0322623 1.36653 
0.941687 0.115428 
0.509625 0.405321 
0.683589 0.273913 
0.181649 0.809543 
0.216851 0.671536 
0.272862 0.670176 
0.875618 0.121544 
0.803106 0.245886 
0.759104 0.273912 
0.159205 0.841723 
0.759309 0.273912 
0.336679 0.617698 
0.0416929 0.946209 
0.138147 0.844342 
0.0408559 1.00121 
0.0737895 0.864907 
0.0322623 1.35307 
0.812766 0.217881 
0.440673 0.405322 
0.603228 0.274383 
0.0347781 1.15584 
0.839163 0.143691 
0.0322629 1.1933 
0.0322624 1.25503 
0.96943 0.115406 
0.0580798 0.875258 
0.181589 0.809708 
0.352461 0.578315 
0.302918 0.620862 
0.0993882 0.845278 
0.0322623 1.29752 
0.301188 0.653884 
0.476587 0.405321 
0.549387 0.292404 
0.838122 0.195942 
0.839099 0.195764 
0.0572239 0.904506 
0.190395 0.67175 
0.0407064 1.0191 
0.0913916 0.845285 
0.289818 0.661498 
0.667093 0.273976 
0.989733 0.112453 
0.640105 0.274381 
0.0397018 1.05057 
0.588332 0.277047 
0.032262 1.66121 
0.189129 0.689379 
0.863576 0.129952 
0.319205 0.617986 
0.840839 0.13554 
0.0322623 1.29567 
1.00682 0.112094 
0.354241 0.538214 
0.352531 0.554429 
1.02432 0.111988 
0.0355419 1.08627 
0.0359818 1.05946 
0.0322624 1.25508 
0.0322983 1.19322 
0.0542615 0.922232 
0.409091 0.405343 
0.0430498 0.927459 
0.422493 0.405331 
0.567532 0.277112 
0.558241 0.278281 
1.05327 0.111987 
0.372463 0.429122 
0.0347881 1.09929 
0.544925 0.316243 
1.04077 0.111988 
0.393394 0.40944 
0.0347781 1.1313 
0.378894 0.420408 
0.642948 0.27432 
0.354962 0.460258 
0.0347826 1.1217 
0.357336 0.456992 
0.498358 0.405321 
0.391975 0.419255 
0.354906 0.48668 
0.354404 0.487452 
0.35434 0.513596 
0.812034 0.233146 
0.485576 0.405321 
0.363099 0.440354 
0.541507 0.318488 
0.354336 0.514462 
0.352477 0.577685 
0.807014 0.237637 
0.870988 0.127604 
