0.172882 1.92019 
1.00443 0.0653673 
0.172882 1.903 
0.172882 1.37749 
0.172882 1.06467 
0.172882 1.36996 
0.742441 0.253044 
0.639887 0.253044 
0.425179 0.467574 
0.386506 0.571518 
0.172882 0.947509 
0.172882 0.842057 
0.833004 0.130166 
0.882913 0.114419 
0.983517 0.0653673 
0.935536 0.0653673 
0.355281 0.571518 
0.521597 0.344941 
0.766325 0.230526 
0.295049 0.571519 
0.335971 0.571518 
0.313793 0.571518 
0.547961 0.324226 
0.271205 0.571519 
0.212998 0.574083 
0.234207 0.572722 
0.202679 0.605497 
0.183285 0.613952 
0.38312 0.571518 
0.817694 0.130301 
0.172882 1.00372 
0.799622 0.13704 
0.604339 0.253047 
0.781614 0.139132 
0.590557 0.253372 
0.247279 0.571553 
0.18021 0.629803 
0.172882 1.00253 
0.918312 0.0653674 
0.497813 0.344941 
0.578677 0.253373 
0.206573 0.590592 
0.259013 0.57152 
0.512771 0.344941 
0.172882 0.762574 
0.906305 0.0653879 
0.781548 0.155783 
0.770177 0.163908 
0.172882 0.793599 
0.617397 0.253045 
0.4375 0.345177 
0.425179 0.404514 
0.806857 0.135093 
0.896194 0.0674677 
0.174118 0.649879 
0.172884 0.703681 
0.553775 0.267095 
0.172884 0.681988 
0.988356 0.0653673 
0.427365 0.349382 
0.626126 0.253044 
0.566007 0.253809 
0.564161 0.262929 
0.472171 0.344941 
0.88292 0.0958453 
0.447009 0.344956 
0.46386 0.344944 
0.931338 0.0653673 
0.454797 0.34495 
0.172883 0.727061 
0.890243 0.0765564 
1.0025 0.0653673 
0.886278 0.0821064 
0.172882 0.740511 
0.487887 0.344941 
0.481954 0.344941 
0.173446 0.661368 
0.425179 0.43684 
0.8328 0.130166 
0.550924 0.27734 
0.767296 0.174238 
0.172882 0.793332 
0.425179 0.43925 
0.547972 0.287177 
0.76634 0.210988 
0.766531 0.188221 
0.425275 0.360136 
0.547962 0.300335 
0.766342 0.201028 
0.636251 0.253044 
0.425274 0.369871 
0.882915 0.114185 
0.172882 1.91353 
0.425179 0.381041 
0.425179 0.389178 
0.547962 0.310434 
0.547961 0.316578 
0.636252 0.253044 
0.425179 0.386538 
0.425179 0.388024 
