0.464892 0.485951 
1.07957 0.0377287 
0.641051 0.363715 
0.253961 0.636818 
0.641051 0.344623 
0.00752918 1.06855 
0.308639 0.503826 
0.7445 0.202814 
0.759736 0.202814 
0.253961 0.840148 
0.936596 0.0559251 
0.656036 0.212417 
0.254063 0.553658 
0.641051 0.350816 
0.656175 0.204268 
0.688806 0.202814 
0.254443 0.534174 
0.253969 0.589096 
0.254068 0.550045 
0.254005 0.578312 
0.641051 0.293769 
0.320064 0.486497 
0.00406955 1.20859 
0.936247 0.079303 
0.304842 0.503827 
0.642374 0.233312 
0.648552 0.215263 
0.256846 0.533254 
0.641052 0.269527 
0.94104 0.0538637 
0.682291 0.202816 
0.0187193 0.976469 
0.936592 0.0676296 
0.641051 0.280516 
0.646188 0.225726 
0.641051 0.334958 
0.254063 0.569122 
0.641931 0.243925 
0.936217 0.0888321 
0.253961 0.839962 
0.641051 0.300841 
0.641795 0.25781 
0.701396 0.202814 
0.279133 0.507167 
0.762303 0.202814 
0.666475 0.20373 
0.158719 0.896436 
0.27545 0.5198 
0.312935 0.494914 
0.290018 0.507142 
0.00859265 1.05996 
0.742163 0.202814 
0.936086 0.104429 
0.253961 0.813897 
0.0796627 0.949277 
0.0996108 0.912502 
0.363481 0.485999 
0.269553 0.526067 
0.253961 0.597883 
0.641051 0.3202 
0.020943 0.975443 
0.392314 0.48598 
0.253961 0.770162 
0.253961 0.621808 
0.360752 0.485999 
0.715016 0.202814 
0.324352 0.486137 
0.0878645 0.943416 
0.0982985 0.925575 
0.253961 0.808936 
0.102973 0.898425 
0.641051 0.363716 
0.0755049 0.96265 
0.641051 0.417104 
0.21577 0.896238 
0.159686 0.896238 
0.131994 0.896687 
0.253961 0.77001 
0.253961 0.637567 
0.641051 0.483574 
0.641051 0.419167 
0.462158 0.485951 
0.0468383 0.970287 
0.953444 0.0494718 
0.253961 0.709566 
0.39854 0.485951 
0.253961 0.699425 
0.0173216 1.0489 
0.0185897 0.996789 
0.216324 0.896063 
0.253961 0.858197 
0.00420757 1.2077 
0.998289 0.0421659 
0.00462255 1.07257 
0.641051 0.483824 
0.467926 0.485951 
0.93595 0.118865 
0.786836 0.202814 
7.80481e-05 1.66844 
1.61267 0.0351312 
