0.040639 1.8044 
1.73304 0.0361019 
1.55203 0.0361019 
1.18748 0.0361019 
0.0406394 1.42098 
0.0406394 1.17674 
0.040639 1.59011 
0.040639 1.80437 
1.67307 0.0361019 
0.0406394 1.16421 
0.0406434 1.02821 
1.56776 0.0361019 
0.550591 0.360551 
0.586317 0.301858 
0.0879003 0.744651 
0.119795 0.72416 
0.040639 1.57867 
0.0406391 1.43441 
0.890052 0.110011 
1.05341 0.0361024 
0.366928 0.488483 
0.040639 1.50562 
1.18604 0.0361019 
0.080835 0.775018 
1.11567 0.0361019 
0.0406391 1.50345 
1.00929 0.0361024 
0.248893 0.64804 
0.805022 0.111727 
0.924504 0.0853876 
0.0656329 0.795907 
0.92497 0.0519549 
0.800167 0.146322 
0.397666 0.414944 
1.08277 0.0361019 
0.397666 0.466157 
0.258251 0.577332 
0.429536 0.369557 
0.0437557 0.862845 
0.128737 0.700212 
0.15647 0.648339 
0.309594 0.488483 
0.0465809 0.829336 
0.0406767 0.885125 
0.0406697 0.917665 
0.258251 0.541271 
0.129942 0.674003 
0.0406667 0.942682 
0.949152 0.0376597 
0.147475 0.664833 
0.0500876 0.809635 
0.730997 0.220441 
0.189673 0.648331 
0.258251 0.611786 
0.040654 0.983572 
0.830505 0.110248 
0.757777 0.1469 
0.987564 0.0365809 
0.464895 0.360551 
0.495677 0.360551 
0.273103 0.488528 
0.258291 0.503868 
0.448537 0.360693 
0.77454 0.146323 
0.0406462 1.02316 
0.226904 0.648086 
0.730997 0.192545 
0.851641 0.110087 
0.680416 0.229652 
0.640754 0.229669 
0.731032 0.176544 
0.659474 0.229652 
0.963077 0.0373671 
0.38272 0.488481 
0.0406581 0.972169 
0.532612 0.360551 
0.715808 0.229651 
0.872333 0.110085 
0.603339 0.244031 
0.40843 0.381944 
0.206789 0.648086 
0.406801 0.409759 
0.511644 0.360551 
0.290086 0.488486 
0.397666 0.479688 
0.586349 0.247541 
0.258251 0.520836 
0.701017 0.229651 
0.619621 0.230178 
0.258251 0.605402 
1.11567 0.0361019 
0.9248 0.0786877 
0.741843 0.161718 
0.608142 0.230197 
0.406927 0.385947 
0.586318 0.263998 
0.741838 0.161718 
0.586317 0.284417 
0.309594 0.488483 
0.586318 0.274005 
