0.0129887 1.96717 
1.33263 0.0104738 
0.0129889 1.22173 
0.0129889 1.54952 
0.201182 0.722028 
0.345775 0.702098 
0.0129889 1.7496 
0.0129887 1.90413 
0.0129889 1.54986 
0.012989 1.063 
1.24396 0.010486 
0.012989 1.21588 
0.0129887 1.75924 
1.32464 0.0104739 
0.0355249 0.880628 
0.677399 0.355714 
0.610238 0.355714 
0.0750825 0.860392 
1.0867 0.011135 
1.15077 0.0105055 
1.13095 0.011092 
0.410851 0.37974 
0.531481 0.355714 
0.492159 0.355714 
0.142306 0.722057 
0.345775 0.67381 
0.345775 0.610738 
0.906451 0.135436 
0.366019 0.422714 
0.579939 0.355714 
0.114336 0.724906 
0.804293 0.135436 
1.00107 0.0127168 
0.989776 0.0338439 
0.0792356 0.789044 
0.700543 0.176761 
0.552883 0.355714 
0.0971544 0.732237 
1.19735 0.0105044 
1.21448 0.010497 
0.391881 0.410782 
0.171003 0.722029 
0.0204573 0.901272 
1.02557 0.0127089 
0.347863 0.436717 
0.972568 0.132973 
0.941929 0.135436 
0.876181 0.135436 
1.06238 0.0113126 
0.345777 0.520628 
0.835991 0.135436 
0.687874 0.32854 
0.455473 0.356001 
0.427941 0.37078 
0.9726 0.044158 
1.04591 0.0113441 
0.435255 0.358634 
0.688167 0.197985 
0.721813 0.175238 
0.472352 0.355714 
0.972569 0.11713 
0.768009 0.135437 
0.747259 0.146708 
0.0771576 0.814691 
0.932247 0.135436 
0.972569 0.0790557 
0.0129891 0.997792 
0.385307 0.410782 
0.687874 0.28446 
0.734832 0.17258 
0.0751373 0.835918 
0.0129891 1.02032 
0.81843 0.135436 
0.345775 0.592056 
0.346407 0.459297 
0.607522 0.355714 
0.8773 0.135436 
0.188763 0.722028 
0.0907603 0.761852 
0.74682 0.16277 
0.687874 0.303034 
0.345776 0.551737 
0.687874 0.252968 
0.012989 1.04645 
0.0129891 0.969904 
0.345792 0.492107 
0.0139923 0.916848 
0.345775 0.564519 
0.0133788 0.931991 
0.090954 0.761791 
0.0129913 0.955622 
0.765846 0.137748 
0.972569 0.0646721 
0.345807 0.478814 
0.683643 0.355714 
0.687964 0.213313 
0.345775 0.696803 
0.687874 0.227183 
0.835961 0.135436 
0.687874 0.241077 
