0 502.572
1 502.572
2 501.614
3 498.274
4 494.470
5 493.400
6 492.608
7 487.926
8 487.435
9 486.993
10 486.906
11 485.937
12 485.111
13 484.936
14 484.728
15 484.349
16 483.633
17 483.303
18 483.303
19 482.727
20 482.727
21 482.603
22 481.968
23 481.537
24 481.338
25 480.918
26 480.552
27 480.356
28 480.356
29 480.050
30 479.466
31 479.466
32 478.993
33 478.993
34 478.425
35 478.324
36 478.324
37 478.324
38 478.324
39 478.324
40 478.324
41 478.324
42 478.096
43 477.606
44 477.606
45 477.606
46 477.606
47 477.606
48 477.476
49 476.877
50 476.877
51 476.117
52 476.117
53 476.117
54 476.117
55 475.693
56 475.693
57 475.554
58 475.227
59 475.227
60 475.227
61 475.227
62 474.007
63 474.007
64 474.007
65 474.007
66 474.007
67 474.007
68 473.925
69 473.925
70 473.925
71 473.925
72 473.925
73 473.925
74 472.670
75 472.670
76 472.670
77 471.818
78 471.802
79 471.192
80 471.192
81 471.192
82 471.122
83 470.717
84 470.698
85 470.698
86 470.698
87 470.218
88 470.218
89 470.218
90 469.010
91 469.010
92 469.010
93 469.010
94 469.010
95 468.814
96 468.670
97 468.670
98 468.670
99 468.219
100 468.219
101 467.950
102 467.950
103 467.950
104 467.873
105 467.873
106 467.873
107 467.873
108 467.873
109 467.873
110 467.873
111 467.697
112 467.697
113 467.697
114 467.610
115 467.610
116 467.610
117 466.025
118 466.025
119 465.716
120 465.716
121 465.083
122 465.058
123 465.058
124 465.058
125 465.058
126 465.058
127 465.058
128 465.058
129 464.784
130 464.784
131 464.784
132 464.784
133 464.784
134 464.784
135 464.784
136 464.510
137 464.510
138 464.510
139 464.005
140 464.005
141 464.005
142 464.005
143 464.005
144 464.005
145 464.005
146 463.951
147 463.657
148 463.657
149 462.569
150 462.569
151 462.569
152 462.569
153 462.569
154 462.569
155 462.569
156 462.569
157 462.569
158 462.569
159 462.569
160 462.175
161 462.175
162 462.175
163 462.175
164 462.175
165 462.175
166 462.175
167 462.175
168 462.175
169 462.175
170 462.175
171 462.175
172 462.112
173 462.016
174 462.016
175 462.016
176 462.016
177 461.745
178 461.745
179 461.745
180 461.470
181 461.470
182 461.438
183 461.438
184 461.433
185 461.387
186 461.387
187 461.313
188 461.313
189 461.313
190 461.313
191 461.313
192 461.239
193 461.239
194 461.239
195 461.239
196 461.239
197 461.147
198 461.069
199 461.069
200 461.069
201 461.069
202 461.069
203 461.069
204 461.069
205 461.069
206 461.069
207 461.069
208 461.069
209 461.069
210 461.069
211 461.023
212 461.023
213 461.023
214 461.023
215 461.023
216 461.023
217 461.023
218 461.023
219 461.023
220 461.023
221 461.023
222 461.023
223 460.815
224 460.815
225 460.815
226 460.815
227 460.815
228 460.815
229 460.815
230 460.815
231 460.815
232 460.815
233 460.790
234 460.757
235 460.391
236 460.391
237 460.391
238 460.391
239 460.391
240 460.391
241 460.391
242 460.391
243 460.391
244 460.391
245 460.391
246 460.391
247 460.391
248 460.391
249 460.281
250 460.281
251 460.281
252 460.281
253 460.281
254 460.281
255 460.256
256 460.256
257 460.256
258 460.224
259 460.224
260 460.224
261 460.122
262 460.122
263 460.122
264 460.107
265 460.107
266 460.107
267 459.696
268 459.696
269 459.696
270 459.696
271 459.696
272 459.696
273 459.696
274 459.696
275 459.512
276 459.243
277 459.214
278 459.214
279 459.214
280 459.214
281 459.214
282 459.214
283 459.214
284 459.214
285 459.214
286 459.214
287 459.214
288 459.185
289 459.185
290 459.185
291 459.174
292 459.174
293 459.174
294 459.174
295 459.174
296 459.174
297 459.174
298 459.174
299 459.174
300 459.174
301 459.106
302 459.002
303 458.673
304 458.667
305 458.667
306 458.667
307 458.667
308 458.667
309 458.667
310 458.667
311 458.667
312 458.667
313 458.667
314 458.667
315 458.667
316 458.667
317 458.295
318 457.943
319 457.943
320 457.943
321 457.943
322 457.943
323 457.943
324 457.943
325 457.943
326 457.943
327 457.943
328 457.943
329 457.943
330 457.943
331 457.943
332 457.943
333 457.943
334 457.943
335 457.943
336 457.932
337 457.932
338 457.932
339 457.932
340 457.932
341 457.932
342 457.932
343 457.932
344 457.649
345 457.649
346 457.458
347 457.355
348 457.146
349 457.126
350 457.126
351 457.126
352 457.126
353 457.126
354 457.059
355 457.059
356 457.059
357 457.059
358 457.059
359 457.059
360 457.059
361 457.059
362 457.059
363 457.059
364 457.059
365 457.059
366 456.817
367 456.817
368 456.817
369 456.817
370 456.817
371 456.817
372 456.817
373 456.817
374 456.691
375 456.691
376 456.691
377 456.691
378 456.691
379 456.691
380 456.691
381 456.691
382 456.691
383 456.632
384 456.632
385 456.306
386 456.306
387 456.306
388 456.306
389 456.306
390 456.281
391 456.281
392 456.281
393 456.281
394 456.281
395 456.281
396 455.999
397 455.999
398 455.970
399 455.673
400 455.673
401 455.673
402 455.673
403 455.673
404 455.673
405 455.673
406 455.673
407 455.673
408 455.673
409 455.673
410 455.644
411 455.644
412 455.644
413 455.644
414 455.644
415 455.636
416 455.636
417 455.636
418 455.636
419 455.636
420 455.636
421 455.189
422 455.189
423 455.189
424 455.189
425 455.189
426 455.128
427 455.128
428 455.128
429 455.128
430 455.128
431 455.128
432 455.128
433 455.128
434 455.128
435 455.128
436 455.128
437 455.128
438 455.128
439 455.128
440 455.128
441 455.128
442 455.025
443 455.025
444 455.025
445 455.025
446 455.025
447 455.025
448 455.025
449 455.025
450 455.025
451 455.025
452 455.025
453 455.025
454 455.005
455 455.005
456 455.005
457 455.005
458 455.005
459 454.976
460 454.976
461 454.523
462 454.523
463 454.523
464 454.523
465 454.523
466 454.523
467 454.523
468 454.523
469 454.523
470 454.516
471 454.516
472 454.516
473 454.516
474 454.516
475 454.516
476 454.516
477 454.516
478 454.516
479 454.516
480 454.516
481 454.516
482 454.465
483 454.465
484 454.465
485 454.465
486 454.465
487 454.465
488 454.465
489 454.465
490 454.465
491 454.465
492 454.465
493 454.465
494 454.465
495 454.465
496 454.465
497 454.465
498 454.465
499 454.465
500 454.447
501 454.280
502 454.280
503 454.260
504 454.260
505 454.053
506 454.053
507 454.053
508 454.053
509 454.033
510 454.033
511 454.033
512 454.033
513 454.033
514 453.873
515 453.873
516 453.873
517 453.873
518 453.873
519 453.873
520 453.873
521 453.873
522 453.873
523 453.873
524 453.873
525 453.843
526 453.843
527 453.843
528 453.843
529 453.843
530 453.843
531 453.843
532 453.843
533 453.843
534 453.843
535 453.843
536 453.843
537 453.843
538 453.843
539 453.843
540 453.712
541 453.712
542 453.712
543 453.712
544 453.712
545 453.712
546 453.712
547 453.712
548 453.572
549 453.543
550 453.543
551 453.543
552 453.543
553 453.543
554 453.543
555 453.543
556 453.524
557 453.524
558 453.524
559 453.524
560 453.524
561 453.508
562 453.508
563 453.508
564 453.508
565 453.396
566 453.396
567 453.396
568 453.396
569 453.300
570 453.300
571 453.300
572 453.300
573 453.300
574 453.300
575 453.300
576 453.300
577 453.178
578 453.178
579 453.178
580 453.178
581 453.159
582 453.159
583 453.159
584 453.159
585 453.159
586 453.159
587 453.159
588 453.159
589 453.159
590 453.159
591 453.159
592 453.159
593 452.819
594 452.819
595 452.819
596 452.819
597 452.819
598 452.819
599 452.819
600 452.819
601 452.819
602 452.819
603 452.819
604 452.819
605 452.819
606 452.819
607 452.790
608 452.790
609 452.790
610 452.790
611 452.790
612 452.790
613 452.790
614 452.790
615 452.790
616 452.790
617 452.790
618 452.790
619 452.790
620 452.790
621 452.790
622 452.790
623 452.790
624 452.790
625 452.790
626 452.790
627 452.790
628 452.790
629 452.790
630 452.601
631 452.601
632 452.601
633 452.601
634 452.601
635 452.491
636 452.491
637 452.491
638 452.491
639 452.351
640 452.351
641 452.351
642 452.351
643 452.158
644 452.158
645 452.129
646 451.858
647 451.858
648 451.858
649 451.858
650 451.858
651 451.858
652 451.858
653 451.858
654 451.858
655 451.858
656 451.858
657 451.585
658 451.585
659 451.585
660 451.585
661 451.585
662 451.585
663 451.585
664 451.585
665 451.585
666 451.585
667 451.585
668 451.585
669 451.585
670 451.585
671 451.585
672 451.585
673 451.585
674 451.585
675 451.585
676 451.329
677 451.329
678 451.329
679 451.329
680 451.329
681 451.329
682 451.329
683 451.329
684 451.329
685 451.329
686 451.227
687 451.227
688 451.227
689 451.227
690 451.166
691 451.166
692 451.166
693 451.166
694 451.166
695 451.166
696 451.166
697 451.166
698 451.166
699 451.166
700 451.166
701 451.166
702 451.166
703 451.166
704 451.166
705 451.166
706 451.166
707 451.166
708 451.166
709 451.166
710 451.129
711 451.129
712 451.129
713 451.129
714 451.129
715 451.129
716 451.129
717 451.129
718 451.129
719 451.129
720 451.129
721 451.129
722 451.129
723 451.129
724 451.129
725 451.129
726 451.129
727 451.129
728 451.129
729 451.129
730 451.129
731 451.129
732 451.129
733 451.129
734 451.129
735 451.129
736 451.021
737 451.021
738 451.021
739 451.021
740 451.021
741 451.021
742 450.931
743 450.931
744 450.931
745 450.931
746 450.931
747 450.931
748 450.931
749 450.931
750 450.931
751 450.931
752 450.931
753 450.931
754 450.931
755 450.684
756 450.684
757 450.684
758 450.684
759 450.684
760 450.663
761 450.548
762 450.548
763 450.548
764 450.548
765 450.548
766 450.548
767 450.548
768 450.548
769 450.548
770 450.548
771 450.548
772 450.548
773 450.548
774 450.548
775 450.548
776 450.548
777 450.548
778 450.548
779 450.548
780 450.548
781 450.548
782 450.548
783 450.548
784 450.548
785 450.548
786 450.548
787 450.548
788 450.548
789 450.548
790 450.548
791 450.548
792 450.548
793 450.548
794 450.548
795 450.548
796 450.548
797 450.548
798 450.548
799 450.548
800 450.548
801 450.548
802 450.548
803 450.548
804 450.548
805 450.548
806 450.548
807 450.548
808 450.548
809 450.548
810 450.548
811 450.548
812 450.548
813 450.548
814 450.548
815 450.548
816 450.548
817 450.512
818 450.512
819 450.512
820 450.512
821 450.512
822 450.512
823 450.512
824 450.512
825 450.512
826 450.512
827 450.512
828 450.512
829 450.512
830 450.512
831 450.512
832 450.512
833 450.512
834 450.512
835 450.512
836 450.512
837 450.512
838 450.512
839 450.512
840 450.439
841 450.439
842 450.439
843 450.439
844 450.439
845 450.439
846 450.439
847 450.439
848 450.439
849 450.439
850 450.337
851 450.337
852 450.337
853 450.337
854 450.337
855 450.337
856 450.337
857 450.337
858 450.337
859 450.337
860 450.337
861 450.337
862 450.337
863 450.337
864 450.337
865 450.337
866 450.337
867 450.337
868 450.337
869 450.337
870 450.312
871 450.312
872 450.181
873 450.181
874 450.181
875 450.181
876 450.181
877 450.181
878 450.181
879 450.181
880 450.181
881 450.181
882 450.181
883 450.181
884 450.181
885 450.181
886 450.181
887 450.106
888 450.106
889 449.859
890 449.859
891 449.859
892 449.859
893 449.859
894 449.859
895 449.859
896 449.859
897 449.859
898 449.859
899 449.859
900 449.856
901 449.856
902 449.856
903 449.856
904 449.856
905 449.856
906 449.856
907 449.856
908 449.856
909 449.559
910 449.559
911 449.559
912 449.559
913 449.559
914 449.559
915 449.559
916 449.559
917 449.281
918 449.281
919 449.281
920 449.281
921 449.281
922 449.281
923 449.281
924 449.281
925 449.281
926 449.281
927 449.281
928 449.281
929 449.281
930 449.281
931 449.281
932 449.281
933 449.281
934 449.281
935 449.281
936 449.281
937 449.281
938 449.281
939 449.281
940 449.281
941 449.281
942 449.281
943 449.281
944 449.281
945 449.281
946 449.281
947 449.281
948 449.281
949 449.281
950 449.281
951 449.176
952 449.176
953 449.176
954 449.176
955 449.176
956 449.176
957 449.176
958 449.176
959 449.176
960 448.959
961 448.959
962 448.959
963 448.959
964 448.959
965 448.959
966 448.959
967 448.959
968 448.959
969 448.959
970 448.959
971 448.959
972 448.959
973 448.959
974 448.959
975 448.959
976 448.959
977 448.959
978 448.959
979 448.959
980 448.959
981 448.959
982 448.959
983 448.959
984 448.959
985 448.959
986 448.959
987 448.959
988 448.959
989 448.959
990 448.959
991 448.959
992 448.893
993 448.893
994 448.893
995 448.893
996 448.893
997 448.893
998 448.893
999 448.893
1000 448.893
1001 448.893
1002 448.893
1003 448.893
1004 448.893
1005 448.893
1006 448.893
1007 448.893
1008 448.893
1009 448.893
1010 448.893
1011 448.893
1012 448.893
1013 448.893
1014 448.893
1015 448.893
1016 448.893
1017 448.893
1018 448.893
1019 448.893
1020 448.893
1021 448.893
1022 448.893
1023 448.893
1024 448.893
1025 448.893
1026 448.893
1027 448.893
1028 448.893
1029 448.893
1030 448.893
1031 448.475
1032 448.475
1033 448.475
1034 448.475
1035 448.475
1036 448.475
1037 448.475
1038 448.475
1039 448.475
1040 448.475
1041 448.475
1042 448.475
1043 448.475
1044 448.475
1045 448.475
1046 448.475
1047 448.475
1048 448.475
1049 448.475
1050 448.475
1051 448.475
1052 448.475
1053 448.475
1054 448.475
1055 448.475
1056 448.475
1057 448.475
1058 448.475
1059 448.475
1060 448.446
1061 448.446
1062 448.446
1063 448.446
1064 448.446
1065 448.446
1066 448.446
1067 448.446
1068 448.446
1069 448.446
1070 448.446
1071 448.446
1072 448.446
1073 448.250
1074 448.250
1075 448.250
1076 448.250
1077 448.250
1078 448.250
1079 448.250
1080 448.219
1081 448.219
1082 448.219
1083 448.219
1084 448.219
1085 448.219
1086 448.219
1087 448.219
1088 448.219
1089 448.219
1090 448.219
1091 448.219
1092 448.219
1093 448.219
1094 448.219
1095 448.219
1096 448.219
1097 448.219
1098 448.219
1099 448.219
1100 448.219
1101 448.219
1102 448.015
1103 448.015
1104 448.015
1105 448.015
1106 448.015
1107 448.015
1108 448.015
1109 448.015
1110 448.015
1111 448.015
1112 448.015
1113 448.015
1114 448.015
1115 447.773
1116 447.773
1117 447.773
1118 447.773
1119 447.773
1120 447.773
1121 447.773
1122 447.773
1123 447.773
1124 447.773
1125 447.773
1126 447.773
1127 447.773
1128 447.773
1129 447.773
1130 447.773
1131 447.773
1132 447.773
1133 447.773
1134 447.773
1135 447.656
1136 447.656
1137 447.656
1138 447.656
1139 447.656
1140 447.656
1141 447.656
1142 447.656
1143 447.656
1144 447.656
1145 447.656
1146 447.656
1147 447.656
1148 447.656
1149 447.656
1150 447.656
1151 447.656
1152 447.656
1153 447.525
1154 447.525
1155 447.525
1156 447.525
1157 447.525
1158 447.525
1159 447.525
1160 447.525
1161 447.525
1162 447.525
1163 447.525
1164 447.525
1165 447.525
1166 447.525
1167 447.525
1168 447.525
1169 447.525
1170 447.525
1171 447.525
1172 447.525
1173 447.525
1174 447.525
1175 447.525
1176 447.525
1177 447.525
1178 447.525
1179 447.525
1180 447.525
1181 447.525
1182 447.525
1183 447.525
1184 447.525
1185 447.525
1186 447.525
1187 447.525
1188 447.525
1189 447.525
1190 447.456
1191 447.456
1192 447.456
1193 447.456
1194 447.456
1195 447.390
1196 447.390
1197 447.390
1198 447.390
1199 447.390
1200 447.390
1201 447.390
1202 447.390
1203 447.390
1204 447.390
1205 447.390
1206 447.390
1207 447.390
1208 447.390
1209 447.390
1210 447.390
1211 447.390
1212 447.390
1213 447.390
1214 447.390
1215 447.390
1216 447.390
1217 447.390
1218 447.390
1219 447.390
1220 447.390
1221 447.390
1222 447.390
1223 447.390
1224 447.390
1225 447.390
1226 447.390
1227 447.390
1228 447.390
1229 447.390
1230 447.390
1231 447.390
1232 447.390
1233 447.390
1234 447.390
1235 447.390
1236 447.390
1237 447.361
1238 447.361
1239 447.361
1240 447.361
1241 447.361
1242 447.361
1243 447.361
1244 447.361
1245 447.361
1246 447.167
1247 447.167
1248 447.167
1249 447.167
1250 447.167
1251 447.167
1252 447.167
1253 447.167
1254 447.167
1255 447.167
1256 447.167
1257 447.167
1258 447.167
1259 447.167
1260 447.167
1261 447.167
1262 447.167
1263 447.167
1264 447.167
1265 447.167
1266 447.167
1267 447.167
1268 447.138
1269 447.138
1270 447.138
1271 447.138
1272 447.138
1273 447.138
1274 447.138
1275 447.138
1276 447.138
1277 447.138
1278 447.138
1279 447.138
1280 447.138
1281 447.138
1282 447.138
1283 447.138
1284 447.138
1285 447.138
1286 447.138
1287 447.138
1288 447.138
1289 447.138
1290 447.138
1291 447.138
1292 447.138
1293 447.138
1294 447.138
1295 447.138
1296 447.138
1297 447.138
1298 447.138
1299 447.138
1300 447.138
1301 447.138
1302 447.138
1303 447.138
1304 447.138
1305 447.138
1306 447.138
1307 447.138
1308 447.138
1309 447.138
1310 447.138
1311 447.138
1312 447.138
1313 447.138
1314 447.138
1315 447.138
1316 447.138
1317 447.138
1318 447.138
1319 447.138
1320 447.138
1321 447.138
1322 447.138
1323 447.138
1324 447.138
1325 447.138
1326 447.138
1327 447.138
1328 447.138
1329 447.138
1330 447.138
1331 447.138
1332 447.138
1333 447.138
1334 447.138
1335 447.138
1336 447.138
1337 447.138
1338 447.138
1339 447.138
1340 447.138
1341 447.138
1342 447.138
1343 447.138
1344 447.138
1345 447.138
1346 447.138
1347 447.138
1348 447.138
1349 447.138
1350 447.138
1351 447.138
1352 447.138
1353 447.138
1354 447.138
1355 447.138
1356 447.138
1357 447.138
1358 447.138
1359 447.138
1360 447.138
1361 447.138
1362 447.138
1363 447.138
1364 447.138
1365 447.138
1366 447.138
1367 447.138
1368 447.138
1369 447.138
1370 447.138
1371 447.063
1372 447.063
1373 447.063
1374 447.063
1375 447.063
1376 446.955
1377 446.955
1378 446.955
1379 446.955
1380 446.955
1381 446.574
1382 446.574
1383 446.574
1384 446.574
1385 446.574
1386 446.574
1387 446.574
1388 446.574
1389 446.574
1390 446.574
1391 446.574
1392 446.574
1393 446.574
1394 446.574
1395 446.574
1396 446.574
1397 446.574
1398 446.574
1399 446.574
1400 446.574
1401 446.574
1402 446.574
1403 446.574
1404 446.574
1405 446.574
1406 446.574
1407 446.574
1408 446.574
1409 446.574
1410 446.421
1411 446.421
1412 446.421
1413 446.421
1414 446.421
1415 446.421
1416 446.421
1417 446.421
1418 446.421
1419 446.421
1420 446.421
1421 446.421
1422 446.421
1423 446.421
1424 446.421
1425 446.421
1426 446.421
1427 446.421
1428 446.421
1429 446.421
1430 446.421
1431 446.421
1432 446.421
1433 446.421
1434 446.421
1435 446.421
1436 446.421
1437 446.421
1438 446.421
1439 446.421
1440 446.421
1441 446.421
1442 446.421
1443 446.421
1444 446.421
1445 446.421
1446 446.421
1447 446.421
1448 446.421
1449 446.421
1450 446.421
1451 446.421
1452 446.421
1453 446.421
1454 446.421
1455 446.421
1456 446.421
1457 446.421
1458 446.421
1459 446.421
1460 446.421
1461 446.421
1462 446.421
1463 446.421
1464 446.421
1465 446.421
1466 446.421
1467 446.421
1468 446.421
1469 446.421
1470 446.421
1471 446.421
1472 446.421
1473 446.421
1474 446.421
1475 446.421
1476 446.347
1477 446.347
1478 446.347
1479 446.347
1480 446.347
1481 446.347
1482 446.211
1483 446.211
1484 445.954
1485 445.954
1486 445.954
1487 445.954
1488 445.954
1489 445.954
1490 445.954
1491 445.954
1492 445.954
1493 445.954
1494 445.954
1495 445.954
1496 445.954
1497 445.855
1498 445.855
1499 445.855
