0 1369.331
1 1289.909
2 1223.529
3 1160.035
4 1102.995
5 1051.602
6 1000.989
7 956.013
8 913.623
9 874.621
10 837.477
11 805.574
12 775.415
13 747.503
14 722.043
15 698.159
16 675.188
17 654.462
18 635.695
19 618.097
20 601.884
21 587.155
22 574.230
23 561.819
24 549.656
25 537.879
26 527.635
27 517.208
28 508.724
29 500.971
30 494.125
31 487.601
32 482.390
33 477.223
34 473.146
35 470.061
36 466.161
37 463.301
38 461.336
39 459.553
40 458.175
41 457.793
42 457.473
43 456.663
44 456.361
45 456.011
46 455.617
47 455.356
48 455.356
49 455.356
50 455.356
51 455.356
52 455.356
53 455.356
54 455.356
55 455.356
56 455.356
57 455.356
58 455.356
59 455.356
60 455.356
61 455.356
62 455.356
63 455.356
64 455.356
65 455.356
66 455.356
67 455.356
68 455.356
69 455.356
70 455.356
71 455.356
72 455.356
73 455.356
74 455.356
75 455.356
76 455.356
77 455.356
78 455.356
79 455.356
80 455.356
81 455.356
82 455.356
83 455.356
84 455.356
85 455.356
86 455.356
87 455.356
88 455.356
89 455.356
90 455.356
91 455.356
92 455.356
93 455.356
94 455.356
95 455.356
96 455.356
97 455.356
98 455.356
99 455.356
100 455.356
101 455.356
102 455.356
103 455.356
104 455.356
105 455.356
106 455.356
107 455.356
108 455.356
109 455.356
110 455.356
111 455.356
112 455.356
113 455.356
114 455.356
115 455.356
116 455.356
117 455.356
118 455.356
119 455.356
120 455.356
121 455.356
122 455.356
123 455.356
124 455.356
125 455.356
126 455.356
127 455.356
128 455.356
129 455.356
130 455.356
131 455.356
132 455.356
133 455.356
134 455.356
135 455.356
136 455.356
137 455.356
138 455.356
139 455.356
140 455.356
141 455.356
142 455.356
143 455.356
144 455.356
145 455.356
146 455.356
147 455.356
148 455.356
149 455.356
150 455.356
151 455.356
152 455.356
153 455.356
154 455.356
155 455.356
156 455.356
157 455.356
158 455.356
159 455.356
160 455.356
161 455.356
162 455.356
163 455.356
164 455.356
165 455.356
166 455.356
167 455.356
168 455.356
169 455.356
170 455.356
171 455.356
172 455.356
173 455.356
174 455.356
175 455.356
176 455.356
177 455.356
178 455.356
179 455.356
180 455.356
181 455.356
182 455.356
183 455.356
184 455.356
185 455.356
186 455.356
187 455.356
188 455.356
189 455.356
190 455.356
191 455.356
192 455.356
193 455.356
194 455.356
195 455.356
196 455.356
197 455.356
198 455.356
199 455.356
200 455.356
201 455.356
202 455.356
203 455.356
204 455.356
205 455.356
206 455.356
207 455.356
208 455.356
209 455.356
210 455.356
211 455.356
212 455.356
213 455.356
214 455.356
215 455.356
216 455.356
217 455.356
218 455.356
219 455.356
220 455.356
221 455.356
222 455.356
223 455.356
224 455.356
225 455.356
226 455.356
227 455.356
228 455.356
229 455.356
230 455.356
231 455.356
232 455.356
233 455.356
234 455.356
235 455.356
236 455.356
237 455.356
238 455.356
239 455.356
240 455.356
241 455.356
242 455.356
243 455.356
244 455.356
245 455.356
246 455.356
247 455.356
248 455.356
249 455.356
250 455.356
251 455.356
252 455.356
253 455.356
254 455.356
255 455.356
256 455.356
257 455.356
258 455.356
259 455.356
260 455.356
261 455.356
262 455.356
263 455.356
264 455.356
265 455.356
266 455.356
267 455.356
268 455.356
269 455.356
270 455.356
271 455.356
272 455.356
273 455.356
274 455.356
275 455.356
276 455.356
277 455.356
278 455.356
279 455.356
280 455.356
281 455.356
282 455.356
283 455.356
284 455.356
285 455.356
286 455.356
287 455.356
288 455.356
289 455.356
290 455.356
291 455.356
292 455.356
293 455.356
294 455.356
295 455.356
296 455.356
297 455.356
298 455.356
299 455.356
300 455.356
301 455.356
302 455.356
303 455.356
304 455.356
305 455.356
306 455.356
307 455.356
308 455.356
309 455.356
310 455.356
311 455.356
312 455.356
313 455.356
314 455.356
315 455.356
316 455.356
317 455.356
318 455.356
319 455.356
320 455.356
321 455.356
322 455.356
323 455.356
324 455.356
325 455.356
326 455.356
327 455.356
328 455.356
329 455.356
330 455.356
331 455.356
332 455.356
333 455.356
334 455.356
335 455.356
336 455.356
337 455.356
338 455.356
339 455.356
340 455.356
341 455.356
342 455.356
343 455.356
344 455.356
345 455.356
346 455.356
347 455.356
348 455.356
349 455.356
350 455.356
351 455.356
352 455.356
353 455.356
354 455.356
355 455.356
356 455.356
357 455.356
358 455.356
359 455.356
360 455.356
361 455.356
362 455.356
363 455.356
364 455.356
365 455.356
366 455.356
367 455.356
368 455.356
369 455.356
370 455.356
371 455.356
372 455.356
373 455.356
374 455.356
375 455.356
376 455.356
377 455.356
378 455.356
379 455.356
380 455.356
381 455.356
382 455.356
383 455.356
384 455.356
385 455.356
386 455.356
387 455.356
388 455.356
389 455.356
390 455.356
391 455.356
392 455.356
393 455.356
394 455.356
395 455.356
396 455.356
397 455.356
398 455.356
399 455.356
400 455.356
401 455.356
402 455.356
403 455.356
404 455.356
405 455.356
406 455.356
407 455.356
408 455.356
409 455.356
410 455.356
411 455.356
412 455.356
413 455.356
414 455.356
415 455.356
416 455.356
417 455.356
418 455.356
419 455.356
420 455.356
421 455.356
422 455.356
423 455.356
424 455.356
425 455.356
426 455.356
427 455.356
428 455.356
429 455.356
430 455.356
431 455.356
432 455.356
433 455.356
434 455.356
435 455.356
436 455.356
437 455.356
438 455.356
439 455.356
440 455.356
441 455.356
442 455.356
443 455.356
444 455.356
445 455.356
446 455.356
447 455.356
448 455.356
449 455.356
450 455.356
451 455.356
452 455.356
453 455.356
454 455.356
455 455.356
456 455.356
457 455.356
458 455.356
459 455.356
460 455.356
461 455.356
462 455.356
463 455.356
464 455.356
465 455.356
466 455.356
467 455.356
468 455.356
469 455.356
470 455.356
471 455.356
472 455.356
473 455.356
474 455.356
475 455.356
476 455.356
477 455.356
478 455.356
479 455.356
480 455.356
481 455.356
482 455.356
483 455.356
484 455.356
485 455.356
486 455.356
487 455.356
488 455.356
489 455.356
490 455.356
491 455.356
492 455.356
493 455.356
494 455.356
495 455.356
496 455.356
497 455.356
498 455.356
499 455.356
500 455.356
501 455.356
502 455.356
503 455.356
504 455.356
505 455.356
506 455.356
507 455.356
508 455.356
509 455.356
510 455.356
511 455.356
512 455.356
513 455.356
514 455.356
515 455.356
516 455.356
517 455.356
518 455.356
519 455.356
520 455.356
521 455.356
522 455.356
523 455.356
524 455.356
525 455.356
526 455.356
527 455.356
528 455.356
529 455.356
530 455.356
531 455.356
532 455.356
533 455.356
534 455.356
535 455.356
536 455.356
537 455.356
538 455.356
539 455.356
540 455.356
541 455.356
542 455.356
543 455.356
544 455.356
545 455.356
546 455.356
547 455.356
548 455.356
549 455.356
550 455.356
551 455.356
552 455.356
553 455.356
554 455.356
555 455.356
556 455.356
557 455.356
558 455.356
559 455.356
560 455.356
561 455.356
562 455.356
563 455.356
564 455.356
565 455.356
566 455.356
567 455.356
568 455.356
569 455.356
570 455.356
571 455.356
572 455.356
573 455.356
574 455.356
575 455.356
576 455.356
577 455.356
578 455.356
579 455.356
580 455.356
581 455.356
582 455.356
583 455.356
584 455.356
585 455.356
586 455.356
587 455.356
588 455.356
589 455.356
590 455.356
591 455.356
592 455.356
593 455.356
594 455.356
595 455.356
596 455.356
597 455.356
598 455.356
599 455.356
600 455.356
601 455.356
602 455.356
603 455.356
604 455.356
605 455.356
606 455.356
607 455.356
608 455.356
609 455.356
610 455.356
611 455.356
612 455.356
613 455.356
614 455.356
615 455.356
616 455.356
617 455.356
618 455.356
619 455.356
620 455.356
621 455.356
622 455.356
623 455.356
624 455.356
625 455.356
626 455.356
627 455.356
628 455.356
629 455.356
630 455.356
631 455.356
632 455.356
633 455.356
634 455.356
635 455.356
636 455.356
637 455.356
638 455.356
639 455.356
640 455.356
641 455.356
642 455.356
643 455.356
644 455.356
645 455.356
646 455.356
647 455.356
648 455.356
649 455.356
650 455.356
651 455.356
652 455.356
653 455.356
654 455.356
655 455.356
656 455.356
657 455.356
658 455.356
659 455.356
660 455.356
661 455.356
662 455.356
663 455.356
664 455.356
665 455.356
666 455.356
667 455.356
668 455.356
669 455.356
670 455.356
671 455.356
672 455.356
673 455.356
674 455.356
675 455.356
676 455.356
677 455.356
678 455.356
679 455.356
680 455.356
681 455.356
682 455.356
683 455.356
684 455.356
685 455.356
686 455.356
687 455.356
688 455.356
689 455.356
690 455.356
691 455.356
692 455.356
693 455.356
694 455.356
695 455.356
696 455.356
697 455.356
698 455.356
699 455.356
700 455.356
701 455.356
702 455.356
703 455.356
704 455.356
705 455.356
706 455.356
707 455.356
708 455.356
709 455.356
710 455.356
711 455.356
712 455.356
713 455.356
714 455.356
715 455.356
716 455.356
717 455.356
718 455.356
719 455.356
720 455.356
721 455.356
722 455.356
723 455.356
724 455.356
725 455.356
726 455.356
727 455.356
728 455.356
729 455.356
730 455.356
731 455.356
732 455.356
733 455.356
734 455.356
735 455.356
736 455.356
737 455.356
738 455.356
739 455.356
740 455.356
741 455.356
742 455.356
743 455.356
744 455.356
745 455.356
746 455.356
747 455.356
748 455.356
749 455.356
750 455.356
751 455.356
752 455.356
753 455.356
754 455.356
755 455.356
756 455.356
757 455.356
758 455.356
759 455.356
760 455.356
761 455.356
762 455.356
763 455.356
764 455.356
765 455.356
766 455.356
767 455.356
768 455.356
769 455.356
770 455.356
771 455.356
772 455.356
773 455.356
774 455.356
775 455.356
776 455.356
777 455.356
778 455.356
779 455.356
780 455.356
781 455.356
782 455.356
783 455.356
784 455.356
785 455.356
786 455.356
787 455.356
788 455.356
789 455.356
790 455.356
791 455.356
792 455.356
793 455.356
794 455.356
795 455.356
796 455.356
797 455.356
798 455.356
799 455.356
800 455.356
801 455.356
802 455.356
803 455.356
804 455.356
805 455.356
806 455.356
807 455.356
808 455.356
809 455.356
810 455.356
811 455.356
812 455.356
813 455.356
814 455.356
815 455.356
816 455.356
817 455.356
818 455.356
819 455.356
820 455.356
821 455.356
822 455.356
823 455.356
824 455.356
825 455.356
826 455.356
827 455.356
828 455.356
829 455.356
830 455.356
831 455.356
832 455.356
833 455.356
834 455.356
835 455.356
836 455.356
837 455.356
838 455.356
839 455.356
840 455.356
841 455.356
842 455.356
843 455.356
844 455.356
845 455.356
846 455.356
847 455.356
848 455.356
849 455.356
850 455.356
851 455.356
852 455.356
853 455.356
854 455.356
855 455.356
856 455.356
857 455.356
858 455.356
859 455.356
860 455.356
861 455.356
862 455.356
863 455.356
864 455.356
865 455.356
866 455.356
867 455.356
868 455.356
869 455.356
870 455.356
871 455.356
872 455.356
873 455.356
874 455.356
875 455.356
876 455.356
877 455.356
878 455.356
879 455.356
880 455.356
881 455.356
882 455.356
883 455.356
884 455.356
885 455.356
886 455.356
887 455.356
888 455.356
889 455.356
890 455.356
891 455.356
892 455.356
893 455.356
894 455.356
895 455.356
896 455.356
897 455.356
898 455.356
899 455.356
900 455.356
901 455.356
902 455.356
903 455.356
904 455.356
905 455.356
906 455.356
907 455.356
908 455.356
909 455.356
910 455.356
911 455.356
912 455.356
913 455.356
914 455.356
915 455.356
916 455.356
917 455.356
918 455.356
919 455.356
920 455.356
921 455.356
922 455.356
923 455.356
924 455.356
925 455.356
926 455.356
927 455.356
928 455.356
929 455.356
930 455.356
931 455.356
932 455.356
933 455.356
934 455.356
935 455.356
936 455.356
937 455.356
938 455.356
939 455.356
940 455.356
941 455.356
942 455.356
943 455.356
944 455.356
945 455.356
946 455.356
947 455.356
948 455.356
949 455.356
950 455.356
951 455.356
952 455.356
953 455.356
954 455.356
955 455.356
956 455.356
957 455.356
958 455.356
959 455.356
960 455.356
961 455.356
962 455.356
963 455.356
964 455.356
965 455.356
966 455.356
967 455.356
968 455.356
969 455.356
970 455.356
971 455.356
972 455.356
973 455.356
974 455.356
975 455.356
976 455.356
977 455.356
978 455.356
979 455.356
980 455.356
981 455.356
982 455.356
983 455.356
984 455.356
985 455.356
986 455.356
987 455.356
988 455.356
989 455.356
990 455.356
991 455.356
992 455.356
993 455.356
994 455.356
995 455.356
996 455.356
997 455.356
998 455.356
999 455.356
1000 455.356
1001 455.356
1002 455.356
1003 455.356
1004 455.356
1005 455.356
1006 455.356
1007 455.356
1008 455.356
1009 455.356
1010 455.356
1011 455.356
1012 455.356
1013 455.356
1014 455.356
1015 455.356
1016 455.356
1017 455.356
1018 455.356
1019 455.356
1020 455.356
1021 455.356
1022 455.356
1023 455.356
