0.0235182 1.02731 0.00510725 
1.10824 0.00147544 0.0012863 
0.00070867 1.76345e-05 1.00025 
1.00142 0.00339025 0.000129539 
4.53076e-05 0.000701362 1.0118 
0.211231 0.932438 0.704697 
0.3657 0.780638 0.676442 
0.990345 0.00395777 0.161211 
1.05004 0.00151298 0.00226418 
0.826381 0.372693 0.53829 
0.957508 0.242972 0.278664 
0.966685 0.0378362 0.291625 
0.343334 0.958228 0.0243271 
0.69257 0.344057 0.721115 
0.404698 0.469668 0.872504 
0.112285 1.00873 0.083954 
0.654148 0.132499 0.763635 
0.588066 0.820368 0.0782363 
0.729365 0.306784 0.666214 
0.817211 0.331704 0.56456 
0.712579 0.612354 0.439605 
0.19984 0.990388 0.0727123 
0.149988 0.142091 0.986723 
0.985189 0.0249533 0.186051 
0.331739 0.977542 0.0184151 
0.61438 0.593288 0.654692 
0.728963 0.550633 0.577064 
0.901179 0.260429 0.400885 
0.287184 0.0794649 0.960441 
0.350886 0.0303443 0.940358 
0.748114 0.526888 0.484045 
0.999279 0.00312062 0.106756 
0.183743 0.0889334 0.98344 
0.388241 0.00894151 0.929391 
0.952045 0.00190883 0.317663 
0.527815 0.224786 0.852027 
0.580812 0.842545 0.0217741 
0.854485 0.0028308 0.524699 
0.676223 0.153595 0.736973 
0.798555 0.515778 0.415494 
0.540985 0.877473 0.00860748 
0.91177 0.498844 0.0614686 
0.778432 0.187924 0.646171 
0.5159 0.392667 0.81867 
0.395759 0.800555 0.615929 
0.502706 0.204204 0.867358 
0.715775 0.573466 0.570089 
0.754755 0.669037 0.036214 
0.48597 0.444939 0.83556 
0.0700117 0.063835 0.997318 
0.640493 0.00311268 0.774526 
0.920105 0.432661 0.053808 
0.843012 0.000648714 0.549021 
0.665815 0.634782 0.437559 
0.479109 0.00270291 0.882005 
0.621901 0.0194732 0.788508 
0.372719 0.900798 0.629712 
0.597583 0.724396 0.499966 
0.452469 0.00202379 0.893617 
0.917128 0.282391 0.355524 
0.807116 0.112671 0.598515 
0.518365 0.892323 0.0436711 
0.562942 0.251397 0.80645 
0.862266 0.537858 0.0102515 
0.983343 0.00171624 0.207913 
0.411089 0.858318 0.588469 
0.651721 0.490853 0.611082 
0.498582 0.290443 0.857329 
0.943999 0.0141056 0.369958 
0.929317 0.404491 0.0146081 
0.653562 0.21813 0.747874 
0.0516407 1.02195 0.00373926 
0.811979 0.586706 0.23351 
0.597583 0.724396 0.492273 
0.430111 0.747061 0.586187 
0.737525 0.00205846 0.688816 
0.947207 0.00297047 0.339797 
0.126356 0.00352245 0.994344 
1.01926 0.00151298 0.00226418 
0.0632653 0.0573246 0.998891 
0.557896 0.689669 0.628889 
0.420864 0.00106693 0.909458 
0.573376 0.675307 0.635068 
0.245896 0.00256205 0.973159 
0.317024 0.0104109 0.955615 
0.895869 0.00190151 0.450467 
0.888556 0.00311819 0.471406 
0.553425 0.348552 0.826749 
0.675515 0.174756 0.738805 
0.876195 0.361733 0.427245 
0.885326 0.418359 0.36473 
0.429557 0.747061 0.586663 
0.413072 0.91781 0.586721 
0.108342 0.194231 0.978276 
0.787951 0.625531 0.00160387 
0.979454 0.00452935 0.228856 
0.525261 0.646005 0.636943 
0.99063 0.165332 0.0698327 
0.926075 0.000725324 0.391043 
0.718189 0.709227 0.00202327 
0.799195 0.102328 0.672627 
0.768052 0.656263 0.00566861 
0.804997 0.272542 0.592895 
0.170117 0.00306444 0.986804 
0.601984 0.0173825 0.801059 
0.0915687 0.0109034 0.99901 
0.262249 0.0125006 0.970734 
0.221325 0.00347627 0.976678 
0.444971 0.0031632 0.901308 
0.969955 0.00165924 0.253554 
0.514557 0.697192 0.608614 
0.764315 0.339055 0.606797 
0.0150936 1.01918 0.00510725 
0.493314 0.415922 0.83556 
0.276166 0.00211843 0.966363 
0.876195 0.361454 0.418986 
0.303749 0.000572017 0.956603 
0.999218 0.00412462 0.104934 
0.971557 0.0021415 0.247219 
0.547875 0.00358618 0.83888 
