1.16944 0.000164967 0.00208921 
0.000121486 1.6704e-05 1.00007 
0.0160729 1.09395 0.144136 
2.74677e-05 0.000145805 1.00022 
1.00026 0.000352342 5.16296e-05 
2.74677e-05 0.000132169 1.00067 
1.02178 0.000164952 0.526049 
1.16944 0.000164967 0.00208936 
0.147118 1.0428 0.269882 
0.190247 1.02034 0.231049 
0.386185 0.917178 0.155876 
0.125994 1.06156 0.313809 
0.752456 0.610208 0.459778 
0.488983 0.754508 0.648807 
0.853555 0.462257 0.386887 
0.49568 0.88342 0.174751 
0.372653 0.975319 0.0145899 
0.866277 0.295097 0.492557 
0.521323 0.0796358 0.853699 
0.62835 0.5784 0.638463 
0.136321 1.07517 0.283989 
0.744363 0.69049 0.0445817 
0.905541 0.344157 0.420138 
0.935872 0.000338456 0.355923 
0.0653527 0.0489621 0.997076 
0.162084 1.03782 0.207369 
0.874455 0.39907 0.451468 
0.827364 0.416777 0.476302 
0.797 0.167148 0.592549 
0.991763 0.120281 0.0803259 
0.943345 0.000170531 0.332378 
0.563499 0.838763 0.167081 
0.296743 0.200224 0.937837 
0.70169 0.362477 0.68726 
0.819682 0.317719 0.52522 
0.629808 0.788216 0.198 
0.405589 0.947957 0.00886838 
0.652147 0.337137 0.729753 
0.365923 0.525811 0.857927 
0.893745 0.472748 0.0690633 
0.355209 0.535441 0.834054 
0.772551 0.50054 0.505543 
0.110785 0.09546 0.993734 
0.255254 1.02911 0.0396363 
0.954428 0.039087 0.299559 
0.975096 0.000593355 0.233317 
0.549238 0.224874 0.818984 
0.324514 0.684024 0.872084 
0.473161 0.00164437 0.881912 
0.779964 0.637626 0.00152617 
0.446057 0.020544 0.89606 
0.318276 0.955918 0.139042 
0.58733 0.662046 0.54077 
0.618223 0.797497 0.205248 
0.511525 0.876532 0.0352418 
0.633576 0.817456 0.0202082 
0.992827 0.0100258 0.12109 
0.19749 0.283368 0.982156 
0.536286 0.852334 0.00757371 
0.271852 0.000854199 0.963189 
0.80275 0.439442 0.509406 
0.75964 0.0239894 0.657143 
0.645403 0.176385 0.764263 
0.994995 0.039087 0.102873 
0.692441 0.511149 0.54933 
0.568196 0.675116 0.563339 
0.39893 0.448789 0.847684 
0.234303 0.000782429 0.973953 
0.845531 0.546132 0.0264916 
0.51107 0.707545 0.695867 
0.456785 0.399009 0.831373 
0.703086 0.423901 0.608221 
0.901245 0.0205455 0.435805 
0.536721 0.143092 0.841853 
0.172818 1.02356 0.191701 
0.286874 0.965652 0.140679 
0.641212 0.556977 0.632149 
0.838659 0.371203 0.465541 
0.580742 0.651774 0.66719 
0.659248 0.090879 0.767867 
0.636212 0.00590371 0.781062 
0.7192 0.726424 0.0219718 
0.984694 0.0383233 0.18592 
0.787064 0.00806911 0.619445 
0.671226 0.384578 0.715211 
0.97621 0.237664 0.0746362 
0.0263433 0.00161527 0.999838 
0.335373 0.00118607 0.943048 
0.676305 0.261897 0.719728 
0.0865992 0.000666719 0.997114 
0.810303 0.291347 0.574623 
0.914243 0.00285052 0.406908 
0.572958 0.154859 0.813772 
0.559838 0.214396 0.825406 
0.687326 0.260589 0.705526 
0.390219 0.000464148 0.920933 
0.217218 0.000466417 0.976301 
0.830897 0.274326 0.556758 
0.64166 0.323831 0.746376 
0.306737 0.000253083 0.951977 
0.436177 0.426259 0.811643 
0.737772 0.187521 0.66319 
0.603071 0.469902 0.747655 
0.713583 0.0973683 0.700955 
0.919854 0.000729921 0.394688 
0.805905 0.207965 0.582394 
0.383473 0.485949 0.803626 
0.0621799 0.000299325 0.998805 
0.599368 0.000223274 0.800717 
0.657728 0.567926 0.533302 
0.417473 0.00161533 0.908951 
0.837398 0.248823 0.552265 
0.611672 0.735667 0.536224 
0.730707 0.710316 0.0217122 
0.737125 0.28469 0.671911 
0.989796 0.133338 0.0800634 
0.71279 0.742094 0.0130494 
0.960122 0.00017366 0.282339 
0.429598 0.0044457 0.906053 
0.93481 0.384362 0.00619907 
