0.000979906 2.79822e-05 1.00121 
4.06229e-05 0.00759328 1.00333 
0.000960593 0.000259211 1.08342 
0.697563 1.05184 0.00286371 
1.00364 0.00255022 4.61361e-05 
1.00901 0.00191916 0.00400738 
0.26884 0.239691 0.964063 
0.981935 0.243053 0.0652203 
0.959419 0.283828 0.163988 
0.400944 0.927899 0.129226 
0.461107 0.851549 0.514701 
0.514127 0.910405 0.174445 
0.571479 0.885324 0.0217674 
0.994305 0.158625 0.144607 
0.000954922 0.000259211 1.0259 
0.957193 0.0740586 0.295947 
0.290237 0.790027 0.598681 
0.0146013 0.999951 0.125825 
0.32758 0.609038 0.879354 
0.118104 1.01652 0.116641 
0.623879 0.11249 0.790075 
0.855856 0.319508 0.455538 
0.848433 0.202436 0.547135 
0.137547 0.975727 0.206609 
0.52804 0.765738 0.577417 
0.0608842 0.0579227 0.998557 
0.473679 0.667672 0.58964 
0.812241 0.367322 0.541879 
0.70892 0.680405 0.35724 
0.188197 1.03286 0.112997 
0.239819 0.845897 0.619908 
0.87408 0.306643 0.498738 
0.202121 0.960674 0.261807 
0.340776 0.570029 0.834252 
0.75639 0.183449 0.682829 
0.545727 0.84098 0.483064 
0.743342 0.555132 0.446562 
0.99759 0.020426 0.100747 
0.558513 0.757401 0.425697 
0.99192 0.346502 0.0597719 
0.644841 0.806077 0.00873537 
0.308286 0.136964 0.957642 
0.721895 0.433101 0.553459 
0.227055 0.0242804 0.977109 
0.754866 0.297397 0.65042 
0.831904 0.583657 0.0158355 
0.185185 0.990797 0.194137 
0.905914 0.44754 0.0318213 
0.371675 0.517737 0.806649 
0.640378 0.000277913 0.769163 
0.418063 0.705189 0.675208 
0.654947 0.735497 0.342559 
0.668171 0.697323 0.41208 
0.682741 0.500119 0.614561 
0.43726 0.0492877 0.90458 
0.504288 0.396531 0.804026 
0.493959 0.647883 0.589853 
0.927132 0.138293 0.381026 
0.693682 0.0295845 0.729892 
0.518008 0.000310194 0.857629 
0.540994 0.526347 0.703629 
0.14917 0.0171361 0.990784 
0.762864 0.360296 0.627317 
0.948985 0.000682333 0.316377 
0.102595 0.0424664 0.995086 
0.548486 0.52526 0.70598 
0.412293 0.0960365 0.91401 
0.0840343 0.982838 0.213247 
0.590275 0.742228 0.431499 
0.851342 0.455571 0.374447 
0.784954 0.578478 0.366423 
0.450765 0.696567 0.594221 
0.791945 0.625111 0.0109447 
0.803457 0.629252 0.00333817 
0.170569 0.0011095 0.987032 
0.934861 0.0610033 0.392404 
0.0722522 1.00401 0.125702 
0.351106 0.542012 0.82641 
0.862437 0.538891 0.048999 
0.94423 0.00532744 0.331873 
0.37949 0.000857245 0.930334 
0.582457 0.399745 0.755674 
0.202542 0.960674 0.223904 
0.962546 0.000999731 0.272774 
0.20554 0.0456009 0.984518 
0.429237 0.721639 0.600991 
0.976489 0.410934 0.00878166 
0.604205 0.544971 0.607128 
0.776051 0.106247 0.640593 
0.392999 0.00483244 0.92192 
0.900578 0.0935194 0.442205 
0.843107 0.352808 0.46992 
0.933282 0.380794 0.0303006 
0.972772 0.000850864 0.238043 
0.580379 0.0860328 0.830345 
0.567591 0.56518 0.669171 
0.725831 0.000603263 0.688195 
0.354493 0.00250317 0.943012 
0.821735 0.0546697 0.573362 
0.862196 0.126399 0.550901 
0.495008 0.0134666 0.869855 
0.922008 0.0376723 0.397851 
0.770367 0.0531748 0.664862 
0.0869635 0.992263 0.122582 
0.611736 0.0253708 0.793873 
0.921933 0.403065 0.029196 
0.690106 0.482053 0.601841 
0.67377 0.000249378 0.739359 
0.690106 0.472652 0.601841 
0.457629 0.00253643 0.891065 
0.587319 0.725035 0.508744 
0.838985 0.0271734 0.563264 
0.890354 0.0026389 0.472274 
0.322137 0.000592813 0.946836 
0.967994 0.0013741 0.255393 
0.656248 0.796092 0.00751649 
0.672856 0.505171 0.640536 
0.71436 0.723865 0.0443768 
0.596145 0.515389 0.687339 
0.487425 0.05466 0.87526 
