9.45972e-05 8.46051e-05 1.00032 
0.000117833 5.61348e-05 1.04216 
1.11174 0.00204819 0.00163875 
0.0158703 1.03336 0.0156402 
0.951949 0.311038 0.000256329 
0.00206389 5.26821e-05 1.00411 
0.852262 0.585989 0.11589 
0.208669 0.940623 0.736608 
0.809597 0.104567 0.607619 
0.988589 0.160732 0.0800034 
0.876945 0.279568 0.478763 
0.757083 0.694999 0.124295 
0.687253 0.770477 0.0733358 
0.513408 0.831737 0.320345 
0.795286 0.395706 0.573574 
0.961177 0.0700241 0.282144 
0.436776 0.896444 0.342743 
0.730698 0.679663 0.238769 
1.07763 0.00204645 0.258205 
0.0579334 1.00203 0.440154 
0.492874 0.642701 0.626332 
0.280904 0.534644 0.819951 
0.385735 0.478453 0.84124 
1.0139 0.00598506 0.151408 
0.674019 0.031376 0.759677 
0.890029 0.370872 0.354309 
0.633262 0.744324 0.298084 
0.583449 0.779399 0.380367 
0.137988 0.086955 0.994065 
0.257167 0.95372 0.400561 
0.848763 0.331715 0.552065 
0.734819 0.663245 0.202248 
0.34617 0.4938 0.8343 
1.02313 0.0142085 0.000634301 
0.304824 0.133123 0.954678 
0.607013 0.484789 0.644052 
0.365347 0.599703 0.751039 
0.161093 0.0949288 0.988463 
0.414895 0.966873 0.0586327 
0.831045 0.438672 0.423584 
0.473496 0.849329 0.311165 
0.539995 0.868023 0.0480545 
0.398823 0.0118921 0.927334 
0.179558 0.977766 0.160303 
0.446099 0.514293 0.797574 
0.934755 0.431226 0.0444301 
0.821811 0.353629 0.527051 
0.315015 0.920497 0.390949 
0.0244786 1.02299 0.171848 
0.819585 0.0521292 0.598954 
0.7671 0.656364 0.188226 
0.526816 0.528956 0.707187 
0.991724 0.175117 0.0101421 
0.192317 0.578238 0.860549 
0.72736 0.208725 0.687707 
0.559728 0.794853 0.29238 
0.225696 0.964282 0.488159 
0.870164 0.325842 0.458329 
0.912478 0.449346 0.0337932 
0.592263 0.247778 0.808988 
0.706448 0.619634 0.448099 
0.0897435 0.988448 0.178743 
0.944763 0.380119 0.183591 
0.648069 0.433746 0.696706 
0.311285 0.919136 0.500847 
0.242614 0.14359 0.96891 
0.240951 0.561041 0.868722 
0.111702 0.403394 0.996172 
0.545946 0.241429 0.855863 
0.422248 0.04902 0.923693 
0.90506 0.296678 0.444894 
0.064462 1.00604 0.170482 
0.629021 0.450171 0.724673 
0.553325 0.609118 0.620484 
0.709051 0.571941 0.58398 
0.265819 0.214553 0.961616 
0.559504 0.811896 0.41054 
0.573931 0.307783 0.790809 
0.333686 0.421264 0.898332 
0.462417 0.879533 0.359621 
0.522029 0.266125 0.847849 
0.723225 0.319723 0.67803 
0.227583 0.0189277 0.978595 
0.662647 0.774572 0.0266905 
0.481076 0.462375 0.780661 
0.341928 0.712656 0.663508 
0.994259 0.150981 0.00894591 
0.486918 0.457132 0.780028 
0.976944 0.0151602 0.221128 
0.865966 0.555857 0.0189254 
0.797232 0.627292 0.0109176 
1.07763 0.00166562 0.258413 
0.966432 0.0064279 0.266977 
0.336043 0.891407 0.430287 
0.124645 0.602758 0.884262 
0.680821 0.741112 0.223909 
0.449212 0.571455 0.741525 
0.326846 0.721896 0.684259 
0.433141 0.00916265 0.910349 
0.464463 0.918648 0.0308687 
0.330941 0.728439 0.670267 
0.29582 0.221945 0.950907 
0.748486 0.34287 0.650214 
0.756164 0.412279 0.545578 
0.000117833 5.61348e-05 1.04187 
0.50395 0.543246 0.691608 
0.356181 0.401472 0.887479 
0.745892 0.546111 0.538117 
0.296367 0.219781 0.950778 
0.529639 0.253559 0.850053 
0.564328 0.845638 0.00287874 
0.51489 0.35745 0.801523 
0.426504 0.348814 0.880679 
0.774872 0.0159884 0.649197 
0.618433 0.813204 0.223432 
0.172554 0.0279663 0.989756 
0.739388 0.299207 0.662429 
0.621207 0.741509 0.362758 
1.1111 0.00204819 0.00157435 
0.0789541 1.01941 0.0091914 
