0.00112955 1.05881 0.265557 
1.00014 9.02528e-05 5.06621e-05 
9.30791e-06 1.21644e-05 1.00022 
3.74775e-05 8.97286e-06 1.00017 
0.104752 0.0636086 0.994116 
0.871021 0.0110843 0.493892 
0.6796 0.605541 0.512975 
0.615301 0.788988 0.223714 
0.740416 0.316319 0.634935 
0.182819 0.982322 0.158 
0.0889758 1.02676 0.0576306 
0.0610773 0.00224075 0.999095 
0.29811 0.206402 0.945644 
0.57469 0.832875 0.00460326 
0.708726 0.423354 0.612629 
0.982151 0.00036645 0.191084 
0.23809 1.00202 0.0157348 
0.532132 0.847616 0.137832 
0.882104 0.302374 0.438302 
0.560321 0.253718 0.823827 
0.326099 0.151596 0.939896 
0.693784 0.595128 0.473099 
0.786116 0.369898 0.562776 
0.868884 0.446866 0.362347 
0.458694 0.892143 0.128819 
0.945418 0.232833 0.318868 
0.0225133 1.03717 0.0689213 
0.56763 0.813103 0.235185 
0.475019 0.0955568 0.882437 
0.926531 0.00842831 0.377023 
0.763079 0.665733 0.0718122 
0.73507 0.000305409 0.678733 
0.796159 0.312157 0.546354 
0.0273606 1.03262 0.0623918 
0.90207 0.466381 0.018759 
0.289195 0.128027 0.96529 
0.656172 0.766409 0.00396842 
0.751624 0.000274933 0.660189 
0.386842 0.489063 0.856785 
0.849203 0.40627 0.412653 
0.501876 0.357026 0.812204 
0.65828 0.72885 0.256433 
0.407422 0.441124 0.828638 
0.606408 0.00182533 0.795702 
0.831745 0.564525 0.0141447 
0.993827 0.000135316 0.112202 
0.262583 0.169533 0.956757 
0.978289 0.000674079 0.208855 
0.809786 0.28703 0.57002 
0.905354 0.305077 0.334429 
0.466983 0.88342 0.120565 
0.00125167 1.05881 0.265557 
0.755295 0.627962 0.246667 
0.607764 0.270099 0.784664 
0.373239 0.539029 0.904497 
0.646062 0.00044301 0.763466 
0.637654 0.746173 0.226052 
0.819821 0.384902 0.486417 
0.54109 0.228481 0.832034 
0.419215 0.916301 0.141552 
0.378997 0.49825 0.864095 
0.270158 0.138969 0.961621 
0.447472 0.908053 0.027261 
0.543384 0.112796 0.841749 
0.844085 0.31058 0.528993 
0.193488 0.0846779 0.978935 
0.143637 0.10455 0.985395 
0.56448 0.868549 0.0478757 
0.117259 1.01521 0.0404918 
0.127678 1.01242 0.0361884 
0.700068 0.000335237 0.714771 
0.685876 0.00343007 0.729124 
0.441974 0.937908 0.0315124 
0.938088 0.000355463 0.34799 
0.99676 0.000363711 0.083715 
0.858071 0.378393 0.419209 
0.396683 0.00239629 0.919163 
0.257768 0.97158 0.146879 
0.664562 0.000479392 0.7478 
0.348214 0.000415836 0.937734 
0.958357 8.81925e-05 0.286083 
0.920028 0.00239387 0.39403 
0.509713 0.872731 0.252491 
0.547261 0.820289 0.22926 
0.756734 0.679626 0.0130756 
0.481199 0.394211 0.802713 
0.308299 0.186731 0.941624 
0.280939 0.964303 0.14307 
0.893137 0.000654029 0.450622 
0.627317 0.00182589 0.779322 
0.363623 0.000376907 0.931873 
0.916799 0.288902 0.297037 
0.803351 0.00060119 0.596182 
0.839744 0.553041 0.0647793 
0.209024 0.977811 0.152623 
0.224957 0.000227361 0.974644 
0.902323 0.335214 0.292028 
0.719992 0.702849 0.00279929 
0.498924 0.239271 0.858804 
0.770585 0.28031 0.603892 
0.719124 0.00343523 0.696337 
0.863295 0.525491 0.00826741 
0.157063 0.0678001 0.99407 
0.813191 0.583945 0.0123303 
0.892707 0.378059 0.306398 
0.440082 0.000245694 0.898301 
0.318848 0.180965 0.950232 
0.876391 0.510556 0.00650028 
0.776224 0.649959 0.010884 
0.964442 0.402655 0.0220362 
0.745055 0.346565 0.599333 
0.177169 0.0756189 0.986964 
0.523435 0.000299225 0.852526 
0.669494 0.739123 0.151832 
0.312914 0.94902 0.142904 
0.423435 0.00339048 0.907193 
0.486397 0.000536992 0.87413 
0.718409 0.704934 0.00289348 
0.778097 0.63568 0.153119 
0.166307 0.0824668 0.98436 
