0.293536 1.30016 0.182043 
0.000891021 4.77571e-06 1.00032 
1.0025 0.000564757 0.00080926 
0.793875 0.608591 3.0008e-05 
5.57198e-05 0.000199989 1.00067 
0.000568279 0.000185616 2.1886 
0.000568279 0.000185616 1.56213 
0.000568279 0.000185616 1.18753 
0.0190095 1.10967 0.347864 
0.143921 1.05676 0.32587 
0.000568279 0.000185616 1.06814 
0.989881 0.0940245 0.151617 
0.374197 0.128677 0.930124 
0.659294 0.775172 0.373528 
0.627026 0.855695 0.0566998 
0.593973 0.897011 0.0279424 
0.569796 0.800406 0.283065 
0.586324 0.913267 0.0806647 
0.846887 0.456794 0.421676 
0.118578 1.07328 0.337311 
0.886033 0.421599 0.308986 
0.166453 1.0346 0.305175 
0.564478 0.199791 0.819843 
0.054371 1.08966 0.342859 
0.650786 0.838587 0.0499505 
0.891803 0.258618 0.449704 
0.125447 0.0833723 0.989704 
0.859496 0.174858 0.523339 
0.506496 0.939775 0.0299131 
0.769763 0.554349 0.392561 
0.610642 0.0486075 0.792602 
0.409496 0.142603 0.919317 
0.55361 0.687819 0.657248 
0.445799 0.165512 0.896965 
0.253142 0.00227813 0.967899 
0.31871 0.973703 0.299579 
0.199749 0.0665758 0.978273 
0.275105 0.00066709 0.96192 
0.831076 0.360929 0.543956 
0.97566 0.00676922 0.228526 
0.39845 0.275891 0.911258 
0.0672783 0.000327042 0.998322 
0.181508 1.02328 0.287982 
0.780954 0.523081 0.411463 
0.100886 0.0334417 0.994778 
0.762225 0.228618 0.646712 
0.532315 0.59367 0.694141 
0.707015 0.235363 0.728554 
0.915471 0.488186 0.0159751 
0.667686 0.271213 0.720935 
0.414173 0.996799 0.0253083 
0.836315 0.25128 0.517008 
0.450664 0.638234 0.750212 
0.6995 0.724923 0.00419612 
0.582444 0.312391 0.779294 
0.600579 0.545561 0.682677 
0.755395 0.403937 0.62109 
0.871592 0.25344 0.463666 
0.616296 0.4736 0.675395 
0.33762 0.962115 0.30063 
0.458592 0.356792 0.856944 
0.205063 0.0592413 0.98005 
0.234633 1.00106 0.28246 
0.347696 1.0042 0.276585 
0.993969 0.000564773 0.128791 
0.427429 0.390836 0.881484 
0.722152 0.463247 0.603048 
0.713123 0.709847 0.00539224 
0.908968 0.00510526 0.426656 
0.982099 0.00379253 0.190375 
0.0387146 0.00251576 0.999707 
0.748865 0.666574 0.0101105 
0.515278 0.296307 0.813187 
0.969955 0.0117553 0.253756 
0.466516 0.0251877 0.892083 
0.629518 0.849237 0.0442121 
0.826583 0.385889 0.499899 
0.522087 0.643949 0.70927 
0.783125 0.622973 0.0127571 
0.745021 0.217905 0.651974 
0.358205 0.000516652 0.937141 
0.690139 0.290802 0.709073 
0.797766 0.566488 0.279422 
0.481257 0.280962 0.866122 
0.0176479 1.10119 0.347864 
0.792767 0.587057 0.260118 
0.925562 0.398562 0.323632 
0.434483 0.372679 0.845408 
0.0962516 0.000656352 0.995762 
0.960986 0.291193 0.175627 
0.678287 0.745705 0.00781387 
0.171638 1.02219 0.295763 
0.730918 0.696989 0.0244375 
0.739829 0.656088 0.276049 
0.819386 0.000644895 0.574089 
0.219136 1.00157 0.281722 
0.857222 0.512789 0.302642 
0.702664 0.534172 0.596291 
0.496461 0.954689 0.308659 
0.811892 0.00648616 0.58524 
0.999735 0.00510572 0.0905409 
0.875952 0.0168226 0.488014 
0.539567 0.574476 0.692214 
0.000568279 0.000185616 1.03239 
0.735763 0.411937 0.611275 
0.475446 0.335994 0.843148 
0.304836 0.00228669 0.954381 
0.935032 0.00653057 0.356772 
0.501967 0.323807 0.837508 
0.383146 0.000706821 0.925857 
0.876149 0.498953 0.00657666 
0.64094 0.00647091 0.768673 
0.651909 0.787323 0.0132837 
0.488571 0.302737 0.845303 
0.678287 0.744733 0.00781387 
0.952949 0.3247 0.00311564 
0.324305 0.00161982 0.950613 
0.542605 0.376184 0.76965 
0.559102 0.34309 0.776832 
0.619331 0.34081 0.753669 
