0.123435 1.38069 0.464376 
0.942625 0.334547 5.35143e-05 
1.00617 0.00161768 0.000464908 
0.00519554 6.3616e-05 1.00066 
5.77049e-05 0.000201554 1.05144 
1.96548e-05 0.000327936 1.00201 
0.30291 0.991333 0.402592 
0.263291 1.07386 0.406251 
0.180045 1.2398 0.390032 
0.0730177 0.00228245 0.999533 
0.210571 1.14401 0.426593 
0.159465 1.29808 0.487888 
0.191911 1.18608 0.414774 
0.738281 0.544815 0.510653 
0.695377 0.681277 0.49117 
0.141263 1.3213 0.455465 
0.124811 1.36186 0.468917 
0.857551 0.481745 0.259577 
0.489979 0.366867 0.87973 
0.207599 1.2283 0.389245 
0.384688 0.195877 0.914038 
0.881039 0.448929 0.225828 
0.465452 0.384138 0.841889 
0.969864 0.254848 0.165067 
0.586041 0.17643 0.80323 
0.503253 0.285394 0.863411 
0.403094 0.204705 0.903124 
0.620478 0.792819 0.303891 
0.553731 0.833829 0.790469 
0.664838 0.705641 0.279125 
0.635765 0.772473 0.354228 
0.792765 0.651605 0.0428487 
0.672446 0.87305 0.0652448 
0.230819 1.16891 0.415273 
0.687378 0.34075 0.728227 
0.356143 0.988026 0.375821 
0.25689 1.09265 0.465659 
0.994712 0.00178623 0.202623 
0.460481 0.947101 0.379871 
0.0972237 0.00217546 0.997711 
0.707639 0.664851 0.2741 
0.814798 0.0154679 0.593858 
0.432126 0.220893 0.899 
0.679271 0.296238 0.743278 
0.601729 0.908469 0.0795947 
0.844075 0.563671 0.120486 
0.742342 0.00158145 0.677454 
0.000305497 0.000179733 1.01096 
0.121472 0.0675726 0.994438 
0.331061 0.972975 0.384004 
0.786106 0.0172743 0.626651 
0.733105 0.0071636 0.698752 
0.594221 0.0975957 0.825213 
0.998925 0.0832171 0.136479 
0.140775 0.112949 0.988463 
0.977603 0.234264 0.0945448 
0.314985 1.0881 0.346297 
0.907034 0.40707 0.442796 
0.283624 0.0190263 0.961388 
0.323344 0.245181 0.949763 
0.864928 0.424139 0.526117 
0.952516 0.317758 0.0838553 
0.763773 0.00983789 0.654253 
0.421977 0.156107 0.918789 
0.71682 0.612467 0.448853 
0.520399 0.273682 0.857919 
0.536003 0.929793 0.3018 
0.611026 0.451584 0.723738 
0.769059 0.130022 0.64392 
0.251824 0.16846 0.965413 
0.887707 0.505476 0.0534202 
0.82602 0.00345312 0.57289 
0.61717 0.900649 0.10416 
0.543922 0.883343 0.297128 
0.954227 0.0129622 0.328091 
0.872521 0.489166 0.244901 
0.799624 0.00361294 0.610206 
0.642575 0.757513 0.288922 
0.708556 0.835338 0.0201211 
0.440819 0.137932 0.930016 
0.56353 0.00217888 0.83042 
0.896708 0.37236 0.476615 
0.88807 0.0530419 0.545566 
0.995623 0.103861 0.181493 
0.754527 0.728001 0.0310748 
0.152603 1.30365 0.471397 
0.237922 0.0394317 0.974244 
0.933895 0.300557 0.238306 
0.873091 0.520476 0.00711727 
0.342767 0.0416924 0.957573 
0.913036 0.432349 0.0335294 
0.651637 0.721091 0.284437 
0.902855 0.464383 0.0136678 
0.995623 0.128754 0.145181 
0.719835 0.0083971 0.707864 
0.942179 0.281945 0.31959 
0.803297 0.628205 0.0112756 
0.982417 0.202815 0.170527 
0.747403 0.747093 0.0247624 
0.329978 1.08741 0.366085 
0.837483 0.00267391 0.570462 
0.924219 0.0469187 0.437767 
0.845213 0.00869013 0.552287 
0.674398 0.0143617 0.7619 
0.919066 0.423184 0.06819 
0.804205 0.816694 0.000155559 
0.810376 0.589511 0.000108315 
0.71249 0.0593783 0.758891 
0.776826 0.513032 0.461343 
0.417989 0.0080038 0.937138 
0.482432 0.0194578 0.885892 
0.373763 0.00807243 0.932644 
0.450521 0.100605 0.925994 
0.221313 0.0138216 0.977968 
1.00052 0.0291538 0.113142 
0.52042 0.253674 0.853105 
0.649217 0.0218247 0.807222 
0.549053 0.304272 0.837078 
0.627911 0.0240301 0.795251 
0.865886 0.57607 0.0255473 
