0.0123006 1.00193 0.00752111 
1.00044 0.000163036 8.43005e-05 
0.974571 0.231354 3.26446e-05 
0.000206155 2.17463e-05 1.00011 
6.06846e-05 0.000481579 1.00117 
0.475242 0.904432 0.00608238 
0.281965 0.968883 0.0810146 
0.268776 0.990282 0.179545 
0.53039 0.865201 0.110542 
0.423568 0.95626 0.180279 
0.929095 0.0507204 0.372888 
0.486776 0.887786 0.127662 
0.825705 0.033559 0.570308 
0.0404206 0.00101032 0.99936 
0.850909 0.534035 0.139586 
0.663023 0.728776 0.460024 
0.734186 0.572734 0.525777 
0.0817446 0.0631928 0.996475 
0.545517 0.258787 0.816455 
0.999487 0.0831709 0.0529318 
0.71955 0.614721 0.428324 
0.648314 0.501556 0.646193 
0.799802 0.560169 0.228608 
0.753961 0.648625 0.134676 
0.357913 0.0126856 0.93558 
0.617071 0.826495 0.0032908 
0.90183 0.442435 0.200111 
0.987641 0.0101336 0.158956 
0.198405 0.118821 0.976177 
0.936201 0.017763 0.354373 
0.253034 0.201186 0.963001 
0.705416 0.456886 0.610959 
0.448914 0.182703 0.892489 
0.667423 0.514194 0.602102 
0.894889 0.467979 0.260734 
0.395486 0.121085 0.926061 
0.628571 0.789247 0.0106473 
0.624644 0.786383 0.514492 
0.805835 0.484868 0.545766 
0.544654 0.236143 0.829742 
0.658068 0.767522 0.00607457 
0.508574 0.271411 0.858998 
0.817181 0.0172523 0.57869 
0.581143 0.305326 0.781235 
0.563599 0.834706 0.00147023 
0.788116 0.589905 0.214486 
0.595998 0.354475 0.743096 
0.831732 0.383672 0.502362 
0.920708 0.00267071 0.391548 
0.866057 0.286432 0.488367 
0.227164 0.00231818 0.975912 
0.376087 0.160185 0.91911 
0.775793 0.599409 0.24843 
0.496004 0.298802 0.849442 
0.607634 0.339683 0.756282 
0.523015 0.215933 0.838635 
0.64006 0.166443 0.761689 
0.300934 0.155274 0.946838 
0.999487 0.10398 0.0528885 
0.91344 0.00300849 0.40963 
0.456374 0.401347 0.851549 
0.290948 0.148681 0.953434 
0.808901 0.466405 0.552828 
0.334464 0.00287549 0.942769 
0.94764 0.00978384 0.320677 
0.71936 0.697895 0.0051972 
0.6712 0.74732 0.00511097 
0.953781 0.00277667 0.305127 
0.941492 0.000202576 0.338389 
0.422602 0.198081 0.903899 
0.702719 0.715938 0.00256901 
0.437164 0.137845 0.89636 
0.909737 0.430147 0.0156616 
0.691619 0.0026124 0.72479 
0.770127 0.612389 0.234394 
0.839769 0.327591 0.489537 
0.10631 0.000334494 0.994913 
0.712899 0.364292 0.657875 
0.487435 0.00203991 0.873616 
0.156749 0.00226608 0.98971 
0.123291 0.00311106 0.993758 
0.571751 0.319295 0.785742 
0.877781 0.518996 0.0311702 
0.507004 0.36907 0.806735 
0.412126 0.00178415 0.911462 
0.963145 0.00062214 0.274279 
0.746055 0.0019879 0.67134 
0.797635 0.656588 0.0439492 
0.996052 0.00272432 0.0957382 
0.880396 0.00182006 0.475081 
0.958632 0.00160397 0.286212 
0.729353 0.00172634 0.689151 
0.743639 0.677294 0.00849776 
0.445959 0.417003 0.850778 
0.69226 0.390147 0.652555 
0.322563 0.00111994 0.948371 
0.559606 0.350777 0.797838 
0.674269 0.672266 0.431729 
0.0828287 0.0574065 0.996951 
0.869983 0.530517 0.0174899 
0.244327 0.000351375 0.970703 
0.783101 0.659155 0.0333233 
0.847836 0.312427 0.483521 
0.18754 0.00922209 0.982953 
0.673008 0.481606 0.697213 
0.175753 0.00033628 0.985105 
0.139725 0.0011324 0.991759 
0.426401 0.173301 0.896396 
0.385568 0.141544 0.924129 
0.580338 0.375557 0.749532 
0.786962 0.585322 0.238836 
0.67835 0.001142 0.736617 
0.517116 0.347122 0.826467 
0.896546 0.000527597 0.444815 
0.709402 0.00262364 0.707353 
0.757885 0.403269 0.633063 
0.529151 0.403459 0.792103 
0.634142 0.218922 0.75953 
0.511419 0.866966 0.00251853 
0.838839 0.530823 0.189716 
