1.00028 0.000194721 2.29516e-05 
0.0416355 1.03455 0.00842601 
0.0617795 1.38758e-05 0.998232 
6.00799e-05 0.000169766 1.00011 
0.000290723 1.4082e-05 1.00024 
0.732709 0.074336 0.684036 
0.822788 0.0139817 0.572522 
0.535339 0.848321 0.347675 
0.214597 0.12032 0.977318 
0.230244 0.971534 0.296239 
0.205302 1.02149 0.0681627 
0.75819 0.460512 0.492223 
0.871785 0.320425 0.479586 
0.694317 0.490501 0.592907 
0.812363 0.344867 0.557104 
0.197547 0.14726 0.973952 
0.611176 0.503171 0.652775 
0.224933 0.998517 0.0273967 
0.520481 0.681517 0.624284 
0.895092 0.00166299 0.447782 
0.717419 0.400691 0.611905 
0.700568 0.547129 0.528271 
0.454657 0.902054 0.218829 
0.714406 0.562566 0.506782 
0.501453 0.883187 0.164512 
0.709051 0.691708 0.251023 
0.772313 0.611705 0.332196 
0.947015 0.000197067 0.322044 
0.632976 0.725792 0.373653 
0.449065 0.918869 0.20408 
0.0771353 0.0497851 0.996671 
0.401384 0.44722 0.827952 
0.146656 0.000636775 0.989623 
0.32517 0.960977 0.0357134 
0.983207 0.0139101 0.184462 
0.766471 0.705253 0.0582425 
0.337305 0.252006 0.920038 
0.465845 0.221482 0.869186 
0.123255 1.38764e-05 0.992508 
0.483776 0.228436 0.857061 
0.959432 0.304154 0.00292578 
0.650959 0.479978 0.639841 
0.290886 0.18658 0.942082 
0.243468 0.131358 0.966913 
0.66955 0.748786 0.144455 
0.831792 0.574394 0.235711 
0.856232 0.520294 0.21116 
0.35734 0.631648 0.907313 
0.552389 0.828839 0.402028 
0.36618 0.333207 0.912427 
0.255326 0.178601 0.962023 
0.0985564 0.000139044 0.995337 
0.923356 0.363623 0.170768 
0.786912 0.649769 0.127013 
0.416867 0.276857 0.877239 
0.745601 0.577806 0.381584 
0.407747 0.894686 0.286545 
0.659751 0.327323 0.710879 
0.877741 0.294899 0.433898 
0.888413 0.262038 0.436157 
0.237326 0.165677 0.965814 
0.591829 0.287506 0.795267 
0.933026 0.434064 0.0305718 
0.56 0.314773 0.776234 
0.264199 0.941759 0.276389 
0.804822 0.638037 0.0425214 
0.509056 0.237111 0.841323 
0.533787 0.353831 0.786474 
0.490017 0.381367 0.82477 
0.470336 0.384717 0.818621 
0.647862 0.760125 0.155409 
0.907795 0.000163552 0.420148 
0.842056 0.000386264 0.540313 
0.587138 0.209444 0.811188 
0.67904 0.780947 0.0209852 
0.642711 0.795957 0.178342 
0.264199 0.941759 0.276389 
0.280111 0.182322 0.951947 
0.774679 0.668482 0.0501112 
0.319597 0.927808 0.292343 
0.0193932 0.000196051 1.00001 
0.994727 1.3885e-05 0.103358 
0.691658 0.00016899 0.722554 
0.565112 0.81693 0.365778 
0.722715 0.000531559 0.696161 
0.782367 0.601323 0.242058 
0.675107 0.000302137 0.738616 
0.972664 0.269827 0.00974652 
0.545347 0.418607 0.767155 
0.796846 0.656269 0.0319854 
0.52517 0.242085 0.835277 
0.584644 0.775137 0.378171 
0.997095 0.000507932 0.0835349 
0.921087 0.473781 0.0272021 
0.0761635 0.0507113 0.996968 
0.625751 0.715619 0.413536 
0.861604 0.589327 0.018314 
0.378382 0.568008 0.892493 
0.501004 0.19348 0.887411 
0.385302 0.000302137 0.923612 
0.379051 0.511275 0.850455 
0.594058 0.199949 0.814451 
0.574293 0.544444 0.662317 
0.570765 0.79825 0.395506 
0.30692 0.000386261 0.952123 
0.172243 0.000287603 0.985325 
0.349529 0.000163524 0.937103 
0.740022 0.00401077 0.68056 
0.776526 0.59464 0.364592 
0.655875 0.000158333 0.755205 
0.431689 0.000302135 0.902853 
0.620555 0.805527 0.141429 
0.708473 0.426892 0.671117 
0.9929 0.000163555 0.122544 
0.666212 0.756002 0.140568 
0.545002 0.83743 0.166685 
0.593188 0.536806 0.667883 
0.179699 7.12077e-05 0.983902 
0.444343 0.411688 0.812909 
0.849099 0.413462 0.411822 
