0.789096 0.615813 0.000307164 
0.000152166 0.00533121 1.00312 
0.00114004 0.000912022 1.00723 
1.10036 0.211124 0.00132639 
0.00560341 4.77538e-05 1.00079 
0.0384752 1.03434 0.0292468 
0.204966 0.941708 0.423073 
1.0387 0.101459 0.00575996 
0.251833 0.971463 0.17196 
0.283416 0.957993 0.166402 
0.34074 0.918369 0.398032 
0.0331408 0.599726 0.816261 
0.219329 0.29457 0.955984 
0.775186 0.646849 0.0341563 
0.0534208 1.01851 0.0490164 
0.156386 0.990621 0.180055 
0.77693 0.578455 0.447764 
0.454281 0.623062 0.785114 
0.570484 0.773573 0.351186 
0.612774 0.423477 0.709012 
0.371038 0.459541 0.850936 
0.445561 0.75376 0.574407 
0.385695 0.730518 0.584007 
0.467952 0.687584 0.613977 
0.74465 0.0852774 0.678574 
0.663119 0.308769 0.72131 
0.851666 0.244518 0.502103 
0.540518 0.863461 0.0185057 
0.955644 0.386701 0.0817721 
0.960872 0.0397872 0.298675 
0.527048 0.843216 0.268413 
0.625163 0.738415 0.389024 
0.575927 0.846028 0.0973734 
0.842187 0.183851 0.556549 
0.799952 0.398246 0.605767 
0.71828 0.705561 0.00424845 
0.418702 0.887326 0.455177 
0.638385 0.779843 0.212727 
0.596248 0.790042 0.25596 
0.138246 0.0934605 0.988681 
0.588587 0.799272 0.222984 
0.752502 0.145011 0.669413 
0.267554 0.265177 0.934698 
0.39377 0.450859 0.860772 
0.69631 0.72172 0.106377 
0.826807 0.354222 0.486995 
0.107727 0.012881 0.996343 
0.952315 0.0277044 0.328327 
0.329556 0.820056 0.65863 
0.531985 0.81382 0.375607 
0.920105 0.497057 0.0148232 
0.0403256 0.997888 0.141777 
0.990436 0.0417629 0.156405 
0.496951 0.0208785 0.874031 
0.847819 0.480321 0.288523 
0.544295 0.33944 0.801964 
0.308868 0.828746 0.630135 
0.267875 0.110977 0.973133 
0.408356 0.069 0.924482 
0.56143 0.83592 0.195704 
0.320861 0.488254 0.834001 
0.55758 0.507079 0.742325 
0.0776833 1.02706 0.00870565 
0.978719 0.0393349 0.238782 
0.871408 0.266585 0.46455 
0.814499 0.526434 0.441665 
0.600185 0.514761 0.642391 
0.86268 0.205398 0.513931 
0.593243 0.754148 0.340874 
0.552636 0.661116 0.540601 
0.973563 0.317119 0.188115 
0.833405 0.559924 0.0113807 
0.126693 1.00329 0.0127638 
0.883506 0.0336895 0.49316 
0.356312 0.374742 0.910341 
0.298761 0.0164326 0.961391 
0.861199 0.232372 0.471369 
0.173143 0.133447 0.9806 
0.648813 0.0258488 0.774912 
0.482471 0.929373 0.0298665 
0.626624 0.54565 0.622491 
0.903591 0.0084078 0.437843 
0.703173 0.0277698 0.726496 
0.794243 0.411372 0.597304 
0.404036 0.332845 0.89732 
1.02684 0.128426 0.00275268 
0.505953 0.521032 0.765808 
0.679344 0.434164 0.705873 
0.93623 0.048651 0.407726 
0.985277 0.385567 0.0585435 
0.685513 0.34192 0.690928 
0.676073 0.613048 0.526819 
0.0630133 0.060218 0.996842 
0.430274 0.901032 0.18259 
0.463094 0.880625 0.176937 
0.785674 0.63441 0.055922 
0.936843 0.119076 0.365758 
0.732132 0.538583 0.47252 
0.508579 0.666436 0.616005 
0.842873 0.169336 0.544128 
0.435269 0.328336 0.907509 
0.233481 0.282023 0.942267 
0.23212 0.279925 0.944575 
0.945522 0.377883 0.110396 
0.934479 0.15419 0.369061 
0.475706 0.0202622 0.885571 
0.639888 0.445493 0.693803 
0.366871 0.474971 0.819631 
0.174946 0.00175584 0.992212 
0.7244 0.361912 0.662681 
0.020308 1.00019 0.122743 
0.670965 0.00478203 0.751457 
0.573704 0.187601 0.84112 
1.00712 0.0412008 0.0104955 
0.429014 0.408511 0.823185 
0.515169 0.370959 0.838356 
0.855174 0.161801 0.519297 
0.897111 0.143581 0.489216 
0.587437 0.536468 0.637887 
0.0122254 1.00139 0.127131 
