Algorithm:ga
Number of runs:30
Number of iterations:1024
Name of file:iris.txt
Number of population:20
Number of clusters:3
Crossover Rate:0.8
Mutation Rate:0.2
1049.083
947.526
817.975
728.541
660.351
617.629
573.030
539.990
499.200
485.820
462.540
442.284
431.090
415.121
399.210
377.756
368.649
361.162
341.490
333.267
322.326
306.509
295.107
285.467
277.991
269.431
262.599
250.687
246.569
240.694
230.928
223.483
218.587
212.888
209.743
205.936
203.607
197.819
196.682
194.877
191.585
189.328
186.263
183.940
180.814
175.958
175.294
173.515
171.917
169.379
168.355
165.839
165.358
164.826
162.147
160.730
158.775
157.727
155.413
151.983
151.880
150.434
147.555
145.131
142.656
140.594
138.093
135.785
135.473
135.195
134.487
133.844
133.286
132.283
130.588
128.684
128.382
127.044
126.602
126.090
124.225
121.681
121.217
120.861
119.371
118.752
118.392
118.264
117.595
117.046
115.528
115.213
114.410
113.493
112.633
112.384
112.306
111.564
111.324
110.778
109.536
109.124
108.809
108.547
108.346
107.740
107.618
107.479
106.023
105.396
105.362
104.867
103.835
103.554
103.213
102.586
102.489
102.410
102.306
101.412
101.030
100.534
100.028
99.590
99.295
99.212
98.989
98.888
98.801
98.281
97.586
97.509
97.221
96.677
95.877
95.807
95.687
95.199
94.864
94.738
94.670
94.598
94.339
94.236
94.097
94.046
93.431
93.431
93.329
93.152
93.060
93.041
92.988
92.420
92.333
91.790
91.728
91.672
91.664
91.396
91.059
91.032
91.031
91.028
90.872
90.818
90.740
90.684
90.666
90.624
90.270
90.178
90.169
89.995
89.980
89.953
88.939
88.923
88.895
88.857
88.693
88.633
88.127
88.076
87.712
87.305
87.296
87.224
87.200
87.192
87.176
87.062
87.032
87.032
87.021
87.011
86.950
86.856
86.824
86.725
86.609
86.545
86.482
86.449
86.449
86.386
86.306
86.304
86.233
86.140
86.056
86.056
86.037
86.037
85.967
85.938
85.842
85.840
85.804
85.804
85.763
85.744
85.740
85.731
85.633
85.624
85.624
85.621
85.621
85.580
85.580
85.467
85.467
85.361
85.360
85.236
85.189
85.181
85.110
85.077
84.971
84.931
84.931
84.912
84.858
84.845
84.813
84.785
84.734
84.715
84.671
84.649
84.649
84.616
84.616
84.612
84.462
84.462
84.462
84.462
84.429
84.417
84.416
84.387
84.387
84.381
84.353
84.270
84.270
84.270
84.227
84.220
84.201
84.193
84.183
84.183
84.158
84.157
84.127
84.119
84.114
84.055
84.051
84.051
84.051
84.049
84.002
84.002
84.002
83.868
83.862
83.832
83.794
83.789
83.768
83.757
83.755
83.751
83.729
83.558
83.504
83.504
83.495
83.488
83.488
83.391
83.376
83.375
83.372
83.368
83.356
83.339
83.332
83.332
83.331
83.318
83.304
83.146
83.146
83.146
83.136
83.123
83.090
83.088
83.078
83.056
83.047
82.987
82.965
82.943
82.905
82.804
82.787
82.787
82.786
82.786
82.749
82.748
82.748
82.748
82.748
82.739
82.738
82.738
82.717
82.716
82.716
82.712
82.712
82.702
82.702
82.677
82.641
82.616
82.554
82.512
82.510
82.500
82.490
82.472
82.472
82.455
82.445
82.445
82.444
82.440
82.404
82.403
82.370
82.370
82.338
82.337
82.333
82.332
82.332
82.246
82.245
82.243
82.243
82.199
82.128
82.117
82.113
82.095
82.088
81.999
81.999
81.999
81.994
81.994
81.976
81.967
81.962
81.960
81.960
81.959
81.959
81.919
81.919
81.919
81.919
81.913
81.860
81.841
81.769
81.767
81.766
81.759
81.759
81.753
81.692
81.675
81.671
81.671
81.661
81.630
81.630
81.630
81.630
81.615
81.607
81.575
81.565
81.565
81.512
81.414
81.414
81.414
81.414
81.411
81.411
81.411
81.373
81.360
81.355
81.355
81.355
81.308
81.302
81.286
81.277
81.276
81.268
81.244
81.239
81.209
81.169
81.168
81.166
81.166
81.164
81.164
81.159
81.159
81.159
81.130
81.100
81.077
81.077
81.073
81.073
81.071
81.067
81.067
81.067
81.060
81.060
81.056
81.055
81.014
81.012
80.991
80.991
80.991
80.985
80.980
80.980
80.980
80.977
80.977
80.977
80.977
80.973
80.973
80.972
80.971
80.971
80.957
80.945
80.945
80.907
80.907
80.902
80.902
80.902
80.898
80.896
80.892
80.892
80.892
80.881
80.881
80.865
80.860
80.860
80.856
80.845
80.831
80.829
80.829
80.829
80.814
80.809
80.790
80.777
80.777
80.777
80.742
80.730
80.720
80.720
80.696
80.695
80.695
80.695
80.695
80.695
80.695
80.695
80.693
80.685
80.685
80.685
80.685
80.669
80.665
80.651
80.647
80.647
80.634
80.633
80.633
80.633
80.630
80.630
80.619
80.605
80.603
80.597
80.597
80.597
80.597
80.587
80.587
80.586
80.586
80.569
80.568
80.568
80.554
80.548
80.548
80.548
80.548
80.539
80.532
80.529
80.529
80.529
80.529
80.529
80.529
80.509
80.509
80.501
80.501
80.491
80.488
80.482
80.477
80.477
80.462
80.460
80.411
80.403
80.403
80.403
80.402
80.402
80.402
80.402
80.402
80.382
80.361
80.361
80.361
80.360
80.360
80.326
80.320
80.320
80.320
80.320
80.320
80.320
80.319
80.317
80.317
80.315
80.315
80.315
80.315
80.315
80.315
80.312
80.312
80.310
80.310
80.296
80.284
80.281
80.281
80.281
80.271
80.271
80.271
80.269
80.269
80.268
80.268
80.266
80.259
80.255
80.246
80.246
80.246
80.243
80.243
80.242
80.240
80.240
80.239
80.229
80.229
80.223
80.223
80.223
80.210
80.210
80.210
80.157
80.157
80.157
80.157
80.157
80.157
80.157
80.137
80.137
80.137
80.136
80.126
80.126
80.113
80.113
80.112
80.096
80.096
80.096
80.096
80.096
80.096
80.090
80.090
80.083
80.083
80.081
80.081
80.081
80.079
80.068
80.068
80.063
80.060
80.051
80.051
80.050
80.048
80.035
80.035
80.033
80.029
80.029
80.027
80.025
80.025
80.025
80.016
80.015
80.014
80.011
79.995
79.995
79.993
79.992
79.984
79.981
79.981
79.979
79.979
79.979
79.979
79.977
79.925
79.925
79.925
79.925
79.922
79.918
79.918
79.918
79.913
79.913
79.905
79.905
79.905
79.902
79.902
79.902
79.902
79.895
79.895
79.892
79.892
79.892
79.892
79.865
79.864
79.864
79.862
79.862
79.858
79.858
79.858
79.854
79.854
79.854
79.854
79.816
79.816
79.814
79.813
79.802
79.802
79.800
79.799
79.799
79.787
79.787
79.776
79.776
79.776
79.776
79.776
79.773
79.773
79.773
79.773
79.773
79.773
79.773
79.773
79.773
79.773
79.773
79.773
79.773
79.757
79.757
79.757
79.753
79.753
79.753
79.746
79.736
79.736
79.726
79.726
79.726
79.726
79.725
79.725
79.724
79.724
79.722
79.722
79.722
79.721
79.721
79.721
79.721
79.721
79.721
79.721
79.721
79.721
79.721
79.720
79.720
79.720
79.720
79.719
79.719
79.719
79.719
79.719
79.719
79.719
79.711
79.711
79.711
79.711
79.711
79.711
79.704
79.704
79.704
79.704
79.700
79.700
79.700
79.700
79.699
79.699
79.699
79.699
79.699
79.699
79.699
79.699
79.699
79.699
79.699
79.698
79.698
79.690
79.690
79.690
79.690
79.690
79.686
79.684
79.681
79.679
79.679
79.679
79.679
79.679
79.679
79.652
79.652
79.652
79.652
79.652
79.652
79.652
79.652
79.652
79.652
79.652
79.652
79.652
79.652
79.652
79.647
79.647
79.647
79.647
79.647
79.632
79.632
79.632
79.632
79.632
79.631
79.628
79.628
79.628
79.628
79.628
79.628
79.628
79.628
79.628
79.628
79.628
79.627
79.627
79.627
79.627
79.627
79.626
79.624
79.624
79.624
79.624
79.567
79.567
79.567
79.566
79.566
79.566
79.566
79.566
79.556
79.556
79.556
79.556
79.556
79.556
79.556
79.556
79.556
79.556
79.556
79.556
79.556
79.555
79.555
79.555
79.554
79.554
79.554
79.554
79.554
79.554
79.552
79.549
79.549
79.549
79.549
79.549
79.549
79.549
79.549
79.549
79.546
79.546
79.540
79.540
79.537
79.537
79.537
79.537
79.537
79.496
79.496
79.496
79.479
79.479
79.479
79.479
79.479
79.476
79.474
79.474
79.466
79.461
79.461
79.461
79.461
79.461
79.457
79.455
79.453
79.453
79.453
79.453
79.453
79.441
79.441
79.419
79.419
79.419
79.419
79.419
79.419
79.419
79.419
79.419
79.419
79.419
79.419
79.419
79.419
79.419
79.419
79.419
79.419
79.419
79.419
79.419
79.401
79.396
79.396
79.396
79.395
79.390
79.390
79.390
79.389
79.389
79.389
79.389
79.389
79.389
79.389
79.389
79.389
79.389
79.389
79.389
79.389
79.389
Cluster0:6.843 3.086 5.733 2.056 
Cluster1:4.994 3.420 1.437 0.245 
Cluster2:5.881 2.742 4.391 1.452 
