0.27214 0.873172 
0.65965 0.604066 
0.109819 0.936855 
0.100655 0.940345 
0.945076 0.0955922 
0.842872 0.337162 
0.738017 0.514663 
0.3716 0.828578 
0.947937 0.0828079 
0.742279 0.505767 
0.381197 0.823084 
0.206794 0.900692 
0.939454 0.105292 
0.358099 0.832069 
0.281008 0.869528 
0.0167543 0.969714 
0.914465 0.177019 
0.22065 0.899853 
0.610315 0.653651 
0.722008 0.534944 
0.0873668 0.944726 
0.416895 0.801877 
0.347088 0.838171 
0.902171 0.202428 
0.685113 0.575463 
0.728151 0.523679 
0.897274 0.215082 
0.711804 0.54281 
0.308988 0.856535 
0.809303 0.400538 
0.950618 0.0684706 
0.848132 0.325895 
0.76484 0.470926 
0.837606 0.347382 
0.704514 0.553867 
0.757083 0.481917 
0.323114 0.853472 
0.908827 0.190603 
0.631466 0.63328 
0.787803 0.434598 
0.123336 0.933155 
0.919611 0.166722 
0.0450488 0.959671 
0.86052 0.29952 
0.519551 0.731744 
0.0342 0.968209 
0.772473 0.459985 
0.749709 0.493458 
0.0757936 0.951096 
0.802645 0.410577 
0.854688 0.311757 
0.795043 0.425026 
0.652114 0.612167 
0.891825 0.228381 
0.26014 0.878308 
0.404382 0.806085 
0.923457 0.148209 
0.23148 0.890662 
0.335075 0.844936 
0.823505 0.373881 
0.05941 0.955504 
0.967151 0.0242934 
0.956558 0.0543785 
0.595195 0.667546 
0.666598 0.596879 
0.427683 0.793515 
0.679225 0.583841 
0.193413 0.905727 
0.390958 0.815021 
0.82967 0.361339 
0.960959 0.0393259 
0.780132 0.447873 
0.467822 0.768076 
0.81614 0.387093 
0.873343 0.271295 
0.295711 0.862582 
0.697977 0.566541 
0.244927 0.884957 
0.928521 0.136546 
0.867901 0.286817 
0.47855 0.760116 
0.879478 0.257501 
0.885818 0.242558 
0.621536 0.64263 
0.640451 0.623799 
0.933809 0.117521 
0.582455 0.678741 
0.440353 0.785483 
0.529656 0.72272 
0.572665 0.687453 
0.453652 0.775975 
0.508953 0.740282 
0.139076 0.92833 
0.177885 0.911902 
0.491642 0.750702 
0.543217 0.711695 
0.55913 0.700027 
0.161417 0.922757 
6.81689e-07 0.9817 
0.98169 5.37122e-09 
