0.98175 1.20043e-06 
6.40952e-07 0.981709 
0.540311 0.718169 
0.775154 0.454688 
0.835904 0.353974 
0.787843 0.435759 
0.555019 0.703243 
0.669049 0.593446 
0.859772 0.308008 
0.847155 0.334437 
0.949147 0.0814461 
0.526288 0.727345 
0.954353 0.064183 
0.944763 0.0969755 
0.227734 0.89295 
0.272314 0.872885 
0.583327 0.678346 
0.511603 0.736529 
0.742051 0.504215 
0.0966835 0.943121 
0.245202 0.885333 
0.606978 0.657272 
0.679701 0.581355 
0.656357 0.607517 
0.595205 0.66877 
0.926436 0.138982 
0.803049 0.410193 
0.0531893 0.95717 
0.373247 0.824808 
0.864599 0.290905 
0.876542 0.264793 
0.11161 0.937822 
0.464725 0.768458 
0.0806142 0.946821 
0.0116143 0.972106 
0.69133 0.570788 
0.882473 0.250453 
0.752683 0.490466 
0.398916 0.810668 
0.17509 0.915299 
0.257112 0.879854 
0.957501 0.0487424 
0.794846 0.424395 
0.189187 0.908928 
0.706523 0.549383 
0.76751 0.466498 
0.387474 0.815947 
0.0673644 0.951053 
0.852498 0.323485 
0.638302 0.627739 
0.413466 0.80094 
0.967315 0.0225177 
0.733356 0.516661 
0.499054 0.745287 
0.324657 0.849315 
0.125919 0.933271 
0.0378926 0.9623 
0.311497 0.856669 
0.481424 0.762099 
0.87023 0.27888 
0.288 0.866729 
0.360919 0.8323 
0.719101 0.537405 
0.932859 0.122355 
0.758718 0.47917 
0.936297 0.112339 
0.618331 0.646552 
0.0256821 0.966403 
0.96275 0.0357474 
0.90377 0.200466 
0.888453 0.237023 
0.214412 0.898731 
0.626852 0.637425 
0.202827 0.904993 
0.812468 0.398139 
0.161026 0.918443 
0.647893 0.617161 
0.922059 0.152163 
0.973984 0.00879185 
0.701662 0.560579 
0.898604 0.213731 
0.908763 0.187688 
0.347847 0.837938 
0.337007 0.842742 
0.298499 0.861258 
0.820352 0.389074 
0.138068 0.926273 
0.894185 0.225133 
0.916791 0.164271 
0.724598 0.527676 
0.829179 0.366112 
0.913912 0.176048 
0.8264 0.376998 
0.454715 0.776581 
0.487938 0.753423 
0.444916 0.783075 
0.433297 0.788582 
0.148846 0.922513 
0.423458 0.794735 
0.569733 0.690177 
