0.981684 1.23568e-13 
1.20222e-06 0.981752 
0.337849 0.842386 
0.370708 0.826873 
0.350601 0.835332 
0.817869 0.38369 
0.31775 0.85199 
0.538206 0.719296 
0.867574 0.295996 
0.826109 0.368012 
0.751345 0.49293 
0.40998 0.803522 
0.776228 0.45309 
0.589671 0.676107 
0.94141 0.0950284 
0.763486 0.478749 
0.707078 0.548665 
0.253342 0.88747 
0.523793 0.728703 
0.872805 0.272495 
0.935731 0.112697 
0.265318 0.876155 
0.720437 0.539223 
0.915578 0.169079 
0.397391 0.814763 
0.905203 0.197691 
0.898028 0.213272 
0.207872 0.900043 
0.149447 0.923197 
0.278909 0.87076 
0.16528 0.917405 
0.467003 0.767207 
0.966813 0.0240664 
0.454671 0.775895 
0.012676 0.971631 
0.479163 0.759255 
0.59996 0.665147 
0.192515 0.906274 
0.809654 0.399787 
0.956836 0.0533582 
0.672972 0.589962 
0.578224 0.68777 
0.834806 0.354849 
0.134348 0.927833 
0.293649 0.863199 
0.119756 0.933316 
0.888477 0.238509 
0.961238 0.038245 
0.662303 0.601394 
0.681638 0.580791 
0.725889 0.525282 
0.909991 0.183427 
0.734094 0.513783 
0.973591 0.00954639 
0.383296 0.818787 
0.222006 0.894362 
0.549044 0.70706 
0.768213 0.465779 
0.179141 0.911708 
0.931217 0.127302 
0.491426 0.750872 
0.236968 0.89045 
0.921385 0.152664 
0.743187 0.503604 
0.0393814 0.961315 
0.841333 0.343408 
0.636004 0.628745 
0.610374 0.656088 
0.0253542 0.966326 
0.846682 0.329015 
0.515754 0.739394 
0.691166 0.568985 
0.442308 0.783497 
0.858353 0.304229 
0.786084 0.439004 
0.947108 0.0797416 
0.645515 0.618874 
0.852355 0.317468 
0.0533233 0.956449 
0.0794662 0.947474 
0.69913 0.56152 
0.950727 0.0678047 
0.880902 0.254413 
0.502328 0.744079 
0.106589 0.939588 
0.422843 0.795214 
0.305978 0.858275 
0.926557 0.141867 
0.066123 0.951747 
0.0935824 0.94292 
0.626658 0.637622 
0.892463 0.226493 
0.618338 0.646007 
0.653948 0.610182 
0.800363 0.423309 
0.567415 0.693727 
0.803705 0.409825 
0.557675 0.700281 
0.432658 0.790615 
0.793209 0.433399 
