1.20224e-06 0.981752 
0.981679 4.43181e-08 
0.788071 0.435303 
0.567286 0.693287 
0.948669 0.0744304 
0.77637 0.45253 
0.434427 0.791215 
0.880065 0.265124 
0.919689 0.158547 
0.51544 0.734441 
0.528937 0.728617 
0.849053 0.325209 
0.908181 0.187782 
0.691252 0.571534 
0.914214 0.175171 
0.15739 0.91989 
0.445086 0.781824 
0.236926 0.888183 
0.925537 0.144289 
0.397701 0.812476 
0.583135 0.684094 
0.502134 0.743728 
0.538221 0.715403 
0.627228 0.63717 
0.480844 0.758001 
0.87067 0.279507 
0.334116 0.844594 
0.679745 0.583201 
0.468636 0.766811 
0.210438 0.900341 
0.617031 0.647583 
0.347985 0.837896 
0.930296 0.12885 
0.844054 0.341709 
0.222718 0.894467 
0.735685 0.511671 
0.457396 0.773618 
0.141178 0.925954 
0.607986 0.656804 
0.90283 0.204992 
0.386224 0.820155 
0.715269 0.540166 
0.655092 0.609372 
0.321878 0.851086 
0.37233 0.825244 
0.705764 0.554148 
0.309441 0.857655 
0.194911 0.905598 
0.129123 0.93013 
0.934692 0.114699 
0.296004 0.862879 
0.597516 0.666495 
0.359168 0.830818 
0.419986 0.800581 
0.645382 0.619279 
0.796455 0.423846 
0.883199 0.249038 
0.63694 0.627938 
0.0692347 0.950651 
0.492189 0.750953 
0.943881 0.0891931 
0.763186 0.473524 
0.855442 0.311649 
0.170827 0.914925 
0.663496 0.599625 
0.93994 0.101116 
0.72743 0.522959 
0.839206 0.35403 
0.411685 0.805369 
0.77599 0.468035 
0.556383 0.703304 
0.744504 0.501401 
0.81359 0.392375 
0.832642 0.364499 
0.182743 0.910205 
0.273272 0.87249 
0.955425 0.055394 
0.897258 0.215175 
0.671832 0.591301 
0.25102 0.882333 
0.282911 0.868358 
0.865359 0.289734 
0.113014 0.935227 
0.81008 0.405411 
0.259767 0.878454 
0.80196 0.412879 
0.589765 0.6758 
0.75659 0.483784 
0.698739 0.561351 
0.0838754 0.947576 
0.860467 0.301503 
0.0564945 0.955812 
0.892222 0.227272 
0.888676 0.237586 
0.819478 0.381112 
0.0931437 0.942711 
0.549242 0.70932 
0.824317 0.372568 
0.750404 0.492662 
0.721882 0.532137 
