0.528654 0.724462 
0.964301 0.0327467 
0.961223 0.0404049 
0.929457 0.136413 
0.82532 0.371145 
0.968724 0.0190289 
0.830851 0.360888 
0.734695 0.514151 
0.618805 0.649027 
0.854807 0.311746 
0.872346 0.273518 
0.805921 0.404671 
0.793743 0.42647 
0.956351 0.0558611 
0.952293 0.0653994 
0.800371 0.414646 
0.0193862 0.968573 
0.819122 0.381732 
0.765126 0.472491 
0.586485 0.675392 
0.741969 0.504925 
0.787761 0.435869 
0.877766 0.261344 
0.727523 0.523919 
0.837491 0.350269 
0.813258 0.393712 
0.41348 0.805472 
0.867361 0.284721 
0.0786677 0.946985 
0.947059 0.0805344 
0.758928 0.484077 
0.626183 0.638237 
0.944676 0.0941955 
0.447391 0.779841 
0.693101 0.566778 
0.933021 0.121643 
0.306938 0.861255 
0.319134 0.854682 
0.850177 0.321012 
0.912403 0.176454 
0.470799 0.765238 
0.346198 0.843102 
0.750293 0.49421 
0.516676 0.733264 
0.156622 0.920052 
0.458375 0.773765 
0.566733 0.693921 
0.7005 0.558028 
0.48212 0.759887 
0.576737 0.684195 
0.635288 0.628953 
0.90688 0.190253 
0.33327 0.850645 
0.771811 0.462308 
0.937994 0.108081 
0.718839 0.534377 
0.883179 0.248686 
0.926097 0.145817 
0.2007 0.903302 
0.247001 0.884052 
0.86118 0.298537 
0.507995 0.741773 
0.424334 0.797581 
0.400579 0.809998 
0.0644306 0.952247 
0.0341908 0.963785 
0.292399 0.864822 
0.43643 0.788529 
0.890151 0.234558 
0.902596 0.205199 
0.142716 0.925622 
0.170096 0.915032 
0.128743 0.933367 
0.0493343 0.957843 
0.895943 0.220435 
0.842625 0.336547 
0.260312 0.878369 
0.709947 0.54547 
0.609208 0.654726 
0.186323 0.908416 
0.781552 0.449849 
0.555826 0.701436 
0.54224 0.712423 
0.595156 0.667457 
0.385671 0.817777 
0.35627 0.835866 
0.493959 0.750167 
0.0914635 0.942868 
0.917412 0.16359 
0.215401 0.898205 
0.276257 0.871347 
0.232503 0.889986 
0.645248 0.618843 
0.112009 0.936337 
0.684105 0.578347 
0.371433 0.824576 
0.658222 0.605614 
0.671756 0.59262 
1.20222e-06 0.981752 
0.981741 1.24117e-06 
