0.98175 1.20043e-06 
4.25277e-08 0.981678 
0.644361 0.619907 
0.60679 0.657123 
0.660306 0.604066 
0.888418 0.237779 
0.683032 0.579022 
0.89975 0.221657 
0.271513 0.875447 
0.621891 0.642292 
0.43326 0.789834 
0.593328 0.66989 
0.925963 0.145416 
0.669866 0.592387 
0.698656 0.570394 
0.970276 0.0155279 
0.713116 0.541367 
0.702591 0.555038 
0.57103 0.691162 
0.918121 0.163269 
0.913272 0.175656 
0.105634 0.937724 
0.191357 0.90986 
0.0130323 0.971524 
0.872332 0.276096 
0.631874 0.632367 
0.906894 0.193533 
0.937219 0.107696 
0.287618 0.86763 
0.447455 0.78075 
0.86502 0.290913 
0.580586 0.680381 
0.0663151 0.951908 
0.123953 0.932838 
0.418116 0.800069 
0.175592 0.912917 
0.350795 0.835336 
0.556161 0.702108 
0.151345 0.92385 
0.335548 0.843644 
0.744476 0.507519 
0.94356 0.090069 
0.836075 0.350134 
0.492943 0.750314 
0.950776 0.067887 
0.205183 0.902264 
0.751453 0.494099 
0.956244 0.0532268 
0.829017 0.36454 
0.794489 0.42357 
0.254749 0.88146 
0.772282 0.459362 
0.903681 0.205823 
0.0274032 0.966272 
0.134493 0.928362 
0.482769 0.761796 
0.229907 0.891575 
0.787279 0.436901 
0.0820142 0.946109 
0.535707 0.720264 
0.815257 0.388216 
0.0530286 0.956446 
0.311545 0.854863 
0.0398844 0.960731 
0.821936 0.375733 
0.547274 0.709597 
0.802451 0.411909 
0.299279 0.860754 
0.459631 0.773225 
0.504035 0.741348 
0.780636 0.448614 
0.217709 0.896597 
0.808866 0.400373 
0.842105 0.337948 
0.244009 0.88523 
0.162348 0.917813 
0.324722 0.849986 
0.93054 0.131531 
0.858626 0.303822 
0.965051 0.0285949 
0.882615 0.254183 
0.723039 0.528906 
0.46984 0.765506 
0.362654 0.830507 
0.960567 0.0401749 
0.764209 0.472645 
0.515586 0.735789 
0.374654 0.824606 
0.847823 0.325986 
0.527087 0.729302 
0.407794 0.80636 
0.396379 0.813411 
0.733767 0.517544 
0.0930621 0.942124 
0.759145 0.481974 
0.950649 0.0817668 
0.93345 0.119988 
0.85342 0.314763 
0.386314 0.819862 
0.879714 0.262729 
