1.41331e-13 0.981684 
0.981684 1.20636e-11 
0.681269 0.579479 
0.696115 0.564205 
0.955099 0.0590377 
0.561986 0.697296 
0.734988 0.515321 
0.744603 0.501499 
0.926652 0.14993 
0.772274 0.462475 
0.960395 0.0408992 
0.947949 0.077089 
0.605076 0.658884 
0.484067 0.756303 
0.780538 0.447754 
0.705679 0.551668 
0.0124915 0.97192 
0.75326 0.487351 
0.644607 0.6195 
0.54907 0.710136 
0.762878 0.475549 
0.514202 0.733967 
0.468661 0.765911 
0.867421 0.288662 
0.900321 0.207535 
0.858893 0.303181 
0.917583 0.162481 
0.724751 0.528429 
0.715684 0.539243 
0.0280027 0.96537 
0.319022 0.854288 
0.841441 0.344212 
0.616815 0.647416 
0.593643 0.669005 
0.9715 0.0128645 
0.907136 0.190212 
0.894974 0.22142 
0.332993 0.844865 
0.530544 0.724561 
0.575942 0.689274 
0.670711 0.591408 
0.940382 0.10761 
0.401322 0.807766 
0.269762 0.877233 
0.189127 0.907554 
0.967765 0.0268891 
0.788507 0.434158 
0.175228 0.914002 
0.888818 0.236604 
0.847128 0.328121 
0.0956584 0.941697 
0.0813086 0.946819 
0.911981 0.178502 
0.94274 0.0914781 
0.583109 0.678193 
0.635119 0.630538 
0.457875 0.773943 
0.814938 0.389904 
0.414452 0.800786 
0.22653 0.892834 
0.872979 0.273707 
0.242802 0.887347 
0.253441 0.882648 
0.388906 0.814664 
0.834382 0.356934 
0.2805 0.870482 
0.656238 0.607465 
0.852291 0.316824 
0.204732 0.904333 
0.295283 0.865825 
0.121801 0.932375 
0.883581 0.248614 
0.795338 0.423527 
0.0670882 0.951317 
0.136181 0.927039 
0.0427407 0.960043 
0.161527 0.918765 
0.878319 0.262426 
0.110458 0.937755 
0.379215 0.822721 
0.446729 0.781511 
0.307314 0.860815 
0.820758 0.378261 
0.62595 0.638403 
0.93036 0.129674 
0.425114 0.79411 
0.82894 0.368655 
0.344294 0.839054 
0.807986 0.402975 
0.496073 0.748598 
0.435786 0.787138 
0.366063 0.8272 
0.356047 0.833258 
0.148129 0.922609 
0.216044 0.897942 
0.802343 0.411841 
0.0549454 0.956559 
0.537479 0.716938 
0.504159 0.742048 
0.939575 0.127738 
