0.954282 0.0596965 
0.153662 0.92133 
0.523068 0.730294 
0.714572 0.545097 
0.0185864 0.96906 
0.0459432 0.959948 
0.0560464 0.955818 
0.528532 0.723732 
0.705598 0.551727 
0.963905 0.0346816 
0.645416 0.618849 
0.909672 0.186459 
0.627866 0.636513 
0.958336 0.048276 
0.967088 0.0236061 
0.236886 0.88828 
0.637879 0.627463 
0.755391 0.485714 
0.951303 0.070289 
0.906008 0.198191 
0.429983 0.791366 
0.620434 0.644117 
0.24835 0.883348 
0.817075 0.38684 
0.80283 0.409565 
0.490067 0.75494 
0.0317354 0.963684 
0.210682 0.899034 
0.881445 0.253969 
0.224191 0.894032 
0.809442 0.398472 
0.419034 0.797965 
0.440861 0.783917 
0.856167 0.308948 
0.328983 0.846564 
0.851776 0.319342 
0.770699 0.461389 
0.4531 0.777378 
0.822677 0.37546 
0.91991 0.158426 
0.316796 0.852334 
0.940171 0.100266 
0.406864 0.805271 
0.914156 0.172776 
0.924695 0.145747 
0.0709894 0.952661 
0.721047 0.535641 
0.368026 0.826212 
0.501754 0.749555 
0.887243 0.240652 
0.290674 0.866018 
0.342107 0.840346 
0.762996 0.473061 
0.197679 0.904036 
0.167377 0.916032 
0.878663 0.268765 
0.30377 0.858975 
0.935264 0.114413 
0.276692 0.871303 
0.539911 0.714119 
0.464293 0.769856 
0.355244 0.833328 
0.795941 0.421339 
0.870343 0.282596 
0.262462 0.877683 
0.394399 0.811546 
0.863373 0.29375 
0.609625 0.65419 
0.563711 0.696363 
0.512375 0.738002 
0.729987 0.521558 
0.476505 0.760752 
0.894806 0.228051 
0.381082 0.819926 
0.898786 0.211209 
0.944719 0.0857657 
0.697502 0.561145 
0.13347 0.928678 
0.653874 0.61002 
0.100724 0.940162 
0.550475 0.70574 
0.844179 0.334278 
0.930432 0.130384 
0.837963 0.347192 
0.0852229 0.946309 
0.182285 0.910274 
0.599659 0.663889 
0.687697 0.574997 
0.829557 0.361816 
0.748658 0.49435 
0.778213 0.450819 
0.115075 0.934619 
0.67827 0.58441 
0.573409 0.688123 
0.738386 0.512392 
0.788047 0.435009 
0.665736 0.597838 
0.588132 0.675097 
0.981752 1.20222e-06 
6.42742e-07 0.98171 
