0.860739 0.299222 
0.340735 0.841055 
0.856626 0.30856 
0.0185596 0.968924 
0.915251 0.168995 
0.599035 0.663795 
0.539495 0.717342 
0.329484 0.846087 
0.277658 0.870866 
0.709824 0.548505 
0.674745 0.589356 
0.636509 0.627786 
0.947097 0.0801774 
0.607707 0.655863 
0.260373 0.878304 
0.592574 0.673006 
0.893399 0.22691 
0.664958 0.598472 
0.702555 0.5566 
0.759134 0.479733 
0.898661 0.217733 
0.831687 0.360325 
0.824372 0.371299 
0.797194 0.422555 
0.378141 0.823366 
0.446558 0.780395 
0.766012 0.471311 
0.549596 0.710776 
0.953724 0.0684769 
0.0318885 0.964586 
0.232521 0.89243 
0.95739 0.0538502 
0.0898795 0.943181 
0.390592 0.817286 
0.31878 0.851538 
0.414693 0.80251 
0.42428 0.795416 
0.437312 0.787925 
0.529185 0.722804 
0.932394 0.124773 
0.352651 0.837951 
0.750935 0.491487 
0.85039 0.320666 
0.483147 0.757384 
0.888303 0.242369 
0.49402 0.748486 
0.818201 0.382869 
0.71635 0.537219 
0.0796234 0.946782 
0.743354 0.501397 
0.305455 0.859107 
0.403926 0.8122 
0.628518 0.635871 
0.837021 0.348252 
0.866391 0.287052 
0.505199 0.741309 
0.963214 0.041106 
0.29377 0.865153 
0.773505 0.457805 
0.581833 0.68148 
0.36695 0.829898 
0.472438 0.764674 
0.789718 0.43248 
0.657109 0.606743 
0.803714 0.410244 
0.617011 0.647285 
0.680987 0.580931 
0.561016 0.702525 
0.844026 0.333602 
0.967086 0.0241272 
0.220674 0.896632 
0.0457267 0.959238 
0.919926 0.15608 
0.781427 0.44702 
0.459123 0.773441 
0.645237 0.618986 
0.122693 0.932675 
0.725722 0.526185 
0.812604 0.39766 
0.570931 0.691266 
0.943643 0.0923121 
0.246032 0.885132 
0.138946 0.927454 
0.734358 0.51339 
0.517455 0.732617 
0.108496 0.938723 
0.187023 0.908753 
0.936557 0.111582 
0.927073 0.139422 
0.154915 0.922643 
0.911565 0.179799 
0.883539 0.255045 
0.202452 0.903484 
0.69359 0.567385 
0.17005 0.914604 
0.0614731 0.95301 
0.873536 0.272794 
0.902925 0.200993 
0.981719 6.02017e-07 
1.21689e-11 0.981684 
