0 4
4.00801e-06 3.992
1.6032e-05 3.984
3.60721e-05 3.97601
6.41282e-05 3.96803
0.0001002 3.96006
0.000144288 3.9521
0.000196393 3.94414
0.000256513 3.93619
0.000324649 3.92825
0.000400801 3.92032
0.000484969 3.9124
0.000577154 3.90448
0.000677354 3.89657
0.00078557 3.88867
0.000901803 3.88078
0.00102605 3.8729
0.00115832 3.86502
0.0012986 3.85715
0.00144689 3.84929
0.0016032 3.84144
0.00176753 3.8336
0.00193988 3.82576
0.00212024 3.81794
0.00230861 3.81012
0.00250501 3.8023
0.00270942 3.7945
0.00292184 3.78671
0.00314228 3.77892
0.00337074 3.77114
0.00360721 3.76337
0.0038517 3.7556
0.0041042 3.74785
0.00436473 3.7401
0.00463326 3.73236
0.00490981 3.72463
0.00519438 3.71691
0.00548697 3.70919
0.00578757 3.70148
0.00609619 3.69378
0.00641282 3.68609
0.00673747 3.67841
0.00707013 3.67073
0.00741081 3.66307
0.00775951 3.65541
0.00811622 3.64776
0.00848095 3.64011
0.0088537 3.63248
0.00923446 3.62485
0.00962324 3.61723
0.01002 3.60962
0.0104248 3.60202
0.0108377 3.59442
0.0112585 3.58683
0.0116874 3.57925
0.0121242 3.57168
0.0125691 3.56412
0.013022 3.55657
0.013483 3.54902
0.0139519 3.54148
0.0144288 3.53395
0.0149138 3.52643
0.0154068 3.51891
0.0159078 3.5114
0.0164168 3.5039
0.0169339 3.49641
0.0174589 3.48893
0.017992 3.48146
0.018533 3.47399
0.0190821 3.46653
0.0196393 3.45908
0.0202044 3.45164
0.0207775 3.4442
0.0213587 3.43677
0.0219479 3.42936
0.0225451 3.42194
0.0231503 3.41454
0.0237635 3.40715
0.0243847 3.39976
0.025014 3.39238
0.0256513 3.38501
0.0262966 3.37765
0.0269499 3.37029
0.0276112 3.36295
0.0282805 3.35561
0.0289579 3.34828
0.0296433 3.34095
0.0303366 3.33364
0.031038 3.32633
0.0317475 3.31903
0.0324649 3.31174
0.0331903 3.30446
0.0339238 3.29719
0.0346653 3.28992
0.0354148 3.28266
0.0361723 3.27541
0.0369378 3.26817
0.0377114 3.26093
0.0384929 3.25371
0.0392825 3.24649
0.0400801 3.23928
0.0408857 3.23208
0.0416994 3.22488
0.042521 3.2177
0.0433507 3.21052
0.0441883 3.20335
0.045034 3.19619
0.0458877 3.18903
0.0467495 3.18188
0.0476192 3.17475
0.0484969 3.16762
0.0493827 3.16049
0.0502765 3.15338
0.0511783 3.14627
0.0520881 3.13918
0.053006 3.13209
0.0539318 3.125
0.0548657 3.11793
0.0558076 3.11086
0.0567575 3.1038
0.0577154 3.09675
0.0586813 3.08971
0.0596553 3.08268
0.0606372 3.07565
0.0616272 3.06863
0.0626252 3.06162
0.0636312 3.05462
0.0646452 3.04763
0.0656673 3.04064
0.0666973 3.03366
0.0677354 3.02669
0.0687815 3.01973
0.0698356 3.01278
0.0708977 3.00583
0.0719679 2.99889
0.073046 2.99196
0.0741322 2.98504
0.0752264 2.97813
0.0763286 2.97122
0.0774388 2.96433
0.078557 2.95744
0.0796833 2.95055
0.0808176 2.94368
0.0819598 2.93681
0.0831101 2.92996
0.0842685 2.92311
0.0854348 2.91627
0.0866091 2.90943
0.0877915 2.90261
0.0889819 2.89579
0.0901803 2.88898
0.0913867 2.88218
0.0926011 2.87538
0.0938236 2.8686
0.095054 2.86182
0.0962925 2.85505
0.097539 2.84829
0.0987935 2.84154
0.100056 2.83479
0.101327 2.82805
0.102605 2.82132
0.103892 2.8146
0.105186 2.80789
0.106489 2.80118
0.107799 2.79449
0.109118 2.7878
0.110445 2.78112
0.111779 2.77444
0.113122 2.76778
0.114473 2.76112
0.115832 2.75447
0.117198 2.74783
0.118573 2.7412
0.119956 2.73457
0.121347 2.72795
0.122745 2.72134
0.124152 2.71474
0.125567 2.70815
0.12699 2.70156
0.128421 2.69499
0.12986 2.68842
0.131306 2.68186
0.132761 2.6753
0.134224 2.66876
0.135695 2.66222
0.137174 2.65569
0.138661 2.64917
0.140156 2.64266
0.141659 2.63615
0.14317 2.62966
0.144689 2.62317
0.146216 2.61669
0.147751 2.61021
0.149294 2.60375
0.150846 2.59729
0.152405 2.59084
0.153972 2.5844
0.155547 2.57797
0.15713 2.57154
0.158721 2.56513
0.16032 2.55872
0.161928 2.55232
0.163543 2.54593
0.165166 2.53954
0.166797 2.53316
0.168437 2.5268
0.170084 2.52043
0.171739 2.51408
0.173403 2.50774
0.175074 2.5014
0.176753 2.49507
0.178441 2.48875
0.180136 2.48244
0.181839 2.47613
0.183551 2.46984
0.18527 2.46355
0.186998 2.45727
0.188733 2.451
0.190477 2.44473
0.192228 2.43847
0.193988 2.43223
0.195755 2.42599
0.197531 2.41975
0.199314 2.41353
0.201106 2.40731
0.202906 2.4011
0.204713 2.3949
0.206529 2.38871
0.208352 2.38253
0.210184 2.37635
0.212024 2.37018
0.213872 2.36402
0.215727 2.35787
0.217591 2.35173
0.219463 2.34559
0.221342 2.33946
0.22323 2.33334
0.225126 2.32723
0.22703 2.32112
0.228942 2.31503
0.230861 2.30894
0.232789 2.30286
0.234725 2.29679
0.236669 2.29072
0.238621 2.28467
0.240581 2.27862
0.242549 2.27258
0.244525 2.26655
0.246509 2.26052
0.248501 2.25451
0.250501 2.2485
0.252509 2.2425
0.254525 2.23651
0.256549 2.23052
0.258581 2.22455
0.260621 2.21858
0.262669 2.21262
0.264725 2.20667
0.266789 2.20072
0.268861 2.19479
0.270942 2.18886
0.27303 2.18294
0.275126 2.17703
0.27723 2.17112
0.279342 2.16523
0.281463 2.15934
0.283591 2.15346
0.285727 2.14759
0.287871 2.14173
0.290024 2.13587
0.292184 2.13002
0.294352 2.12418
0.296529 2.11835
0.298713 2.11253
0.300906 2.10671
0.303106 2.1009
0.305314 2.0951
0.307531 2.08931
0.309755 2.08353
0.311988 2.07775
0.314228 2.07199
0.316477 2.06623
0.318733 2.06047
0.320998 2.05473
0.32327 2.049
0.325551 2.04327
0.327839 2.03755
0.330136 2.03184
0.332441 2.02613
0.334753 2.02044
0.337074 2.01475
0.339402 2.00907
0.341739 2.0034
0.344084 1.99774
0.346437 1.99208
0.348797 1.98643
0.351166 1.9808
0.353543 1.97516
0.355927 1.96954
0.35832 1.96393
0.360721 1.95832
0.36313 1.95272
0.365547 1.94713
0.367972 1.94155
0.370404 1.93597
0.372845 1.9304
0.375294 1.92484
0.377751 1.91929
0.380216 1.91375
0.382689 1.90821
0.38517 1.90269
0.387659 1.89717
0.390156 1.89166
0.392661 1.88615
0.395174 1.88066
0.397695 1.87517
0.400224 1.86969
0.402761 1.86422
0.405306 1.85876
0.407859 1.8533
0.41042 1.84786
0.41299 1.84242
0.415567 1.83699
0.418152 1.83157
0.420745 1.82615
0.423346 1.82074
0.425955 1.81534
0.428573 1.80995
0.431198 1.80457
0.433831 1.7992
0.436473 1.79383
0.439122 1.78847
0.441779 1.78312
0.444444 1.77778
0.447118 1.77244
0.449799 1.76712
0.452489 1.7618
0.455186 1.75649
0.457891 1.75118
0.460605 1.74589
0.463326 1.7406
0.466056 1.73532
0.468793 1.73005
0.471539 1.72479
0.474292 1.71954
0.477054 1.71429
0.479823 1.70905
0.482601 1.70382
0.485386 1.6986
0.48818 1.69339
0.490981 1.68818
0.493791 1.68298
0.496609 1.67779
0.499434 1.67261
0.502268 1.66743
0.50511 1.66227
0.507959 1.65711
0.510817 1.65196
0.513683 1.64682
0.516557 1.64168
0.519438 1.63656
0.522328 1.63144
0.525226 1.62633
0.528132 1.62122
0.531046 1.61613
0.533967 1.61104
0.536897 1.60597
0.539835 1.6009
0.542781 1.59583
0.545735 1.59078
0.548697 1.58573
0.551667 1.5807
0.554645 1.57567
0.557631 1.57064
0.560625 1.56563
0.563627 1.56062
0.566637 1.55563
0.569655 1.55064
0.572681 1.54565
0.575715 1.54068
0.578757 1.53571
0.581807 1.53076
0.584865 1.52581
0.587931 1.52086
0.591005 1.51593
0.594088 1.511
0.597178 1.50609
0.600276 1.50118
0.603382 1.49628
0.606496 1.49138
0.609619 1.4865
0.612749 1.48162
0.615887 1.47675
0.619033 1.47189
0.622188 1.46703
0.62535 1.46219
0.62852 1.45735
0.631699 1.45252
0.634885 1.4477
0.63808 1.44288
0.641282 1.43808
0.644492 1.43328
0.647711 1.42849
0.650937 1.42371
0.654172 1.41894
0.657414 1.41417
0.660665 1.40941
0.663923 1.40466
0.66719 1.39992
0.670464 1.39519
0.673747 1.39046
0.677037 1.38575
0.680336 1.38104
0.683643 1.37634
0.686957 1.37164
0.69028 1.36696
0.693611 1.36228
0.696949 1.35761
0.700296 1.35295
0.703651 1.3483
0.707013 1.34365
0.710384 1.33901
0.713763 1.33438
0.71715 1.32976
0.720544 1.32515
0.723947 1.32054
0.727358 1.31595
0.730777 1.31136
0.734204 1.30678
0.737639 1.3022
0.741081 1.29764
0.744532 1.29308
0.747991 1.28853
0.751458 1.28399
0.754933 1.27946
0.758416 1.27493
0.761907 1.27042
0.765406 1.26591
0.768913 1.26141
0.772428 1.25691
0.775951 1.25243
0.779482 1.24795
0.783021 1.24348
0.786568 1.23902
0.790123 1.23457
0.793687 1.23012
0.797258 1.22569
0.800837 1.22126
0.804424 1.21684
0.808019 1.21242
0.811622 1.20802
0.815234 1.20362
0.818853 1.19923
0.82248 1.19485
0.826115 1.19048
0.829759 1.18612
0.83341 1.18176
0.837069 1.17741
0.840737 1.17307
0.844412 1.16874
0.848095 1.16441
0.851787 1.1601
0.855486 1.15579
0.859194 1.15149
0.862909 1.14719
0.866632 1.14291
0.870364 1.13863
0.874103 1.13436
0.877851 1.1301
0.881606 1.12585
0.88537 1.12161
0.889141 1.11737
0.892921 1.11314
0.896709 1.10892
0.900504 1.10471
0.904308 1.1005
0.908119 1.09631
0.911939 1.09212
0.915767 1.08794
0.919602 1.08377
0.923446 1.0796
0.927298 1.07545
0.931157 1.0713
0.935025 1.06716
0.938901 1.06302
0.942785 1.0589
0.946676 1.05478
0.950576 1.05068
0.954484 1.04658
0.9584 1.04248
0.962324 1.0384
0.966256 1.03432
0.970195 1.03026
0.974143 1.0262
0.978099 1.02214
0.982063 1.0181
0.986035 1.01406
0.990015 1.01004
0.994003 1.00602
0.997999 1.002
1.002 0.997999
1.00602 0.994003
1.01004 0.990015
1.01406 0.986035
1.0181 0.982063
1.02214 0.978099
1.0262 0.974143
1.03026 0.970195
1.03432 0.966256
1.0384 0.962324
1.04248 0.9584
1.04658 0.954484
1.05068 0.950576
1.05478 0.946676
1.0589 0.942785
1.06302 0.938901
1.06716 0.935025
1.0713 0.931157
1.07545 0.927298
1.0796 0.923446
1.08377 0.919602
1.08794 0.915767
1.09212 0.911939
1.09631 0.908119
1.1005 0.904308
1.10471 0.900504
1.10892 0.896709
1.11314 0.892921
1.11737 0.889141
1.12161 0.88537
1.12585 0.881606
1.1301 0.877851
1.13436 0.874103
1.13863 0.870364
1.14291 0.866632
1.14719 0.862909
1.15149 0.859194
1.15579 0.855486
1.1601 0.851787
1.16441 0.848095
1.16874 0.844412
1.17307 0.840737
1.17741 0.837069
1.18176 0.83341
1.18612 0.829759
1.19048 0.826115
1.19485 0.82248
1.19923 0.818853
1.20362 0.815234
1.20802 0.811622
1.21242 0.808019
1.21684 0.804424
1.22126 0.800837
1.22569 0.797258
1.23012 0.793687
1.23457 0.790123
1.23902 0.786568
1.24348 0.783021
1.24795 0.779482
1.25243 0.775951
1.25691 0.772428
1.26141 0.768913
1.26591 0.765406
1.27042 0.761907
1.27493 0.758416
1.27946 0.754933
1.28399 0.751458
1.28853 0.747991
1.29308 0.744532
1.29764 0.741081
1.3022 0.737639
1.30678 0.734204
1.31136 0.730777
1.31595 0.727358
1.32054 0.723947
1.32515 0.720544
1.32976 0.71715
1.33438 0.713763
1.33901 0.710384
1.34365 0.707013
1.3483 0.703651
1.35295 0.700296
1.35761 0.696949
1.36228 0.693611
1.36696 0.69028
1.37164 0.686957
1.37634 0.683643
1.38104 0.680336
1.38575 0.677037
1.39046 0.673747
1.39519 0.670464
1.39992 0.66719
1.40466 0.663923
1.40941 0.660665
1.41417 0.657414
1.41894 0.654172
1.42371 0.650937
1.42849 0.647711
1.43328 0.644492
1.43808 0.641282
1.44288 0.63808
1.4477 0.634885
1.45252 0.631699
1.45735 0.62852
1.46219 0.62535
1.46703 0.622188
1.47189 0.619033
1.47675 0.615887
1.48162 0.612749
1.4865 0.609619
1.49138 0.606496
1.49628 0.603382
1.50118 0.600276
1.50609 0.597178
1.511 0.594088
1.51593 0.591005
1.52086 0.587931
1.52581 0.584865
1.53076 0.581807
1.53571 0.578757
1.54068 0.575715
1.54565 0.572681
1.55064 0.569655
1.55563 0.566637
1.56062 0.563627
1.56563 0.560625
1.57064 0.557631
1.57567 0.554645
1.5807 0.551667
1.58573 0.548697
1.59078 0.545735
1.59583 0.542781
1.6009 0.539835
1.60597 0.536897
1.61104 0.533967
1.61613 0.531046
1.62122 0.528132
1.62633 0.525226
1.63144 0.522328
1.63656 0.519438
1.64168 0.516557
1.64682 0.513683
1.65196 0.510817
1.65711 0.507959
1.66227 0.50511
1.66743 0.502268
1.67261 0.499434
1.67779 0.496609
1.68298 0.493791
1.68818 0.490981
1.69339 0.48818
1.6986 0.485386
1.70382 0.482601
1.70905 0.479823
1.71429 0.477054
1.71954 0.474292
1.72479 0.471539
1.73005 0.468793
1.73532 0.466056
1.7406 0.463326
1.74589 0.460605
1.75118 0.457891
1.75649 0.455186
1.7618 0.452489
1.76712 0.449799
1.77244 0.447118
1.77778 0.444444
1.78312 0.441779
1.78847 0.439122
1.79383 0.436473
1.7992 0.433831
1.80457 0.431198
1.80995 0.428573
1.81534 0.425955
1.82074 0.423346
1.82615 0.420745
1.83157 0.418152
1.83699 0.415567
1.84242 0.41299
1.84786 0.41042
1.8533 0.407859
1.85876 0.405306
1.86422 0.402761
1.86969 0.400224
1.87517 0.397695
1.88066 0.395174
1.88615 0.392661
1.89166 0.390156
1.89717 0.387659
1.90269 0.38517
1.90821 0.382689
1.91375 0.380216
1.91929 0.377751
1.92484 0.375294
1.9304 0.372845
1.93597 0.370404
1.94155 0.367972
1.94713 0.365547
1.95272 0.36313
1.95832 0.360721
1.96393 0.35832
1.96954 0.355927
1.97516 0.353543
1.9808 0.351166
1.98643 0.348797
1.99208 0.346437
1.99774 0.344084
2.0034 0.341739
2.00907 0.339402
2.01475 0.337074
2.02044 0.334753
2.02613 0.332441
2.03184 0.330136
2.03755 0.327839
2.04327 0.325551
2.049 0.32327
2.05473 0.320998
2.06047 0.318733
2.06623 0.316477
2.07199 0.314228
2.07775 0.311988
2.08353 0.309755
2.08931 0.307531
2.0951 0.305314
2.1009 0.303106
2.10671 0.300906
2.11253 0.298713
2.11835 0.296529
2.12418 0.294352
2.13002 0.292184
2.13587 0.290024
2.14173 0.287871
2.14759 0.285727
2.15346 0.283591
2.15934 0.281463
2.16523 0.279342
2.17112 0.27723
2.17703 0.275126
2.18294 0.27303
2.18886 0.270942
2.19479 0.268861
2.20072 0.266789
2.20667 0.264725
2.21262 0.262669
2.21858 0.260621
2.22455 0.258581
2.23052 0.256549
2.23651 0.254525
2.2425 0.252509
2.2485 0.250501
2.25451 0.248501
2.26052 0.246509
2.26655 0.244525
2.27258 0.242549
2.27862 0.240581
2.28467 0.238621
2.29072 0.236669
2.29679 0.234725
2.30286 0.232789
2.30894 0.230861
2.31503 0.228942
2.32112 0.22703
2.32723 0.225126
2.33334 0.22323
2.33946 0.221342
2.34559 0.219463
2.35173 0.217591
2.35787 0.215727
2.36402 0.213872
2.37018 0.212024
2.37635 0.210184
2.38253 0.208352
2.38871 0.206529
2.3949 0.204713
2.4011 0.202906
2.40731 0.201106
2.41353 0.199314
2.41975 0.197531
2.42599 0.195755
2.43223 0.193988
2.43847 0.192228
2.44473 0.190477
2.451 0.188733
2.45727 0.186998
2.46355 0.18527
2.46984 0.183551
2.47613 0.181839
2.48244 0.180136
2.48875 0.178441
2.49507 0.176753
2.5014 0.175074
2.50774 0.173403
2.51408 0.171739
2.52043 0.170084
2.5268 0.168437
2.53316 0.166797
2.53954 0.165166
2.54593 0.163543
2.55232 0.161928
2.55872 0.16032
2.56513 0.158721
2.57154 0.15713
2.57797 0.155547
2.5844 0.153972
2.59084 0.152405
2.59729 0.150846
2.60375 0.149294
2.61021 0.147751
2.61669 0.146216
2.62317 0.144689
2.62966 0.14317
2.63615 0.141659
2.64266 0.140156
2.64917 0.138661
2.65569 0.137174
2.66222 0.135695
2.66876 0.134224
2.6753 0.132761
2.68186 0.131306
2.68842 0.12986
2.69499 0.128421
2.70156 0.12699
2.70815 0.125567
2.71474 0.124152
2.72134 0.122745
2.72795 0.121347
2.73457 0.119956
2.7412 0.118573
2.74783 0.117198
2.75447 0.115832
2.76112 0.114473
2.76778 0.113122
2.77444 0.111779
2.78112 0.110445
2.7878 0.109118
2.79449 0.107799
2.80118 0.106489
2.80789 0.105186
2.8146 0.103892
2.82132 0.102605
2.82805 0.101327
2.83479 0.100056
2.84154 0.0987935
2.84829 0.097539
2.85505 0.0962925
2.86182 0.095054
2.8686 0.0938236
2.87538 0.0926011
2.88218 0.0913867
2.88898 0.0901803
2.89579 0.0889819
2.90261 0.0877915
2.90943 0.0866091
2.91627 0.0854348
2.92311 0.0842685
2.92996 0.0831101
2.93681 0.0819598
2.94368 0.0808176
2.95055 0.0796833
2.95744 0.078557
2.96433 0.0774388
2.97122 0.0763286
2.97813 0.0752264
2.98504 0.0741322
2.99196 0.073046
2.99889 0.0719679
3.00583 0.0708977
3.01278 0.0698356
3.01973 0.0687815
3.02669 0.0677354
3.03366 0.0666973
3.04064 0.0656673
3.04763 0.0646452
3.05462 0.0636312
3.06162 0.0626252
3.06863 0.0616272
3.07565 0.0606372
3.08268 0.0596553
3.08971 0.0586813
3.09675 0.0577154
3.1038 0.0567575
3.11086 0.0558076
3.11793 0.0548657
3.125 0.0539318
3.13209 0.053006
3.13918 0.0520881
3.14627 0.0511783
3.15338 0.0502765
3.16049 0.0493827
3.16762 0.0484969
3.17475 0.0476192
3.18188 0.0467495
3.18903 0.0458877
3.19619 0.045034
3.20335 0.0441883
3.21052 0.0433507
3.2177 0.042521
3.22488 0.0416994
3.23208 0.0408857
3.23928 0.0400801
3.24649 0.0392825
3.25371 0.0384929
3.26093 0.0377114
3.26817 0.0369378
3.27541 0.0361723
3.28266 0.0354148
3.28992 0.0346653
3.29719 0.0339238
3.30446 0.0331903
3.31174 0.0324649
3.31903 0.0317475
3.32633 0.031038
3.33364 0.0303366
3.34095 0.0296433
3.34828 0.0289579
3.35561 0.0282805
3.36295 0.0276112
3.37029 0.0269499
3.37765 0.0262966
3.38501 0.0256513
3.39238 0.025014
3.39976 0.0243847
3.40715 0.0237635
3.41454 0.0231503
3.42194 0.0225451
3.42936 0.0219479
3.43677 0.0213587
3.4442 0.0207775
3.45164 0.0202044
3.45908 0.0196393
3.46653 0.0190821
3.47399 0.018533
3.48146 0.017992
3.48893 0.0174589
3.49641 0.0169339
3.5039 0.0164168
3.5114 0.0159078
3.51891 0.0154068
3.52643 0.0149138
3.53395 0.0144288
3.54148 0.0139519
3.54902 0.013483
3.55657 0.013022
3.56412 0.0125691
3.57168 0.0121242
3.57925 0.0116874
3.58683 0.0112585
3.59442 0.0108377
3.60202 0.0104248
3.60962 0.01002
3.61723 0.00962324
3.62485 0.00923446
3.63248 0.0088537
3.64011 0.00848095
3.64776 0.00811622
3.65541 0.00775951
3.66307 0.00741081
3.67073 0.00707013
3.67841 0.00673747
3.68609 0.00641282
3.69378 0.00609619
3.70148 0.00578757
3.70919 0.00548697
3.71691 0.00519438
3.72463 0.00490981
3.73236 0.00463326
3.7401 0.00436473
3.74785 0.0041042
3.7556 0.0038517
3.76337 0.00360721
3.77114 0.00337074
3.77892 0.00314228
3.78671 0.00292184
3.7945 0.00270942
3.8023 0.00250501
3.81012 0.00230861
3.81794 0.00212024
3.82576 0.00193988
3.8336 0.00176753
3.84144 0.0016032
3.84929 0.00144689
3.85715 0.0012986
3.86502 0.00115832
3.8729 0.00102605
3.88078 0.000901803
3.88867 0.00078557
3.89657 0.000677354
3.90448 0.000577154
3.9124 0.000484969
3.92032 0.000400801
3.92825 0.000324649
3.93619 0.000256513
3.94414 0.000196393
3.9521 0.000144288
3.96006 0.0001002
3.96803 6.41282e-05
3.97601 3.60721e-05
3.984 1.6032e-05
3.992 4.00801e-06
4 1.02236e-27
