1 0
1 8.98566e-11
1 5.72173e-09
1 6.47982e-08
1 3.61721e-07
0.999999 1.36994e-06
0.999998 4.05834e-06
0.999995 1.01456e-05
0.999989 2.23958e-05
0.999978 4.49477e-05
0.999958 8.36692e-05
0.999927 0.000146528
0.999878 0.000243969
0.999805 0.00038929
0.9997 0.000599
0.999553 0.000893159
0.999352 0.00129568
0.999082 0.00183459
0.998728 0.00254222
0.998271 0.00345536
0.99769 0.00461531
0.996961 0.00606786
0.996061 0.00786319
0.994959 0.0100556
0.993628 0.0127033
0.992034 0.0158678
0.990145 0.0196135
0.987924 0.024007
0.985334 0.0291165
0.982339 0.0350103
0.978899 0.0417566
0.974976 0.049422
0.970531 0.0580704
0.965525 0.0677615
0.959922 0.0785504
0.953685 0.0904851
0.946781 0.103606
0.939177 0.117946
0.930846 0.133525
0.921762 0.150354
0.911904 0.168431
0.901254 0.187741
0.8898 0.208257
0.877534 0.229935
0.864454 0.252719
0.850565 0.276538
0.835877 0.30131
0.820405 0.326936
0.804171 0.353308
0.787207 0.380306
0.769546 0.407799
0.751232 0.435651
0.732313 0.463718
0.712845 0.491852
0.692889 0.519905
0.672512 0.547727
0.651788 0.575172
0.630794 0.602099
0.609614 0.628371
0.588333 0.653864
0.567043 0.678462
0.545838 0.702061
0.524812 0.724572
0.504065 0.745918
0.483695 0.766039
0.463801 0.784889
0.444481 0.802437
0.425832 0.818667
0.407951 0.833576
0.39093 0.847174
0.374858 0.859481
0.35982 0.870529
0.345897 0.880355
0.333164 0.889002
0.321689 0.896516
0.311535 0.902946
0.302756 0.908339
0.295401 0.912738
0.289509 0.916185
0.285112 0.918711
0.282232 0.920345
0.280884 0.921104
0.281074 0.920997
0.282799 0.920025
0.286046 0.918178
0.290796 0.915438
0.297019 0.91178
0.304678 0.907171
0.313729 0.901574
0.324119 0.894947
0.335789 0.887246
0.348673 0.878427
0.3627 0.868448
0.377793 0.857273
0.393869 0.844867
0.410843 0.831208
0.428626 0.81628
0.447125 0.800079
0.466248 0.782613
0.485898 0.763903
0.505981 0.743983
0.526401 0.722903
0.547062 0.700723
0.567873 0.677521
0.588741 0.653384
0.609579 0.628413
0.630302 0.60272
0.650828 0.576423
0.671081 0.549651
0.690988 0.522536
0.710482 0.495215
0.729502 0.467827
0.747991 0.440509
0.765899 0.413398
0.783182 0.386625
0.799802 0.360317
0.815726 0.334592
0.830927 0.30956
0.845387 0.285321
0.85909 0.261965
0.872027 0.239569
0.884196 0.218198
0.895597 0.197905
0.906239 0.178731
0.916131 0.160704
0.925289 0.14384
0.933732 0.128144
0.941483 0.11361
0.948567 0.100221
0.955011 0.0879534
0.960847 0.0767732
0.966105 0.0666403
0.97082 0.0575088
0.975024 0.0493275
0.978753 0.0420417
0.982042 0.0355934
0.984925 0.0299233
0.987436 0.0249709
0.989608 0.0206757
0.991475 0.0169777
0.993067 0.0138186
0.994413 0.0111418
0.995543 0.00889337
0.996483 0.00702211
0.997256 0.0054801
0.997886 0.00422284
0.998394 0.00320946
0.998798 0.00240275
0.999115 0.00176925
0.99936 0.00127912
0.999547 0.000906109
0.999686 0.000627388
0.999788 0.000423351
0.999861 0.00027741
0.999912 0.000175747
0.999946 0.000107055
0.999969 6.22634e-05
0.999983 3.42612e-05
0.999991 1.76208e-05
0.999996 8.32952e-06
0.999998 3.53314e-06
0.999999 1.29711e-06
1 3.8894e-07
1 8.60031e-08
1 1.14008e-08
1 5.30545e-10
1 7.2542e-13
1 7.22533e-13
1 5.2421e-10
1 1.11748e-08
1 8.36261e-08
1 3.75174e-07
0.999999 1.24122e-06
0.999998 3.35394e-06
0.999996 7.84397e-06
0.999992 1.64613e-05
0.999984 3.17514e-05
0.999971 5.72422e-05
0.999951 9.76366e-05
0.99992 0.000159007
0.999875 0.000248986
0.999812 0.000376944
0.999723 0.000554163
0.999603 0.000793978
0.999444 0.0011119
0.999237 0.00152572
0.998972 0.00205555
0.998637 0.00272388
0.998221 0.00355553
0.997709 0.00457758
0.997086 0.00581929
0.996337 0.00731194
0.995445 0.00908858
0.994392 0.0111838
0.99316 0.0136335
0.991729 0.0164742
0.990079 0.0197431
0.988192 0.0234774
0.986046 0.0277137
0.983622 0.0324876
0.980901 0.0378331
0.977864 0.0437823
0.974493 0.0503643
0.97077 0.0576051
0.966682 0.0655268
0.962213 0.0741471
0.957351 0.0834789
0.952087 0.0935298
0.946414 0.104301
0.940325 0.115789
0.933818 0.127983
0.926895 0.140866
0.919558 0.154413
0.911814 0.168595
0.903673 0.183374
0.895149 0.198708
0.886258 0.214547
0.87702 0.230836
0.867459 0.247516
0.857601 0.264521
0.847476 0.281784
0.837118 0.299234
0.826562 0.316795
0.815847 0.334393
0.805015 0.35195
0.79411 0.36939
0.783175 0.386636
0.77226 0.403614
0.761413 0.42025
0.750684 0.436474
0.740122 0.452219
0.729779 0.467422
0.719706 0.482023
0.709953 0.495966
0.70057 0.509202
0.691605 0.521683
0.683104 0.533369
0.675112 0.544224
0.667673 0.554213
0.660825 0.56331
0.654606 0.57149
0.64905 0.578734
0.644187 0.585024
0.640042 0.590346
0.636639 0.594691
0.633996 0.598049
0.632127 0.600416
0.631041 0.601787
0.630744 0.602162
0.631236 0.601541
0.632513 0.599927
0.634568 0.597324
0.637386 0.593738
0.640953 0.58918
0.645246 0.583658
0.65024 0.577188
0.655907 0.569786
0.662215 0.561472
0.669128 0.552268
0.676608 0.542202
0.684615 0.531303
0.693104 0.519606
0.702033 0.50715
0.711353 0.493977
0.721017 0.480135
0.730976 0.465674
0.741182 0.450649
0.751585 0.435119
0.762137 0.419147
0.77279 0.402796
0.783495 0.386136
0.794207 0.369236
0.804881 0.352167
0.815475 0.335001
0.825948 0.31781
0.836262 0.300666
0.846381 0.28364
0.856271 0.266799
0.865904 0.250211
0.87525 0.233937
0.884287 0.218037
0.892992 0.202565
0.901348 0.187571
0.90934 0.173101
0.916955 0.159193
0.924185 0.145881
0.931025 0.133193
0.93747 0.121151
0.94352 0.10977
0.949178 0.0990609
0.954448 0.0890283
0.959338 0.0796713
0.963855 0.0709841
0.96801 0.062956
0.971817 0.0555722
0.975288 0.0488139
0.978438 0.0426587
0.981284 0.0370816
0.983842 0.0320549
0.986129 0.0275489
0.988164 0.0235324
0.989963 0.0199732
0.991545 0.0168385
0.992927 0.0140951
0.994128 0.0117103
0.995162 0.00965168
0.996048 0.00788773
0.996801 0.00638806
0.997435 0.00512363
0.997964 0.00406694
0.998403 0.00319218
0.998762 0.00247536
0.999052 0.00189437
0.999285 0.00142904
0.999469 0.00106114
0.999613 0.000774366
0.999723 0.000554295
0.999806 0.000388313
0.999867 0.000265525
0.999912 0.000176646
0.999943 0.000113882
0.999965 7.07992e-05
0.999979 4.21821e-05
0.999988 2.38941e-05
0.999994 1.27336e-05
0.999997 6.29408e-06
0.999999 2.82855e-06
0.999999 1.12242e-06
1 3.75866e-07
1 9.84523e-08
1 1.74959e-08
1 1.53258e-09
1 2.38765e-11
1 0
1 2.36859e-11
1 1.50823e-09
1 1.70806e-08
1 9.53486e-08
1 3.61113e-07
0.999999 1.06977e-06
0.999999 2.67436e-06
0.999997 5.9035e-06
0.999994 1.18482e-05
0.999989 2.20553e-05
0.999981 3.86254e-05
0.999968 6.43124e-05
0.999949 0.000102623
0.999921 0.000157912
0.999882 0.000235473
0.999829 0.000341619
0.999758 0.000483755
0.999665 0.000670435
0.999544 0.000911402
0.999391 0.00121762
0.999199 0.00160126
0.998962 0.00207573
0.998671 0.00265556
0.99832 0.00335643
0.9979 0.00419501
0.997402 0.00518891
0.996817 0.00635649
0.996134 0.00771676
0.995345 0.00928916
0.994438 0.0110934
0.993404 0.0131491
0.992232 0.0154758
0.990912 0.0180925
0.989435 0.0210174
0.987791 0.024268
0.985972 0.0278601
0.983967 0.0318083
0.981771 0.0361251
0.979377 0.0408211
0.976778 0.0459044
0.973971 0.0513809
0.970951 0.0572532
0.967718 0.0635214
0.964271 0.0701823
0.960609 0.0772294
0.956738 0.0846532
0.952659 0.0924405
0.94838 0.100575
0.943908 0.109037
0.939253 0.117804
0.934425 0.126849
0.929438 0.136144
0.924307 0.145657
0.919046 0.155354
0.913675 0.165198
0.908212 0.17515
0.902678 0.185172
0.897095 0.19522
0.891486 0.205253
0.885874 0.215228
0.880284 0.2251
0.874742 0.234827
0.869273 0.244364
0.863903 0.253671
0.858659 0.262704
0.853567 0.271424
0.848651 0.279791
0.843938 0.287769
0.839451 0.295322
0.835214 0.302417
0.831251 0.309023
0.82758 0.315111
0.824224 0.320655
0.821199 0.325632
0.818522 0.330021
0.816208 0.333804
0.81427 0.336965
0.812717 0.339492
0.811557 0.341375
0.810798 0.342606
0.810443 0.343182
0.810493 0.343101
0.810948 0.342364
0.811804 0.340975
0.813056 0.33894
0.814696 0.33627
0.816715 0.332976
0.819101 0.329074
0.82184 0.324579
0.824916 0.319514
0.828312 0.313899
0.83201 0.30776
0.835988 0.301124
0.840226 0.294021
0.8447 0.286482
0.849387 0.278541
0.854264 0.270233
0.859304 0.261596
0.864484 0.252667
0.869778 0.243486
0.875161 0.234094
0.880607 0.224532
0.886092 0.21484
0.891593 0.205061
0.897086 0.195236
0.902549 0.185406
0.907959 0.17561
0.913298 0.165887
0.918545 0.156275
0.923684 0.146808
0.928698 0.137521
0.933571 0.128445
0.938292 0.119609
0.942848 0.111039
0.947228 0.102758
0.951426 0.094789
0.955433 0.087148
0.959244 0.0798502
0.962856 0.0729076
0.966267 0.0663287
0.969474 0.0601196
0.97248 0.0542831
0.975285 0.0488196
0.977892 0.0437266
0.980306 0.0389994
0.982532 0.0346309
0.984575 0.0306119
0.986442 0.0269315
0.988141 0.0235772
0.989679 0.0205348
0.991065 0.0177892
0.992308 0.0153244
0.993416 0.0131237
0.994399 0.0111697
0.995266 0.00944493
0.996026 0.00793182
0.996688 0.00661291
0.997261 0.00547101
0.997753 0.00448938
0.998172 0.00365187
0.998527 0.00294301
0.998825 0.00234812
0.999073 0.00185341
0.999277 0.001446
0.999443 0.001114
0.999577 0.000846504
0.999683 0.000633639
0.999767 0.00046652
0.999831 0.000337251
0.999881 0.000238888
0.999917 0.000165397
0.999944 0.000111603
0.999963 7.31282e-05
0.999977 4.63279e-05
0.999986 2.82199e-05
0.999992 1.64126e-05
0.999995 9.03121e-06
0.999998 4.64481e-06
0.999999 2.19564e-06
1 9.31327e-07
1 3.41913e-07
1 1.02523e-07
1 2.26702e-08
1 3.00522e-09
1 1.3985e-10
1 1.9118e-13
1 1.90514e-13
1 1.3818e-10
1 2.94565e-09
1 2.20436e-08
1 9.88947e-08
1 3.27181e-07
1 8.84089e-07
0.999999 2.06765e-06
0.999998 4.33917e-06
0.999996 8.36964e-06
0.999992 1.5089e-05
0.999987 2.57372e-05
0.999979 4.19151e-05
0.999967 6.56349e-05
0.99995 9.93684e-05
0.999927 0.000146091
0.999895 0.000209321
0.999853 0.000293154
0.999799 0.000402288
0.999729 0.000542044
0.999641 0.000718369
0.999531 0.000937841
0.999396 0.00120765
0.999232 0.0015356
0.999035 0.00193001
0.998799 0.00239975
0.998522 0.00295412
0.998197 0.00360282
0.99782 0.00435583
0.997385 0.00522334
0.996887 0.00621565
0.996322 0.00734305
0.995683 0.0086157
0.994966 0.0100435
0.994165 0.011636
0.993276 0.0134022
0.992295 0.0153504
0.991217 0.0174882
0.990039 0.0198221
0.988758 0.0223579
0.98737 0.0250998
0.985875 0.0280509
0.98427 0.031213
0.982555 0.0345863
0.98073 0.0381693
0.978796 0.041959
0.976754 0.0459507
0.974609 0.0501381
0.972362 0.0545129
0.970018 0.0590652
0.967583 0.0637835
0.965062 0.0686544
0.962464 0.0736632
0.959795 0.0787934
0.957065 0.0840271
0.954282 0.0893454
0.951458 0.0947278
0.948603 0.100153
0.945728 0.105599
0.942846 0.111042
0.939969 0.116459
0.937109 0.121826
0.934281 0.127119
0.931497 0.132313
0.928771 0.137385
0.926115 0.14231
0.923545 0.147065
0.921071 0.151628
0.918708 0.155976
0.916467 0.160088
0.91436 0.163945
0.912399 0.167527
0.910594 0.170818
0.908955 0.1738
0.907491 0.176461
0.906209 0.178786
0.905116 0.180765
0.904219 0.182388
0.903522 0.183647
0.90303 0.184537
0.902743 0.185054
0.902665 0.185196
0.902795 0.184962
0.903132 0.184353
0.903673 0.183375
0.904416 0.182032
0.905356 0.18033
0.906488 0.17828
0.907804 0.175892
0.909298 0.173177
0.910961 0.170151
0.912783 0.166827
0.914755 0.163224
0.916865 0.159358
0.919103 0.155249
0.921457 0.150918
0.923913 0.146384
0.926461 0.14167
0.929086 0.136799
0.931776 0.131793
0.934519 0.126675
0.9373 0.121469
0.940108 0.116197
0.94293 0.110883
0.945753 0.10555
0.948567 0.10022
0.95136 0.0949147
0.95412 0.0896542
0.956839 0.0844589
0.959506 0.0793475
0.962114 0.0743375
0.964653 0.0694453
0.967116 0.064686
0.969498 0.0600729
0.971793 0.0556183
0.973996 0.0513325
0.976102 0.0472244
0.97811 0.0433016
0.980015 0.0395696
0.981818 0.0360329
0.983517 0.032694
0.985112 0.0295543
0.986603 0.0266135
0.987993 0.0238704
0.989282 0.0213221
0.990472 0.0189648
0.991568 0.0167937
0.992571 0.0148029
0.993486 0.0129857
0.994316 0.011335
0.995067 0.00984261
0.995741 0.00850026
0.996344 0.00729915
0.99688 0.00623027
0.997354 0.00528443
0.997771 0.00445245
0.998136 0.00372515
0.998452 0.0030935
0.998725 0.0025487
0.998958 0.00208221
0.999157 0.00168586
0.999324 0.00135185
0.999463 0.00107284
0.999579 0.000841946
0.999674 0.000652796
0.99975 0.000499526
0.999812 0.00037679
0.99986 0.000279768
0.999898 0.00020415
0.999927 0.000146126
0.999949 0.000102366
0.999965 6.9995e-05
0.999977 4.65648e-05
0.999985 3.00196e-05
0.999991 1.86627e-05
0.999994 1.11192e-05
0.999997 6.29845e-06
0.999998 3.35656e-06
0.999999 1.6591e-06
1 7.45599e-07
1 2.95868e-07
1 9.90771e-08
1 2.59517e-08
1 4.61188e-09
1 4.03984e-10
1 6.29385e-12
1 0
1 6.24345e-12
1 3.97566e-10
1 4.5024e-09
1 2.51336e-08
1 9.51884e-08
1 2.81988e-07
1 7.04953e-07
0.999999 1.55615e-06
0.999998 3.12316e-06
0.999997 5.81374e-06
0.999995 1.01816e-05
0.999992 1.69528e-05
0.999986 2.70516e-05
0.999979 4.16264e-05
0.999969 6.20726e-05
0.999955 9.00554e-05
0.999936 0.000127528
0.999912 0.000176746
0.99988 0.000240283
0.999839 0.000321033
0.999789 0.000422213
0.999726 0.000547365
0.99965 0.000700341
0.999557 0.000885292
0.999447 0.00110665
0.999315 0.00136909
0.999161 0.00167752
0.998981 0.00203702
0.998773 0.0024528
0.998534 0.00293018
0.998261 0.0034745
0.997952 0.00409108
0.997605 0.00478515
0.997215 0.0055618
0.996782 0.00642591
0.996302 0.00738205
0.995774 0.00843447
0.995195 0.00958697
0.994564 0.0108429
0.993879 0.012205
0.993139 0.0136754
0.992343 0.0152556
0.991491 0.0169463
0.990582 0.0187477
0.989617 0.0206586
0.988596 0.0226777
0.987521 0.0248021
0.986393 0.0270285
0.985214 0.0293526
0.983987 0.0317691
0.982715 0.0342718
0.9814 0.0368537
0.980047 0.039507
0.978661 0.0422229
0.977245 0.0449922
0.975805 0.0478045
0.974346 0.0506493
0.972875 0.053515
0.971396 0.0563899
0.969917 0.0592617
0.968443 0.0621177
0.966982 0.0649452
0.965541 0.0677311
0.964125 0.0704623
0.962743 0.0731259
0.961401 0.0757089
0.960105 0.0781987
0.958862 0.0805829
0.95768 0.0828495
0.956563 0.0849872
0.955518 0.0869851
0.954551 0.088833
0.953666 0.0905213
0.952869 0.0920414
0.952163 0.0933855
0.951553 0.0945467
0.951042 0.0955191
0.950633 0.0962976
0.950327 0.0968784
0.950127 0.0972587
0.950033 0.0974366
0.950047 0.0974115
0.950166 0.0971838
0.950392 0.096755
0.950722 0.0961276
0.951154 0.0953052
0.951687 0.0942925
0.952316 0.0930952
0.953037 0.0917196
0.953848 0.0901733
0.954744 0.0884647
0.955718 0.0866027
0.956767 0.0845971
0.957884 0.0824584
0.959063 0.0801975
0.960299 0.0778259
0.961584 0.0753555
0.962913 0.0727984
0.964278 0.0701671
0.965674 0.067474
0.967093 0.0647318
0.968528 0.0619529
0.969974 0.0591499
0.971424 0.0563348
0.972872 0.0535197
0.974312 0.050716
0.975738 0.0479347
0.977146 0.0451866
0.978529 0.0424815
0.979883 0.0398287
0.981205 0.037237
0.98249 0.0347143
0.983734 0.0322676
0.984935 0.0299035
0.98609 0.0276274
0.987196 0.0254441
0.988252 0.0233575
0.989257 0.0213707
0.990209 0.019486
0.991108 0.0177049
0.991954 0.0160282
0.992746 0.0144559
0.993485 0.0129873
0.994172 0.0116211
0.994809 0.0103554
0.995395 0.00918784
0.995934 0.0081154
0.996426 0.00713476
0.996874 0.00624217
0.99728 0.00543358
0.997645 0.00470468
0.997972 0.00405096
0.998265 0.00346778
0.998524 0.00295039
0.998752 0.00249401
0.998953 0.00209387
0.999127 0.00174527
0.999278 0.0014436
0.999408 0.00118437
0.999518 0.000963271
0.999612 0.00077619
0.99969 0.000619226
0.999756 0.000488721
0.999809 0.000381263
0.999853 0.000293706
0.999888 0.000223171
0.999916 0.000167045
0.999939 0.000122984
0.999956 8.89039e-05
0.999969 6.29728e-05
0.999978 4.35995e-05
0.999985 2.94188e-05
0.99999 1.92766e-05
0.999994 1.2212e-05
0.999996 7.43874e-06
0.999998 4.32634e-06
0.999999 2.38061e-06
0.999999 1.22436e-06
1 5.78765e-07
1 2.45495e-07
1 9.01274e-08
1 2.70249e-08
1 5.97579e-09
1 7.92167e-10
1 3.68641e-11
1 5.04041e-14
1 5.01821e-14
1 3.6424e-11
1 7.76465e-10
1 5.81063e-09
1 2.60684e-08
1 8.6244e-08
1 2.33043e-07
1 5.45027e-07
0.999999 1.14379e-06
0.999999 2.20622e-06
0.999998 3.97744e-06
0.999997 6.78429e-06
0.999994 1.10488e-05
0.999991 1.73014e-05
0.999987 2.61937e-05
0.999981 3.85102e-05
0.999972 5.51785e-05
0.999961 7.72787e-05
0.999947 0.00010605
0.999929 0.000142895
0.999905 0.000189385
0.999876 0.000247255
0.999841 0.000318405
0.999798 0.000404893
0.999746 0.000508926
0.999684 0.000632847
0.99961 0.000779123
0.999525 0.000950324
0.999425 0.00114911
0.999311 0.00137818
0.99918 0.00164031
0.99903 0.00193823
0.998862 0.00227469
0.998673 0.00265236
0.998462 0.00307383
0.998228 0.00354155
0.997969 0.00405784
0.997685 0.0046248
0.997374 0.00524432
0.997037 0.00591801
0.996671 0.0066472
0.996277 0.00743288
0.995854 0.0082757
0.995401 0.00917592
0.99492 0.0101334
0.994411 0.0111475
0.993873 0.0122174
0.993307 0.0133414
0.992715 0.0145177
0.992097 0.0157439
0.991455 0.0170171
0.990791 0.0183341
0.990106 0.0196909
0.989402 0.0210835
0.988682 0.0225072
0.987949 0.0239569
0.987204 0.0254274
0.986452 0.0269128
0.985694 0.0284073
0.984934 0.0299045
0.984176 0.0313979
0.983422 0.0328808
0.982677 0.0343466
0.981943 0.0357884
0.981224 0.0371992
0.980524 0.0385722
0.979847 0.0399007
0.979195 0.041178
0.978572 0.0423976
0.977981 0.0435533
0.977426 0.0446391
0.976909 0.0456493
0.976433 0.0465787
0.976001 0.0474223
0.975615 0.0481758
0.975277 0.0488351
0.974989 0.0493967
0.974752 0.0498577
0.974569 0.0502157
0.974439 0.0504688
0.974363 0.0506159
0.974343 0.0506561
0.974377 0.0505895
0.974466 0.0504165
0.974608 0.0501383
0.974804 0.0497565
0.975052 0.0492733
0.97535 0.0486915
0.975697 0.0480145
0.976091 0.0472459
0.97653 0.0463901
0.97701 0.0454517
0.97753 0.0444359
0.978086 0.0433479
0.978676 0.0421936
0.979296 0.0409789
0.979944 0.0397102
0.980615 0.0383937
0.981307 0.037036
0.982016 0.0356437
0.982739 0.0342235
0.983472 0.0327819
0.984213 0.0313255
0.984956 0.0298608
0.985701 0.028394
0.986442 0.0269313
0.987179 0.0254785
0.987906 0.0240412
0.988623 0.0226247
0.989326 0.0212341
0.990013 0.0198738
0.990683 0.0185481
0.991332 0.0172609
0.99196 0.0160156
0.992565 0.0148153
0.993145 0.0136624
0.993701 0.0125591
0.99423 0.0115072
0.994732 0.010508
0.995207 0.00956233
0.995655 0.00867078
0.996076 0.00783344
0.996469 0.00705009
0.996835 0.00632015
0.997175 0.00564274
0.997488 0.00501669
0.997777 0.00444057
0.998042 0.00391271
0.998283 0.00343124
0.998502 0.00299414
0.9987 0.00259921
0.998877 0.00224417
0.999036 0.00192663
0.999178 0.00164417
0.999303 0.00139432
0.999413 0.00117462
0.999509 0.000982612
0.999592 0.000815903
0.999664 0.000672145
0.999725 0.000549076
0.999778 0.000444526
0.999822 0.000356433
0.999859 0.000282853
0.999889 0.000221969
0.999914 0.000172096
0.999934 0.000131686
0.99995 9.93277e-05
0.999963 7.37499e-05
0.999973 5.38153e-05
0.999981 3.85193e-05
0.999987 2.69838e-05
0.999991 1.84507e-05
0.999994 1.22744e-05
0.999996 7.91313e-06
0.999998 4.91945e-06
0.999999 2.93099e-06
0.999999 1.66026e-06
1 8.8478e-07
1 4.37335e-07
1 1.96538e-07
1 7.79899e-08
1 2.61164e-08
1 6.8408e-09
1 1.21568e-09
1 1.06489e-10
1 1.65912e-12
1 0
