1.21017 22.8906 
1.26694 22.6392 
1.24538 22.7182 
1.14311 23.1909 
1.23504 22.7569 
1.04541 23.9988 
1.06327 23.8362 
1.00065 24.9839 
1.00051 28.0789 
1.70418 21.5475 
1.79721 21.3646 
1.77672 21.4651 
1.41914 22.1803 
1.48433 22.0187 
1.3881 22.3019 
2.23805 2.62352 
2.08143 2.9823 
2.26888 2.58168 
1.86948 21.2081 
2.0599 20.896 
2.43122 2.4051 
2.45172 2.3863 
2.8343 2.10788 
2.40398 2.43104 
2.39245 2.44239 
2.94602 2.04311 
3.33053 1.85212 
3.3709 1.83426 
3.52303 1.76989 
3.48948 1.78372 
3.73845 1.68558 
4.48885 1.4369 
4.45015 1.4484 
4.54222 1.42125 
4.34551 1.48009 
4.08394 1.56369 
4.71096 1.3732 
4.64326 1.39223 
4.89455 1.32317 
5.19853 1.24492 
5.63151 1.14194 
6.20659 1.01781 
5.91195 1.07978 
6.27171 1.00454 
6.68024 0.924498 
6.36008 0.986767 
7.03176 0.859666 
7.16711 0.83561 
6.98664 0.867795 
7.34958 0.803928 
7.76817 0.734283 
7.32267 0.808548 
8.28575 0.653496 
8.39418 0.637258 
8.3481 0.644131 
8.4375 0.630835 
8.60079 0.606941 
8.73765 0.587292 
9.50627 0.48298 
9.50922 0.482598 
9.30686 0.509096 
9.30296 0.509614 
9.2497 0.516703 
9.51541 0.481798 
9.64577 0.465085 
9.88577 0.435004 
10.493 0.362741 
10.5204 0.359604 
10.104 0.408409 
10.8386 0.323985 
10.8021 0.328007 
10.9925 0.307272 
11.3015 0.274716 
11.1757 0.287811 
11.2669 0.278292 
11.9189 0.213663 
12.2125 0.186539 
11.7937 0.225607 
12.6172 0.151283 
12.4986 0.161355 
12.8933 0.128717 
12.9392 0.127952 
13.0875 0.113631 
13.5449 0.0809141 
13.6907 0.0714247 
13.8373 0.062399 
13.9609 0.0552332 
14.0434 0.0506955 
14.3183 0.0371868 
14.6458 0.0252037 
14.8373 0.021099 
15.3863 0.010182 
15.096 0.0209496 
15.2105 0.0140377 
15.7274 0.00692666 
15.8473 0.00479974 
16.398 0.000694491 
16.1574 0.00211998 
16.9233 0.000111012 
16.9004 0.000468724 
