1.23491 22.8424 
1.26432 22.6879 
1.08495 23.5619 
1.13991 23.5465 
1.00466 24.644 
1.03169 24.0627 
1.00086 24.848 
1.00019 24.9393 
1.00003 28.2428 
1.77801 21.4227 
1.65505 21.6284 
1.4621 22.0598 
1.50866 21.9546 
1.44179 22.4312 
2.07791 3.00242 
2.14114 2.79266 
2.18362 2.70905 
2.04574 20.9148 
2.03685 20.9306 
1.88721 21.2048 
1.94815 21.0742 
2.74686 2.16262 
2.64329 2.23312 
2.58737 2.2743 
2.36635 2.46892 
2.3913 2.44353 
3.17133 1.92618 
3.43538 1.80644 
3.42872 1.80928 
3.78865 1.66693 
3.51088 1.77488 
4.45495 1.44696 
4.54165 1.42142 
4.17911 1.5325 
4.21205 1.52192 
4.08289 1.56404 
4.95389 1.30746 
5.0265 1.28854 
5.09035 1.27216 
5.15131 1.25673 
5.12811 1.26258 
6.11077 1.03761 
6.17948 1.02338 
5.7504 1.11519 
6.53471 0.952402 
6.50064 0.959029 
6.40191 0.978446 
6.85008 0.892736 
6.98812 0.867526 
6.75056 0.911245 
7.52552 0.774157 
7.75922 0.735731 
8.07434 0.685823 
8.01392 0.695229 
8.09986 0.681873 
8.70237 0.592324 
8.3859 0.638491 
8.73689 0.5874 
8.92425 0.561045 
8.9697 0.554744 
9.01723 0.548193 
9.75734 0.450992 
9.84374 0.440209 
9.65463 0.463958 
9.47349 0.487228 
9.47101 0.487551 
10.4095 0.372355 
10.2188 0.3947 
10.4693 0.365463 
10.6233 0.347937 
10.5904 0.351649 
10.6672 0.342997 
11.1815 0.287202 
11.5636 0.248135 
11.1706 0.288341 
12.0038 0.205694 
12.0261 0.203615 
12.028 0.203442 
12.3304 0.176012 
12.4311 0.167184 
12.3439 0.174819 
13.018 0.118954 
13.1354 0.110013 
12.9899 0.121128 
13.6714 0.0726504 
13.3926 0.0913337 
14.3232 0.036972 
14.029 0.051471 
14.8763 0.020615 
14.6563 0.0249132 
14.8353 0.0211287 
14.9772 0.0200486 
14.9357 0.0201524 
14.9627 0.020063 
15.593 0.00751838 
15.858 0.00644415 
16.4002 0.00173228 
16.0896 0.00265752 
16.6623 7.47155e-05 
16.8476 2.7308e-05 
