2.22722 2.63919 
1.25633 22.6967 
1.24448 22.7503 
1.09601 23.5391 
1.07331 23.6419 
1.04628 23.9086 
1.02083 24.2547 
1.00047 24.886 
1.66097 21.6223 
1.71689 21.4919 
1.4687 22.0677 
1.31558 22.4903 
2.16706 2.7393 
2.22629 2.64056 
2.15088 2.77158 
2.06754 3.11662 
2.06746 3.1487 
2.07196 3.04689 
2.06469 20.946 
2.03754 20.9803 
1.83405 21.2715 
1.96954 21.0494 
2.82615 2.11283 
2.79621 2.13125 
2.37512 2.45986 
2.71975 2.18042 
2.73492 2.1704 
3.33031 1.85221 
3.1431 1.93998 
3.21434 1.90556 
3.8112 1.65866 
3.45803 1.79686 
3.84081 1.64791 
4.35017 1.47866 
4.37603 1.47075 
4.44096 1.45114 
4.59525 1.40592 
4.59054 1.40728 
5.12476 1.26342 
5.17909 1.24977 
5.09051 1.27212 
5.00863 1.29317 
5.01589 1.29129 
5.71789 1.12244 
5.83749 1.09597 
5.65436 1.13675 
6.16534 1.0263 
6.511 0.95701 
6.40248 0.978333 
7.01587 0.862523 
6.96424 0.87185 
7.31717 0.809494 
7.45532 0.785946 
7.6959 0.746021 
8.04448 0.690463 
7.89152 0.714519 
8.53681 0.616243 
8.69684 0.593116 
8.53921 0.615893 
9.06078 0.542224 
8.8751 0.567898 
8.92376 0.561113 
9.3255 0.506628 
9.46037 0.488935 
9.53925 0.478721 
9.98462 0.42287 
10.048 0.415164 
10.2233 0.394166 
9.82681 0.442313 
9.84609 0.439918 
10.4882 0.363297 
10.823 0.325701 
10.5917 0.351499 
11.357 0.269009 
11.1571 0.289766 
10.9881 0.307752 
11.5284 0.251648 
11.5503 0.24947 
12.3053 0.178236 
12.4037 0.169569 
12.1835 0.18917 
12.4818 0.162795 
12.4913 0.161978 
12.4697 0.163838 
13.0798 0.114214 
13.3345 0.0954402 
14.044 0.0506606 
13.7346 0.0686644 
13.7422 0.0681926 
14.1315 0.0460785 
14.5225 0.0290887 
14.3928 0.0340183 
14.8073 0.0215619 
14.8898 0.0204801 
15.6205 0.00702246 
15.1379 0.0155286 
15.8589 0.00451204 
15.7366 0.0057102 
16.465 0.00206348 
16.4015 0.0023611 
