8.86269 0.569636 
1.26412 22.6612 
1.25499 22.6826 
1.21848 23.1805 
1.20084 23.3594 
1.00948 24.4771 
1.06437 24.0779 
1.00201 24.7679 
1.00126 25.1834 
1.00032 28.0716 
1.00027 28.1135 
1.8134 21.3799 
1.77194 21.3944 
1.72812 21.615 
1.38568 22.314 
1.28983 22.6059 
2.17723 2.72043 
2.08758 2.95258 
2.08365 2.9709 
1.99582 21.0745 
1.87989 21.2081 
2.56489 2.29158 
2.86016 2.09241 
2.37218 2.46289 
2.39272 2.44211 
3.2884 1.87113 
2.93062 2.05174 
3.43686 1.80581 
3.62138 1.73049 
3.92124 1.61927 
3.69177 1.70324 
4.45902 1.44575 
4.52811 1.42537 
4.43168 1.45392 
4.2239 1.51813 
4.33595 1.48303 
4.41 1.46044 
4.83107 1.34021 
4.84597 1.33619 
4.72312 1.36981 
5.30879 1.21782 
5.24393 1.23368 
5.38932 1.19841 
5.7891 1.10661 
6.14839 1.0298 
6.69806 0.921125 
6.47169 0.964689 
6.6438 0.931425 
6.76353 0.908817 
7.04197 0.857834 
6.79485 0.902973 
7.51795 0.775422 
7.76905 0.734143 
7.53628 0.77236 
7.80399 0.72851 
7.81369 0.726951 
8.2877 0.653202 
8.61514 0.604864 
8.45937 0.627605 
8.79723 0.578845 
8.91131 0.562844 
9.21688 0.521093 
9.31381 0.508176 
9.95813 0.426107 
9.69655 0.458646 
9.42689 0.4933 
9.44907 0.490406 
10.2919 0.386077 
10.3647 0.377559 
10.4994 0.362012 
10.9413 0.312796 
10.7324 0.335714 
10.7806 0.330371 
11.3651 0.268179 
11.386 0.26604 
11.3143 0.27339 
11.9997 0.206077 
11.7097 0.233744 
11.9546 0.210296 
12.187 0.188851 
12.1549 0.191763 
12.673 0.146619 
12.6992 0.144447 
12.9465 0.124515 
12.8757 0.130115 
13.4557 0.0869591 
13.5641 0.0796346 
13.7898 0.0652599 
14.1596 0.0446622 
14.5898 0.0268639 
14.4497 0.0317577 
14.4188 0.0329676 
14.9579 0.0200731 
14.9224 0.0202252 
15.4558 0.00953966 
15.8912 0.00401391 
16.0718 0.00252557 
15.9851 0.0036187 
16.7485 0.000196826 
16.7502 1.7363e-05 
