1.26921 22.6573 
1.23284 22.7703 
1.08172 23.5533 
1.19854 22.9407 
1.10205 23.4107 
1.02511 24.1523 
1.05905 23.7592 
1.0322 24.0388 
1.00051 25.1347 
1.00077 24.9492 
1.00027 28.1041 
1.68016 21.5778 
1.65501 21.7673 
1.38495 22.3255 
1.28376 22.5825 
1.44756 22.1809 
2.22925 2.63621 
2.08763 2.95237 
2.17641 2.72191 
1.96456 21.0442 
1.95949 21.1039 
1.88572 21.2141 
2.51474 2.33184 
2.57784 2.28158 
2.83073 2.11004 
2.41189 2.42339 
2.40357 2.43144 
3.16872 1.92745 
2.98099 2.02386 
3.17234 1.92569 
3.47101 1.79141 
3.61659 1.73238 
3.97845 1.59939 
4.52685 1.42574 
4.53307 1.42392 
4.50748 1.43142 
4.29632 1.49531 
4.03169 1.58121 
4.04443 1.57691 
4.66101 1.38721 
4.57204 1.41261 
5.07657 1.27567 
5.39556 1.19846 
5.41237 1.19292 
5.35555 1.20651 
5.82744 1.09817 
6.10191 1.03946 
5.78405 1.10772 
6.68226 0.924115 
6.54824 0.949781 
6.50773 0.957647 
7.09399 0.848546 
7.19698 0.830366 
6.79838 0.902315 
7.32365 0.80838 
7.36337 0.801568 
7.96941 0.702207 
8.25467 0.658191 
7.87636 0.716931 
8.56842 0.611638 
8.80539 0.577693 
8.70928 0.591337 
9.46233 0.48868 
9.39381 0.49763 
9.22402 0.520136 
9.68472 0.460143 
9.83609 0.441159 
9.60802 0.469897 
10.2193 0.394645 
10.5606 0.355032 
10.8552 0.322165 
10.7602 0.332632 
10.6023 0.350306 
11.4946 0.255038 
11.6731 0.237326 
11.7094 0.233774 
11.8155 0.223511 
11.8183 0.223239 
12.7501 0.140259 
12.4336 0.166962 
12.5395 0.157855 
13.2342 0.102681 
13.2723 0.0999118 
13.3138 0.0969211 
13.7993 0.0646864 
13.6974 0.0709985 
13.4962 0.0841913 
13.9718 0.054619 
14.3952 0.033919 
14.3395 0.0362625 
14.5592 0.0278455 
14.5058 0.029676 
14.8255 0.0212728 
15.1309 0.0158903 
15.2751 0.0122688 
15.9478 0.00348017 
15.8868 0.00416916 
16.2769 0.00195111 
16.5699 0.000307609 
16.8946 0.000274562 
