0 0 1 
0 0 1 
0 0 1 
0 0 1 
0 0 1 
0 0 1 
0 0 1 
0 0 1 
0 0 1 
0 0 1 
0 0 1 
0 0 1 
0 0 1 
0 0 1 
0 0 1 
0 0 1 
0 0 1 
0 0 1 
0 0 1 
0 0 1 
0 0 1 
0 0 1 
0 0 1 
0 0 1 
0 0 1 
0 0 1 
0 0 1 
0 0 1 
0 0 1 
0 0 1 
0 0 1 
0 0 1 
0 0 1 
0 0 1 
0 0 1 
0 0 1 
0 0 1 
0 0 1 
0 0 1 
0 0 1 
0 0 1 
0 0 1 
0.0350102 0.0095131 0.970147 
0 0 1 
0 0 1 
0 0 1 
0 0 1 
0 0 1 
0 0 1 
0 0 1 
0 0 1 
0 0 1 
0 0 1 
0 0 1 
0 0 1 
0 0 1 
0 0 1 
0 0 1 
0 0 1 
0 0 1 
0 0 1 
0 0 1 
0 0 1 
0 0 1 
0 0 1 
0 0 1 
0 0 1 
0 0 1 
0 0 1 
0 0 1 
0 0 1 
0 0 1 
0 0 1 
0 0 1 
0.0384713 0.0601727 0.99502 
0.0246777 0 1 
0 0.0479679 1 
0 0 1.00002 
0.24333 0 1 
0 0.157156 1 
0 0 1.00233 
0.547581 0 1 
0 0.414235 1 
0 0 1.01689 
0 0 1.01689 
0 0 1.01689 
0 0.161693 1.00318 
0.646004 0 1 
0 0.622789 1 
0 0 1.02585 
0.798227 0 1 
0.798227 0 1 
0 0.665222 1 
0 0 1.02897 
0.848215 0 1 
0 0.758243 1 
0 0.665222 1.00015 
0 0.00261135 1.03126 
0 0 1.09729 
1.20866 0.386692 1.01213 
0 0.831956 1 
0 0.0669395 1.04432 
0 0 1.20489 
7.66934 4.75656 1.04383 
0.0239561 0.673921 1.06891 
0.30489 0.634754 1.04815 
0.582904 0.220156 1.06104 
0 0 1.30625 
0.477572 0.947535 1.23417 
1.4946 1.89819 1.11961 
0 0 1.3344 
0.825153 2.07809 1.28998 
0.887405 1.05623 1.25563 
8.26674 5.18463 1.12032 
2.17349 2.34015 1.17082 
0 0 1.4575 
0.59423 0.222526 1.36237 
0.234006 0.91694 1.35317 
0.361841 0.644961 1.40567 
5.00279 2.75045 1.28738 
2.37571 2.75136 1.32672 
0 0 1.61799 
0.129686 0.512757 1.52177 
0.851766 0.499601 1.45779 
1.00127 1.90936 1.36411 
1.51286 1.32038 1.35346 
0.441414 1.02263 1.38713 
0 0 1.70236 
0.873586 0.0813858 1.63569 
0.0780265 0.260109 1.67936 
0 0 1.70236 
1.27168 0.521682 1.55303 
0.957717 0.802523 1.56331 
4.7041 6.78097 1.37132 
6.04943 4.47123 1.38113 
1.2754 1.06426 1.40332 
0.615677 1.51275 1.64129 
0.698454 1.79603 1.50845 
0.777653 1.60017 1.62002 
0.760234 1.46816 1.63262 
1.24681 0.101705 1.6874 
0.615619 0.0024892 1.7055 
0 0 1.73113 
0.407036 0.0810734 1.72805 
1.00193 1.04438 1.5849 
1.80812 0.823199 1.56582 
3.5241 1.78699 1.41508 
1.75549 1.54972 1.44158 
1.62591 1.37206 1.56917 
0 0 1.76607 
0.276174 0.449007 1.73141 
0.381272 0.000718732 1.73761 
1.52108 1.39362 1.60272 
1.21354 1.26469 1.66655 
3.69472 7.42215 1.52785 
5.37673 5.7657 1.44362 
0 0 1.76737 
1.02579 2.32416 1.76183 
2.15328 1.1357 1.74088 
2.03908 1.65483 1.61615 
2.7937 2.63069 1.61059 
2.67273 1.5146 1.71047 
1.7602 1.97541 1.71511 
4.97989 1.61673 1.68781 
1.48256 2.9548 1.71388 
1.22966 0.367668 1.80205 
0.700637 0.33123 1.9336 
0 0.404711 1.84937 
0.941996 1.95183 1.77086 
0.928097 1.12421 1.81094 
0.30489 0.00261135 2.40826 
1.45013 0.330324 2.089 
0.0039131 0.229005 2.37155 
2.33382 3.61126 1.71386 
5.24226 7.09574 1.64722 
4.22518 2.64613 1.64998 
3.05866 1.59288 1.76624 
1.81405 0.540423 1.8193 
1.1747 1.02649 1.88582 
1.28127 0.796316 1.9686 
0.450082 0.575522 2.05293 
2.05817 3.18894 1.79022 
1.84045 4.26103 1.81098 
1.6774 4.80895 1.87947 
0.720864 0.486354 2.39302 
0.0916898 0.339375 2.53575 
3.41635 4.73222 1.7416 
4.50802 2.75505 1.65673 
3.51545 3.56703 1.78493 
4.37838 2.99712 1.81049 
5.08832 1.68039 1.78175 
2.12409 2.72397 1.85498 
1.96325 4.07269 1.87681 
2.69196 1.94477 1.93237 
4.11045 2.68271 1.90982 
1.78688 2.04564 1.9293 
1.56384 2.16814 1.94571 
2.84335 1.51419 1.92649 
1.5307 1.28178 1.9753 
1.50501 1.45664 2.04003 
2.0788 1.77758 1.97402 
4.59738 0.96896 2.15231 
0.655441 0.654163 2.40608 
0.742294 1.96973 2.09174 
4.53879 0.992805 2.09242 
1.99358 0.938632 2.22171 
0.474369 1.00218 2.11326 
2.87243 1.27309 2.1073 
2.10668 4.63847 1.79464 
2.33876 4.30971 1.82788 
1.39156 0.388543 3.02843 
1.19823 0.473019 3.10023 
4.42704 5.60089 1.76764 
5.9287 7.24505 1.72017 
4.60181 4.93216 1.7848 
7.4107 4.42255 1.8186 
3.75704 2.94642 1.85687 
3.473 2.73826 1.92201 
2.01278 4.30062 1.97018 
3.17829 1.591 2.06164 
2.02151 2.1979 2.07876 
3.60216 2.41293 2.00492 
2.79433 4.05594 2.01542 
3.30499 2.9351 1.97924 
3.05413 2.84528 2.03359 
3.10957 2.85817 2.0169 
2.87814 2.90081 2.01755 
1.01095 0.963303 2.54893 
1.20776 0.754619 2.4272 
4.95867 0.996051 2.21859 
0.796138 1.13714 2.18923 
0.557094 1.21851 2.13183 
3.28266 4.78046 1.84621 
3.46231 6.23757 1.84066 
3.01504 0.626528 3.8505 
2.75807 0.615818 4.09951 
2.72431 2.81026 2.11222 
2.09753 3.06268 2.08151 
3.25769 3.11737 2.03135 
7.92211 3.62593 2.02886 
3.26813 2.91722 2.10923 
1.73826 1.07864 2.5031 
1.40385 0.924644 3.99202 
2.0932 0.917871 2.65801 
2.54536 0.971855 2.57104 
2.04739 1.17686 2.27757 
1.17489 1.13874 2.51963 
2.5279 1.69548 2.16944 
2.05206 4.10441 2.14394 
1.19773 1.78308 2.21825 
2.61552 1.64979 2.17589 
0.92965 1.25733 2.7624 
2.03076 2.69431 2.15499 
0.75928 2.13117 2.2784 
1.80996 1.72341 2.2478 
0.65565 1.40399 2.64522 
1.25916 1.24741 2.26067 
1.75861 4.27122 2.18962 
2.75371 4.2324 2.10309 
2.75371 4.2324 2.10309 
4.05242 2.99181 2.14815 
7.06131 4.08272 2.13424 
2.16083 1.05273 2.82174 
3.29048 0.982046 4.27949 
3.19674 0.985567 4.01911 
2.88603 0.986379 4.36692 
5.86928 1.00876 3.2927 
2.97711 1.17007 2.57111 
1.80508 1.21595 3.23939 
1.59973 2.52937 2.23379 
3.02261 4.10811 2.17755 
3.05721 3.0664 2.18833 
1.14785 2.25345 2.40389 
1.14236 2.70008 2.6369 
0.972587 1.74111 4.32276 
0.790255 3.16164 3.99528 
0.730443 2.77086 4.84895 
0.842287 2.31807 2.92583 
1.29632 2.14516 3.55788 
1.35576 1.76827 3.41282 
1.74187 1.34264 4.3689 
1.91511 1.34298 2.61534 
1.74187 1.34264 4.3689 
2.63256 1.38845 2.59868 
2.89093 2.36043 2.26775 
1.57431 1.37027 2.80811 
1.83231 1.55718 2.58135 
3.4953 1.84946 2.28127 
2.74504 1.49734 2.46427 
1.43903 1.40328 3.14426 
1.40333 1.60734 2.32451 
5.03536 5.29848 2.1345 
4.19065 4.30084 2.15053 
2.70819 1.10586 3.68051 
2.39362 1.12108 3.54421 
2.97021 1.07837 3.50584 
2.45623 1.33682 2.95431 
3.03931 1.2189 3.48813 
5.84735 1.28784 3.34658 
1.60518 4.2488 2.29138 
2.17056 4.04916 2.24403 
2.99472 3.68033 2.25604 
4.67628 3.294 2.21546 
3.10696 3.26198 2.25766 
5.10693 3.29432 2.19191 
3.90929 3.56643 2.24815 
1.24475 2.2779 2.489 
0.965716 2.68633 5.56702 
1.13614 2.81244 3.38214 
1.09338 4.56905 3.18613 
1.23635 2.59576 3.68463 
1.13614 2.88178 3.06067 
1.04657 3.34326 4.37361 
1.96916 1.35047 2.96885 
4.07807 2.74923 2.27924 
4.1813 2.68872 2.26963 
1.80051 1.53961 2.8179 
3.57542 2.07094 2.28733 
3.15162 1.59559 2.78133 
2.50747 1.67073 2.41501 
1.97888 3.25511 2.48083 
1.81444 1.62778 2.52289 
2.38154 1.78446 2.39923 
1.72028 3.93544 2.35037 
2.04317 2.02685 2.38848 
1.55752 1.75178 3.366 
1.57125 2.17741 2.86745 
1.77895 2.27577 2.78116 
4.38387 1.7412 2.33158 
1.99843 2.44933 2.33136 
2.2475 1.86999 2.50539 
5.24226 6.88646 2.14996 
4.26266 4.79091 2.18088 
2.44264 1.29296 3.80197 
2.62054 1.16228 5.16698 
2.97021 1.24015 3.50905 
6.72264 1.1395 4.14604 
2.97388 1.34068 3.3091 
2.57904 6.17814 2.31221 
3.46312 7.43237 2.25017 
5.09789 3.77948 2.24065 
5.44297 4.3022 2.20773 
5.52809 3.31543 2.23469 
1.29632 2.58739 3.55788 
1.63469 2.64706 2.60291 
1.46217 2.90639 2.79677 
1.40861 3.40941 3.19623 
1.13614 2.88178 3.22195 
2.7454 1.42936 3.55264 
3.37704 1.39462 3.17062 
2.03782 1.43689 3.16516 
2.92066 1.44529 3.13167 
3.10709 1.52333 3.09276 
2.47202 1.57234 2.98644 
4.17456 3.96836 2.28792 
3.60216 2.41293 2.29184 
3.61023 1.7245 2.46201 
3.72924 1.7105 2.42703 
3.20101 1.68791 2.98598 
1.98163 2.25531 2.5604 
2.13824 1.9042 2.83933 
2.53444 1.73224 2.95608 
2.4545 1.81157 2.66975 
2.04317 2.02685 2.80618 
2.22217 2.23785 2.44701 
3.70412 2.03767 2.45169 
1.66605 1.84217 4.05315 
1.70986 2.12242 3.80343 
1.63212 2.54984 4.50732 
1.93046 2.36066 2.88721 
1.80964 2.28258 3.24551 
2.09757 3.18894 2.40204 
2.48761 3.77299 2.36415 
3.51545 3.56703 2.38564 
2.17934 2.55686 2.42897 
2.36439 1.88442 3.02007 
2.83955 2.03061 2.63751 
2.39476 2.23084 2.72021 
2.40036 2.06193 2.60615 
3.77581 1.27515 4.5666 
3.39128 1.34934 4.12743 
3.32539 1.42796 3.51506 
1.55524 2.63942 4.47707 
1.65558 2.63335 4.35071 
1.50294 2.78782 4.09144 
1.81387 3.19187 2.74217 
1.72635 5.20446 2.6432 
1.52338 2.9454 3.05264 
1.60075 2.92253 2.92113 
1.23205 4.22242 3.55055 
1.20967 3.40873 4.18285 
1.33399 3.29361 4.58147 
1.3635 3.01753 3.48695 
2.86388 1.46607 3.54723 
2.1478 1.48131 4.14912 
2.19602 1.71837 3.23398 
2.92066 1.44529 3.23097 
2.94382 1.5414 3.21599 
3.02967 1.51883 3.13512 
2.71558 1.6044 3.1215 
2.83629 1.59168 3.33508 
3.63103 3.34085 2.34862 
5.17755 2.82752 2.31545 
4.05497 3.00237 2.32551 
3.65395 6.09972 2.34274 
7.85589 6.35752 2.315 
6.35834 6.68323 2.29828 
4.34195 2.68249 2.38635 
3.73362 1.7105 2.43102 
2.06439 3.10783 2.6379 
1.99131 2.53 2.83578 
2.02369 2.71376 2.67846 
1.99555 2.31786 3.1688 
2.16351 1.98785 3.7771 
2.47461 1.84904 2.82225 
2.92269 1.81191 2.83185 
2.11045 2.35835 2.88568 
2.1218 2.06 3.41138 
2.25796 2.14721 2.94085 
2.13511 2.10232 3.28941 
2.22217 2.23785 2.49156 
3.11042 2.34715 2.46109 
2.58848 2.41657 2.48456 
1.67388 2.00255 4.10176 
2.03797 1.96694 5.28438 
2.07948 1.89423 4.50567 
1.98163 2.41451 3.0639 
2.10492 3.35617 2.42868 
2.70697 3.24956 2.41453 
2.17408 3.2326 2.61814 
2.10339 3.59819 2.61584 
2.93301 3.02677 2.47392 
3.64019 2.21864 2.7332 
2.57828 2.09025 2.73662 
1.37166 5.81404 4.89324 
6.58901 2.34707 2.46975 
3.21548 6.63218 2.47241 
2.6114 1.52202 5.68739 
4.15888 3.03031 2.32728 
6.50417 1.29153 5.66036 
5.01727 1.33831 5.1361 
6.50417 1.29153 5.66036 
2.10668 4.63847 2.47515 
2.75371 4.2324 2.55841 
1.42127 3.43893 3.49088 
2.32441 1.76636 5.34135 
4.53925 2.06192 2.56708 
1.85585 3.84828 2.90436 
1.88825 4.52639 2.82197 
3.45496 2.24396 2.94038 
2.38038 3.79502 2.6327 
3.82445 1.59051 4.08228 
4.10874 1.4713 3.24067 
1.79777 2.63828 4.54169 
2.14139 2.97509 2.85268 
2.47536 1.67765 4.79819 
4.35854 2.05992 2.71809 
3.08148 1.58146 4.45756 
2.16199 1.9935 4.27169 
2.95296 2.31225 2.60791 
1.99238 2.74582 3.00884 
4.53513 1.43074 3.75693 
3.72832 1.63894 4.09529 
1.56901 3.39128 3.76694 
3.03629 1.6374 4.27888 
3.57113 3.30946 2.50077 
3.07907 1.52701 4.62497 
1.72972 2.55526 5.23615 
4.22952 2.16433 2.6517 
1.67733 3.0716 3.78659 
3.16916 1.89702 3.10435 
3.10952 1.70287 3.95329 
1.39204 3.02888 4.03551 
1.38462 3.34063 3.8533 
1.72794 3.19422 3.15391 
1.9258 3.04764 3.02459 
3.10952 1.76102 3.56172 
2.79636 2.05122 3.00144 
1.96602 3.04336 3.71845 
3.6271 3.34357 2.47477 
1.99131 2.53 3.40871 
2.25286 3.32546 2.66114 
2.68449 3.16747 2.63781 
1.76207 3.40085 2.98474 
2.22138 2.18584 3.33976 
3.04031 1.90478 3.29332 
2.01363 2.43785 3.43456 
2.56004 2.32645 2.76289 
2.23473 2.43088 3.18845 
2.10668 4.63847 2.47515 
2.33364 1.81204 4.61373 
2.4545 1.81157 3.65395 
3.14296 1.73314 3.23007 
3.58447 2.46173 2.54637 
2.06486 2.32897 3.31677 
2.56635 2.1435 3.29723 
2.42238 2.0446 3.50169 
2.50089 3.12287 2.63825 
2.21173 1.90382 3.62295 
2.44824 2.25462 3.25234 
