235.057 34.668 35.3359 
114.454 96.7367 55.8918 
62.1697 12.2032 125.262 
27.0189 120.293 51.0431 
12.7077 2.98065 117.201 
178.837 80.4907 0.458061 
172.322 40.074 30.804 
110.26 0.189502 5.40478 
14.1544 238.224 36.9067 
54.8221 147.965 167.552 
15.5381 21.3575 155.746 
36.6744 140.695 24.2545 
117.707 21.6268 220.935 
245.131 28.5102 83.1451 
10.0574 5.28309 106.298 
0.065149 28.7727 64.4254 
111.194 23.4515 190.523 
48.235 160.033 156.169 
58.7079 8.04618 160.635 
20.3066 74.4581 60.1237 
2.87262 165.193 226.853 
51.7693 8.56161 57.1516 
29.9447 23.3268 192.104 
37.5759 88.4458 3.01194 
124.79 82.9921 77.2421 
66.9411 87.1816 180.496 
19.9352 37.7984 93.356 
15.0526 86.1457 188.775 
131.992 134.432 11.2838 
215.345 55.6991 108.743 
57.5719 13.7668 65.5185 
3.05638 9.2127 193.139 
86.5016 153.353 44.0746 
37.0819 284.601 16.197 
27.4334 15.1361 264.538 
196.253 25.2467 145.357 
33.821 68.3385 89.5139 
73.4549 65.8582 115.017 
20.4987 91.871 91.0821 
13.9413 59.4848 190.394 
34.3529 17.835 195.125 
113.734 15.5757 60.5675 
4.76772 0.0584593 92.9664 
335.428 39.9004 1.06599 
12.0735 10.3935 118.437 
44.4003 15.1605 262.459 
2.49866 2.32547 146.779 
112.859 69.9752 87.5722 
21.2239 99.1508 82.096 
36.5116 243.067 27.8702 
2.42464 158.591 160.33 
2.80743 1.90339 116.557 
234.378 28.6194 100.16 
29.3237 86.5515 32.4544 
63.2469 6.16095 197.837 
29.7732 14.1007 51.6488 
59.4438 65.1857 130.868 
21.7019 35.1023 73.5884 
1.51234 4.87846 334.116 
6.34193 20.3501 333.171 
26.5638 33.0906 253.052 
77.56 21.2714 241.493 
229.953 48.6935 68.8239 
50.3423 1.03107 193.528 
26.8873 10.873 244.598 
12.1271 0.773718 149.155 
69.1258 134.456 24.7474 
24.9915 32.8938 197.463 
42.7255 148.648 112.781 
11.0214 11.9072 224.526 
16.8288 39.4617 330.572 
166.447 127.379 71.9431 
64.5908 41.2612 152.39 
21.6289 172.225 58.3085 
3.28928 0.122703 259.768 
249.801 30.3823 30.6088 
2.74139 90.2297 110.793 
8.93419 70.2237 88.1448 
139.514 102.415 54.3007 
72.746 5.70484 19.1598 
22.906 58.5721 212.785 
174.779 63.2319 12.447 
9.08874 2.1516 145.67 
153.944 94.8776 19.8942 
111.458 0.0214624 194.095 
71.448 141.198 146.823 
89.8677 40.2607 11.6973 
44.7973 102.056 19.1867 
21.8844 92.4363 129.062 
138.756 32.596 191.547 
14.1826 32.4639 169.216 
25.024 16.6208 42.6833 
129.645 14.8325 29.6587 
44.9476 40.8759 220.685 
18.9899 47.2769 72.0022 
41.7786 173.637 152.65 
148.289 122.433 115.596 
10.4099 121.937 115.559 
3.85052 105.435 7.48868 
132.044 33.872 15.9272 
123.436 22.9516 40.1821 
13.6661 234.14 48.5914 
83.7243 134.623 78.2469 
259.29 17.9577 97.169 
4.94039 169.481 67.5384 
23.4085 29.5761 148.856 
160.581 82.0059 142.013 
70.5253 61.5785 152.556 
19.7863 23.1379 171.516 
46.8885 47.4744 167.159 
44.8894 117.371 210.203 
72.8664 224.866 4.84059 
53.5222 4.50783 176.253 
68.6247 202.123 39.5427 
90.4522 51.533 64.0732 
142.723 90.6194 40.4345 
143.167 62.7678 118.38 
0.088348 0.00318538 113.837 
282.865 116.812 12.7769 
19.759 43.7594 182.208 
97.9251 42.9761 39.9487 
0.966438 0.603409 201.725 
214.535 46.5817 65.4879 
99.2234 101.558 28.9122 
86.5854 24.2116 41.3999 
121.421 84.1848 31.6318 
43.0482 207.249 67.7411 
46.0116 19.2018 59.4934 
0.376266 1.78425 429.565 
42.1165 67.0902 143.527 
13.3428 46.1017 266.479 
22.5194 16.691 61.3184 
87.2541 40.4185 138.524 
197.68 145.252 78.77 
184.029 0.339276 12.1214 
125.323 85.5934 129.785 
34.8102 104.801 171.757 
156.178 71.9375 60.5164 
23.9405 9.92748 117.88 
277.385 36.5839 24.4855 
63.784 47.1218 60.731 
266.018 74.2223 109.092 
27.5322 152.034 67.2319 
58.3327 57.6255 89.1903 
116.418 31.8851 23.3064 
50.1348 13.8641 282.739 
1.31862 8.98184 314.428 
0.802119 23.3297 146.356 
248.057 4.15214 21.0946 
23.5033 2.37898 175.292 
43.3128 29.8107 211.762 
0.0187517 0.727451 442.808 
91.2874 23.2654 78.084 
10.0618 71.2584 66.8102 
7.25793 207.401 82.1309 
25.5674 42.6131 128.603 
112.653 59.6193 203.463 
37.5966 17.6853 183.758 
260.745 5.03812 52.2781 
119.025 54.7722 97.3408 
32.1127 130.852 191.329 
51.9469 40.897 214.785 
11.3162 1.33774 278.797 
149.396 13.9577 20.152 
169.257 17.3061 96.4301 
195.486 34.5822 10.7731 
143.135 4.59788 79.9716 
16.0268 153.407 60 
117.195 35.0017 97.9006 
53.7588 197.42 70.2061 
106.214 1.55875 120.121 
155.624 48.5645 45.5609 
134.758 219.485 54.8635 
159.751 127.67 59.8334 
228.985 2.78936 46.2829 
3.38175 290.504 22.8303 
2.28928 103.565 62.0579 
87.4835 14.9663 82.9885 
15.563 23.7152 179.467 
69.2824 17.3801 155.62 
86.3797 53.6128 99.4648 
2.80836 1.51363 101.878 
43.2179 138.86 17.2576 
5.3957 0.145797 306.261 
19.6389 100.71 85.6933 
92.8121 17.1884 152.611 
22.5203 108.175 0.363663 
4.60458 11.4348 354.784 
3.35905 1.3801 135.016 
203.951 46.4363 133.534 
1.73352 38.7531 226.206 
119.597 80.3045 120.043 
25.0561 10.3114 206.662 
5.06457 90.7513 235.491 
3.8789 181.906 167.63 
58.3289 20.9359 205.017 
8.86498 63.4498 257.119 
58.5303 21.7082 242.945 
115.535 53.4298 91.097 
42.6161 222.385 79.8925 
36.571 34.4174 236.531 
36.1375 88.6628 141.414 
160.642 92.7715 62.8282 
1.59109 4.54928 268.534 
54.0571 20.5689 161.068 
37.3814 240.717 38.8952 
103.133 13.9448 147.208 
75.6318 198.52 55.1601 
193.426 8.0882 9.51146 
129.143 92.2442 18.2666 
20.7504 4.99022 155.872 
42.5839 30.9382 290.752 
63.1104 34.3811 152.444 
25.8954 63.287 216.821 
137.97 18.2754 107.927 
86.7671 9.44025 159.531 
53.3351 49.7049 203.492 
12.6108 218.766 68.2704 
24.9176 41.4054 237.121 
198.279 39.9166 13.0916 
29.8601 14.0848 160.098 
5.62877 101.959 189.564 
20.9692 110.081 159.083 
66.367 221.692 74.5333 
195.37 23.4831 55.7046 
141.932 142.461 85.2875 
38.1068 129.487 87.0269 
225.575 91.3036 26.3998 
0.157941 0.779287 183.786 
124.764 2.81489 73.838 
2.38489 3.41656 198.524 
1.84699 7.24553 342.694 
36.2154 263.079 49.8358 
12.8319 74.1166 160.952 
9.15152 107.786 77.1423 
21.4739 0.358018 148.989 
17.6961 15.8344 296.065 
95.0718 78.3761 11.4084 
193.714 41.6969 51.2473 
22.498 52.13 116.49 
23.6771 110.19 149.867 
41.0564 52.4562 171.099 
138.369 33.581 79.8494 
13.368 127.615 125.668 
143.202 27.0947 79.6403 
100.019 133.908 89.8923 
154.111 186.276 58.2915 
82.6778 178.999 33.9909 
79.6093 180.672 62.2232 
32.851 10.1577 218.405 
3.3151 10.465 223.806 
22.7567 260.173 14.6471 
59.0563 85.3209 34.4933 
45.1994 148.936 31.1696 
42.971 15.0971 250.749 
76.5413 81.4751 76.4621 
115.742 93.4015 8.44072 
132.225 72.599 97.5653 
83.9565 161.552 35.0646 
14.7892 11.6143 395.618 
32.183 158.557 122.291 
119.799 25.5324 66.9588 
44.9398 58.0865 192.815 
87.9353 206.622 47.8918 
24.4917 156.202 19.3725 
2.24692 3.76545 221.666 
71.4044 132.501 101.387 
59.8365 95.8075 120.053 
31.8456 141.675 146.843 
258.466 38.9898 179.741 
69.5403 45.26 145.712 
160.028 28.7767 65.5417 
1.89219 168.642 15.8403 
15.0739 118.928 126.858 
29.3549 51.868 281.295 
306.176 3.4794 25.798 
2.61227 14.5636 234.014 
71.387 10.8223 147.549 
31.4772 285.356 12.4258 
54.5583 49.5558 139.187 
41.8941 11.5056 99.5482 
18.3633 20.2701 348.424 
33.7086 54.3836 183.356 
19.0085 231.828 15.2292 
20.1252 22.6186 336.888 
16.4485 22.7754 165.068 
20.4525 46.9388 215.349 
22.5817 18.5389 203.441 
38.15 25.9269 221.036 
41.4714 20.5894 130.925 
21.0781 243.952 4.78678 
1.27804 24.4974 346.925 
38.2263 25.1856 220.084 
59.5431 1.55902 169.983 
33.1969 116.619 55.3239 
22.4991 218.956 111.48 
65.233 148.128 74.3791 
5.41843 21.4522 224.803 
18.0096 362.638 84.2051 
40.2549 55.243 72.0381 
