8.83644 240.29 39.1486 
10.6294 0.2478 262.823 
204.743 11.5064 54.525 
20.0908 4.02084 205.473 
5.37152 267.649 38.9127 
58.1266 74.5211 44.3493 
128.197 191.402 101.87 
92.2497 193.096 30.0446 
225.017 7.74949 116.455 
6.84527 6.36614 304.94 
81.6851 7.93911 151.459 
115.286 34.2537 76.8829 
43.8353 32.5764 228.305 
144.551 53.2732 177.724 
14.1531 42.0113 217.578 
7.45501 102.409 120.967 
54.6087 79.7733 9.64609 
33.063 93.5128 116.642 
0.94046 77.9391 248.759 
33.0793 65.993 132.768 
32.6853 62.1805 299.516 
93.5225 136.647 84.7199 
47.2027 100.737 76.3998 
134.546 33.0401 114.114 
38.5059 134.462 148.244 
62.5335 23.8135 185.121 
136.981 37.0746 44.0424 
46.8423 69.7574 150.186 
17.2607 83.317 194.096 
132.151 70.7372 8.14667 
92.433 41.5706 130.777 
149.612 52.3334 144.54 
64.0158 7.43093 134.349 
3.2887 103.887 124.885 
18.9729 5.99347 408.51 
248.892 31.3999 22.2378 
74.071 55.4105 38.367 
44.3835 13.04 49.7776 
57.6528 73.0606 138.446 
72.3141 16.4394 47.6395 
16.5074 30.2386 94.2347 
106.563 13.9842 186.001 
1.15845 175.379 206.814 
85.0886 50.9943 73.7191 
7.23913 34.052 247.875 
111.661 32.2827 173.367 
21.8448 72.4424 203.495 
104.456 96.4426 92.0118 
51.1657 83.4742 95.4118 
1.10416 19.9787 230.541 
62.1105 90.7286 160.47 
157.889 15.3091 24.4472 
53.7703 110.911 120.844 
38.6483 36.4829 211.775 
51.0253 62.1016 173.355 
39.9757 97.9959 140.486 
15.2916 152.41 97.2715 
15.7086 23.3605 275.44 
26.2442 89.5854 123.852 
34.3689 76.6155 96.446 
85.4895 208.9 73.2483 
92.7991 82.9234 44.1307 
202.631 118.456 58.1547 
84.6148 72.5578 136.457 
16.6126 107.65 153.456 
1.47895 229.42 55.6958 
99.431 61.7177 185.648 
17.6321 15.2948 278.446 
45.2324 147.107 16.2997 
18.6701 101.915 31.4873 
218.392 7.97129 98.9926 
107.609 131.88 49.0895 
9.34803 2.62789 192.156 
51.7657 72.8018 199.322 
154.766 18.8691 63.6919 
38.9335 99.2964 177.425 
29.4954 189.194 86.8247 
20.5169 101.38 9.0087 
15.027 29.2981 242.995 
21.9891 0.896209 241.804 
30.4932 198.531 6.23831 
31.3767 5.80599 165.491 
78.6182 119.952 134.577 
160.008 201.683 13.0077 
158.778 36.9691 107.395 
3.89343 23.9827 103.429 
95.3783 207.685 1.31256 
5.56913 90.7978 119.909 
204.77 58.3341 28.1304 
151.554 45.0234 171.748 
54.0301 170.943 26.6314 
16.9284 20.0682 102.344 
2.10136 0.778693 182.477 
0.668671 21.3911 204.579 
27.456 48.3084 30.6601 
27.5804 8.52056 193.218 
194.129 127.823 114.947 
122.986 142.179 50.3149 
85.71 10.6826 229.925 
78.4962 44.9774 21.09 
135.223 17.083 92.8515 
128.165 64.5616 41.3309 
94.7993 41.1405 82.2839 
112.652 81.1254 37.4325 
107.179 38.6412 90.5964 
7.22109 6.37219 106.004 
35.601 51.175 180.183 
93.6829 97.4895 84.2271 
81.5278 1.72993 205.358 
80.8637 23.7178 205.681 
117.214 8.12971 125.007 
106.006 81.6029 226.513 
23.3637 7.25896 211.504 
106.077 11.9643 140.591 
113.619 61.3425 4.24871 
164.323 37.9386 15.2383 
13.8489 79.4457 122.392 
143.878 8.25594 80.6382 
118.74 4.84946 115.818 
19.0384 28.4945 196.612 
11.6975 168.192 124.788 
12.2981 21.7746 238.803 
32.2728 20.8208 298.416 
21.6645 8.4565 138.374 
77.254 25.7455 206.55 
3.13537 7.64571 367.019 
191.644 13.4906 8.89779 
20.9862 17.0536 305.618 
64.5871 73.6284 215.53 
1.17018 4.3988 166.295 
10.8586 42.1121 293.91 
87.5357 63.7584 70.7695 
87.3061 0.0233648 130.336 
14.6562 188.767 93.8227 
242.661 34.4519 76.7446 
4.59229 39.2821 155.65 
21.3923 86.2031 24.6639 
71.379 96.8106 84.507 
102.812 131.468 66.6125 
79.7708 2.07231 125.257 
9.21072 110.395 37.2341 
51.1296 50.4823 112.585 
0.431086 118.809 161.97 
53.7932 172.737 72.7268 
38.0628 23.4724 149.568 
109.08 119.515 6.73197 
183.154 157.214 34.5106 
8.67002 251.956 4.18974 
62.0255 106.801 180.8 
81.0037 104.314 86.6057 
25.6613 235.464 30.751 
21.2864 32.9716 250.393 
96.1927 85.6201 79.2938 
117.982 175.95 39.1685 
24.6342 179.951 67.1865 
209.166 66.0587 46.6528 
35.3208 123.873 116.283 
45.7959 83.9665 70.6689 
72.1713 95.7957 115.372 
157.7 94.2255 75.7749 
39.0141 99.6646 118.963 
62.0424 11.2152 214.989 
136.014 173.331 14.8678 
28.837 33.6121 86.4364 
48.5706 87.7813 151.488 
6.32049 16.8534 141.48 
72.8077 45.9835 253.039 
22.7337 233.58 21.7 
125.436 9.83173 76.6809 
44.5164 292.426 28.8723 
25.9327 169.535 177.201 
222.818 80.7466 76.7647 
20.0675 60.2004 134.834 
97.4099 33.621 153.291 
16.4378 44.5237 156.455 
6.89267 44.302 294.98 
60.13 108.79 75.4164 
53.7473 159.959 59.1224 
320.7 18.4789 50.4836 
99.7528 60.1321 99.0493 
8.68735 105.974 68.1584 
5.90126 8.01739 355.197 
21.8522 187.439 102.899 
84.7332 31.1253 321.195 
26.8157 16.2188 335.142 
30.9534 5.80295 244.645 
217.312 171.091 24.0938 
124.201 120.868 98.2413 
117.77 40.5399 108.472 
12.0739 7.86157 282.455 
178.427 31.0836 83.9709 
3.47156 19.0082 277.053 
114.892 36.9445 16.9866 
2.45576 325.733 50.0638 
2.16153 18.2208 314.271 
21.6011 62.1595 143.341 
9.01396 14.5349 296.619 
121.963 36.7121 89.2301 
63.7618 71.9819 212.989 
179.635 16.5637 171.588 
95.3741 107.16 143.212 
66.7598 252.049 2.20235 
19.8794 236.346 83.5271 
9.93586 35.2339 321.828 
37.3431 7.83371 101.021 
2.44985 36.1937 216.966 
2.64422 52.3085 164.124 
154.927 81.8895 115.059 
0.0686316 1.94211 204.918 
23.8596 35.743 317.072 
42.6885 136.305 64.0367 
54.3793 29.2403 119.186 
19.2773 24.2268 199.946 
13.172 37.1205 98.5112 
18.6686 23.5279 292.892 
163.398 91.7836 8.56602 
153.363 23.8302 120.529 
3.82919 142.827 39.9589 
175.404 83.1401 13.5396 
40.9415 192.098 57.6196 
13.5891 8.56725 185.606 
117.497 65.6689 49.435 
21.4071 198.256 10.2046 
50.5466 67.5467 13.5993 
46.5474 90.5707 189.578 
19.1151 80.4221 131.066 
7.55965 146.305 153.184 
151.183 123.754 23.1074 
69.546 1.8453 51.3561 
64.8758 12.9537 214.302 
123.494 81.8383 33.6703 
1.52566 245.145 62.7691 
151.623 40.4901 167.669 
16.8998 9.32623 314.319 
171.126 27.8375 196.153 
25.8859 3.95263 236.366 
36.8456 114.522 200.827 
45.5557 125.561 43.8416 
23.317 73.335 152.085 
128.648 16.7343 112.911 
35.4131 114.064 89.2487 
38.7494 25.3036 60.8099 
32.5991 206.949 66.8577 
109.039 15.8359 136.005 
95.4841 22.0231 112.67 
113.186 13.3565 112.295 
91.4859 59.3447 256.169 
14.287 9.96638 177.914 
78.7054 0.190729 279.172 
48.8815 236.975 46.6671 
60.7786 43.3595 80.2231 
75.603 226.095 21.7295 
38.4363 38.6782 178.298 
28.7343 65.3227 213.141 
74.0759 89.4346 138.197 
7.59918 76.9946 288.312 
19.4061 38.2513 262.506 
65.5494 16.0155 164.839 
119.626 94.502 151.499 
1.10242 8.2622 184.246 
111.218 6.16552 96.8292 
21.6092 10.8063 239.849 
108.027 19.1096 92.2819 
62.1289 42.3538 144.252 
54.274 203.561 22.4483 
24.8488 48.8749 93.0623 
12.1658 119.96 146.641 
28.7982 92.4962 225.135 
186.382 34.9931 185.256 
65.1177 0.881614 247.684 
15.6756 85.7586 208.401 
16.7303 36.9137 231.112 
75.1105 45.5448 195.728 
101.676 45.6069 137.665 
0.178597 0.0027876 265.638 
17.0998 104.167 193.069 
0.335785 0.187514 238.741 
87.1964 87.8068 65.1744 
161.556 180.605 53.1319 
92.8327 28.7389 82.4192 
38.741 67.3312 190.632 
6.70915 107.602 307.356 
146.371 42.8196 64.5695 
55.1125 51.6406 45.1809 
14.7874 33.9559 215.474 
168.373 114.661 135.961 
23.6285 28.9475 197.161 
122.737 2.48186 141.819 
140.117 56.7189 56.718 
14.3865 142.589 72.5795 
78.7455 26.6978 204.583 
108.487 18.6231 176.035 
81.3633 16.0888 197.759 
164.228 25.1586 147.617 
4.45623 182.989 103.015 
176.601 114.249 9.98851 
25.0233 81.3399 254.992 
17.3 102.503 74.3919 
92.7026 177.971 8.26579 
2.35496 20.2418 142.537 
