15.8081 243.181 28.0051 
2.90561 49.4928 157.14 
68.9456 70.4831 56.9325 
28.8688 214.531 48.3343 
233.552 2.85368 73.54 
210.658 50.3694 187.272 
4.45231 1.75399 307.098 
8.59877 3.68498 195.766 
84.5048 122.609 14.1758 
130.006 21.1921 188.644 
169.903 14.1608 163.647 
105.425 29.6416 23.4024 
43.3644 62.2959 247.515 
31.5011 33.835 239.451 
0.845645 2.73345 400.766 
253.439 27.8226 70.4077 
15.2854 21.7043 191.096 
169.396 31.5055 111.994 
84.6647 41.9505 63.1283 
2.56991 10.0758 184.052 
213.276 73.7214 78.1742 
50.7768 162.786 4.35619 
70.9959 35.9255 156.265 
81.5669 4.79494 277.07 
68.8145 4.86585 218.694 
35.9182 135.339 34.2221 
19.7477 63.3898 74.1907 
9.0347 77.2701 282.188 
59.5912 0.735259 246.109 
71.9141 115.457 125.508 
1.66821 2.84419 105.458 
54.2336 53.4411 103.968 
161.332 1.24147 84.6768 
134.832 110.198 26.6376 
20.9816 138.922 143.167 
20.6836 24.7152 374.433 
63.2248 85.5303 113.303 
39.1161 40.4602 120.583 
104.142 134.832 5.90286 
12.8504 3.78331 228.297 
0.519172 71.5236 312.337 
106.035 258.717 64.5588 
132.025 82.4766 45.7903 
160.758 1.16536 99.9668 
146.583 187.753 2.18601 
128.211 111.229 33.3113 
89.9931 124.978 138.352 
17.8575 0.962293 201.528 
87.0165 87.8926 72.478 
91.8765 36.5648 208.178 
13.5863 5.55727 229.64 
19.4719 35.9425 285.68 
60.6843 15.3681 238.31 
32.3357 32.2158 214.472 
12.0959 135.261 168.163 
85.5437 195.985 24.4385 
121.373 86.4828 9.68122 
21.9899 79.3072 48.2679 
197.645 95.0766 20.5979 
12.4623 155.912 138.276 
1.27581 4.53779 169.767 
45.7516 12.3269 255.457 
98.2609 117.669 82.7906 
152.995 9.81702 20.6296 
80.8133 34.6125 179.337 
62.3993 61.3764 47.4298 
5.16054 80.8496 203.856 
139.378 128.093 147.01 
109.815 9.93724 132.614 
82.177 39.9709 105.428 
26.6207 86.5689 128.264 
77.2309 167.931 57.416 
122.739 8.45104 310.653 
25.9688 130.386 176.492 
4.8393 0.331415 323.046 
115.41 19.8587 154.834 
0.638478 0.28187 211.86 
88.3859 84.3885 185.741 
37.0573 99.6775 127.992 
3.02135 94.0277 159.685 
15.378 3.87155 347.184 
10.8422 32.2206 310.118 
114.18 32.2906 185.66 
24.3299 37.0439 176.99 
6.57777 80.6322 192.42 
1.19553 43.2739 76.7297 
5.68498 10.5061 369.258 
51.1143 5.68828 256.647 
48.181 180.885 87.3959 
21.004 13.5383 181.264 
297.417 69.3634 34.6817 
45.7009 4.05204 120.247 
10.4247 31.8917 326.626 
72.7461 31.8768 36.2933 
208.215 90.7296 19.6463 
84.2905 187.183 134.08 
14.3523 1.00116 308.115 
161.356 22.8348 104.587 
68.9377 212.387 40.2898 
70.9558 28.7907 122.44 
51.8168 9.57077 183.278 
53.8379 215.209 11.2021 
110.39 117.005 123.807 
26.9645 179.257 100.634 
42.9519 181.233 35.2973 
150.708 64.3406 48.9541 
243.175 119.15 8.51157 
108.533 77.0884 23.6216 
192.755 9.06276 160.14 
3.96642 48.8499 236.793 
34.0323 180.784 102.574 
21.9102 184.604 2.89299 
50.1061 78.5798 188.077 
45.1199 121.288 172.406 
27.3355 12.0034 282.727 
19.7949 225.878 114.09 
17.4841 258.035 38.4749 
28.034 206.717 59.6859 
117.261 157.91 98.2976 
235.105 120.899 9.38783 
280.165 0.469597 21.8893 
138.391 10.2896 140.237 
79.6891 72.3948 192.955 
3.7698 10.2383 182.932 
79.6336 43.4189 60.4735 
133.618 46.7382 74.6492 
179.478 45.507 86.6878 
78.139 9.5485 234.891 
22.88 3.22899 264.836 
1.02922 58.3483 292.059 
11.3428 126.759 183.186 
33.9236 39.4427 290.588 
7.68014 67.303 70.9787 
63.6706 89.5045 151.815 
39.7457 14.1581 228.028 
5.60916 123.759 55.6167 
123.686 36.3433 26.2161 
216.482 96.6757 53.5065 
85.6943 71.3102 133.763 
8.959 9.03923 157.371 
10.529 0.511998 224.504 
126.72 64.2807 126.358 
64.0065 33.3079 113.46 
44.087 25.3415 73.2262 
63.5545 87.0652 72.8852 
9.61621 12.2689 192.455 
68.0926 21.8556 106.622 
42.1047 143.875 114.82 
205.324 11.0921 1.27103 
78.9739 145.882 76.4461 
22.6833 250.226 32.5422 
34.7737 35.3235 204.917 
127.07 90.5643 155.114 
251.455 16.6746 28.6989 
18.8579 14.0923 380.76 
62.2413 77.062 141.794 
103.176 60.3729 82.2582 
6.09614 182.99 63.9254 
27.3052 48.7778 217.58 
133.76 85.1351 154.241 
0.00502126 0.303468 408.164 
88.7459 178.344 42.8089 
53.3809 48.4614 202.563 
33.9643 130.196 37.4507 
28.8767 231.999 36.9828 
240.272 49.1833 84.4681 
3.26204 194.295 177.412 
59.826 81.4435 192.146 
52.8868 50.4379 127.13 
54.5765 205.719 86.992 
10.2222 15.1981 100.356 
232.27 5.97602 10.1072 
0.406032 5.88421 212.191 
58.1928 12.832 285.989 
22.4167 1.25164 320.561 
156.704 8.91627 50.0642 
7.24565 98.3892 225.005 
65.4696 110.234 71.9266 
25.4029 42.4355 239.197 
316.045 0.941344 155.546 
184.2 50.0547 36.7869 
198.378 0.365137 2.40241 
73.8204 46.5903 93.5691 
61.9039 20.3438 183.828 
91.9511 174.59 118.146 
286.904 43.6844 4.61947 
33.648 21.0979 176.447 
20.5876 18.04 140.847 
3.65186 3.88019 205.763 
109.895 188.664 12.0756 
33.4441 2.53168 316.852 
107.42 67.9853 51.8208 
92.462 45.8475 182.581 
80.6754 100.143 3.09341 
8.98533 2.17184 211.117 
30.238 78.4495 280.568 
8.8807 3.30666 326.257 
83.1886 81.7591 134.656 
21.7629 169.354 58.7891 
121.294 84.3843 108.727 
96.6019 124.004 70.2161 
21.4777 133.759 120.118 
180.454 13.461 132.987 
196.135 92.8292 10.8943 
23.2465 10.6767 214.748 
17.9664 118.724 335.081 
91.5309 103.657 18.7212 
26.0786 83.5953 137.353 
32.568 9.47948 185.218 
93.724 45.8971 99.8723 
0.0271266 8.44618 108.391 
8.68768 158.519 24.6188 
32.3864 24.7026 219.671 
103.124 132.269 58.2345 
122.967 54.6827 17.1245 
68.4179 0.855647 344.229 
21.5244 83.3297 213.516 
3.55383 19.7632 180.457 
60.265 88.9596 63.9918 
46.4309 165.162 55.7618 
71.7318 13.5781 260.51 
71.9938 207.085 61.8044 
0.0516004 0.157332 234.956 
41.3273 124.075 56.0589 
87.2792 86.6852 83.236 
33.213 85.63 186.931 
118.511 243.316 19.9194 
48.569 8.72103 196.956 
60.0849 113.165 132.345 
17.0221 31.397 204.999 
50.7183 4.07911 270.477 
11.7602 194.847 43.0383 
0.351179 0.289546 274.664 
8.82148 180.591 65.3707 
5.30602 0.457456 191.903 
2.44549 14.291 151.835 
16.0071 4.78073 172.171 
4.75695 51.8736 209.208 
18.0572 138.695 139.733 
225.259 15.576 32.2166 
8.58459 7.26395 39.862 
61.3649 80.1713 83.1939 
23.0827 136.933 86.8702 
79.3963 19.6203 236.322 
1.9572 246.744 55.1059 
127.275 22.8603 24.1932 
198.537 34.3187 58.629 
95.0845 8.40836 300.271 
44.9009 65.0718 130.26 
275.413 27.5727 10.7632 
0.492947 9.07192 241.948 
142.738 91.9099 25.7748 
6.53624 50.3141 172.695 
72.7748 187.592 16.7888 
29.3449 241.137 15.6707 
5.76968 6.08465 172.838 
47.3951 123.078 103.562 
212.261 144.719 32.6266 
2.18021 11.9346 211.307 
24.2431 74.8756 135.214 
147.886 11.6318 33.5272 
107.045 51.3627 106.445 
10.6457 18.2263 170.979 
9.73346 48.7304 15.9046 
47.6505 3.44147 307.763 
2.42088 16.1957 268.562 
2.04698 23.868 314.388 
134.325 310.716 13.3429 
137.497 21.2729 21.7764 
89.6275 77.9931 86.9751 
139.548 41.3432 203.544 
59.0815 15.8124 176.306 
151.497 69.2339 174.131 
50.5504 57.9845 200.67 
0.166778 164.302 82.7784 
143.021 37.3681 109.208 
82.5212 88.5395 83.3382 
171.775 27.2678 76.9808 
41.177 52.6711 191.218 
39.1589 24.5176 236.348 
279.507 28.6322 3.26026 
64.2604 109.065 137.16 
35.9523 95.3947 102.154 
5.38808 24.5578 166.732 
4.50969 44.9359 194.48 
8.97463 130.265 219.834 
0.606939 156.958 77.9726 
69.5346 201.131 2.71904 
66.5736 11.3339 258.302 
146.574 113.169 15.4053 
10.6353 9.09258 288.696 
18.9736 192.309 46.2146 
34.7224 248.553 78.2603 
185.095 38.3469 18.6874 
3.48481 0.951118 202.411 
11.5658 182.588 29.6189 
87.3607 2.95782 91.747 
1.4451 17.2103 260.112 
34.496 56.7372 214.375 
83.512 79.857 171.141 
