190.718 123.455 9.13252 
53.9112 113.235 158.873 
1.94431 332.674 1.26748 
37.4114 26.5495 404.372 
179.768 22.4576 42.2978 
299.267 27.7547 62.7237 
6.73463 260.681 34.5587 
38.1907 36.4683 97.9331 
153.748 23.5713 143.474 
7.34303 62.3055 206.721 
71.3586 15.9006 250.656 
201.744 27.3909 33.0462 
171.304 4.40152 184.023 
90.8143 40.5588 88.3014 
113.556 36.2975 33.5077 
38.0939 14.6335 73.2579 
288.77 13.1488 1.54069 
104.382 146.366 73.4601 
11.8451 215.386 24.0602 
46.0602 24.1302 111.901 
46.9865 230.105 5.18956 
0.46823 15.8858 268.47 
68.7464 75.9841 117.24 
8.72595 56.8874 129.066 
0.0156039 0 0.484422 
0.0216694 0.0217043 0.456633 
0.0215067 0.04344 0.435087 
0.0216492 0.0649281 0.413429 
0.0211516 0.0870516 0.391809 
0.0211296 0.108776 0.3701 
0.0184775 0.13125 0.350292 
0.0217457 0.152212 0.32605 
0.0216717 0.173895 0.304443 
0.021669 0.195658 0.282679 
0.0213276 0.217576 0.2611 
0.0216516 0.239257 0.239097 
0.0214868 0.261003 0.217514 
0.0215919 0.282757 0.195654 
0.0217141 0.304404 0.173888 
0.0216656 0.326355 0.151984 
0.0215698 0.348078 0.130355 
0.0216716 0.369579 0.108751 
0.021725 0.391324 0.0869677 
0.0212457 0.413541 0.0652222 
0.0216925 0.434834 0.0434843 
0.0216992 0.456566 0.0217398 
0.021683 0.478329 0 
0.0434929 0 0.456516 
0.0432656 0.0216794 0.435062 
0.0432276 0.0432455 0.413532 
0.043464 0.0650164 0.391525 
0.0433839 0.0869878 0.369635 
0.0423607 0.108889 0.348758 
0.0431308 0.130484 0.326392 
0.0433421 0.15222 0.304444 
0.0435051 0.173712 0.282788 
0.0433933 0.195665 0.26095 
0.0431843 0.217381 0.239438 
0.0434761 0.23913 0.217398 
0.0434724 0.260966 0.195564 
0.0432313 0.28274 0.174031 
0.0426836 0.304591 0.152729 
0.0429359 0.326461 0.130608 
0.0434244 0.34794 0.108638 
0.0434201 0.36962 0.0869659 
0.0432602 0.391526 0.0652159 
0.0434638 0.413115 0.043424 
0.04343 0.434836 0.0217395 
0.0426056 0.457408 0 
0.0651925 0 0.434835 
0.0648553 0.0216204 0.41353 
0.0651848 0.0433791 0.391445 
0.0651139 0.0652187 0.369672 
0.0652455 0.0866313 0.348135 
0.0649317 0.108694 0.326382 
0.065108 0.130546 0.304354 
0.0652106 0.152116 0.282679 
0.0651775 0.17388 0.260947 
0.0651232 0.195566 0.239312 
0.0652453 0.217392 0.217368 
0.0650064 0.239215 0.195783 
0.0652111 0.260879 0.173914 
0.0651669 0.282586 0.15225 
0.0652129 0.304352 0.130441 
0.0651399 0.326145 0.108718 
0.0651925 0.347901 0.0869094 
0.0652128 0.36958 0.0652165 
0.0651815 0.391344 0.0434772 
0.0651561 0.413114 0.02174 
0.0651999 0.434806 0 
0.086925 0 0.413083 
0.0867681 0.0213166 0.391919 
0.0869166 0.0435041 0.369586 
0.0869414 0.0650999 0.347966 
0.087025 0.0866084 0.326372 
0.0869398 0.108309 0.304759 
0.0866934 0.130476 0.282835 
0.0868355 0.152221 0.260948 
0.0869455 0.17362 0.239438 
0.08678 0.195708 0.217515 
0.086991 0.217365 0.195649 
0.0869597 0.239131 0.173914 
0.0870303 0.260702 0.152269 
0.0869566 0.28261 0.130436 
0.0869185 0.304371 0.108715 
0.0867622 0.326276 0.0869653 
0.0868689 0.347917 0.0652174 
0.0869663 0.369566 0.0434726 
0.0868476 0.391417 0.0217402 
0.0869579 0.413056 0 
0.108591 0 0.391415 
0.1081 0.0217649 0.37014 
0.1088 0.0430771 0.348136 
0.108511 0.0650992 0.326396 
0.108705 0.0867735 0.304526 
0.108736 0.108513 0.282756 
0.108444 0.130497 0.261064 
0.108681 0.152151 0.239191 
0.108724 0.173913 0.217368 
0.10871 0.19562 0.195674 
0.108474 0.217504 0.174027 
0.108699 0.239122 0.152182 
0.108664 0.260899 0.130442 
0.108678 0.282682 0.108643 
0.108691 0.304348 0.0869654 
0.108518 0.326269 0.0652161 
0.108647 0.347891 0.0434732 
0.108638 0.369625 0.02174 
0.107728 0.392286 0 
0.130264 0 0.369741 
0.130744 0.0186721 0.350597 
0.130524 0.0427858 0.326695 
0.130334 0.0652354 0.304436 
0.130203 0.086961 0.282839 
0.130451 0.108607 0.260948 
0.130349 0.130437 0.239217 
0.129598 0.152464 0.217943 
0.130469 0.17387 0.195665 
0.130149 0.195828 0.174027 
0.130431 0.217418 0.152153 
0.130445 0.239122 0.130436 
0.130384 0.260881 0.108737 
0.130409 0.282637 0.0869602 
0.130467 0.304318 0.0652174 
0.130441 0.326095 0.0434735 
0.130475 0.347792 0.0217412 
0.13013 0.369884 0 
0.151938 0 0.348068 
0.150897 0.0217175 0.327393 
0.152283 0.0431144 0.304608 
0.151967 0.0652578 0.282779 
0.15223 0.0869258 0.260849 
0.152268 0.10872 0.239018 
0.152232 0.130393 0.217378 
0.152225 0.152105 0.195675 
0.152168 0.173909 0.173925 
0.152191 0.195668 0.152146 
0.152034 0.217534 0.130436 
0.152164 0.239175 0.108665 
0.152177 0.260872 0.0869577 
0.152213 0.282572 0.0652175 
0.152199 0.30433 0.0434737 
0.152186 0.326082 0.0217412 
0.152141 0.347871 0 
0.173754 0 0.326252 
0.173949 0.0216419 0.304414 
0.173944 0.0432829 0.282777 
0.174274 0.0652561 0.260477 
0.173791 0.0869892 0.239225 
0.173937 0.108661 0.217404 
0.173946 0.130388 0.19567 
0.173901 0.152176 0.173925 
0.173969 0.173921 0.152113 
0.1739 0.195668 0.130436 
0.174238 0.216911 0.108853 
0.174284 0.239742 0.0859809 
0.173902 0.260884 0.0652162 
0.173885 0.282646 0.0434739 
0.173907 0.304399 0.0217021 
0.173928 0.326074 0 
0.195584 0 0.304421 
0.19576 0.0217394 0.282506 
0.195851 0.0433532 0.260801 
0.195664 0.065117 0.239226 
0.195546 0.0870482 0.217411 
0.195728 0.108354 0.195924 
0.195537 0.130455 0.174013 
0.195621 0.152065 0.152317 
0.195585 0.173912 0.130506 
0.19567 0.195667 0.108666 
0.195692 0.217439 0.0868719 
0.195721 0.239035 0.065247 
0.195662 0.260868 0.0434729 
0.195685 0.282584 0.021735 
0.195653 0.304355 0 
0.2175 0 0.282506 
0.217548 0.0207664 0.261694 
0.217425 0.0434752 0.239105 
0.217415 0.0651678 0.217423 
0.217409 0.0868693 0.195727 
0.217225 0.108727 0.174051 
0.217294 0.130258 0.152451 
0.217452 0.152046 0.130507 
0.217485 0.173784 0.108734 
0.217451 0.195593 0.0869588 
0.217465 0.217291 0.065247 
0.21738 0.239153 0.0434734 
0.217418 0.260849 0.0217411 
0.217345 0.282659 0 
0.23922 0 0.260786 
0.239203 0.0216789 0.239124 
0.239055 0.0434938 0.217455 
0.239209 0.0650807 0.195714 
0.239137 0.0868219 0.174046 
0.239372 0.108679 0.151951 
0.239097 0.130396 0.13051 
0.239071 0.152163 0.108769 
0.239197 0.173846 0.0869598 
0.239158 0.195661 0.0651845 
0.239157 0.217373 0.0434729 
0.239015 0.239289 0.0217002 
0.239108 0.260899 0 
0.260942 0 0.239064 
0.260872 0.0217339 0.217397 
0.260884 0.0434056 0.195714 
0.260981 0.0650644 0.17396 
0.261145 0.0864617 0.152396 
0.260948 0.108699 0.130359 
0.260725 0.130509 0.108769 
0.260901 0.152146 0.0869595 
0.260902 0.173932 0.0651703 
0.260915 0.195616 0.0434737 
0.261184 0.217106 0.0217173 
0.260714 0.239291 0 
0.282705 0 0.217299 
0.283072 0.0210011 0.195932 
0.283047 0.0429116 0.174046 
0.282587 0.0652151 0.152202 
0.282567 0.0868106 0.130629 
0.28281 0.108427 0.10877 
0.282611 0.130434 0.0869595 
0.282686 0.152143 0.0651809 
0.282635 0.173912 0.0434555 
0.282755 0.195733 0.0215175 
0.282602 0.217408 0 
0.304463 0 0.195543 
0.304389 0.021615 0.174003 
0.304359 0.0434668 0.152178 
0.304642 0.0650748 0.130291 
0.304438 0.0868743 0.108692 
0.304397 0.108647 0.0869598 
0.304531 0.13025 0.0652245 
0.30439 0.152142 0.0434705 
0.3045 0.174002 0.0215033 
0.304255 0.195751 0 
0.326201 0 0.173804 
0.326252 0.0214865 0.152264 
0.326278 0.0432013 0.130525 
0.326129 0.0651533 0.108725 
0.326069 0.086959 0.0869769 
0.325991 0.108762 0.0652519 
0.326113 0.130463 0.0434293 
0.326286 0.152213 0.0215083 
0.32605 0.173955 0 
0.348539 0 0.151464 
0.348004 0.0214681 0.130534 
0.347884 0.04343 0.108693 
0.347758 0.0652494 0.0869993 
0.347855 0.0869266 0.0652243 
0.347899 0.108685 0.0434209 
0.347894 0.130444 0.0216792 
0.347989 0.152022 0 
0.369961 0 0.130042 
0.369669 0.0216926 0.108642 
0.369591 0.0434187 0.0869932 
0.369703 0.0651216 0.0651806 
0.369607 0.0869509 0.0434479 
0.369605 0.10872 0.0216787 
0.369501 0.130504 0 
0.391702 0 0.108305 
0.391406 0.021624 0.0869826 
0.391351 0.043405 0.0652462 
0.391401 0.0651361 0.0434705 
0.391491 0.0867802 0.0217316 
0.391344 0.108668 0 
0.413182 0 0.0868211 
0.413254 0.0217289 0.0650197 
0.413087 0.0434763 0.0434466 
0.413261 0.0650166 0.0217271 
0.413248 0.0867547 0 
0.434845 0 0.0651581 
0.434859 0.0217097 0.043437 
0.434787 0.0434823 0.0217348 
0.434858 0.0651479 0 
0.456572 0 0.0434348 
0.457076 0.0214723 0.0214628 
0.456921 0.0430841 0 
0.478543 0 0.0214645 
0.478563 0.0214421 0 
58.9486 41.6413 145.781 
