7.41467 119.876 106.872 
66.3843 15.0767 228.439 
48.8593 83.2873 267.817 
51.6003 14.7346 317.774 
181.139 6.89038 132.798 
77.7928 45.2153 185.72 
2.86718 217.379 64.5423 
73.1034 42.5031 143.849 
168.875 55.3804 4.88912 
194.738 43.675 84.6367 
205.015 6.67889 24.421 
93.7461 1.27797 165.872 
2.43376 1.97201 146.889 
1.32651 4.86071 276.948 
84.2944 28.5477 122.033 
150.221 64.3157 93.2942 
8.92688 54.9806 145.173 
72.3698 128.814 0.49649 
71.4974 81.5244 99.7731 
105.858 130.911 17.9007 
355.782 1.5985 71.0985 
147.483 81.654 47.8328 
96.8892 9.09408 77.5439 
141.325 70.0428 143.468 
40.2642 30.2054 197.454 
44.3638 128.714 73.4334 
52.56 149.159 21.5863 
22.2577 161.716 146.804 
280.788 29.6474 32.466 
0.653397 9.00303 216.144 
34.5608 12.0189 161.407 
28.0477 15.1719 200.566 
151.272 23.1333 137.286 
2.70845 41.7202 134.919 
71.5779 44.9123 140.882 
57.8 17.7377 134.9 
56.3772 7.14279 281.549 
23.4981 191.126 192.813 
11.904 72.3952 197.569 
10.8095 20.2375 245.935 
44.2755 90.8169 121.014 
35.8258 203.548 7.3519 
29.8533 91.6495 161.327 
33.4454 6.05232 237.528 
74.3836 20.397 212.668 
15.5676 19.65 72.208 
24.7297 119.41 25.2662 
97.4612 18.6091 28.2635 
134.207 114.87 33.5234 
90.63 44.6102 174.834 
60.5018 190.056 105.406 
101.161 208.79 63.3472 
151.127 55.3645 35.7294 
74.0042 126.035 136.551 
4.79867 44.6863 275.495 
129.807 73.9788 67.3946 
11.4039 15.48 180.862 
43.9278 107.558 203.476 
17.7955 144.072 69.3661 
62.9843 88.4333 126.234 
1.75234 2.09194 232.018 
5.5549 6.20017 313.968 
7.80197 102.23 150.423 
6.03434 65.8522 113.505 
14.7255 72.9337 70.8998 
14.2457 134.457 146.438 
17.7797 87.7351 213.37 
51.5064 76.0895 176.02 
75.673 149.301 2.84381 
11.0895 28.0938 266.54 
102.636 188.392 16.2326 
101.808 47.1172 46.8792 
37.7522 91.6987 95.7216 
32.1077 9.02382 269.656 
116.305 49.0197 208.339 
77.2226 8.52549 62.7761 
75.0928 131.132 100.895 
47.9351 3.13722 128.911 
38.861 203.218 67.1645 
174.479 25.4449 17.3403 
89.9484 63.047 274.969 
9.96893 90.3766 64.7477 
31.0638 228.715 83.3435 
10.7915 46.914 342.657 
123.562 68.2504 38.4439 
10.7014 6.74868 77.3129 
86.2902 63.8543 49.9089 
64.2159 57.1887 3.18957 
141.591 23.9527 47.8717 
67.7496 8.07966 27.821 
4.68429 45.8843 180.012 
44.3391 79.5375 218.665 
64.589 57.1765 80.227 
72.2572 65.6105 17.8732 
89.8473 191.897 23.0876 
0.263251 18.6992 221.446 
43.6708 52.6152 275.93 
28.9677 86.5876 196.979 
50.2539 11.1051 257.65 
45.2863 118.757 134.521 
16.6082 190.242 105.727 
139.438 8.10448 137.38 
58.3268 163.481 6.73282 
3.86883 57.2462 216.824 
122.608 17.0884 82.2862 
29.8981 47.0847 79.5471 
49.5673 137.74 166.639 
82.3441 91.8171 111.551 
57.6726 88.333 20.7675 
42.6672 12.4045 183.703 
2.29071 138.737 142.974 
134.206 51.3751 43.9659 
112.292 71.1931 67.1508 
14.9997 34.0849 126.421 
78.4123 7.15457 265.872 
12.2367 34.249 171.242 
22.8097 14.6026 167.73 
21.7797 36.0751 195.142 
105.047 124.262 71.4682 
53.1039 12.418 147.823 
5.408 13.7341 299.289 
6.82356 26.6494 260.451 
62.2513 10.487 204.518 
48.3969 95.073 64.9365 
6.87841 68.4467 264.714 
44.4877 18.0452 172.52 
114.125 55.3792 172.521 
79.1258 61.1664 26.1203 
15.4774 2.14956 341.04 
14.2056 84.9841 189.822 
17.0131 127.811 43.277 
33.9545 12.6852 99.1672 
10.6882 40.3977 213.112 
4.51231 7.80423 205.131 
47.9185 5.36213 93.0053 
187.662 0.957564 44.9373 
3.25339 0.580078 252.347 
17.9942 20.244 225.16 
12.4406 60.1574 136.908 
7.20094 15.3813 235.326 
10.7019 1.22962 312.821 
139.628 137.495 67.7614 
239.736 100.629 79.1282 
270.466 7.81882 15.7497 
127.231 76.0888 132.979 
59.6395 46.3798 289.081 
4.90678 9.57637 340.376 
63.7261 158.975 19.6674 
81.0001 66.1858 120.993 
9.32105 197.862 89.299 
25.7799 220.361 119.103 
22.5542 124.036 154.62 
6.26735 124.472 56.5491 
141.035 40.0719 52.7739 
12.7622 90.4693 136.145 
178.339 53.4278 113.179 
42.484 58.7956 177.462 
0.0383015 10.8303 154.628 
137.841 97.1875 152.813 
270.576 80.0749 22.9874 
45.1472 99.1639 166.402 
5.52979 26.4512 128.141 
138.887 32.6177 7.3891 
15.6606 23.018 324.799 
10.8699 184.321 76.7973 
9.82876 0.79552 94.7192 
0.138822 50.2803 133.281 
16.0703 45.2355 232.21 
231.815 40.6762 50.5367 
18.7482 76.5045 251.186 
47.9377 16.0736 226.976 
0.585508 153.086 118.691 
23.4294 314.496 24.2793 
136.618 14.5789 31.746 
40.9843 43.2633 294.647 
81.2248 181 3.44935 
11.0699 85.1473 69.8157 
9.86695 20.4774 260.193 
50.2921 42.5119 189.15 
4.0166 63.9131 189.613 
162.382 44.5253 96.2785 
7.27025 10.896 197.477 
154.373 233.635 18.6594 
90.5994 188.479 9.17528 
56.9724 103.89 52.8664 
11.3516 0.596959 295.754 
3.96528 13.656 215.405 
53.2965 164.45 169.244 
203.483 73.1643 13.5925 
43.5551 2.71969 156.086 
59.2572 10.9268 220.418 
160.818 63.4826 99.7266 
74.0626 20.4092 83.3937 
64.7757 135.054 128.191 
5.68752 6.20101 64.0046 
48.2492 97.0854 225.364 
1.65066 1.46587 288.091 
105.099 119.776 45.0476 
4.06984 1.61195 94.1716 
4.81174 55.4763 56.2296 
18.0467 144.26 189.951 
36.116 239.08 13.1342 
75.9436 18.6253 147.839 
186.294 53.4292 96.0024 
63.044 0.736589 173.557 
179.743 14.4775 68.071 
64.4304 62.0359 66.524 
30.6132 228.836 52.4399 
6.05078 240.002 81.1235 
29.2058 26.8932 441.751 
74.3108 102.943 175.304 
56.1704 2.0196 183.045 
53.2434 140.895 4.28573 
24.4804 42.1048 146.905 
74.7165 46.134 240.614 
82.0283 54.8513 4.79003 
97.9848 33.7979 71.6319 
47.5267 30.3221 168.015 
16.5777 249.943 41.0902 
1.99212 151.226 60.1941 
8.09367 56.0108 298.391 
58.4307 100.633 20.1472 
87.2562 78.9331 7.6494 
22.6551 38.0365 166.025 
108.166 223.903 0.478913 
75.2093 18.2361 196.954 
6.90516 32.7137 224.452 
36.9165 68.9269 263.499 
2.25634 18.8869 173.993 
66.455 65.3087 17.2157 
174.847 1.3826 189.857 
56.6292 216.155 42.2908 
53.7574 31.5484 221.055 
16.4926 56.0889 356.031 
7.27862 1.91282 216.222 
131.767 95.3349 11.8295 
10.2521 48.5217 111.986 
28.9371 47.6188 64.8225 
20.941 41.0858 122.142 
68.165 264.4 31.4715 
93.357 92.8892 138.798 
45.4164 139.268 199.837 
22.3146 44.982 226.427 
40.8496 143.078 46.356 
41.4706 7.84875 183.053 
0.785253 2.63397 188.631 
27.9701 5.17403 300.055 
74.3048 199.227 50.2987 
131.969 96.4683 19.646 
19.081 183.88 63.8556 
97.0301 51.2433 37.2437 
185.718 46.7878 112.575 
76.8355 43.0411 92.6098 
125.928 71.4923 112.395 
0.511637 25.1863 436.89 
12.7286 29.9243 204.464 
2.80603 42.1715 223.377 
191.838 196.925 32.8889 
135.707 121.287 40.7265 
45.7749 8.98807 191.613 
30.8364 19.674 167.692 
20.1774 93.9442 189.211 
124.054 100.109 55.4859 
134.537 117.171 148.191 
41.7454 64.7338 104.511 
47.4966 162.101 100.718 
18.162 4.65355 286.849 
87.4437 2.70989 119.062 
116.218 202.289 45.5811 
174.647 61.2518 74.7046 
18.9194 125.899 246.19 
5.64894 80.3536 225.459 
56.4212 65.2562 103.625 
86.1727 91.6877 125.907 
26.1644 12.4385 162.665 
16.6011 96.5228 40.7642 
8.247 40.8746 148.902 
0.227696 72.8714 85.7555 
16.5641 226.571 98.129 
28.5934 24.3522 42.5661 
306.739 5.27807 34.962 
185.427 91.472 76.9394 
1.90516 42.3511 231.686 
49.5317 123.191 28.8003 
44.2405 41.7751 81.4513 
72.0586 65.1791 74.422 
193.2 57.792 38.3391 
82.5599 85.6472 13.8411 
89.7627 51.0494 92.1598 
113.576 10.502 67.0432 
24.1194 85.1868 62.7906 
0.66473 121.838 30.0155 
1.16586 37.2815 101.952 
95.4988 99.8217 42.9963 
23.8611 92.563 21.4021 
37.5139 105.98 201.432 
14.5975 259.629 85.1292 
204.715 68.4677 90.4096 
7.32245 121.109 71.4319 
46.4233 187.798 106.428 
