1.92854 281.987 77.5511 
111.189 56.3204 35.2819 
20.1809 115.029 190.874 
2.05657 107.343 146.486 
39.4701 36.2174 229.866 
46.4463 27.2181 50.6587 
335.556 0.684267 34.1282 
70.0204 2.91627 229.504 
91.5789 71.8183 65.2582 
71.1025 57.631 82.2234 
52.2244 23.5482 83.0377 
69.4384 226.603 58.7493 
9.76395 36.9856 222.875 
4.07842 305.977 54.1671 
131.885 1.956 45.0158 
2.07856 83.6876 151.286 
12.1987 84.0347 116.032 
2.03661 23.646 219.046 
105.749 23.0154 66.9469 
118.127 97.3818 232.295 
54.8554 107.097 32.8992 
2.02732 144.575 36.4002 
0.1294 70.2122 308.693 
120.498 44.6569 97.1017 
112.93 52.2821 29.1318 
53.6687 31.3171 89.2602 
23.1489 222.834 87.1203 
193.404 83.2281 24.3668 
3.39201 148.812 63.236 
114.083 11.0654 46.7372 
22.6816 36.426 254.603 
12.4485 120.307 98.6109 
25.0833 21.8441 164.79 
53.1404 4.46649 161.739 
0.306588 44.5022 74.0059 
68.2111 339.34 61.752 
7.5244 5.06744 220.388 
186.17 1.24303 84.644 
94.0324 184.777 92.9954 
56.2665 151.592 75.0643 
119.779 124.618 105.14 
41.7041 23.9604 233.168 
41.1491 82.6402 103.635 
3.01252 0.701655 265.769 
76.9873 16.0998 85.9786 
40.026 79.7272 176.074 
19.4411 105.703 84.189 
8.96814 52.154 327.106 
3.00134 8.11365 269.594 
7.05763 148.597 220.125 
120.835 1.70555 228.654 
78.4026 60.2127 81.6909 
67.6776 123.493 94.0948 
237.213 53.1643 112.301 
30.7221 25.0815 174.948 
97.0401 33.2739 61.8745 
2.55128 2.22354 206.364 
10.2569 121.134 125.042 
74.1135 68.9965 45.8811 
17.4447 164.679 118.888 
46.8112 4.89624 291.35 
94.1619 47.3871 290.05 
96.5318 49.7936 82.9292 
32.5515 34.2927 204.878 
103.237 16.0519 162.579 
5.91659 34.9882 153.534 
75.9321 16.4079 74.5928 
151.026 77.4421 117.906 
17.5444 208.581 83.3077 
4.9151 200.39 82.3299 
218.965 6.64157 4.96872 
16.1482 69.3531 225.54 
50.1605 144.789 0.407057 
4.3258 37.7705 109.378 
12.6428 59.8735 173.066 
135.178 128.251 17.479 
14.9751 100.439 93.7018 
12.762 165.764 68.7614 
49.4308 8.21064 133.893 
16.3793 16.0471 150.974 
9.45252 215.639 87.4136 
5.14597 107.664 89.0703 
1.38905 40.0479 100.789 
124.148 142.772 22.2738 
212.468 14.1742 2.63589 
6.64552 7.26722 78.1033 
30.8994 156.03 104.976 
9.86904 3.78345 138.21 
34.9432 34.2785 368.274 
131.209 17.1052 203.378 
149.714 125.972 35.6125 
7.87446 81.2402 9.11785 
153.761 176.721 0.255901 
26.7695 57.3274 119.861 
109.574 62.7989 132.543 
55.8512 53.9947 13.9804 
8.77391 70.5964 115.14 
55.1739 92.5028 122.858 
4.99204 196.57 23.6681 
177.378 30.6751 39.8701 
200.332 70.7844 11.9378 
4.01727 104.012 145.999 
6.96442 22.6245 258.439 
273.647 64.2653 29.1503 
3.03257 2.19904 218.444 
21.1209 27.7969 242.195 
71.6734 36.1207 14.7341 
7.48661 47.5246 287.905 
12.4284 181.587 124.938 
187.201 99.9366 11.2494 
44.0713 37.7919 66.2604 
35.9501 0.101805 312.122 
4.70473 2.64605 85.4884 
58.3985 10.6301 129.437 
202.165 5.77284 149.541 
38.6137 126.4 66.1453 
26.5293 99.9822 220.62 
15.8305 111.157 102.306 
47.3924 125.401 195.93 
52.5812 143.298 62.8437 
16.9081 137.141 55.9358 
19.2881 27.9694 232.063 
67.3135 65.908 131.382 
2.3808 5.42902 291.904 
7.80418 3.48082 137.743 
18.7311 7.71611 192.543 
64.4005 198.563 142.092 
238.376 9.27272 219.855 
51.2517 112.636 31.0569 
11.6765 233.093 59.0699 
60.8811 237.318 43.6382 
13.9367 26.9494 164.321 
28.596 66.5829 71.5597 
59.317 109.071 104.329 
38.7435 11.6298 272.703 
72.9067 37.2469 150.655 
92.4061 2.93312 216.072 
88.4697 97.4867 24.6758 
20.52 36.965 194.655 
16.8002 9.72313 240.364 
9.50003 35.9456 107.053 
55.8783 88.0545 177.377 
9.05308 152.132 71.7412 
117.937 18.3149 116.431 
62.5615 9.84454 18.7546 
60.125 4.74997 193.226 
12.569 25.1464 172.999 
89.7232 49.8589 34.3402 
1.12501 1.17578 309.818 
25.6519 80.3719 142.81 
121.578 48.4322 181.443 
101.597 13.3669 147.627 
2.66707 8.90408 319.908 
2.29115 13.2317 198.693 
17.5447 165.017 144.451 
55.5937 188.576 39.8783 
108.44 1.91015 62.6277 
67.1657 106.999 12.5786 
132.441 79.4411 17.7287 
19.6456 82.6901 89.8815 
5.62007 185.734 168.962 
2.24698 73.8407 261.715 
173.563 246.753 22.8587 
73.6401 53.6218 40.3701 
12.6041 9.53275 94.2017 
143.177 7.96638 96.3074 
47.0684 69.0686 180.13 
45.1017 220.447 44.5918 
56.9606 48.0622 97.288 
120.58 93.322 87.1659 
49.9414 95.8363 153.05 
16.8776 111.237 98.2016 
7.64382 9.92764 333.33 
10.3443 10.3967 212.008 
17.3662 189.864 154.138 
45.9753 16.354 295.356 
22.3665 15.6043 184.16 
0.194809 0.0915763 199.286 
25.2254 5.97192 98.0245 
60.002 23.4912 178.434 
24.151 18.075 87.4521 
21.8895 7.6349 130.025 
87.4455 159.089 163.94 
8.61613 9.81892 312.822 
38.247 77.9742 64.7278 
1.78061 17.3232 288.893 
13.9511 38.4189 152.003 
12.3627 208.642 60.7567 
46.8756 149.002 80.2635 
92.1134 43.4445 153.211 
98.8725 51.8774 97.4671 
142.073 35.4197 149.165 
58.5116 29.6031 143.95 
123.847 67.6453 214.428 
17.233 16.5407 307.442 
7.44527 11.8455 198.964 
4.84924 5.15373 223.844 
14.6575 0.39947 273.563 
97.5617 282.687 21.5035 
184.642 98.473 20.3496 
14.8197 31.2573 159.143 
57.8982 174.457 10.8905 
181.84 28.1779 39.1536 
25.5703 182.212 25.8839 
92.2975 85.1283 40.7098 
23.7709 4.23124 15.1949 
47.019 87.4297 284.753 
6.11645 77.9679 164.721 
28.1764 71.558 2.97357 
74.398 74.8326 82.2961 
47.1116 100.69 183.952 
236.821 63.751 39.4361 
0.390393 8.32682 145.713 
35.1095 9.85869 300.897 
179.289 23.4693 120.751 
35.9885 263.77 44.2121 
87.1978 183.949 81.6326 
31.9538 69.0282 44.594 
7.32061 113.761 200.516 
2.86124 25.7557 165.121 
12.661 25.3093 258.669 
0.647183 5.58875 285.073 
32.7069 28.1588 56.7702 
43.467 57.181 84.8677 
89.4936 67.7821 51.8958 
32.9944 46.536 63.1247 
134.256 297.421 28.1106 
72.6778 21.4141 116.785 
16.8006 140.693 56.4516 
22.2517 182.607 149.466 
9.35779 3.73097 297.564 
128.85 30.01 22.833 
46.5453 136.148 49.2132 
2.81682 8.49378 293.181 
34.0047 169.682 27.4741 
76.3614 165.723 24.5712 
11.299 57.6991 28.1784 
165.292 47.5022 60.0264 
87.478 5.78513 149.942 
28.5524 203.414 3.10052 
70.4934 54.7836 96.4342 
25.747 17.7666 256.604 
32.6398 102.25 207.226 
0.651687 93.5862 236.585 
115.395 37.2082 115.816 
5.15609 1.17607 133.343 
296.655 72.0762 107.396 
9.16317 14.3409 80.2912 
56.7426 48.0268 94.1195 
98.5282 138.753 147.51 
95.1894 24.5108 68.6622 
143.467 23.9603 91.6422 
148.911 54.2126 112.523 
131.16 13.1634 107.782 
97.9745 5.04477 83.091 
43.6971 44.403 166.507 
45.8771 165.874 141.385 
27.1675 23.8698 176.341 
74.6005 169.623 74.9692 
0.13972 0.520627 239.174 
12.6695 0.168469 199.484 
18.8719 2.79289 119.664 
34.0264 167.089 37.0345 
155.581 133.35 106.248 
79.0619 16.5642 113.331 
0.46199 4.98102 311.166 
26.8837 41.38 121.698 
8.35978 1.12316 242.335 
37.2127 14.4489 252.073 
55.8656 31.5758 154.942 
137.211 33.5396 80.452 
113.405 47.8523 50.8099 
1.13288 0.0279977 238.336 
34.8911 17.6555 163.432 
4.73382 2.24861 254.88 
126.446 156.623 133.862 
139.095 25.9083 59.5619 
82.0423 73.1261 146.092 
133.553 8.79793 144.861 
16.9628 16.8312 312.122 
0.32236 43.0719 396.727 
21.5512 142.377 81.0046 
214.321 31.9027 42.4555 
40.3641 36.6122 104.236 
10.1093 268.182 7.14705 
80.9958 277.229 42.3991 
0.72453 3.48365 232.619 
87.6584 48.2186 23.7471 
10.084 28.2018 157.231 
55.8303 40.2406 183.637 
39.5584 26.5273 334.895 
70.9453 230.995 69.282 
9.14968 7.41613 317.447 
14.6703 17.9747 250.179 
93.4926 117.576 40.8739 
47.3388 118.273 38.267 
107.052 15.484 183.114 
59.7691 14.3213 232.486 
37.4907 26.6588 159.664 
0.993829 16.5609 237.168 
