0.506777 1.18838 205.882 
69.8354 19.7788 40.083 
13.7626 18.3971 192.769 
102.336 18.764 61.3668 
94.2935 166.373 85.9944 
113.122 141.353 3.54566 
70.3801 262.217 77.2921 
172.053 23.054 18.776 
38.1835 13.566 172.915 
7.72291 143.02 47.5276 
143.202 19.2275 63.2977 
65.3751 151.711 79.161 
64.1279 240.33 30.1555 
4.37085 10.8028 300.447 
53.7934 255.508 61.0971 
29.644 12.0994 238.832 
40.2932 25.3689 272.31 
20.6518 212.439 68.5443 
2.65383 173.531 69.9031 
25.7655 34.7695 187.026 
0.399677 49.2957 288.2 
13.486 102.166 143.68 
48.3745 119.283 120.481 
3.59561 226.415 236.944 
95.2682 9.64686 76.9008 
49.8772 16.1319 56.7345 
8.26617 23.8149 382.259 
183.699 56.8638 42.5212 
20.6961 2.14673 80.7452 
146.575 31.7696 65.9074 
37.2266 87.2726 152.354 
24.4448 15.8316 351.239 
25.6316 10.4834 204.971 
22.8 91.4634 151.579 
74.9733 125.059 133.98 
54.0162 11.0691 217.289 
265.532 45.0284 74.0807 
19.4573 16.5774 163.633 
84.7376 98.8271 57.6813 
2.31879 197.86 192.138 
60.1116 32.1193 239.096 
27.4426 3.15863 397.445 
2.31938 43.3071 213.26 
38.1346 15.6864 100.444 
79.4246 102.969 142.358 
204.074 5.16301 143.032 
13.6755 52.9867 149.18 
53.0787 165.414 65.841 
29.9977 233.731 128.956 
48.7673 122.69 97.9558 
7.87302 17.7686 168.823 
1.85803 359.244 108.98 
15.5547 16.0855 126.915 
18.0369 21.4293 215.884 
0.0590182 0.349479 339.694 
98.074 205.193 11.4216 
161.199 15.0203 129.392 
3.49015 1.10515 387.162 
28.4496 239.771 11.7663 
154.839 92.4122 104.928 
1.21528 91.2964 240.061 
11.3916 69.2185 160.539 
45.2312 1.91519 354.62 
23.2709 44.3883 146.459 
289.526 12.6026 26.3372 
84.952 167.804 28.2951 
104.251 0.841625 172.753 
0.0571403 5.89786 348.193 
57.5603 52.1034 229.094 
66.1594 10.4397 91.902 
43.6121 267.876 148.455 
17.8943 3.91587 239.788 
17.3405 20.3944 167.803 
58.1197 4.06324 70.8055 
262.347 41.0502 0.553686 
5.02758 12.3249 109.573 
39.358 260.378 19.05 
59.1196 107.114 122.739 
6.47217 18.3196 254.823 
3.54835 22.6538 174.627 
15.378 70.5305 74.5645 
23.253 214.194 26.0444 
41.1987 179.176 75.8804 
120.509 24.6707 107.848 
112.79 5.95565 185.227 
97.4041 20.3685 150.403 
115.28 21.2862 224.193 
107.84 89.8078 214.899 
71.6968 26.4221 189.471 
129.053 155.543 67.0138 
13.11 31.794 173.613 
26.8318 20.9232 237.911 
14.1655 140.327 165.257 
45.2688 76.4291 120.264 
9.93292 19.8276 251.128 
69.5738 164.626 73.2266 
229.138 57.6024 9.96494 
185.853 17.1878 81.6461 
11.2288 24.1444 278.322 
70.1121 18.104 230.348 
70.8466 172.627 12.6039 
141.766 116.977 5.03846 
136.867 128.968 88.3397 
109.623 33.1858 152.559 
9.89032 141.166 79.8299 
13.6235 93.5684 132.852 
0.0196262 39.9933 249.415 
119.022 0.124329 223.579 
41.4703 44.1601 174.664 
73.1101 83.3363 16.1888 
23.9403 21.3012 122.687 
3.66554 5.4014 192.391 
4.79394 9.76453 71.1757 
39.2753 68.7532 189.283 
2.22982 10.1451 16.7224 
15.227 48.7543 203.707 
2.58591 5.242 164.219 
90.4864 7.67242 109.27 
19.5796 24.2156 332.83 
55.6954 72.2067 252.062 
18.8711 83.1542 221.135 
5.62006 31.2112 173.7 
36.2379 11.883 85.6122 
116.896 142.608 54.1368 
46.5648 94.5043 111.13 
3.37775 2.52327 188.465 
205.703 142.878 87.4629 
34.933 105.672 118.19 
97.3598 97.5106 138.344 
0.939103 100.524 192.847 
17.0059 82.0234 223.913 
26.6187 11.3458 323.544 
115.375 135.051 135.735 
117.082 49.7682 44.3458 
17.7548 6.8845 59.5595 
49.9249 118.598 89.0965 
79.2131 107.161 10.4326 
115.807 27.4597 26.0665 
11.1324 32.4672 153.66 
106.368 12.4503 18.0323 
28.9147 14.8788 188.088 
28.848 272.191 8.98754 
44.5143 75.944 170.356 
150.865 21.3918 114.459 
287.171 43.2707 12.8755 
7.7287 91.8551 62.4525 
6.41345 12.1657 220.85 
66.6317 47.3414 221.627 
25.668 15.8733 137.924 
3.01057 1.7241 286.684 
65.4807 219.45 36.3336 
56.3377 45.2169 248.939 
60.3171 91.5879 101.346 
6.09381 107.05 112.284 
67.6717 35.7666 153.117 
40.7843 48.0002 104.627 
9.4272 51.969 338.593 
42.7483 96.4351 106.905 
18.6901 0.311836 355.717 
10.1791 110.319 110.409 
0.65439 175.777 139.781 
254.828 4.4481 106.998 
126.843 71.4411 106.311 
47.0475 14.7578 174.902 
52.2838 33.77 134.861 
179.258 93.5396 82.1598 
136.684 27.5387 12.3733 
29.6052 14.021 414.132 
13.9594 45.2318 148.113 
83.9425 0.159577 100.865 
45.2303 32.9896 186.783 
144.867 114.885 34.5622 
169.587 26.5812 93.9551 
213.257 62.4173 16.4341 
124.096 7.09021 176.115 
91.966 203.653 20.6344 
10.9803 18.8123 253.59 
105.765 2.16311 215.802 
24.2934 110.835 122.148 
29.5548 46.3684 40.8941 
28.8863 104.652 101.078 
174.682 13.1926 41.8214 
18.346 66.088 42.8639 
2.84904 141.821 132.054 
35.7257 8.3414 358.982 
59.4609 27.5614 55.1949 
38.5801 27.3395 60.1697 
22.7389 21.4322 177.122 
249.237 76.0443 19.4972 
28.2097 139.136 109.737 
105.63 11.7995 135.151 
30.9538 57.4882 219.375 
47.7683 73.5806 182.581 
149.139 112.993 93.6414 
17.9315 155.402 120.764 
93.6835 47.0873 147.843 
169.921 35.3482 27.9183 
35.6239 71.4315 173.706 
57.228 103.765 90.8631 
95.9803 52.4045 172.872 
22.752 51.8689 152.998 
4.15485 118.817 224.271 
17.4268 46.5913 174.627 
11.4441 9.53215 221.232 
36.209 91.0274 124.844 
107.89 53.7314 62.1759 
21.513 6.57541 385.686 
51.2626 116.524 84.2192 
5.93299 5.00234 240.425 
26.7708 88.9217 162.005 
92.1974 64.5773 104.395 
89.6033 44.165 207.38 
77.6121 104.442 38.2281 
188.312 13.7133 51.7763 
3.54367 17.2521 312.143 
9.72547 24.3356 268.748 
63.232 236.78 22.328 
68.9599 105.924 113.731 
11.7568 169.217 188.394 
21.688 150.661 1.06487 
54.6601 63.0407 203.24 
2.03261 64.9544 147.549 
122.27 91.6432 70.8873 
137.624 180.147 46.6791 
126.241 163.333 8.86438 
31.7781 73.1728 77.4085 
25.1344 230.944 81.8479 
103.558 4.16142 243.972 
28.286 236.728 12.9559 
28.5976 51.8061 101.077 
395.844 18.4969 3.51044 
195.295 21.9257 83.12 
7.43031 64.2249 209.465 
64.5493 9.90115 24.4059 
226.973 33.2261 35.0956 
120.984 59.155 24.2921 
45.4748 57.8043 136.287 
46.4292 82.0836 41.8304 
81.7117 33.8851 140.729 
69.4964 10.1325 116.098 
27.0453 18.3247 348.994 
106.165 123.864 166.286 
8.89683 6.66685 289.009 
177.734 174.906 58.5149 
192.191 142.904 28.6909 
13.8517 26.9569 157.232 
16.596 160.679 106.925 
243.465 6.39403 14.8877 
159.115 14.5301 29.4051 
5.84558 162.195 86.7547 
8.01549 45.3361 251.205 
98.1268 299.149 39.7166 
178.327 72.0848 107.407 
19.8594 29.5138 367.903 
87.1988 29.383 27.1272 
39.1549 9.42455 293.391 
45.0957 33.7643 208.525 
138.756 85.9661 21.5652 
96.2105 80.959 210.762 
37.7357 8.49022 198.09 
45.8985 173.899 105.671 
2.29168 16.2593 268.401 
60.0164 128.609 59.3455 
0.882147 54.5199 308.548 
11.9761 141.052 183.605 
2.73474 11.9306 201.797 
9.11977 2.71482 220.214 
49.7052 196.081 12.9359 
0.338941 9.80559 191.109 
26.9837 25.6071 79.2968 
0.568866 2.6824 336.32 
4.91588 1.55663 181.949 
38.845 19.1577 264.445 
149.052 33.1506 41.4156 
5.66165 1.39011 222.579 
294.87 67.7939 30.0809 
61.1845 149.731 183.837 
34.749 134.345 85.9796 
15.8366 101.776 213.968 
148.757 84.5439 21.5727 
3.55021 5.94032 398.656 
42.8536 88.4993 79.1588 
117.305 6.71167 99.3135 
2.74852 3.00798 313.109 
101.475 34.3075 104.214 
7.17579 88.92 26.2284 
90.9124 80.4729 12.3724 
52.5514 18.0712 56.1984 
37.1853 18.9695 110.644 
28.9988 156.217 163.628 
133.772 59.8679 112.674 
263.037 65.5538 142.425 
78.225 61.7819 42.7229 
79.3345 90.3718 99.4793 
36.3628 153.936 32.1976 
12.2004 11.7182 207.861 
155.826 66.7558 37.6876 
86.3595 16.361 111.404 
129.121 228.517 25.9899 
81.1126 58.7481 182.374 
