81.4819 47.6043 108.851 
66.7682 87.7762 213.006 
71.6064 225.705 43.4153 
95.5214 42.2837 45.5192 
1.33495 0.156129 334.837 
87.6758 44.308 3.18466 
25.8039 29.449 181.316 
40.5341 159.512 133.978 
281.905 3.74392 41.3621 
63.8151 13.6791 112.119 
76.3 129.918 146.835 
20.3797 89.6366 91.8962 
65.5816 37.6143 260.615 
72.5416 21.7356 92.5643 
13.9587 5.77053 224.725 
157.5 51.8984 19.5723 
49.4401 34.3172 173.749 
178.59 134.094 55.9676 
233.043 2.43586 16.7655 
158.15 80.1688 69.3165 
118.257 6.5644 228.621 
1.13644 280.016 87.1026 
30.1421 230.066 23.9253 
80.8975 103.021 45.2165 
42.8369 114.702 145.872 
3.28804 200.081 65.2786 
116.8 39.7285 106.367 
45.5503 327.939 12.5367 
101.359 113.906 108.306 
47.3374 194.054 9.51103 
25.0538 49.1982 245.139 
108.387 27.8961 7.83486 
145.038 65.029 228.412 
128.675 62.1902 20.2538 
8.4618 10.8003 214.104 
112.631 56.778 27.5048 
7.85931 66.7698 123.106 
26.0626 306.812 14.9414 
117.535 48.2577 100.441 
72.0201 143.651 17.502 
78.2103 16.3857 111.525 
25.0839 146.564 64.1837 
131.387 46.4243 4.20559 
92.0746 35.2499 86.2837 
1.79598 11.6495 227.226 
263.659 22.7372 34.5136 
69.6914 21.868 222.887 
218.505 89.1616 16.9063 
180.233 2.52469 189.887 
7.12966 7.83143 171.776 
33.8282 140.552 201.519 
96.8566 14.011 132.678 
2.55745 1.99934 260.768 
127.391 67.9703 97.4526 
104.648 1.75169 95.9655 
36.2669 1.51204 246.96 
125.574 48.3036 242.67 
45.9555 91.8024 28.0434 
24.2035 13.7093 293.782 
144.309 150.962 74.0651 
55.0854 13.6696 174.788 
120.106 180.544 71.9861 
41.545 184.496 88.4476 
62.9764 37.9042 126.262 
86.9698 53.3363 109.477 
226.547 118.744 20.3193 
119.056 24.8516 38.56 
40.2169 119.351 31.9222 
55.3194 85.1 1.5183 
87.5451 58.508 189.811 
18.3462 31.0322 109.342 
69.8482 3.68936 276.717 
19.5624 9.29671 340.334 
19.9101 1.4759 228.351 
131.585 99.5804 62.974 
25.9067 17.7185 268.831 
75.0867 71.2749 49.9539 
7.14768 69.1799 214.224 
96.5437 106.484 162.771 
130.895 244.543 5.51858 
27.3994 116.495 152.082 
46.0811 292.176 39.973 
92.8456 1.94648 277.66 
48.7486 3.01955 51.8238 
59.9066 30.6079 298.279 
88.5411 77.3723 132.657 
91.8897 132.788 25.0294 
135.314 79.7026 39.9126 
145.537 11.6642 25.3135 
60.8073 66.8041 162.477 
190.126 72.9869 123.788 
49.6564 26.5567 70.34 
116.219 109.519 39.2575 
3.90383 3.93948 269.412 
52.8517 290.254 5.43987 
0.226129 1.55401 214.58 
4.82624 5.05522 156.355 
16.3604 136.139 191.046 
44.7716 57.8544 74.5477 
28.7085 75.4597 118.919 
5.46172 37.5668 194.432 
121.942 72.5467 119.912 
14.5437 41.3392 108.828 
15.6342 65.451 201.626 
193.764 112.22 45.3032 
84.9236 51.8125 227.38 
101.424 134.788 4.24788 
118.627 6.8202 199.425 
122.99 76.9707 129.543 
0.0359606 2.28342 270.47 
121.611 127.045 32.4237 
20.0369 196.568 139.607 
24.6946 17.626 197.344 
92.4198 52.5538 179.422 
90.846 12.1172 252.598 
49.4274 23.4199 178.491 
196.454 46.2236 57.2396 
77.986 115.665 133.671 
105.519 136.26 107.005 
27.4648 107.589 60.639 
18.6387 196.754 114.519 
66.5119 1.18205 166.46 
4.96695 66.6251 96.6779 
52.7371 124.519 37.7171 
110.117 14.3531 200.73 
202.607 226.738 65.7023 
109.403 157.583 50.9727 
22.8199 173.76 3.00257 
28.5091 113.754 13.303 
4.32093 8.61854 216.876 
70.0408 4.60615 212.162 
123.028 154.716 58.0145 
273.439 6.1797 7.86394 
68.8992 3.16555 201.551 
5.07039 35.9145 386.66 
87.1563 82.4994 244.065 
76.6575 18.6573 89.5039 
138.251 223.954 14.9145 
61.443 83.1721 85.7467 
139.235 113.772 161.355 
5.25793 0.413922 268.006 
64.8621 44.0518 103.215 
5.10953 131.935 298.024 
0.418487 2.61334 279.177 
79.6239 45.0178 41.0179 
12.9836 56.8543 165.21 
138.591 60.86 63.4431 
8.24408 24.5485 135.977 
17.4739 7.10957 291.466 
153.957 113.461 24.6937 
62.8414 1.1565 53.8459 
34.5366 32.7702 97.2822 
21.886 21.5736 238.829 
73.0847 81.9495 119.843 
192.858 40.8162 55.257 
27.6311 60.7819 94.2395 
80.051 81.4965 112.184 
2.3599 53.4875 205.716 
49.4324 126.432 137.735 
48.6061 22.1385 6.6845 
130.774 27.7793 33.5784 
2.94301 93.0644 204.54 
169.703 23.9871 136.514 
13.5597 61.4237 209.42 
4.55901 260.699 40.5194 
23.2321 7.98761 161.134 
133.287 98.04 41.5568 
68.9548 99.5441 107.918 
103.695 5.44515 129.175 
29.9779 178.158 49.0512 
134.987 34.3909 86.1011 
116.596 53.3979 35.9385 
212.013 8.3556 101.254 
72.3507 79.7143 20.8367 
0.570385 80.9976 78.9998 
23.8284 39.7284 295.335 
41.1329 11.7023 286.048 
22.8601 233.313 136.256 
24.5066 19.8367 195.554 
96.5268 70.8309 292.924 
0.844783 1.75103 205.379 
166.883 33.7851 36.9354 
80.2981 127.655 220.023 
13.9231 95.6076 110.217 
248.894 14.4764 138.372 
69.0068 36.5492 176.356 
31.8062 79.3375 162.437 
28.0348 189.895 138.69 
183.903 14.5319 8.34484 
8.69186 26.4696 211.974 
47.6653 11.527 94.0259 
41.6822 172.595 66.2852 
87.7082 179.703 194.499 
5.27165 29.7431 241.652 
35.7985 32.7306 160.897 
21.9679 106.381 177.914 
84.7813 60.3693 65.5643 
12.7776 26.1489 194.39 
312.057 15.0726 46.0685 
113.747 21.3088 32.9334 
95.2272 9.39366 171.379 
66.0997 65.1676 191.744 
49.2129 49.3477 218.759 
201.04 110.344 23.5995 
11.1414 172.055 182.293 
50.8011 102.455 176.091 
111.787 99.9075 105.77 
90.2724 84.3132 188.668 
69.6094 154.726 120.501 
59.4711 15.9488 145.017 
138.975 62.41 9.48019 
10.7244 50.1608 187.088 
9.45422 223.315 39.1867 
185.542 34.6039 84.7579 
190.045 13.2495 67.2744 
13.1279 105.499 22.0799 
405.122 7.26612 8.41029 
51.8802 32.9945 142.121 
9.19715 16.2353 272.313 
79.315 228.73 26.2853 
98.1134 101.916 105.382 
124.003 21.8916 148.323 
159.874 156.769 29.3112 
34.5325 12.1328 239.642 
5.78145 107.318 196.231 
4.2967 0.0495115 295.595 
69.5335 22.7335 215.534 
25.9338 15.2899 288.438 
90.5049 41.4388 227.981 
10.7426 25.9415 94.9567 
15.4231 17.0838 238.369 
0.111572 99.3837 104.983 
70.7061 138.749 0.141372 
121.967 170.916 92.2055 
221.7 57.5152 2.61323 
112.038 19.9152 133.795 
141.383 12.3656 166.284 
22.3458 63.6652 220.46 
5.9188 103.784 174.858 
11.9842 1.81762 104.739 
27.0622 109.18 103.8 
33.8517 41.0847 124.708 
13.3436 105.932 188.311 
3.68584 1.30034 356.609 
98.436 19.1996 244.434 
11.0355 40.2095 282.324 
21.846 115.76 225.829 
78.5429 13.8267 119.267 
43.0852 0.890478 179.205 
40.9754 171.308 36.8877 
11.3115 5.70697 208.524 
8.01318 22.6234 295.125 
142.549 41.3424 78.2902 
94.792 78.255 129.764 
0.490164 38.0264 219.684 
37.2781 93.6003 130.459 
21.9069 179.417 104.522 
55.513 45.0244 56.8165 
135.922 57.4594 36.6296 
17.1531 7.0226 37.3429 
59.4805 72.1582 111.806 
29.4242 46.5333 94.8657 
0.0712127 8.45436 207.395 
1.44445 83.3183 113.829 
143.781 42.8447 72.2506 
109.966 95.0905 56.8521 
59.2366 119.68 28.3572 
8.65241 7.87329 309.682 
36.3171 14.4241 139.178 
4.12735 136.842 58.0201 
101.889 78.2718 188.115 
8.6969 43.01 167.33 
28.1864 37.5465 217.131 
66.9508 167.612 137.353 
53.9004 250.116 41.3561 
35.9295 131.351 94.3139 
10.0769 4.19789 176.689 
5.17575 80.6718 221.565 
99.8119 108.398 107.057 
21.054 79.9323 151.787 
95.6981 57.7168 36.8669 
155.396 1.38475 180.793 
20.1943 42.7485 95.5334 
71.4668 45.4638 138.996 
51.1298 17.1068 212.639 
124.154 15.3634 59.0003 
106.18 157.745 19.1022 
63.1084 77.2892 127.863 
172.081 99.1787 36.8635 
74.6302 99.4981 55.9671 
23.066 45.9565 276.911 
95.6838 72.3206 197.509 
8.00914 16.3695 281.438 
7.38217 92.518 188.341 
121.158 87.8821 45.5875 
72.4771 14.8779 46.9825 
44.6592 105.31 208.6 
85.8936 135.458 154.314 
19.1353 103.632 4.52853 
92.2903 85.4674 96.0392 
