108.371 97.7218 30.6721 
33.7211 11.8573 233.396 
102.507 44.6152 23.8337 
16.925 50.9113 151.808 
120.564 106.652 31.0696 
45.6638 59.5048 209.628 
21.8131 78.6056 141.149 
199.151 42.2626 149.219 
133.845 55.7267 189.657 
49.8048 6.99684 136.994 
77.7061 69.8888 156.686 
127.62 28.5478 81.2875 
156.727 28.5827 73.2971 
203.224 26.1807 61.5528 
12.2985 16.7658 365.232 
109.641 83.6426 85.4907 
3.05137 6.6 353.373 
94.8266 20.6575 46.3236 
69.3718 62.8637 149.3 
194.578 18.4763 24.3622 
34.6968 136.337 26.6966 
88.0894 10.4835 46.1869 
53.5706 70.5839 170.212 
100.068 11.2694 11.8442 
25.7875 61.0315 209.904 
0.512126 1.1966 88.6212 
111.342 148.672 26.3043 
56.4119 174.024 52.0335 
68.3113 165.609 10.8568 
4.18864 24.0006 288.738 
71.5698 100.04 95.8368 
64.0512 111.241 73.3615 
257.764 13.4086 88.5738 
240.201 20.7187 52.8232 
167.951 7.49291 163.588 
26.9011 15.6676 151.271 
76.7341 94.9498 110.903 
19.3461 140.433 89.8429 
6.84994 25.7094 261.146 
107.229 0.506325 91.0326 
112.341 32.6682 87.1586 
45.216 125.903 105.25 
11.6101 125.626 184.167 
114.622 28.4898 166.213 
63.6453 55.2859 161.917 
73.2318 109.27 160.853 
3.29482 10.9958 266.917 
122.237 29.0065 96.6397 
63.7693 45.122 159.734 
125.962 17.131 189.196 
103.83 78.7658 10.2095 
21.8548 1.69777 182.418 
65.3792 15.4651 153.305 
1.88005 125.227 119.657 
29.9809 16.5587 216.966 
0.689044 2.63569 273.129 
213.947 66.9263 41.4904 
69.6589 218.854 10.5402 
40.0197 24.8962 364.128 
72.2882 8.23684 89.5307 
14.4614 41.4034 176.786 
130.752 75.529 142.75 
24.8997 4.57206 194.602 
35.0141 200.249 90.5685 
25.0695 6.04272 174.25 
19.0391 2.92669 235.773 
65.1713 2.15279 111.772 
24.3152 22.136 122.929 
22.5345 205.528 89.2075 
250.273 21.2316 8.62071 
66.9822 25.7666 227.984 
149.982 6.39322 154.446 
51.9183 10.8478 342.543 
0.928191 210.262 43.0831 
58.8651 101.552 64.0186 
196.04 55.9652 71.3465 
9.43896 46.6915 199.462 
192.786 109.715 25.8368 
70.4355 21.1483 69.6845 
20.7622 17.7973 132.684 
11.8539 7.85296 349.329 
121.949 2.60316 38.2603 
44.9834 5.79143 145.944 
75.6094 119.973 51.6604 
10.2643 59.0759 217.907 
72.5158 14.3581 80.4454 
30.678 0.0391103 40.6796 
125.329 32.4519 134.575 
13.5055 23.083 308.786 
21.7985 44.2627 181.651 
156.647 135.527 6.41239 
108.282 19.4212 176.69 
54.2238 160.349 46.1 
13.6321 6.4119 124.186 
29.291 23.6087 249.762 
132.034 43.6242 105.522 
34.7726 34.0773 215.873 
68.0836 4.73193 119.016 
50.8135 109.222 95.9369 
152.894 72.0395 9.11073 
5.49753 6.85333 386.639 
67.2969 11.2006 32.3877 
110.937 29.2607 203.888 
4.2789 178.148 3.71781 
21.2412 23.4014 287.104 
144.112 56.7695 29.7303 
34.2362 13.9786 83.1472 
77.0988 94.6786 109.746 
24.7043 9.27607 159.672 
0.105704 18.8734 134.399 
68.0955 17.2697 201.406 
0.744045 1.61307 255.567 
18.9919 41.9072 196.304 
0.822875 57.4825 182.928 
149.348 36.968 64.5641 
17.6852 8.04826 214.643 
38.1479 99.7065 41.7855 
102.265 108.675 125.241 
60.9079 74.9734 126.134 
182.857 77.1341 46.2013 
69.745 59.0651 198.561 
39.3002 50.2867 130.655 
6.68034 111.188 161.172 
38.5137 108.619 47.8102 
68.4225 35.0413 187.455 
1.51214 6.31831 365.838 
51.9656 86.0281 110.518 
23.3575 75.5569 6.51834 
14.2055 90.8361 121.84 
313.481 23.8038 0.22648 
18.4818 69.8786 28.7774 
4.49938 1.27948 298.389 
100.909 5.11929 100.803 
70.3166 169.781 31.6567 
28.3303 43.8647 137.17 
13.2236 11.4303 106.96 
21.6559 72.9199 192.283 
56.495 43.6464 274.007 
13.5685 3.1035 193.54 
83.6462 68.6208 36.2196 
73.6993 65.3136 207.937 
112.218 7.28569 7.6499 
92.8682 2.1895 168.841 
86.5179 53.4718 0.410012 
61.2831 3.42136 190.966 
39.3909 32.8733 233.389 
125.47 232.76 4.60248 
16.7175 19.2473 268.737 
16.5387 29.8346 138.95 
14.9265 154.302 47.4393 
19.3545 3.53895 172.064 
82.2315 98.5188 164.931 
0.678083 0.0529061 276.62 
15.0981 113.024 89.7601 
273.743 13.6883 55.0166 
155.502 170.035 2.14322 
119.409 66.2785 32.1535 
217.711 3.20086 37.4783 
13.7386 45.5554 132.35 
184.194 12.4437 3.63015 
53.1598 69.362 230.546 
35.0582 196.27 125.863 
76.9634 18.7943 302.545 
31.562 11.3674 152.637 
15.6078 8.33449 253.424 
33.7278 4.61951 197.322 
41.238 5.8375 232.888 
257.416 7.29867 105.432 
29.0819 38.2254 110.023 
16.6666 39.1679 273.104 
4.19707 56.8396 230.835 
113.763 41.9919 93.6572 
62.5071 9.99667 104.136 
73.1729 30.7147 170.826 
39.6974 4.1046 198.357 
50.5524 211.161 22.8148 
181.412 78.3229 154.923 
63.0142 152.908 36.686 
271.994 22.0609 0.28529 
42.5259 217.889 62.5506 
13.8917 60.1534 190.386 
124.257 16.7289 174.678 
4.47197 44.8082 241.689 
183.654 94.2754 50.2077 
9.17911 53.8182 285.913 
5.88496 44.4257 179.021 
30.5797 2.18945 158.307 
11.5017 2.99576 351.102 
2.5455 79.0331 211.607 
18.9765 31.8156 48.7559 
94.636 45.1765 146.161 
120.347 56.1779 101.908 
26.1644 155.681 13.8407 
58.2806 40.6696 182.162 
71.6437 81.2442 184.475 
23.0549 84.032 34.6478 
28.6556 30.7519 100.219 
214.08 73.889 71.3972 
24.506 14.2068 92.5151 
30.6976 1.77607 98.9427 
0.177655 16.3185 269.664 
30.9551 7.61343 284.544 
22.3517 104.315 17.5321 
81.4443 197.723 27.237 
83.4702 20.7183 157.824 
7.77853 81.3325 203.016 
20.7078 55.4125 98.5059 
10.1872 39.3663 142.525 
183.103 14.6577 71.5328 
9.23065 176.68 159.043 
6.7258 0.38902 258.047 
110.968 94.0499 102.879 
27.0029 11.8283 120.209 
59.534 3.15705 117.3 
6.31531 18.0655 154.582 
39.0552 21.4284 82.9396 
96.4409 185.704 19.9977 
63.5843 83.2461 76.1545 
8.67774 55.5268 103.879 
15.7626 50.4692 44.4244 
4.57872 7.54712 159.433 
108.626 36.5446 46.6975 
103.955 78.132 140.764 
13.9976 10.7323 221.946 
49.767 256.512 139.077 
12.1165 59.2527 203.654 
31.9789 3.93861 325.618 
5.70487 46.1 257.814 
83.3894 40.7893 134.444 
56.7635 67.0645 207.169 
124.868 11.028 112.9 
4.69303 40.8695 122.91 
64.9718 243.364 38.3946 
196.459 29.5207 89.5189 
199.619 53.9481 11.6844 
45.3002 71.2516 109.637 
55.0085 95.0419 62.8486 
125.69 5.56348 154.351 
2.70634 20.4127 126.278 
106.415 23.5942 82.982 
122.597 84.4626 89.2213 
109.521 55.3578 142.729 
50.4923 67.9452 145.436 
79.4059 20.9012 123.75 
38.8244 88.482 28.4509 
52.6021 126.427 30.1807 
65.321 126.366 138.845 
40.5404 55.0656 212.333 
190.005 59.4906 52.626 
45.6387 94.669 5.30328 
128.753 18.2962 107.729 
41.9872 231.813 4.61181 
183.948 35.3727 57.2328 
142.127 5.38434 73.7115 
161.887 163.603 33.0307 
91.0516 127.72 152.476 
42.1595 9.81465 301.759 
50.1371 26.3725 229.341 
156.374 54.1478 21.4384 
172.268 15.6102 118.562 
143.165 200.249 37.0362 
108.72 204.213 43.5108 
105.669 67.14 105.229 
32.423 98.7466 89.4956 
42.8813 76.8046 121.032 
0.318903 0.504743 254.897 
106.515 192.126 106.388 
18.3052 59.2466 162.981 
109.577 125.966 128.332 
65.727 54.6395 80.6926 
67.7664 93.4972 80.2042 
44.6444 186.453 79.0873 
185.975 58.0571 23.4162 
7.73386 13.6159 398.963 
106.075 51.0039 29.5767 
166.392 48.8104 31.4744 
21.7749 79.4292 154.623 
20.8555 28.7077 192.737 
16.9601 251.214 119.733 
25.279 190.474 42.9248 
240.661 8.44969 41.6594 
17.3975 20.7706 202.656 
132.625 28.9105 83.3524 
105.946 79.9695 112.595 
40.5017 37.6238 57.1841 
33.9356 161.09 97.9213 
62.0059 29.8224 89.5014 
0.633267 76.6455 125.8 
15.3818 57.8856 203.125 
25.0117 16.2047 152.417 
65.7149 8.55749 106.588 
0.377943 14.9845 257.578 
45.6733 93.5838 88.7144 
58.8935 33.889 255.661 
1.86224 9.23517 483.62 
121.496 66.4651 118.858 
7.72948 216.727 94.4705 
182.813 5.61225 20.8586 
188.852 30.2425 39.714 
0.369838 24.8488 280.961 
