8.89658 64.0789 38.9518 
5.60757 0.17661 478.248 
37.6822 82.0184 147.647 
43.7393 118.664 156.362 
104.947 47.4236 147.181 
221.309 4.23458 143.705 
30.1685 43.0162 281.991 
24.1611 76.1031 101.608 
33.8369 115.701 123.398 
119.485 101.373 83.4744 
41.3689 80.1869 135.476 
88.9821 14.7202 112.533 
124.602 84.244 133.902 
102.949 95.2449 70.3848 
150.118 102.44 180.891 
174.794 125.836 136.796 
85.0281 69.6651 132.571 
98.2436 181.836 8.90816 
113.044 199.825 23.3153 
88.039 130.981 26.9533 
34.6238 79.4146 155.638 
299.936 31.2412 0.149386 
45.4215 6.0279 354.808 
42.9586 35.4401 313.878 
135.481 30.9989 11.8956 
110.635 242.473 10.6641 
110.202 32.1604 157.082 
54.9843 142.149 21.6401 
198.112 45.7262 70.0671 
47.8692 35.8376 28.8503 
17.7036 9.46418 233.634 
16.5405 7.09763 262.311 
97.4052 123.746 53.3907 
133.043 194.005 44.9404 
162.179 131.011 46.2081 
98.9141 13.0108 65.5858 
129.795 72.6167 157.655 
13.5527 56.8015 139.905 
35.4324 67.6727 75.2457 
29.7222 5.61286 312.459 
25.8355 74.639 225.318 
217.989 4.12639 4.51782 
8.05153 245.549 74.2634 
42.6429 15.3909 155.163 
41.0224 7.35414 112.421 
0.178617 0.110698 82.5161 
65.0374 128.012 56.7371 
77.6952 28.6089 36.5689 
0.764287 12.8478 313.462 
2.13789 0.748337 309.301 
9.2455 156.375 7.45989 
69.7738 153.101 69.8567 
65.8477 20.7282 83.3107 
106.126 127.151 90.3352 
73.7035 99.0973 139.25 
39.4046 214.991 36.3206 
76.6322 61.1643 131.392 
39.949 0.693733 263.961 
74.5347 52.0488 73.2243 
18.6028 167.384 187.715 
33.0735 194.312 87.1719 
1.79607 2.81234 247.488 
107.873 69.7521 41.5198 
45.8094 0.747411 173.606 
71.4365 27.4349 192.883 
10.8148 180.201 144.365 
186.897 89.061 60.9771 
23.2062 68.3407 98.8994 
26.4143 61.0785 184.728 
265.119 59.6202 39.1578 
100.802 4.94827 225.363 
221.214 32.8409 23.5868 
50.2176 36.2426 152.606 
148.76 123.324 27.8514 
20.5128 10.7867 101.228 
45.3307 26.0129 227.1 
154.52 27.2552 106.601 
8.15242 73.8589 179.506 
0.300974 1.49267 191.059 
87.4192 38.6271 165.897 
58.6741 166.65 44.5084 
33.0878 204.179 201.031 
33.4674 109.135 18.5284 
92.813 2.80165 328.093 
131.168 202.861 2.29359 
112.676 95.8502 64.5779 
7.41416 208.458 19.1144 
132.517 54.3528 91.4069 
22.2727 81.6306 198.065 
34.5784 26.7542 174.449 
9.89808 95.8327 29.1425 
7.96177 136.048 218.738 
74.1327 16.2108 113.01 
55.3844 70.7613 70.3527 
33.6927 1.38966 292.896 
16.1673 18.4888 155.798 
27.8457 52.6446 200.727 
48.7297 42.0781 359.984 
207.468 95.0368 6.64298 
160.931 79.9033 103.103 
162.526 4.41846 87.3414 
79.615 13.466 98.4434 
119.882 35.3792 267.068 
16.1545 2.34639 159.073 
161.576 87.9969 119.549 
340.135 7.57116 22.0255 
77.6359 1.80757 272.839 
44.5143 6.72909 195.899 
48.9577 15.7389 163.707 
1.13291 4.34782 213.032 
4.58449 2.39606 370.576 
7.50201 97.2728 168.519 
163.378 13.0146 82.1935 
12.1723 3.61417 165.492 
15.6213 36.4012 267.722 
24.9574 173.189 137.109 
4.56027 19.9471 153.288 
43.7474 99.0642 36.771 
8.60419 3.49392 207.245 
171.993 160.547 10.8106 
16.1654 112.835 24.4401 
3.69312 67.2575 96.5097 
17.9516 63.257 105.148 
158.906 64.9993 13.3483 
2.5058 132.059 20.094 
56.2249 27.5285 100.189 
2.16102 3.74486 66.3394 
67.855 78.7452 135.746 
114.062 36.5918 226.481 
338.062 14.9647 30.8358 
31.5923 106.114 253.181 
37.6681 6.85262 199.705 
83.9253 83.1634 179.931 
2.18403 6.9364 250.508 
153.963 6.72626 33.8495 
141.347 148.963 80.5094 
26.8524 106.665 74.4861 
190.205 60.8712 9.70417 
4.54377 48.1218 218.665 
29.7816 7.35025 122.936 
140.031 15.8186 94.7548 
189.599 33.7809 54.7983 
58.2711 11.7526 46.0328 
159.177 24.7907 7.09694 
48.5326 192.57 11.0369 
17.6142 38.4112 224.929 
40.4402 201.567 72.4904 
36.3397 110.604 13.1771 
168.803 34.4465 57.3793 
13.2377 29.2844 280.567 
1.4811 249.987 67.2977 
28.9829 3.87888 157.907 
8.63699 83.9432 290.274 
169.14 40.7527 9.74571 
150.128 94.6787 84.7383 
142.935 150.586 77.0236 
34.1392 126.596 161.898 
12.6314 18.8044 105.54 
69.3331 15.2864 175.902 
2.61137 6.21973 161.841 
42.3221 8.43262 284.04 
125.215 5.44566 240.602 
47.4249 133.442 137.677 
31.2949 150.768 172.033 
46.3971 1.92618 144.768 
188.342 6.18608 36.9854 
29.4044 82.0421 277.33 
33.8762 75.8733 70.8749 
41.0583 38.4752 4.34916 
23.2045 35.3631 158.049 
60.7999 27.7828 215.908 
10.1673 41.7839 57.1308 
39.4414 217.625 3.93156 
8.1541 18.4669 155.656 
11.3873 12.4796 332.874 
16.1199 14.7104 240.356 
22.2996 29.2076 179.523 
36.417 11.276 138.58 
101.852 160.681 77.3693 
0.600642 6.75563 250.252 
3.94591 80.9649 177.907 
0.864085 13.9706 210.675 
44.6428 215.518 31.5996 
7.73434 114.355 165.429 
68.2901 136.843 68.5565 
5.67142 291.481 48.8603 
80.4209 104.564 20.7477 
26.3089 39.3529 330.135 
117.64 121.621 153.599 
44.1418 18.8827 245.973 
88.446 39.8021 32.7036 
89.2499 35.2728 45.8851 
117.933 93.1478 151.955 
42.9711 271.148 44.8835 
117.146 141.971 206.361 
26.5189 20.2707 129.021 
37.7996 62.2087 149.442 
22.0541 248.308 3.54304 
7.51291 2.75418 174.52 
47.1181 34.9049 169.899 
2.42275 80.0477 111.704 
61.0832 17.8048 150.427 
11.147 16.4115 343.617 
35.0198 46.7085 173.614 
5.64602 14.9373 122.198 
32.6961 158.686 77.7834 
98.3222 12.6661 27.5703 
159.741 11.9988 230.844 
20.9556 96.9326 208.163 
192.351 59.4884 81.397 
192.192 32.6107 30.7213 
1.70062 6.78127 263.561 
136.295 42.3107 186.449 
81.6221 38.0251 184.857 
98.1135 73.4383 279.188 
25.1761 22.1226 234.796 
116.164 200.703 50.1267 
13.7442 6.34039 264.515 
242.502 29.5248 62.7838 
118.286 170.274 35.5789 
135.286 7.09129 68.5595 
22.2683 73.6081 118.851 
28.5203 15.6447 111.85 
0.0358205 0.157705 315.835 
3.33303 113.413 100.573 
113.628 13.5704 303.197 
5.84893 9.11895 340.139 
125.071 66.5462 142.348 
47.9301 33.5502 106.774 
130.724 46.3214 120.243 
36.3332 80.6419 37.498 
189.296 7.00396 69.7236 
99.9678 41.5507 169.621 
79.4159 127.005 20.0604 
108.409 89.7374 64.3794 
5.56868 95.1614 79.4362 
41.5762 134.333 100.401 
52.1723 33.1855 274.226 
22.2497 3.94437 193.854 
0.457732 54.5903 161.457 
2.01082 15.5052 193.009 
4.22323 66.5149 169.956 
103.784 102.139 102.869 
99.4864 110.143 69.8967 
170.146 24.0605 161.161 
121.062 19.6014 270.567 
128.516 93.6135 153.55 
63.4237 47.3064 143.256 
62.5869 64.5961 112.669 
66.9233 47.9657 205.031 
20.3493 100.689 211.934 
174.38 151.699 67.146 
34.312 14.0121 263.616 
113.241 80.5002 145.947 
133.177 46.5056 114.804 
171.677 36.7332 109.294 
38.0333 67.8849 121.336 
51.2135 52.9363 279.798 
3.56336 55.0398 182.337 
221.093 41.6152 106.634 
0.961363 2.29509 133.221 
114.999 62.6522 67.9203 
0.795149 35.9571 133.961 
81.1695 133.238 28.0184 
70.3763 18.56 11.4995 
53.2041 185.417 83.4789 
0.659367 0.939041 169.238 
58.3489 5.65259 59.8906 
2.91551 99.6122 98.3409 
30.5642 127.261 16.3215 
11.7841 71.1059 206.007 
47.9365 14.4731 0.704972 
88.8699 177.911 8.24229 
27.8319 15.7854 196.959 
9.64229 85.7361 288.632 
75.4598 192.288 67.8007 
41.3068 13.3546 20.2479 
131.944 4.83169 166.927 
11.7822 82.8573 123.163 
104.262 41.294 164.897 
14.1013 0.605838 291.305 
133.808 73.2694 50.7074 
67.0069 3.34344 258.98 
35.0658 62.7542 225.488 
0.0227183 18.548 236.14 
204.596 3.77183 100.544 
31.9271 10.7477 135.94 
76.4924 196.836 78.1771 
52.3108 37.8957 36.2921 
17.0675 23.6619 34.5345 
2.25373 8.18752 349.388 
65.9845 184.795 126.547 
8.81938 28.9062 170.357 
29.099 89.5616 181.897 
10.5997 7.83279 264.187 
52.5072 115.865 54.6668 
2.60978 14.0497 124.591 
1.35193 60.8428 242.518 
146.632 24.9529 12.6691 
47.4046 11.7243 208.992 
