0.0999429 0.684619 
0.0432138 0.792328 
0.349917 0.409353 
0.0921313 0.696702 
0.327618 0.428097 
0.0768645 0.723115 
0.635213 0.203147 
0.62296 0.211148 
0.0373683 0.806857 
0.0493611 0.778017 
0.186098 0.569851 
0.0270368 0.836725 
0.253806 0.496329 
0.285384 0.466988 
0.204722 0.548242 
0.0699394 0.736741 
0.275563 0.476172 
0.264375 0.486201 
0.973069 0.0136955 
0.176305 0.580341 
0.61048 0.218744 
0.224471 0.527282 
0.0845091 0.709696 
0.305193 0.447688 
0.0627321 0.750288 
0.986396 0.0068471 
0.739343 0.140277 
0.460559 0.32219 
0.295243 0.457715 
0.438244 0.338565 
0.123388 0.648869 
0.0323284 0.821654 
0.404035 0.365059 
0.959533 0.0205814 
0.149972 0.613065 
0.393001 0.37335 
0.159351 0.601602 
0.449316 0.330327 
0.000432847 0.980571 
0.0563058 0.764098 
0.572631 0.243398 
0.0110451 0.895081 
0.59805 0.226799 
0.234214 0.516448 
0.00810489 0.910212 
0.00550408 0.92688 
0.0144281 0.880054 
0.107465 0.67241 
0.115261 0.66068 
0.360941 0.399612 
0.141132 0.624414 
0.214763 0.537966 
0.713577 0.155591 
0.194748 0.558996 
0.726713 0.148234 
0.00146899 0.962124 
0.00335202 0.942452 
0.381929 0.38215 
0.371092 0.390959 
1 0 
0.673666 0.179268 
0.931119 0.035163 
0.0184187 0.864574 
0.0225324 0.850767 
0.426882 0.34738 
0.483385 0.30526 
0.585299 0.234958 
0.917818 0.0420211 
0.415237 0.355821 
0.244137 0.5067 
0.338921 0.418513 
0.50828 0.290076 
0.660764 0.187403 
0.847846 0.0792405 
0.90407 0.0492372 
0.876238 0.0639378 
0.86365 0.0706983 
0.519505 0.27948 
0.752835 0.132509 
0.766327 0.124768 
0.806823 0.102226 
0.700311 0.163252 
0.167868 0.590757 
0.495671 0.296705 
0.648362 0.195774 
0.471533 0.31352 
0.560793 0.252028 
0.531603 0.271888 
0.889851 0.0566956 
0.945232 0.027778 
0.687128 0.171281 
0.833992 0.0868843 
0.820451 0.0943593 
0.779657 0.117029 
0.132063 0.636679 
0.316225 0.437735 
0.793193 0.109403 
0.543093 0.26362 
0 1.00175 
0.54766 0.260483 
