0.337405 0.419296 
0.31734 0.437764 
0.159137 0.601652 
0.150177 0.612618 
0.306587 0.447088 
0.528796 0.27323 
0.263828 0.486782 
0.713387 0.155874 
0.62873 0.207695 
0.0928866 0.696549 
0.51678 0.281591 
0.903666 0.0495269 
0.772351 0.121469 
0.253444 0.496649 
0.00559005 0.925608 
0.641102 0.199678 
0.167753 0.590685 
0.480919 0.307382 
0.760839 0.128322 
0.917267 0.0423359 
0.943635 0.0287394 
0.348191 0.41067 
0.931049 0.0357867 
0.689352 0.169958 
0.116596 0.658708 
0.133089 0.635332 
0.124674 0.647463 
0.108388 0.671441 
0.74866 0.13486 
0.00847085 0.9084 
0.233358 0.517035 
0.603493 0.22324 
0.184941 0.570072 
0.665846 0.184133 
0.223416 0.52747 
0.848704 0.078896 
0.701574 0.162923 
0.213781 0.539004 
0.203891 0.54909 
0.653421 0.192043 
0.835402 0.0861337 
0.327112 0.428348 
0.274247 0.476415 
0.810131 0.100638 
0.541223 0.264864 
0.100658 0.682925 
0.616196 0.215416 
0.737694 0.141647 
0.677272 0.177079 
0.176689 0.580537 
0.578331 0.239844 
0.725415 0.148785 
0.3587 0.401132 
0.141674 0.623753 
0.492005 0.298676 
0.797619 0.107577 
0.0416365 0.796648 
0.0472294 0.782715 
0.889896 0.0568061 
0.194493 0.559301 
0.00323725 0.943426 
0.24342 0.506731 
0.285014 0.466265 
0.0689375 0.737657 
0.958058 0.0214383 
0.0270092 0.836564 
0.784208 0.114698 
0.0598105 0.756148 
0.822164 0.09336 
0.00136236 0.963166 
0.0852869 0.70862 
0.0531797 0.769436 
0.2956 0.457011 
0.566269 0.247707 
0.59099 0.231586 
0.504421 0.290097 
0.0219837 0.85221 
1 2.16311e-07 
0.000460526 0.979274 
0.0172428 0.869403 
0.0115193 0.89734 
0.077135 0.722911 
0.443945 0.333867 
0.418566 0.353084 
0.406137 0.362752 
0.0305549 0.825689 
0.468964 0.315648 
0.456143 0.324668 
0.431319 0.343505 
0.382254 0.38189 
0.394121 0.37224 
0.370306 0.391566 
0.0170642 0.874845 
0.876065 0.064081 
0.553608 0.256269 
0.986217 0.00705718 
0.972244 0.0141634 
0.862255 0.0714912 
0.035689 0.811765 
0 1.00069 
