0.430745 0.344109 
0.718764 0.152303 
0.266904 0.483542 
0.374288 0.388751 
0.442147 0.336147 
0.385658 0.379295 
0.769233 0.123232 
0.256605 0.493719 
0.246249 0.504098 
0.122439 0.650511 
0.744418 0.137386 
0.277513 0.473761 
0.408294 0.361463 
0.0599009 0.755953 
0.363056 0.39783 
0.163401 0.596702 
0.130046 0.639603 
0.681278 0.174835 
0.114646 0.662174 
0.309161 0.444428 
0.298461 0.454078 
0.98763 0.00628793 
0.171535 0.585909 
0.498912 0.294017 
0.106597 0.67385 
0.352567 0.406825 
0.138043 0.628625 
0.342009 0.415887 
0.419451 0.352797 
0.655189 0.190624 
0.00320609 0.94345 
0.464373 0.319045 
0.188408 0.566198 
0.0534797 0.769005 
0.397019 0.370174 
0.047468 0.782866 
0.0304101 0.826042 
0.487161 0.302698 
0.0414792 0.796728 
0.207206 0.545409 
0.511077 0.285301 
0.00842708 0.908345 
0.287958 0.463908 
0.731656 0.144771 
0.948231 0.0264939 
0.961109 0.0196735 
0.00563499 0.92536 
0.000439403 0.979846 
0.97469 0.0127955 
0.00149604 0.961509 
0.146053 0.617926 
0.47562 0.311058 
0.320061 0.434856 
0.179815 0.576072 
0.535516 0.268266 
0.523464 0.276874 
0.154998 0.607111 
0.45286 0.327269 
0.0668103 0.741628 
0.197505 0.55614 
0.573397 0.242818 
0.693911 0.167529 
0.0355434 0.811536 
0.330898 0.425187 
0.0252914 0.841433 
0.0740282 0.728045 
0.934514 0.0335133 
0.56087 0.251284 
0.235949 0.51467 
0.706254 0.159751 
0.226112 0.524939 
0.75675 0.130313 
0.0812433 0.715075 
0.668112 0.182733 
0.642979 0.198623 
0.0117101 0.892294 
1 0 
0.632417 0.205415 
0.0203329 0.85766 
0.906732 0.0478914 
0.89265 0.0552141 
0.796208 0.107789 
0.921004 0.0404093 
0.0890084 0.702018 
0.0993622 0.685025 
0.0158094 0.874859 
0.878645 0.0627651 
0.864745 0.0706615 
0.809921 0.100119 
0.782704 0.115473 
0.85078 0.0777725 
0.548251 0.259644 
0.82345 0.092687 
0.837115 0.0851352 
0 1.00121 
0.216713 0.535107 
0.618136 0.214212 
0.604314 0.223213 
0.592251 0.231582 
0.582258 0.239841 
