0.972651 0.0138856 
0.629396 0.207077 
0.506316 0.288527 
0.0832701 0.711759 
0.551053 0.258101 
0.518037 0.280662 
0.172987 0.584481 
0.156155 0.605684 
0.416435 0.355136 
0.0436002 0.791655 
0.918073 0.042041 
0.438143 0.338345 
0.0555017 0.764414 
0.689007 0.170207 
0.105254 0.676051 
0.0381945 0.805189 
0.607086 0.221108 
0.0979107 0.687584 
0.90518 0.0491019 
0.380656 0.383081 
0.540162 0.265493 
0.427664 0.346342 
0.113599 0.663522 
0.0494649 0.777823 
0.0326494 0.819641 
0.986279 0.00689857 
0.663805 0.185911 
0.223192 0.527737 
0.562997 0.250334 
0.529242 0.272914 
0.892019 0.0559629 
0.495474 0.296768 
0.460865 0.321864 
0.147315 0.61665 
0.879254 0.0628965 
0.944863 0.0281213 
0.483809 0.304778 
0.139116 0.628147 
0.701612 0.162562 
0.931157 0.0351034 
0.959196 0.0215372 
0.0223453 0.851148 
0.584813 0.236023 
0.312275 0.441762 
0.0907821 0.699381 
0.0691219 0.737875 
0.130443 0.639491 
0.742009 0.13887 
0.0622363 0.751331 
0.121737 0.651275 
0.61858 0.214284 
0.213074 0.538824 
0.595725 0.228283 
0.0274241 0.834656 
0.768995 0.12321 
0.301823 0.450884 
0.809829 0.100125 
0.164945 0.594006 
0.075757 0.724787 
0.19258 0.561497 
0.243723 0.506498 
0.182939 0.572534 
0.404278 0.364358 
0.333979 0.422237 
0.573932 0.24314 
0.323531 0.431998 
0.652573 0.192788 
0.233517 0.516768 
0.282198 0.468887 
0.640655 0.200096 
0.27401 0.476677 
0.3925 0.373796 
0.449114 0.330134 
0.676247 0.177859 
0.253587 0.496523 
0.35714 0.402418 
0.264122 0.486327 
0.852015 0.0771678 
0.472219 0.313324 
0.865761 0.0700078 
0.0132557 0.885071 
0.728508 0.146582 
0.00370334 0.939818 
0.292188 0.459699 
1 5.13497e-07 
0.00167101 0.959481 
0.837921 0.0847384 
0.823239 0.0929046 
0.79635 0.107702 
0.202716 0.549912 
0.00949209 0.902933 
0.0176726 0.867214 
0.345917 0.412053 
0.714861 0.15454 
0.782133 0.115679 
0.368852 0.392735 
0.0062522 0.921038 
0.000273724 0.983679 
0.755529 0.131258 
0 1.00079 
