0.93554 0.033053 
0.835741 0.0861672 
0.910333 0.0464399 
0.861465 0.073203 
0.82342 0.0933413 
0.567541 0.246906 
0.0595251 0.756716 
0.272337 0.478579 
0.355344 0.405149 
0.0886695 0.703087 
0.848543 0.0794302 
0.759562 0.129277 
0.333218 0.422987 
0.343992 0.413649 
0.302999 0.449913 
0.0532447 0.769644 
0.721445 0.150902 
0.0306105 0.826232 
0.025327 0.841538 
0.282417 0.468766 
0.0160881 0.873775 
0.065876 0.743688 
0.313324 0.441302 
0.0959418 0.691198 
0.0473573 0.783328 
0.43673 0.339221 
0.0032533 0.943952 
0.449011 0.330908 
0.872647 0.0658581 
0.9864 0.00691872 
0.292769 0.459149 
0.472148 0.313054 
0.0729192 0.730458 
0.110987 0.667321 
0.0356493 0.811535 
0.377244 0.38629 
0.616966 0.214584 
0.0121055 0.890583 
0.797175 0.107681 
0.923177 0.039959 
0.0003631 0.981303 
0.103319 0.678892 
0.322904 0.432088 
0.544836 0.26288 
0.55625 0.254893 
0.897509 0.0528369 
0.0204022 0.857344 
0.00848474 0.908291 
0.604751 0.222779 
0.960824 0.0202754 
0.78439 0.114429 
0.508319 0.28745 
0.973269 0.0135478 
0.520642 0.278904 
0.217368 0.534021 
0.947084 0.0268751 
0.655414 0.190579 
0.532247 0.270906 
0.00148274 0.96213 
0.496187 0.296016 
0.460369 0.322115 
0.365945 0.395297 
0.250254 0.500158 
0.629793 0.206449 
0.0414568 0.796636 
0.00555907 0.925864 
0.191804 0.562334 
0.809665 0.100807 
0.747464 0.136158 
0.772369 0.121473 
0.642561 0.198801 
1 4.09127e-06 
0.119246 0.654992 
0.128147 0.642104 
0.137424 0.629338 
0.261196 0.489248 
0.580585 0.238242 
0.401062 0.367152 
0.208357 0.543913 
0.592731 0.230719 
0.484408 0.304521 
0.73477 0.144329 
0.885354 0.059474 
0.665848 0.184068 
0.239565 0.510778 
0.227139 0.523526 
0.165955 0.592714 
0.679862 0.175539 
0.176095 0.580436 
0.146855 0.616836 
0.0806038 0.71647 
0.156538 0.604724 
0.389114 0.376811 
0.412886 0.357676 
0.425008 0.348497 
0.185257 0.569844 
0.694906 0.16718 
0 1.00035 
0.200436 0.552855 
0.708365 0.159433 
