0.0248357 0.843257 
0.0157138 0.876301 
0.00580231 0.925156 
0.541324 0.265669 
0.379689 0.384076 
0.494784 0.29697 
0.00848987 0.908317 
0.721596 0.151391 
0.212748 0.539862 
0.358397 0.401915 
0.0530633 0.77002 
0.0468572 0.783619 
0.103025 0.6795 
0.4122 0.358354 
0.369161 0.393153 
0.066483 0.743153 
0.696461 0.165709 
0.564042 0.249373 
0.391195 0.375554 
0.45887 0.322699 
0.470674 0.313967 
0.00333782 0.94254 
0.00159208 0.960656 
0.0351789 0.81273 
0.030026 0.82772 
0.588733 0.232832 
0.0411126 0.797704 
0.576651 0.241026 
0.552509 0.257722 
0.881381 0.0612465 
0.987935 0.00606745 
0.855189 0.0754012 
0.447504 0.331601 
0.868295 0.0687534 
0.231893 0.518498 
0.436264 0.340746 
0.936694 0.0322298 
0.282384 0.469181 
0.202428 0.550237 
0.261568 0.489076 
0.613684 0.216733 
0.271856 0.479168 
0.423664 0.349206 
0.962836 0.0188905 
0.110466 0.668643 
0.0117221 0.891937 
0.949825 0.0255031 
0.506095 0.288965 
0.670499 0.181394 
0.683388 0.173426 
0.221895 0.529058 
0.0596833 0.756958 
0.241747 0.509035 
0.251636 0.499127 
0.658734 0.188807 
0.745772 0.136898 
0.303126 0.450557 
0.292723 0.459156 
0.73342 0.144037 
0.0720976 0.732375 
0.975711 0.0124556 
0.118036 0.657032 
0.0198406 0.859289 
0.529553 0.27295 
0.70879 0.158385 
0.601741 0.225282 
0.909124 0.0466021 
0.163428 0.59584 
0.095951 0.690317 
0.646469 0.19632 
0.402036 0.366916 
0.483198 0.305234 
0.785255 0.113864 
0.172945 0.584208 
0.348681 0.410203 
0.923271 0.0399095 
1 8.58632e-07 
0.0886258 0.70238 
0.181764 0.573817 
0.000463002 0.978487 
0.0804306 0.717045 
0.629186 0.207203 
0.325184 0.429848 
0.192299 0.561509 
0.841045 0.0830128 
0.813029 0.0983478 
0.826967 0.0906509 
0.799058 0.106139 
0.337193 0.419394 
0.144602 0.61976 
0.135382 0.632208 
0.154035 0.60759 
0.313522 0.440149 
0.771422 0.121762 
0.895358 0.0538101 
0.126328 0.644628 
0 1.00162 
0.64145 0.200685 
0.758307 0.129393 
0.518002 0.280817 
