0.171911 0.585729 
0.631596 0.205588 
0.919151 0.0414916 
0.0585142 0.758512 
0.154875 0.606592 
0.789335 0.111775 
0.678936 0.176256 
0.802051 0.104898 
0.0244469 0.843828 
0.690735 0.169123 
0.715274 0.154684 
0.905546 0.0486006 
0.388798 0.376563 
0.82846 0.0902461 
0.0295351 0.828491 
0.815102 0.0976679 
0.740751 0.139807 
0.411894 0.358271 
0.618932 0.213482 
0.776904 0.118934 
0.0200475 0.858617 
0.892846 0.0553044 
0.932199 0.0348616 
0.0345927 0.814405 
0.377869 0.385344 
0.16334 0.59617 
0.146727 0.616973 
0.0456822 0.78684 
0.220174 0.531017 
0.400371 0.367519 
0.986184 0.00703884 
0.582999 0.236818 
0.000430448 0.979323 
0.0122217 0.889715 
0.0033998 0.941944 
0.0059947 0.923669 
0.570938 0.244484 
0.0159296 0.873953 
0.958914 0.0207594 
0.0882312 0.703018 
0.855493 0.0752669 
0.66692 0.183428 
0.594759 0.229141 
0.121903 0.650952 
0.422705 0.350582 
0.190039 0.564072 
0.881164 0.0618158 
0.703672 0.162114 
0.945633 0.0279068 
0.065432 0.744229 
0.65524 0.190981 
0.462589 0.32045 
0.00159526 0.960165 
0.0397444 0.800722 
0.00874158 0.906504 
0.130289 0.639115 
0.113163 0.663606 
0.728038 0.147184 
0.868623 0.0685142 
0.0806388 0.716134 
0.433965 0.341823 
0.841782 0.0828868 
0.0519152 0.772382 
0.606788 0.221453 
0.536367 0.267635 
0.485501 0.303241 
0.473879 0.311968 
0.559658 0.252096 
0.643073 0.198214 
0.524604 0.275735 
0.210014 0.542016 
0.318448 0.435735 
0.365878 0.395154 
0.0728964 0.730107 
0.096319 0.689733 
0.241052 0.509053 
0.972615 0.0138542 
0.199927 0.552885 
0.513602 0.283871 
0.547885 0.260138 
0.1385 0.627853 
1 0 
0.34211 0.415168 
0.330189 0.425413 
0.273498 0.477064 
0.354091 0.404992 
0.284646 0.466505 
0.497722 0.294521 
0.307063 0.445923 
0.262552 0.487721 
0.295832 0.456165 
0.104689 0.676468 
0.230562 0.519847 
0.251698 0.498394 
0.447693 0.330971 
0 1.00016 
0.181359 0.574899 
0.509999 0.286371 
0.752543 0.132728 
0.76485 0.125687 
