0.0172391 0.869349 
0.823433 0.0928071 
0.210518 0.542171 
0.761904 0.127546 
0.797412 0.107388 
0.750106 0.134145 
0.191456 0.562791 
0.220024 0.531313 
0.861804 0.0722501 
0.173419 0.584032 
0.518359 0.280305 
0.874009 0.065595 
0.962495 0.0191202 
0.562657 0.25055 
0.200707 0.552137 
0.408557 0.361277 
0.0788681 0.719491 
0.24001 0.510178 
0.924382 0.0392884 
0.88687 0.0585134 
0.292319 0.459592 
0.1368 0.630338 
0.271425 0.479245 
0.28185 0.469281 
0.0861726 0.706586 
0.385571 0.379224 
0.81064 0.100067 
0.584556 0.235877 
0.128538 0.642558 
0.229921 0.520667 
0.848884 0.0787691 
0.97496 0.0127948 
0.987513 0.00632715 
0.89853 0.0521672 
0.260547 0.489663 
0.647247 0.195921 
0.00413773 0.936268 
0.00975718 0.901845 
0.699848 0.163593 
0.397102 0.369892 
0.529807 0.272289 
0.1824 0.573353 
0.00667824 0.918681 
0.16424 0.595032 
0.712582 0.156129 
0.250199 0.500274 
0.573681 0.243024 
0.949641 0.0255601 
0.621358 0.211998 
0.14553 0.618674 
0.59693 0.228107 
0.660334 0.187838 
0.936836 0.0321034 
0.506535 0.288495 
0.911299 0.0456986 
0.609157 0.219933 
0.0131175 0.885507 
0.773132 0.120935 
0.836539 0.0857988 
0.673102 0.179608 
0.350159 0.408466 
0.540758 0.26484 
0.737416 0.141863 
0.375077 0.387817 
0.55182 0.257784 
0.0640753 0.74712 
0.0709938 0.733634 
0.0215679 0.853398 
0.154957 0.607347 
0.339929 0.417091 
0.785364 0.114063 
1 1.59011e-06 
0.000527904 0.981433 
0.00209073 0.9558 
0.43189 0.342994 
0.0011672 0.966005 
0.119464 0.654565 
0.420076 0.35214 
0.634136 0.203706 
0.317309 0.437042 
0.303715 0.449176 
0.362446 0.398024 
0.0264896 0.837352 
0.481635 0.306057 
0.327574 0.427715 
0.469095 0.315253 
0.456507 0.324405 
0.102335 0.680164 
0.444047 0.333655 
0.0503452 0.775987 
0.0377121 0.806134 
0.686357 0.171565 
0.0939882 0.693443 
0.110761 0.667221 
0.0437745 0.790871 
0.0570766 0.761178 
0.0319159 0.822032 
0.494455 0.297081 
0 1.00029 
0.72534 0.148651 
