0.701525 0.16247 
0.0770946 0.722488 
0.449181 0.33016 
0.764892 0.125598 
0.829953 0.0892428 
0.414958 0.356972 
0.426194 0.347863 
0.0913659 0.697901 
0.403243 0.36526 
0.843249 0.0825699 
0.472744 0.312786 
0.97512 0.0127369 
0.358699 0.401376 
0.54182 0.26442 
0.816835 0.0964372 
0.336647 0.420076 
0.484524 0.304134 
0.347568 0.410578 
0.752011 0.133497 
0.380981 0.382781 
0.507406 0.288 
0.987501 0.00627675 
0.0122925 0.88914 
0.0015058 0.961319 
0.106401 0.674283 
0.921397 0.0402363 
0.713476 0.155329 
0.678218 0.176642 
0.689909 0.169429 
0.777913 0.118501 
0.206027 0.546357 
0.114594 0.661893 
0.437465 0.339029 
0.881993 0.0609113 
0.895137 0.0539041 
0.215738 0.53556 
0.00579292 0.923923 
0.654538 0.191108 
0.460865 0.321704 
0.225688 0.525249 
0.908835 0.0472189 
0.738688 0.140553 
0.392102 0.373939 
0.726554 0.148195 
0.0987697 0.6859 
0.529931 0.272042 
0.0160936 0.87323 
0.122758 0.649921 
0.37009 0.392687 
0.325736 0.429323 
0.934301 0.0334164 
0.961717 0.0195635 
0.0840469 0.71014 
0.803508 0.103629 
0.315311 0.438889 
0.948269 0.0264861 
0.790707 0.110836 
0.292283 0.45946 
0.615726 0.215389 
0.196166 0.557138 
0.000401971 0.98014 
0.0637395 0.747564 
0.186762 0.568125 
0.0702898 0.734926 
0.553498 0.256408 
0.66677 0.183628 
0.495551 0.296229 
0.590523 0.231641 
0.579101 0.239726 
0.00884493 0.906135 
0.60348 0.223228 
0.13122 0.63787 
0.177497 0.579188 
0.854897 0.0754964 
0.235121 0.515323 
0.245225 0.504871 
0.261004 0.489238 
0.0365603 0.808826 
0.167792 0.590403 
0.158503 0.601986 
0.00336502 0.942077 
1 0 
0.0493292 0.778547 
0.0565381 0.762345 
0.304153 0.448661 
0.0426932 0.793605 
0.0308904 0.824454 
0.0254388 0.840562 
0.270963 0.479603 
0.149295 0.613679 
0.566179 0.247648 
0.1401 0.625858 
0.628622 0.207212 
0.641611 0.199084 
0.0205518 0.856721 
0.28278 0.468499 
0.868593 0.0682327 
0.253682 0.496679 
0 1.00011 
0.518423 0.280138 
