0.41036 0.359895 
0.657001 0.190605 
0.972891 0.013745 
0.70603 0.160488 
0.0466409 0.785088 
0.401097 0.368357 
0.453812 0.327412 
0.523346 0.276775 
0.536002 0.2686 
0.572259 0.243785 
0.607438 0.221247 
0.785697 0.114777 
0.088627 0.703218 
0.137993 0.628672 
0.560856 0.251509 
0.052409 0.771256 
0.895054 0.0541411 
0.682286 0.175168 
0.129401 0.641116 
0.631776 0.205359 
0.58359 0.236905 
0.71827 0.153186 
0.00779672 0.911703 
0.772024 0.121776 
0.986267 0.00712859 
0.693568 0.167745 
0.00149348 0.961816 
0.420562 0.352517 
0.959524 0.0204505 
0.511517 0.28532 
0.00310556 0.946092 
0.390357 0.376002 
0.759401 0.129312 
0.24675 0.503317 
0.346088 0.411836 
0.357587 0.403308 
0.644325 0.198327 
0.0660226 0.743412 
0.0195257 0.86069 
0.258438 0.493774 
0.431131 0.343828 
0.378945 0.384879 
0.0243461 0.844401 
0.00507968 0.928969 
0.0286369 0.830931 
0.0593043 0.756916 
0.919035 0.0415235 
0.946183 0.0277706 
0.933476 0.0340674 
0.121099 0.652478 
0.442383 0.335647 
0.594919 0.22915 
0.368761 0.394552 
0.267014 0.483311 
0.0151889 0.877112 
0.881617 0.0613345 
0.798227 0.106598 
0.237413 0.513004 
0.905891 0.0482171 
0.0960195 0.690465 
0.858864 0.0738475 
0.307646 0.446926 
0.277997 0.472952 
0.10439 0.677483 
0.0341845 0.815627 
0.0732335 0.729516 
0.080776 0.716252 
0.289401 0.463856 
0.619788 0.213428 
0.871186 0.0671243 
0.833478 0.0874696 
0.843947 0.0816754 
1 0 
0.824772 0.0927446 
0.112345 0.664921 
0.81207 0.0996526 
0.464795 0.319557 
0.000319074 0.983103 
0.320756 0.433685 
0.33488 0.421505 
0.2167 0.534532 
0.205588 0.546614 
0.731686 0.144674 
0.15644 0.60453 
0.745288 0.136726 
0.185501 0.569466 
0.0401775 0.799569 
0.195662 0.557802 
0.166034 0.592735 
0.175667 0.580941 
0.146993 0.616701 
0.228423 0.522678 
0.499738 0.294061 
0.488059 0.302137 
0.0113706 0.893613 
0.548304 0.260038 
0.297718 0.45516 
0.669382 0.182682 
0 1.00167 
0.476173 0.31051 
