0.682065 0.174882 
0.236062 0.51556 
0.66934 0.182384 
0.225815 0.525073 
0.14996 0.614096 
0.00595553 0.923216 
0.520571 0.278829 
0.00354377 0.940491 
0.338684 0.419165 
0.532844 0.270472 
0.835627 0.0864276 
0.848712 0.0790272 
0.402326 0.366142 
0.287363 0.464454 
0.745075 0.137564 
0.413224 0.357963 
0.0863859 0.706547 
0.544601 0.262683 
0.808889 0.100761 
0.35798 0.401944 
0.307637 0.4455 
0.348385 0.410182 
0.874479 0.0654525 
0.166679 0.592084 
0.796399 0.107943 
0.656442 0.189871 
0.556299 0.254733 
0.133527 0.63524 
0.0787973 0.719688 
0.317687 0.436724 
0.631257 0.205819 
0.644006 0.197974 
0.568141 0.246538 
0.255799 0.494514 
0.0716403 0.73291 
0.245753 0.504384 
0.158201 0.603073 
0.424271 0.349154 
0.368418 0.393105 
0.141213 0.624547 
0.822087 0.0934535 
0.205835 0.546362 
0.0939932 0.693507 
0.605435 0.222183 
0.771045 0.122077 
0.109433 0.669233 
0.215552 0.536115 
0.783873 0.11485 
0.276645 0.474263 
0.861363 0.0720351 
0.508657 0.287052 
0.117747 0.657365 
0.266209 0.484685 
0.12554 0.646214 
0.00900401 0.905512 
0.0124463 0.888812 
0.328677 0.427965 
0.580289 0.238522 
0.0199105 0.859141 
0.0517595 0.772816 
0.297852 0.454951 
0.0317594 0.822255 
0.929685 0.0359174 
0.731937 0.14455 
0.719825 0.151706 
0.593171 0.230207 
0.758259 0.129626 
1 4.41733e-06 
0.971624 0.0143785 
0.435872 0.340336 
0.484428 0.304355 
0.707471 0.159741 
0.0574995 0.760525 
0.695014 0.166592 
0.0162992 0.872685 
0.0457784 0.786251 
0.915579 0.0431969 
0.00178953 0.958395 
0.0396181 0.80172 
0.496493 0.295398 
0.025128 0.841777 
0.000450568 0.978942 
0.958233 0.0214689 
0.943067 0.0289652 
0.176383 0.580223 
0.985551 0.0074481 
0.459705 0.322084 
0.887903 0.0578415 
0.47199 0.313035 
0.186337 0.568934 
0.902014 0.050273 
0.618246 0.213749 
0.447417 0.331162 
0.196 0.557383 
0.379721 0.383992 
0.0646455 0.746444 
0.039354 0.802679 
0 1.00042 
0.390638 0.375271 
0.10183 0.681226 
