0.225906 0.52551 
0.619571 0.213026 
0.245863 0.505175 
0.206282 0.546864 
0.519803 0.279172 
0.63224 0.205001 
0.507601 0.287596 
0.0214231 0.854072 
0.496474 0.296134 
0.581915 0.237593 
0.169387 0.588903 
0.0416936 0.797162 
0.178332 0.577775 
0.264944 0.485658 
0.388133 0.377489 
0.717936 0.153054 
0.355251 0.40449 
0.0532003 0.770312 
0.644852 0.197516 
0.304115 0.449708 
0.93319 0.0342433 
0.366748 0.395453 
0.986139 0.00719439 
0.606675 0.221318 
0.0310685 0.825183 
0.484318 0.304111 
0.236118 0.515348 
0.344364 0.413463 
0.323755 0.431435 
0.692882 0.167883 
0.0362002 0.810185 
0.0975526 0.68772 
0.972332 0.0141805 
0.743774 0.137876 
0.0261463 0.838744 
0.907847 0.0479436 
0.867966 0.0685703 
0.959228 0.0208839 
0.656838 0.189914 
0.334135 0.422848 
0.893764 0.0546532 
0.0473167 0.78314 
0.557908 0.253465 
0.294115 0.45803 
0.188311 0.567203 
0.275058 0.47716 
0.284496 0.46782 
0.255633 0.495311 
0.313922 0.440314 
0.19681 0.5568 
0.569705 0.245484 
0.730736 0.145516 
0.757246 0.13006 
0.811525 0.0994617 
0.594528 0.229534 
0.122548 0.650214 
0.215972 0.535627 
0.105915 0.675461 
0.462228 0.320644 
0.770623 0.122458 
0.680991 0.175263 
0.88071 0.0620942 
0.0136614 0.883406 
0.00343434 0.942593 
0.114188 0.662107 
0.920526 0.0408989 
0.00559832 0.925648 
0.010601 0.898336 
0.0738472 0.728401 
0.946357 0.0276109 
0.39923 0.369305 
0.53258 0.270536 
0.0666703 0.741968 
0.797738 0.106951 
0.0596754 0.756486 
0.377444 0.386393 
0.706042 0.160721 
0.668716 0.182722 
1 0 
0.425087 0.348113 
0.437345 0.338861 
0.83911 0.0841681 
0.854009 0.0759405 
0.15005 0.612881 
0.140613 0.625252 
0.00121143 0.965588 
0.159594 0.600795 
0.825247 0.0916966 
0.131546 0.637636 
0.0893953 0.701122 
0.0816318 0.714516 
0.448844 0.330227 
0.784017 0.114615 
0.545245 0.261766 
0 1.00005 
0.00779672 0.912046 
0.404657 0.36433 
0.0176414 0.869227 
0.414861 0.356839 
0.473518 0.312447 
