0.642182 0.199205 
0.543551 0.262918 
0.531712 0.271158 
0.254914 0.496558 
0.398749 0.369057 
0.356023 0.403822 
0.295294 0.456829 
0.555912 0.254562 
0.630938 0.206231 
0.346127 0.412125 
0.972028 0.0140863 
0.234968 0.515974 
0.326683 0.428743 
0.8377 0.0849162 
0.677101 0.177407 
0.653118 0.192143 
0.863851 0.0708227 
0.594393 0.229313 
0.824386 0.0923497 
0.986037 0.00703791 
0.0802115 0.717305 
0.274625 0.476364 
0.387684 0.377769 
0.3765 0.386851 
0.75618 0.130665 
0.742969 0.138295 
0.850745 0.0777265 
0.945858 0.0281497 
0.931375 0.0349506 
0.618932 0.213921 
0.00324909 0.943739 
0.421435 0.350961 
0.087623 0.704266 
0.0951995 0.691774 
0.00877353 0.907836 
0.0345206 0.814526 
0.0117743 0.893248 
0.0189953 0.862312 
0.264176 0.486165 
0.520097 0.279562 
0.0149966 0.877998 
0.606638 0.221453 
0.410079 0.359655 
0.316395 0.437854 
0.890752 0.0565282 
0.958661 0.0208878 
0.00561068 0.925316 
0.305903 0.447603 
0.0729428 0.730721 
0.00146991 0.962276 
0.155219 0.606035 
0.508074 0.287994 
0.244654 0.505938 
0.147073 0.617574 
0.365792 0.395418 
0.103456 0.678416 
0.00037848 0.980776 
0.110444 0.667899 
0.432824 0.343049 
0.903637 0.049449 
0.0467075 0.783904 
0.0523332 0.771278 
0.164345 0.594657 
0.284965 0.466213 
0.17351 0.583493 
0.469848 0.31503 
0.876932 0.0636493 
0.70261 0.161839 
0.0290338 0.829777 
0.690005 0.169975 
0.224282 0.526453 
0.460141 0.321724 
0.214277 0.537168 
0.336294 0.420298 
0.137297 0.62972 
0.729372 0.146013 
0.581663 0.237358 
0.76925 0.122976 
0.450191 0.329628 
1 0 
0.482702 0.305301 
0.128369 0.642858 
0.193684 0.55992 
0.183448 0.571738 
0.204219 0.548147 
0.568647 0.24594 
0.782978 0.115215 
0.796657 0.107468 
0.810407 0.0998357 
0.0403622 0.79915 
0.715853 0.153971 
0.496275 0.295871 
0.0239587 0.845929 
0.917882 0.0421565 
0 1.00002 
0.0659377 0.743705 
0.0590985 0.757425 
0.118985 0.655525 
0.665334 0.184803 
0.439907 0.337077 
