0.450652 0.330506 
0.450652 0.330506 
0.417365 0.355766 
0.398149 0.370891 
0.38107 0.384617 
0.38107 0.384617 
0.340465 0.418465 
0.333333 0.424566 
0.328333 0.428736 
0.303197 0.451157 
0.303197 0.451157 
0.285294 0.46787 
0.280501 0.471961 
0.270987 0.481455 
0.260578 0.491727 
0.243338 0.508411 
0.243069 0.508884 
0.227661 0.524577 
0.226182 0.5261 
0.222203 0.530337 
0.207712 0.54615 
0.207712 0.546284 
0.195685 0.559693 
0.194624 0.560578 
0.189561 0.566591 
0.1798 0.578289 
0.178573 0.579372 
0.170165 0.589059 
0.166364 0.593693 
0.16458 0.595896 
0.159105 0.603069 
0.15466 0.608679 
0.153759 0.609843 
0.14142 0.625742 
0.14142 0.625742 
0.133394 0.636676 
0.133927 0.635895 
0.129471 0.641822 
0.126864 0.645502 
0.119527 0.656151 
0.119527 0.656151 
0.117589 0.659085 
0.111162 0.668511 
0.111135 0.66855 
0.109089 0.671383 
0.103911 0.679561 
0.10017 0.685094 
0.100013 0.685588 
0.0952792 0.693013 
0.0948869 0.693649 
0.0869767 0.706862 
0.0869767 0.706862 
0.0866007 0.707431 
0.0820016 0.7156 
0.0791268 0.720487 
0.0791268 0.720487 
0.0720693 0.733266 
0.0720693 0.733276 
0.0699849 0.737083 
0.0689589 0.739026 
0.0687144 0.739621 
0.0604596 0.75594 
0.0601453 0.756584 
0.0599748 0.756845 
0.0579422 0.761022 
0.0562372 0.764622 
0.0494157 0.779482 
0.0494157 0.779482 
0.0494157 0.779482 
0.0465501 0.785919 
0.0447428 0.790158 
0.0447428 0.790158 
0.0431102 0.794055 
0.0398204 0.802141 
0.0398204 0.802223 
0.0360528 0.811821 
0.0360528 0.811821 
0.0340434 0.817263 
0.0313791 0.824577 
0.0297518 0.829776 
0.0280295 0.834298 
0.0272931 0.836514 
0.0248743 0.844024 
0.0243903 0.845556 
0.0216179 0.85471 
0.0206722 0.857966 
0.0189715 0.864015 
0.0173941 0.869865 
0.0159691 0.875388 
0.0147094 0.880487 
0.0128 0.888636 
0.00952855 0.90417 
0.00952855 0.90417 
0.00865127 0.908829 
0.00678458 0.919492 
0.00588946 0.925116 
0.00415101 0.937442 
0.00252049 0.951745 
0.00146312 0.964169 
1.00253e-09 2.17016 
