0.458605 0.328929 
0.238653 0.518143 
0.15143 0.617942 
0.13319 0.641903 
0.0960757 0.69735 
0.0896412 0.703652 
0.0782477 0.723445 
0.0685976 0.745671 
0.0625649 0.753255 
0.0553477 0.767894 
0.0511831 0.777007 
0.0413991 0.799736 
0.0413991 0.799736 
0.0399791 0.803268 
0.0351462 0.815781 
0.0351462 0.815781 
0.0326587 0.822451 
0.030612 0.828595 
0.0291817 0.832564 
0.0263937 0.840831 
0.0259336 0.842209 
0.0226325 0.851922 
0.0226325 0.851922 
0.0219491 0.855259 
0.0216404 0.856229 
0.016363 0.874496 
0.016363 0.874496 
0.016363 0.874496 
0.016363 0.874496 
0.016363 0.874496 
0.0161408 0.875089 
0.0155262 0.878749 
0.0137982 0.884684 
0.0137982 0.884684 
0.01369 0.885154 
0.0131709 0.887433 
0.0116824 0.894148 
0.0116824 0.894148 
0.0116824 0.894148 
0.0103205 0.900578 
0.0103205 0.900578 
0.0103205 0.900578 
0.0098189 0.902821 
0.00957382 0.90418 
0.00913944 0.90666 
0.00877924 0.909777 
0.00873949 0.90999 
0.00597292 0.92475 
0.00597305 0.924749 
0.00597305 0.924749 
0.00597305 0.924749 
0.00597305 0.924749 
0.00597305 0.924749 
0.00597305 0.924749 
0.00597305 0.924749 
0.00597305 0.924749 
0.00589548 0.925631 
0.00565162 0.928329 
0.00539757 0.93 
0.0052455 0.93108 
0.00504388 0.931124 
0.0048676 0.933333 
0.0043914 0.937157 
0.00438895 0.936871 
0.00422683 0.938173 
0.00409794 0.939483 
0.00375339 0.941852 
0.00375339 0.941852 
0.00351525 0.942768 
0.0033452 0.945292 
0.00310418 0.947286 
0.00310418 0.947286 
0.00258982 0.952694 
0.00258982 0.952694 
0.00258982 0.952694 
0.00257108 0.952893 
0.00231629 0.95508 
0.00227964 0.955546 
0.00183006 0.960453 
0.00185799 0.960393 
0.00185799 0.960393 
0.00180502 0.960677 
0.00166682 0.962335 
0.00140318 0.965793 
0.00140318 0.965793 
0.00132598 0.966781 
0.00113806 0.969954 
0.00113806 0.969954 
0.000735864 0.976033 
0.000735864 0.976033 
0.000735864 0.976033 
0.000727296 0.976285 
0.000633233 0.977986 
0.000530165 0.980124 
0.000249107 0.987398 
0.000249107 0.987398 
0.000249107 0.987398 
0.000161152 0.990487 
5.45837e-05 0.995839 
1.01073e-09 35.9148 
