0.248932 0.501934 
0.135394 0.632987 
0.0973647 0.688991 
0.0753536 0.726541 
0.0589885 0.758137 
0.0491426 0.779349 
0.0446419 0.789725 
0.0388683 0.803941 
0.0284758 0.832312 
0.0284758 0.832312 
0.0284947 0.832301 
0.0278014 0.834323 
0.0237932 0.846819 
0.023656 0.847258 
0.0172366 0.869787 
0.0172366 0.869787 
0.0172366 0.869787 
0.0172366 0.869787 
0.0171335 0.870183 
0.0156968 0.875771 
0.0152784 0.877586 
0.0100982 0.900611 
0.0130578 0.886819 
0.0118145 0.892445 
0.0118145 0.892391 
0.0100982 0.900611 
0.0100982 0.900611 
0.0100982 0.900611 
0.00986719 0.901768 
0.00840665 0.909476 
0.00840665 0.909476 
0.00840665 0.909476 
0.00838057 0.90962 
0.00764387 0.913731 
0.00764387 0.913731 
0.00691158 0.917989 
0.00691158 0.917989 
0.00691158 0.917989 
0.00373807 0.94004 
0.0063673 0.921402 
0.00525505 0.928712 
0.00525505 0.928712 
0.00563001 0.926168 
0.00525505 0.928712 
0.00525505 0.92868 
0.00373807 0.94004 
0.00373807 0.94004 
0.00373807 0.94004 
0.00373807 0.94004 
0.00373807 0.94004 
0.00373807 0.94004 
0.00373807 0.94004 
0.00373807 0.94004 
0.0035949 0.941224 
0.0035949 0.941224 
0.00212082 0.95513 
0.00212082 0.95513 
0.00212082 0.95513 
0.00212082 0.95513 
0.00212082 0.95513 
0.00287804 0.947535 
0.00212082 0.95513 
0.00212082 0.95513 
0.00212082 0.95513 
0.00215095 0.954806 
0.00215095 0.954806 
0.00215095 0.954806 
0.00212082 0.955131 
0.00204427 0.95598 
0.00158239 0.961417 
0.00158239 0.961417 
0.00158239 0.961417 
0.00158239 0.961417 
0.00158239 0.961417 
0.000909682 0.97104 
0.0012111 0.9664 
0.0012111 0.9664 
0.0012111 0.9664 
0.0012111 0.9664 
0.000909682 0.97104 
0.000909682 0.97104 
0.000909682 0.97104 
0.000909682 0.97104 
0.000834279 0.972325 
0.000755502 0.973716 
0.000755502 0.973716 
0.000624989 0.976199 
0.000624989 0.976199 
0.000400618 0.981244 
0.000400618 0.981244 
0.000400618 0.981244 
0.000400618 0.981244 
0.000357241 0.982305 
0.000164539 0.988438 
0.000233856 0.985918 
0.00016522 0.988412 
0.000134797 0.98961 
8.91557e-05 0.99177 
4.20913e-05 0.994785 
8.28558e-11 25.9114 
