0.323947 0.440986 
0.260156 0.501709 
0.224081 0.535316 
0.195173 0.568962 
0.17228 0.595864 
0.151634 0.621096 
0.140354 0.635675 
0.132782 0.648217 
0.11771 0.669284 
0.110398 0.678569 
0.103718 0.688591 
0.0979188 0.699689 
0.091234 0.708806 
0.0851093 0.717334 
0.0835841 0.721464 
0.077415 0.733087 
0.0756903 0.736312 
0.0701882 0.744449 
0.0677407 0.750961 
0.06346 0.759353 
0.0607079 0.764992 
0.0571115 0.771817 
0.0565512 0.77321 
0.0540135 0.777137 
0.0505032 0.784623 
0.0505032 0.784623 
0.0468908 0.792974 
0.0454401 0.797707 
0.0448068 0.800134 
0.0414701 0.805867 
0.0414701 0.805867 
0.0384727 0.813596 
0.0384727 0.813596 
0.0350666 0.822589 
0.0350666 0.822589 
0.0324293 0.829828 
0.0324293 0.82997 
0.0324293 0.82997 
0.0293354 0.838274 
0.0293354 0.838274 
0.0289886 0.840147 
0.0279449 0.842443 
0.026964 0.847047 
0.0261123 0.849773 
0.0243055 0.854619 
0.0243055 0.854619 
0.022767 0.859603 
0.0227439 0.859977 
0.0216547 0.86392 
0.0214026 0.866402 
0.0199036 0.869439 
0.0197868 0.8699 
0.0185748 0.874176 
0.0184072 0.874929 
0.0172804 0.879137 
0.017209 0.87961 
0.0163263 0.882382 
0.0153824 0.885762 
0.0153824 0.885762 
0.0143784 0.889478 
0.0143784 0.890789 
0.0133568 0.894659 
0.0129249 0.897028 
0.0121066 0.900728 
0.0121066 0.900728 
0.0109343 0.905697 
0.0109343 0.905697 
0.0108788 0.906478 
0.0103693 0.908958 
0.00969505 0.912352 
0.00957961 0.912949 
0.00868333 0.917598 
0.00858939 0.917651 
0.00819205 0.919875 
0.00770342 0.923126 
0.00751377 0.923692 
0.00719377 0.926074 
0.00653474 0.930073 
0.00623661 0.93195 
0.00607194 0.933005 
0.00567804 0.935579 
0.00524765 0.938488 
0.00489099 0.941052 
0.00461915 0.943011 
0.00411799 0.946825 
0.00393983 0.948331 
0.00341917 0.952567 
0.00341917 0.952567 
0.0030749 0.955594 
0.00255568 0.960518 
0.00253155 0.960786 
0.00191082 0.967402 
0.00191082 0.967402 
0.00150604 0.972342 
0.00132615 0.974855 
0.00109395 0.97825 
0.000761076 0.983734 
0.000498882 0.990669 
0.000171284 0.998212 
5.47838e-12 7.0497 
