0.15515 0.609806 
0.108086 0.675082 
0.0539746 0.776696 
0.0427804 0.797328 
0.0419896 0.799253 
0.0218579 0.85645 
0.0218579 0.85645 
0.0218579 0.85645 
0.0206091 0.860806 
0.0199567 0.863104 
0.0132714 0.888964 
0.0132714 0.888964 
0.0132714 0.888964 
0.0132714 0.888964 
0.010763 0.900649 
0.010763 0.900649 
0.010743 0.900748 
0.00990961 0.904864 
0.00846401 0.912427 
0.00846401 0.912427 
0.00840843 0.912711 
0.00790203 0.915537 
0.0071874 0.919453 
0.0071575 0.919631 
0.00650635 0.923787 
0.00645222 0.924178 
0.00471225 0.935623 
0.00471225 0.935623 
0.00471225 0.935623 
0.00471225 0.935623 
0.00471225 0.935623 
0.00471225 0.935623 
0.00471225 0.935623 
0.00449596 0.937221 
0.00423809 0.939388 
0.00415772 0.940072 
0.00299974 0.949528 
0.00301829 0.949359 
0.00301829 0.949359 
0.00301829 0.949359 
0.00301829 0.949359 
0.00301829 0.949359 
0.00301829 0.949359 
0.00301829 0.949359 
0.00288755 0.950566 
0.00280502 0.951397 
0.00207064 0.958815 
0.00207064 0.958815 
0.00207064 0.958815 
0.0020716 0.958805 
0.0020716 0.958805 
0.0020716 0.958805 
0.0020716 0.958805 
0.0020561 0.958975 
0.00187623 0.961009 
0.00187623 0.961009 
0.00184952 0.961318 
0.00135264 0.96756 
0.00135264 0.96756 
0.00135264 0.96756 
0.00135264 0.96756 
0.00135264 0.96756 
0.00135264 0.96756 
0.00135264 0.96756 
0.00132454 0.967946 
0.00109808 0.971194 
0.00109808 0.971194 
0.00109808 0.971194 
0.00109808 0.971194 
0.000966762 0.973245 
0.000966762 0.973245 
0.000966762 0.973245 
0.00084562 0.975263 
0.00084562 0.975263 
0.000832261 0.975493 
0.000765785 0.976672 
0.000712726 0.97765 
0.000662069 0.978617 
0.000662069 0.978617 
0.000628442 0.979282 
0.000434114 0.983587 
0.000434114 0.983587 
0.000434114 0.983587 
0.000434114 0.983587 
0.000434114 0.983587 
0.000411201 0.984083 
0.000379651 0.984945 
0.00029333 0.987311 
0.00029333 0.987311 
0.000277889 0.987765 
0.000236141 0.989004 
0.00022414 0.989468 
0.000132868 0.992853 
0.000132868 0.992853 
0.000132868 0.992853 
8.81771e-05 0.995061 
5.6815e-05 0.996917 
3.82428e-05 0.998275 
1.88913e-05 1.00012 
2.07362e-15 30.0519 
