0.646358 0.200852 
0.28147 0.475261 
0.234884 0.521344 
0.169921 0.593241 
0.125537 0.651232 
0.118099 0.66213 
0.101693 0.68688 
0.0845659 0.715114 
0.0773884 0.727642 
0.0731963 0.736288 
0.066022 0.748924 
0.0544587 0.772588 
0.0544587 0.772588 
0.0514863 0.779098 
0.0427618 0.799368 
0.0427618 0.799368 
0.0422811 0.800544 
0.0394007 0.807505 
0.0353565 0.818076 
0.0353565 0.818076 
0.033114 0.824168 
0.0311459 0.830513 
0.0294276 0.834631 
0.0284066 0.837549 
0.0267275 0.843673 
0.0238144 0.85202 
0.0238144 0.85202 
0.0236364 0.852608 
0.0217758 0.858588 
0.020553 0.86281 
0.020553 0.86281 
0.0184516 0.87046 
0.0184516 0.87046 
0.0178678 0.872889 
0.0174568 0.874201 
0.0158524 0.880412 
0.0158524 0.880412 
0.0153722 0.882328 
0.0143967 0.886383 
0.0141873 0.887345 
0.0125831 0.894108 
0.0125831 0.894108 
0.0125831 0.894108 
0.0122877 0.895547 
0.0118326 0.897576 
0.0113936 0.899668 
0.0109733 0.90167 
0.0102339 0.905261 
0.0101699 0.905547 
0.00945789 0.909162 
0.00943271 0.90919 
0.00906913 0.911202 
0.00784595 0.917858 
0.00784595 0.917858 
0.00784595 0.917858 
0.00777425 0.918184 
0.00723563 0.921308 
0.00714554 0.921907 
0.00694273 0.923049 
0.0065967 0.925242 
0.00620605 0.927678 
0.00611414 0.928195 
0.00566424 0.931257 
0.00566424 0.931257 
0.00525292 0.93406 
0.00520812 0.93424 
0.00481897 0.935823 
0.00474651 0.936457 
0.00449697 0.939423 
0.00402912 0.942961 
0.00402912 0.942961 
0.00397697 0.943452 
0.00378501 0.945005 
0.0029967 0.951724 
0.0029967 0.951724 
0.0029967 0.951724 
0.0029967 0.951724 
0.00284429 0.953233 
0.00275676 0.954126 
0.00234214 0.95814 
0.00234214 0.95814 
0.00222256 0.95949 
0.0021386 0.960407 
0.00191971 0.962846 
0.00180007 0.964236 
0.00158829 0.966803 
0.00157145 0.967031 
0.00143807 0.968756 
0.00129683 0.970661 
0.00107699 0.973896 
0.000927324 0.97625 
0.000924544 0.976285 
0.000801388 0.978405 
0.000683279 0.980581 
0.000564381 0.982957 
0.000407315 0.986555 
0.000266668 0.990418 
0.000190218 0.992972 
0.000110236 0.996269 
3.63067e-13 47.75 
