0.258094 0.498835 
0.111789 0.668843 
0.0652651 0.747996 
0.0488035 0.782451 
0.0381997 0.80691 
0.032837 0.821949 
0.0281957 0.835578 
0.0244996 0.846963 
0.0217411 0.856067 
0.0191412 0.864354 
0.0174103 0.87046 
0.0147607 0.881139 
0.0147607 0.881139 
0.0134461 0.886775 
0.0122349 0.891854 
0.0116512 0.895338 
0.0110625 0.898441 
0.010362 0.900653 
0.00981346 0.903404 
0.00922216 0.906338 
0.0086074 0.909707 
0.00826798 0.911467 
0.00745191 0.916027 
0.00745191 0.916027 
0.00684331 0.919657 
0.00657664 0.921273 
0.0064197 0.922388 
0.00586158 0.925759 
0.00586158 0.925759 
0.00551521 0.928109 
0.00499846 0.931668 
0.00499846 0.931668 
0.0048755 0.932551 
0.0044417 0.93571 
0.0044417 0.93571 
0.0042739 0.936996 
0.00414634 0.937975 
0.00388494 0.940362 
0.00378434 0.940823 
0.00363624 0.942072 
0.0034062 0.944007 
0.0034062 0.944007 
0.00305939 0.947063 
0.00308763 0.946808 
0.0030254 0.947372 
0.00275724 0.94987 
0.00275724 0.94987 
0.00265001 0.950853 
0.00257122 0.951618 
0.002379 0.953512 
0.002379 0.953512 
0.00229489 0.954454 
0.00221692 0.955302 
0.00199522 0.957691 
0.00199522 0.957691 
0.00198612 0.957762 
0.00187639 0.959004 
0.00173443 0.960677 
0.00173443 0.960677 
0.00155135 0.962942 
0.00155135 0.962942 
0.00155135 0.962942 
0.00147776 0.963858 
0.00143065 0.964537 
0.00129459 0.966367 
0.00129459 0.966367 
0.00125685 0.966882 
0.00120703 0.967573 
0.00107471 0.96956 
0.00107471 0.96956 
0.000983096 0.970967 
0.000983096 0.970967 
0.000956816 0.971403 
0.000910779 0.972152 
0.000743385 0.975054 
0.000743385 0.975054 
0.000743385 0.975053 
0.000733041 0.975247 
0.000680706 0.976233 
0.000644372 0.976943 
0.000531204 0.979276 
0.000531204 0.979276 
0.000531204 0.979276 
0.000495529 0.980087 
0.000450482 0.98111 
0.000427946 0.981663 
0.000380827 0.982814 
0.000360198 0.983349 
0.000312647 0.984668 
0.0002764 0.985706 
0.000262624 0.986148 
0.00021332 0.987728 
0.000194795 0.988399 
0.000166967 0.989439 
0.000126078 0.991155 
0.000109782 0.99188 
7.45553e-05 0.993743 
5.09449e-05 0.995241 
2.57259e-05 0.997285 
7.91968e-08 48.0391 
