0.444293 0.337932 
0.170512 0.592737 
0.147891 0.618056 
0.111696 0.666963 
0.0929353 0.69688 
0.059855 0.756643 
0.059855 0.756643 
0.059855 0.756643 
0.0478475 0.782819 
0.0478475 0.782819 
0.037849 0.806723 
0.037849 0.806723 
0.0372723 0.809868 
0.0352232 0.814738 
0.0245088 0.844743 
0.0245088 0.844743 
0.0245088 0.844743 
0.0245088 0.844743 
0.0245088 0.844743 
0.0231829 0.849347 
0.0220839 0.853049 
0.0203838 0.858884 
0.0183837 0.865532 
0.0183837 0.865503 
0.0181421 0.866949 
0.0160673 0.874328 
0.0160673 0.874328 
0.014028 0.882938 
0.014028 0.882938 
0.013402 0.885612 
0.013402 0.885612 
0.013104 0.886648 
0.0125147 0.889546 
0.0117931 0.892775 
0.0114462 0.894138 
0.00922363 0.905075 
0.00922363 0.905075 
0.00922363 0.905075 
0.00922363 0.905075 
0.00922356 0.905074 
0.00919153 0.905242 
0.00821388 0.910498 
0.00821388 0.910498 
0.008078 0.911256 
0.00772799 0.913269 
0.00670951 0.91923 
0.00670951 0.91923 
0.00670951 0.91923 
0.00670951 0.91923 
0.0064456 0.920849 
0.00575161 0.92529 
0.00575161 0.92529 
0.00575161 0.92529 
0.00555789 0.926581 
0.0053541 0.927974 
0.00515167 0.929374 
0.00494214 0.930853 
0.00410874 0.937044 
0.00410874 0.937044 
0.00410874 0.937044 
0.00410874 0.937044 
0.00404927 0.93751 
0.00364963 0.940733 
0.00364963 0.940733 
0.00358134 0.941302 
0.00332443 0.943496 
0.00327022 0.943973 
0.00266127 0.949563 
0.00266127 0.949563 
0.00266127 0.949563 
0.00266127 0.949563 
0.00252487 0.950904 
0.00247621 0.951386 
0.00238159 0.952378 
0.00148763 0.962546 
0.00148763 0.962546 
0.00148763 0.962546 
0.00148763 0.962546 
0.00148763 0.962546 
0.00148763 0.962546 
0.00160043 0.961119 
0.00148763 0.962546 
0.00111442 0.967737 
0.00111442 0.967737 
0.00111442 0.967737 
0.00111442 0.967737 
0.000956236 0.97072 
0.000921766 0.972053 
0.000788618 0.97313 
0.000775974 0.973567 
0.000565054 0.977362 
0.000565054 0.977362 
0.000456136 0.979834 
0.000444975 0.981414 
0.000266132 0.984894 
0.000266132 0.984894 
0.000162952 0.988666 
0.000127312 0.991153 
3.85364e-05 0.99659 
3.67921e-08 41.1558 
