0.788588 0.115902 
0.788588 0.115902 
0.728487 0.150565 
0.666719 0.188075 
0.647161 0.200187 
0.604341 0.226202 
0.604341 0.226202 
0.544126 0.267838 
0.522181 0.278582 
0.508703 0.290481 
0.463688 0.322898 
0.460173 0.325487 
0.441507 0.339471 
0.441507 0.339471 
0.409295 0.3615 
0.396031 0.371958 
0.396031 0.371958 
0.372255 0.393178 
0.351963 0.409016 
0.351963 0.409016 
0.335333 0.423265 
0.321684 0.437164 
0.305759 0.448443 
0.305759 0.448443 
0.29794 0.458479 
0.2919 0.463242 
0.271955 0.481203 
0.271955 0.481203 
0.259104 0.49356 
0.254044 0.497356 
0.241028 0.510739 
0.241027 0.51202 
0.23044 0.523739 
0.22247 0.529798 
0.220165 0.533581 
0.209729 0.544687 
0.209729 0.544687 
0.20279 0.552374 
0.194 0.56209 
0.192677 0.563887 
0.182654 0.57531 
0.179191 0.579572 
0.174199 0.585331 
0.16568 0.59558 
0.166452 0.59754 
0.160296 0.602447 
0.160296 0.602447 
0.146747 0.619608 
0.146699 0.61969 
0.145854 0.623624 
0.138832 0.630086 
0.13423 0.636402 
0.125797 0.648153 
0.125797 0.648153 
0.124679 0.649639 
0.111842 0.668287 
0.111842 0.668287 
0.111842 0.668287 
0.106125 0.676989 
0.103247 0.681462 
0.101907 0.683571 
0.0981266 0.689556 
0.091292 0.700651 
0.091292 0.700651 
0.0863219 0.709036 
0.0844496 0.710597 
0.0832124 0.714423 
0.0773319 0.72477 
0.0773319 0.72477 
0.0759554 0.727254 
0.0656018 0.745008 
0.0656018 0.745008 
0.0656018 0.745008 
0.0621331 0.754249 
0.0535428 0.770071 
0.0535428 0.770071 
0.0535428 0.770071 
0.0492903 0.779321 
0.0490324 0.779932 
0.0463416 0.788486 
0.0432169 0.793754 
0.0410372 0.798842 
0.0391573 0.806193 
0.0363231 0.811029 
0.0303768 0.827013 
0.0303768 0.827013 
0.0295575 0.830376 
0.0259868 0.840402 
0.0228964 0.850262 
0.0228964 0.85041 
0.0188511 0.864322 
0.0168617 0.871828 
0.0147774 0.880549 
0.0118295 0.893742 
0.0110024 0.897021 
0.00899427 0.908716 
0.00552619 0.928049 
0.00450861 0.934926 
0.00147695 0.963672 
6.90099e-11 2.95219 
