0.439565 0.343259 
0.265932 0.491426 
0.151646 0.618169 
0.117141 0.665633 
0.100465 0.690908 
0.0892894 0.708783 
0.073757 0.736126 
0.073757 0.736127 
0.0552718 0.772899 
0.0552718 0.7729 
0.0535331 0.776507 
0.0445966 0.797243 
0.0445966 0.797245 
0.0385071 0.811975 
0.0354878 0.820107 
0.0348986 0.821311 
0.0348986 0.821311 
0.0297729 0.835635 
0.0297729 0.835635 
0.0297554 0.835658 
0.0246265 0.851249 
0.0246265 0.851249 
0.0246265 0.851249 
0.0212401 0.862585 
0.0204892 0.86481 
0.0204892 0.86481 
0.0204892 0.86481 
0.0175626 0.875514 
0.0166276 0.879064 
0.0166276 0.879054 
0.0166276 0.879054 
0.0166276 0.879054 
0.0143439 0.888337 
0.0143439 0.888341 
0.0146882 0.886862 
0.0143269 0.888394 
0.012388 0.896736 
0.012388 0.896736 
0.012388 0.896736 
0.0120528 0.898311 
0.0104207 0.906357 
0.0100707 0.908078 
0.0100707 0.908078 
0.0100707 0.908078 
0.0100707 0.908078 
0.00866544 0.915075 
0.00866544 0.915081 
0.00866544 0.915081 
0.00853451 0.915788 
0.00748499 0.921682 
0.00748499 0.921682 
0.00748499 0.921682 
0.00748499 0.921682 
0.00589486 0.931459 
0.00589486 0.931459 
0.00589486 0.931459 
0.00589486 0.931459 
0.00589486 0.931459 
0.00589486 0.931459 
0.00531425 0.935355 
0.00531425 0.935355 
0.00521064 0.936072 
0.00454216 0.940896 
0.00454216 0.940896 
0.00454216 0.940896 
0.00422728 0.943171 
0.00422728 0.943171 
0.00334127 0.950532 
0.00334127 0.950532 
0.00334127 0.950532 
0.00334127 0.950532 
0.00334127 0.950532 
0.00288332 0.954019 
0.00288332 0.954019 
0.00288332 0.954019 
0.00246546 0.95872 
0.00246546 0.95872 
0.00246546 0.95872 
0.00194606 0.963623 
0.00194606 0.963623 
0.00194606 0.963626 
0.00194606 0.963626 
0.00162674 0.9674 
0.00143202 0.969907 
0.00143202 0.969907 
0.00128895 0.971894 
0.001279 0.971999 
0.00108233 0.974876 
0.000993581 0.976784 
0.000993581 0.976794 
0.000727367 0.981357 
0.000727367 0.981357 
0.000601417 0.983295 
0.000491789 0.986271 
0.000416036 0.987962 
0.000304555 0.990418 
0.000271888 0.991377 
9.69781e-05 0.999112 
7.41806e-05 0.999705 
1.2763e-07 31.3415 
