0.265045 0.487923 
0.220586 0.535151 
0.127766 0.645609 
0.124489 0.650231 
0.108847 0.673289 
0.0920805 0.69969 
0.0840322 0.713334 
0.0729268 0.733164 
0.0659057 0.746501 
0.0619892 0.754259 
0.0558882 0.768948 
0.0500655 0.779758 
0.0500412 0.779821 
0.046604 0.787585 
0.0416734 0.799186 
0.0396219 0.804326 
0.0389278 0.806002 
0.0349991 0.816322 
0.0346533 0.81736 
0.0317594 0.825158 
0.0302542 0.829547 
0.0295649 0.83146 
0.0276878 0.836922 
0.026902 0.839529 
0.0245728 0.846812 
0.0245728 0.846812 
0.0228881 0.852291 
0.0227923 0.852613 
0.0210271 0.858532 
0.0207686 0.859434 
0.0199629 0.862285 
0.0185729 0.867089 
0.018371 0.868172 
0.0181614 0.868588 
0.0141439 0.884454 
0.0141439 0.884454 
0.0141439 0.884454 
0.0141439 0.884454 
0.0141439 0.884454 
0.0141294 0.884508 
0.013058 0.88932 
0.013058 0.88932 
0.0124711 0.892087 
0.0120754 0.893621 
0.0116177 0.895831 
0.0105828 0.900558 
0.0105828 0.900558 
0.0105474 0.900711 
0.00984266 0.904534 
0.0097866 0.904604 
0.00941736 0.906812 
0.00871972 0.91016 
0.00871972 0.91016 
0.00853658 0.911225 
0.00791573 0.914574 
0.00773986 0.915557 
0.00752441 0.91681 
0.00715744 0.918982 
0.00663557 0.922241 
0.00663557 0.922241 
0.00626486 0.924481 
0.00626486 0.924481 
0.00580353 0.927575 
0.00576974 0.927685 
0.0055559 0.929183 
0.00490294 0.933753 
0.00490294 0.933753 
0.00490294 0.933753 
0.00438661 0.937544 
0.00438661 0.937544 
0.00428567 0.938287 
0.00401276 0.940636 
0.00390762 0.94128 
0.00331769 0.946173 
0.00331769 0.946173 
0.00331769 0.946173 
0.00312888 0.947838 
0.00301361 0.948878 
0.00265034 0.952307 
0.00265034 0.952307 
0.00251293 0.953655 
0.00231084 0.955745 
0.00220785 0.956827 
0.00180519 0.961312 
0.00180519 0.961312 
0.00176676 0.961766 
0.00162937 0.963621 
0.00142256 0.966275 
0.00126261 0.968306 
0.00122146 0.968874 
0.001049 0.971451 
0.000920357 0.97348 
0.000749548 0.976636 
0.000638705 0.978756 
0.000585938 0.979855 
0.000444738 0.982949 
0.000341994 0.985537 
0.000184068 0.990538 
0.000115513 0.993294 
5.75068e-13 12.3689 
