0.16841 0.593707 
0.11841 0.659514 
0.0655323 0.74784 
0.0462626 0.788833 
0.0384664 0.80781 
0.0282454 0.835932 
0.0249391 0.846092 
0.0232947 0.851411 
0.0181458 0.869345 
0.0181458 0.869345 
0.0166427 0.875054 
0.0156375 0.879047 
0.0143087 0.884484 
0.0131326 0.889498 
0.011362 0.897514 
0.011362 0.897514 
0.0102327 0.902963 
0.00990206 0.904642 
0.009369 0.907335 
0.00879472 0.910357 
0.00809342 0.914204 
0.00786818 0.91544 
0.00714002 0.919682 
0.00706246 0.920122 
0.00646541 0.923762 
0.00639102 0.924222 
0.00606858 0.926273 
0.00571211 0.928578 
0.00554256 0.929726 
0.00531501 0.931285 
0.00422984 0.939164 
0.00422984 0.939145 
0.00422984 0.939145 
0.00422984 0.939145 
0.00422984 0.939145 
0.00406882 0.940413 
0.0035794 0.944359 
0.0035794 0.944359 
0.0035794 0.944359 
0.00347142 0.945272 
0.00329532 0.946806 
0.00320606 0.947578 
0.00272856 0.951991 
0.00272856 0.951991 
0.00272856 0.951991 
0.00272856 0.951991 
0.00264031 0.952843 
0.00254376 0.953793 
0.00231824 0.956085 
0.00231824 0.956085 
0.0021971 0.957344 
0.00200883 0.959401 
0.00200883 0.959401 
0.00200883 0.959401 
0.0018814 0.960869 
0.00171113 0.962866 
0.00171113 0.962866 
0.0017053 0.961745 
0.00165566 0.963542 
0.00158854 0.964381 
0.00152507 0.965186 
0.00145423 0.966103 
0.00132875 0.967789 
0.00132875 0.967789 
0.00120119 0.969588 
0.00120119 0.969588 
0.00116772 0.970075 
0.00113028 0.970627 
0.00108484 0.971318 
0.000884652 0.974511 
0.000884652 0.974511 
0.000884652 0.974511 
0.000884652 0.974511 
0.000849583 0.975111 
0.000795528 0.976062 
0.00076036 0.976685 
0.000726958 0.977301 
0.000663857 0.978502 
0.000642464 0.978917 
0.000609825 0.979577 
0.00054547 0.980916 
0.000538248 0.981071 
0.000481738 0.982328 
0.000463866 0.98274 
0.000414472 0.983917 
0.000374065 0.984937 
0.00035047 0.985562 
0.000329159 0.986141 
0.000306271 0.986785 
0.000268682 0.987869 
0.000241901 0.988736 
0.000213285 0.989686 
0.000153957 0.991864 
0.000153957 0.991864 
0.000130914 0.992859 
8.2099e-05 0.995239 
6.56681e-05 0.996199 
4.62296e-05 0.997514 
1.82795e-05 1.00001 
3.94489e-14 36.6981 
