1.20576 0.00416296 
0.996647 0.00877049 
0.967615 0.0219965 
0.967615 0.0230216 
0.938135 0.039094 
0.932001 0.0477437 
0.917491 0.0558287 
0.917249 0.0617826 
0.917244 0.066542 
0.917244 0.0842181 
0.917243 0.0955958 
0.917243 0.0955958 
0.917243 0.111486 
0.917243 0.123698 
0.917243 0.127537 
0.917243 0.127537 
0.917243 0.157413 
0.917243 0.157413 
0.917243 0.157413 
0.917243 0.157413 
0.917243 0.165675 
0.917243 0.165675 
0.917243 0.165675 
0.917243 0.165675 
0.917243 0.165675 
0.917243 0.165675 
0.917243 0.165675 
0.917243 0.165675 
0.917243 0.165675 
0.917243 0.165675 
0.917243 0.165675 
0.917243 0.152416 
0.917243 0.152416 
0.917243 0.152416 
0.917243 0.165675 
0.917243 0.165675 
0.917243 0.165675 
0.314661 0.477314 
0.314661 0.477314 
0.314661 0.477314 
0.315346 0.477306 
0.315346 0.477306 
0.315346 0.477306 
0.315346 0.477306 
0.315346 0.477306 
0.315346 0.477306 
0.315346 0.477306 
0.315346 0.477306 
0.315346 0.477306 
0.315346 0.477306 
0.315346 0.477306 
0.315346 0.477306 
0.315346 0.477306 
0.315346 0.477306 
0.315346 0.477306 
0.315346 0.477306 
0.315346 0.477306 
0.315346 0.477306 
0.315346 0.477306 
0.315346 0.477306 
0.315346 0.477306 
0.315346 0.477306 
0.315346 0.477306 
0.3189 0.477306 
0.315945 0.477306 
0.315945 0.477306 
0.315945 0.477306 
0.315945 0.477306 
0.315373 0.477306 
0.304678 0.477306 
0.29325 0.477331 
0.287892 0.477425 
0.281465 0.482202 
0.268364 0.487504 
0.265552 0.488401 
0.26376 0.508204 
0.233272 0.526669 
0.233272 0.526669 
0.233272 0.526669 
0.233272 0.526669 
0.226612 0.537185 
0.218956 0.542185 
0.213558 0.54648 
0.206928 0.552932 
0.193903 0.567508 
0.193903 0.567508 
0.187779 0.57312 
0.181714 0.583223 
0.175789 0.596568 
0.167803 0.596572 
0.160067 0.605708 
0.152934 0.626842 
0.149509 0.627124 
0.142131 0.640162 
0.135985 0.643419 
0.124349 0.666474 
0.121826 0.666514 
0.113308 0.674159 
0.108219 0.679791 
0.102148 1.17124 
