0.652443 -0.458052 
0.646338 -0.44506 
0.643608 -0.432596 
0.64066 -0.413069 
0.639883 -0.407417 
0.637189 -0.384271 
0.635835 -0.370796 
0.633735 -0.348585 
0.632486 -0.331204 
0.630922 -0.315074 
0.630056 -0.301247 
0.628204 -0.279088 
0.627102 -0.263355 
0.62589 -0.245213 
0.624611 -0.226002 
0.623366 -0.206133 
0.622065 -0.185995 
0.620811 -0.165109 
0.619593 -0.143812 
0.45391 -0.124187 
0.45391 -0.124187 
0.45391 -0.124187 
0.45391 -0.124187 
0.45391 -0.124187 
0.45391 -0.124187 
0.448004 -0.116294 
0.442527 -0.0955635 
0.440062 -0.0819489 
0.438044 -0.0693137 
0.435046 -0.047427 
0.433306 -0.033166 
0.430688 -0.00988166 
0.4289 0.00706191 
0.426912 0.0274311 
0.424712 0.050778 
0.423299 0.066546 
0.421165 0.0913929 
0.419625 0.10976 
0.417618 0.134343 
0.416124 0.154958 
0.413883 0.181992 
0.412075 0.205633 
0.410211 0.230353 
0.257772 0.242163 
0.257772 0.242163 
0.257772 0.242163 
0.257772 0.242163 
0.257772 0.242163 
0.257772 0.242163 
0.257772 0.242163 
0.257772 0.242163 
0.257772 0.242163 
0.257772 0.242163 
0.257772 0.242163 
0.255282 0.243818 
0.251004 0.248151 
0.242612 0.271341 
0.240788 0.278527 
0.235739 0.302005 
0.231196 0.327159 
0.228709 0.345101 
0.225203 0.365201 
0.221158 0.39336 
0.2184 0.413902 
0.214976 0.439085 
0.2115 0.46535 
0.208803 0.486557 
0.204475 0.519252 
0.200766 0.547108 
0.196707 0.577758 
0.192836 0.604144 
0.188587 0.632179 
0.083011 0.669653 
0.083011 0.669653 
0.083011 0.669653 
0.083011 0.669653 
0.083011 0.669653 
0.083011 0.669653 
0.083011 0.669653 
0.083011 0.669653 
0.083011 0.669653 
0.083011 0.669653 
0.083011 0.669653 
0.083011 0.669653 
0.083011 0.669653 
0.0812915 0.669809 
0.0643674 0.688372 
0.0643674 0.688372 
0.0628991 0.691398 
0.0523919 0.718864 
0.0513413 0.722119 
0.0458928 0.740263 
0.0398119 0.762681 
0.0346012 0.783356 
0.0293449 0.805317 
0.0233989 0.831344 
0.0170566 0.860694 
0.0117764 0.887224 
0.00555264 0.924584 
1.00088e-05 1.03219 
