0.851713 -0.773075 
0.845386 -0.755235 
0.843642 -0.744964 
0.840359 -0.717701 
0.838517 -0.699262 
0.836771 -0.67911 
0.835179 -0.659371 
0.834362 -0.648803 
0.832993 -0.624523 
0.831098 -0.597745 
0.829783 -0.577641 
0.828389 -0.554016 
0.82715 -0.531809 
0.825969 -0.509557 
0.824802 -0.486084 
0.823569 -0.462528 
0.652857 -0.458118 
0.652857 -0.458118 
0.652857 -0.458118 
0.647087 -0.448423 
0.643124 -0.429751 
0.640031 -0.408575 
0.637722 -0.388947 
0.635413 -0.366694 
0.633421 -0.345175 
0.631534 -0.322779 
0.629777 -0.300144 
0.628288 -0.279945 
0.626306 -0.251823 
0.624578 -0.225913 
0.622921 -0.19992 
0.621406 -0.174693 
0.619948 -0.150752 
0.454057 -0.1242 
0.454057 -0.124201 
0.454057 -0.124201 
0.454057 -0.124201 
0.454057 -0.124201 
0.454057 -0.124201 
0.454057 -0.124201 
0.452721 -0.123869 
0.44516 -0.107215 
0.440646 -0.0854443 
0.437346 -0.0643622 
0.434222 -0.0408658 
0.431046 -0.0133366 
0.428345 0.0129374 
0.425632 0.0412783 
0.423055 0.0694421 
0.420734 0.0968388 
0.418138 0.12838 
0.415497 0.161249 
0.413121 0.191777 
0.410397 0.228045 
0.257729 0.242163 
0.257729 0.242163 
0.257729 0.242163 
0.257729 0.242163 
0.257729 0.242163 
0.257729 0.242163 
0.257729 0.242163 
0.257729 0.242163 
0.257729 0.242163 
0.257729 0.242163 
0.257729 0.242163 
0.252055 0.246423 
0.244865 0.263489 
0.2389 0.286711 
0.233902 0.311763 
0.228959 0.340784 
0.224195 0.372056 
0.219545 0.404958 
0.214914 0.439422 
0.210232 0.475195 
0.205272 0.513097 
0.200488 0.549217 
0.194762 0.590595 
0.189305 0.627589 
0.183064 0.665374 
0.0830085 0.669653 
0.0830085 0.669653 
0.0830085 0.669653 
0.0830085 0.669653 
0.0830085 0.669653 
0.0830085 0.669653 
0.0830085 0.669653 
0.0830085 0.669653 
0.0830085 0.669653 
0.0830085 0.669653 
0.0755378 0.672668 
0.0687417 0.680655 
0.060989 0.695658 
0.0534539 0.715661 
0.0460212 0.739815 
0.0386502 0.767187 
0.031135 0.797726 
0.0236584 0.830191 
0.0159631 0.865982 
0.00784935 0.909506 
9.84365e-07 1.02857 
