0.852059 -0.773014 
0.845451 -0.755782 
0.842611 -0.737403 
0.840354 -0.717999 
0.838461 -0.698974 
0.836814 -0.680013 
0.835289 -0.660691 
0.833814 -0.640415 
0.83237 -0.619609 
0.831057 -0.59894 
0.829729 -0.57772 
0.828509 -0.556241 
0.827272 -0.534017 
0.82609 -0.511394 
0.824962 -0.489864 
0.823704 -0.464988 
0.652259 -0.458126 
0.652259 -0.458126 
0.652259 -0.458126 
0.647743 -0.450577 
0.643413 -0.431747 
0.640435 -0.411776 
0.638007 -0.391708 
0.635781 -0.370598 
0.633715 -0.348399 
0.631871 -0.326882 
0.630156 -0.30519 
0.628224 -0.279244 
0.626531 -0.255217 
0.624895 -0.230572 
0.623275 -0.205261 
0.621666 -0.179461 
0.620159 -0.154361 
0.618584 -0.126333 
0.453859 -0.124203 
0.453859 -0.124203 
0.453859 -0.124203 
0.453859 -0.124203 
0.453859 -0.124203 
0.453859 -0.124203 
0.453859 -0.124203 
0.446389 -0.111635 
0.441683 -0.0912393 
0.437893 -0.0683279 
0.434687 -0.0445462 
0.43173 -0.0191343 
0.428931 0.00685849 
0.426245 0.0343248 
0.423738 0.0623289 
0.421202 0.0914592 
0.418661 0.121986 
0.416237 0.151976 
0.413612 0.185741 
0.411117 0.218257 
0.257801 0.242163 
0.257801 0.242163 
0.257801 0.242163 
0.257801 0.242163 
0.257801 0.242163 
0.257801 0.242163 
0.257801 0.242163 
0.257801 0.242163 
0.257801 0.242163 
0.257801 0.242163 
0.257801 0.242163 
0.253904 0.244199 
0.246327 0.259 
0.240227 0.280954 
0.234905 0.306405 
0.2299 0.334958 
0.225078 0.366041 
0.220445 0.398433 
0.215973 0.431734 
0.211074 0.468915 
0.206217 0.506029 
0.2013 0.54494 
0.195831 0.583054 
0.190201 0.621541 
0.0829985 0.669653 
0.0829985 0.669653 
0.0829985 0.669653 
0.0829985 0.669653 
0.0829985 0.669653 
0.0829985 0.669653 
0.0829985 0.669653 
0.0829985 0.669653 
0.0829985 0.669653 
0.0829985 0.669653 
0.0829985 0.669653 
0.0774348 0.67132 
0.0692602 0.679871 
0.0614137 0.694684 
0.0539149 0.714298 
0.0465187 0.738079 
0.0390229 0.765734 
0.031367 0.796764 
0.0238542 0.829304 
0.0161059 0.865288 
0.00816241 0.907603 
6.00453e-07 1.01234 
