0.851535 -0.773244 
0.845735 -0.757688 
0.842721 -0.738561 
0.840465 -0.71944 
0.838698 -0.701794 
0.837072 -0.683703 
0.835665 -0.665453 
0.83393 -0.642031 
0.832434 -0.621055 
0.831103 -0.600367 
0.830007 -0.581955 
0.828642 -0.557944 
0.827584 -0.538986 
0.826265 -0.513188 
0.82498 -0.491103 
0.823935 -0.467353 
0.652283 -0.458217 
0.652283 -0.458217 
0.652283 -0.458217 
0.648354 -0.452617 
0.643887 -0.434288 
0.640928 -0.415514 
0.638335 -0.394732 
0.635965 -0.372564 
0.633963 -0.351252 
0.632039 -0.328982 
0.630232 -0.306313 
0.628508 -0.28326 
0.626832 -0.259305 
0.625103 -0.234031 
0.623556 -0.209885 
0.621956 -0.184154 
0.620333 -0.15685 
0.618722 -0.129544 
0.453741 -0.124211 
0.453741 -0.124211 
0.453741 -0.124211 
0.453741 -0.124211 
0.453741 -0.124211 
0.453741 -0.124211 
0.453741 -0.124211 
0.447458 -0.114931 
0.442282 -0.0943334 
0.438567 -0.0727047 
0.435184 -0.0485564 
0.432368 -0.0241446 
0.429387 0.00283656 
0.426721 0.0291854 
0.424121 0.0572836 
0.421619 0.0864141 
0.419063 0.116464 
0.416544 0.147953 
0.414025 0.179993 
0.411613 0.21164 
0.257775 0.242162 
0.257775 0.242162 
0.257775 0.242162 
0.257775 0.242162 
0.257775 0.242162 
0.257775 0.242162 
0.257775 0.242162 
0.257775 0.242162 
0.257775 0.242162 
0.257775 0.242162 
0.257775 0.242162 
0.255198 0.243027 
0.247342 0.256187 
0.241124 0.277149 
0.235537 0.303038 
0.230654 0.330401 
0.225809 0.361133 
0.221021 0.394309 
0.216466 0.427697 
0.21169 0.463897 
0.206901 0.500633 
0.201926 0.538438 
0.19642 0.578856 
0.19072 0.618107 
0.184854 0.654736 
0.083042 0.669653 
0.083042 0.669653 
0.083042 0.669653 
0.083042 0.669653 
0.083042 0.669653 
0.083042 0.669653 
0.083042 0.669653 
0.083042 0.669653 
0.083042 0.669653 
0.083042 0.669653 
0.0778849 0.67106 
0.0671992 0.683147 
0.0618051 0.693791 
0.0543479 0.713319 
0.0468769 0.736841 
0.0393309 0.76454 
0.031673 0.795465 
0.0240402 0.828473 
0.0162493 0.864591 
0.00809815 0.907973 
1.91136e-05 1.00044 
