0.851614 -0.773124 
0.845579 -0.755801 
0.842688 -0.737673 
0.84034 -0.718058 
0.8385 -0.698421 
0.836696 -0.67892 
0.835199 -0.659773 
0.833956 -0.641943 
0.832538 -0.620678 
0.831 -0.597529 
0.829693 -0.576547 
0.828396 -0.55393 
0.8272 -0.531593 
0.825984 -0.509097 
0.824754 -0.485901 
0.823562 -0.462274 
0.652238 -0.458119 
0.652132 -0.458131 
0.652132 -0.458131 
0.646993 -0.447973 
0.643162 -0.429426 
0.640111 -0.409125 
0.637572 -0.387707 
0.635482 -0.366563 
0.633428 -0.344463 
0.63148 -0.321725 
0.629636 -0.298423 
0.627946 -0.274909 
0.626236 -0.250716 
0.624587 -0.225401 
0.62299 -0.199887 
0.62141 -0.173941 
0.619782 -0.146554 
0.45396 -0.124177 
0.45396 -0.124177 
0.45396 -0.124177 
0.45396 -0.124177 
0.45396 -0.124177 
0.45396 -0.124177 
0.45396 -0.124177 
0.452452 -0.123716 
0.445178 -0.106967 
0.440718 -0.0858801 
0.437073 -0.0625783 
0.43392 -0.0383152 
0.431067 -0.0134481 
0.428294 0.0135908 
0.425604 0.0411247 
0.423055 0.0696134 
0.420517 0.0990568 
0.418018 0.129799 
0.415528 0.161325 
0.412946 0.194097 
0.41039 0.227828 
0.257791 0.242162 
0.257791 0.242162 
0.257791 0.242162 
0.257791 0.242162 
0.257791 0.242162 
0.257791 0.242162 
0.257791 0.242162 
0.257791 0.242162 
0.257791 0.242162 
0.257791 0.242162 
0.257791 0.242162 
0.251981 0.246536 
0.244856 0.26351 
0.239035 0.286237 
0.233819 0.312229 
0.228866 0.341356 
0.224197 0.372424 
0.219604 0.404523 
0.21488 0.439638 
0.210132 0.475835 
0.205267 0.513215 
0.200212 0.551221 
0.194908 0.589772 
0.189161 0.628254 
0.0830209 0.669653 
0.0830209 0.669653 
0.0830209 0.669653 
0.0830209 0.669653 
0.0830209 0.669653 
0.0830209 0.669653 
0.0830209 0.669653 
0.0830209 0.669653 
0.0830209 0.669653 
0.0830209 0.669653 
0.0830209 0.669653 
0.0767023 0.671795 
0.0686736 0.680753 
0.0609679 0.6957 
0.0534867 0.715563 
0.0459771 0.739969 
0.0385007 0.76777 
0.0312338 0.797317 
0.0236518 0.83021 
0.0154166 0.868659 
0.00812056 0.907861 
2.94997e-05 1.02966 
