0.85297 -0.77261 
0.845174 -0.754546 
0.843197 -0.742131 
0.840962 -0.720753 
0.838521 -0.69921 
0.836792 -0.680422 
0.8354 -0.660844 
0.833729 -0.639236 
0.832349 -0.619735 
0.831038 -0.599344 
0.829987 -0.580112 
0.828505 -0.556612 
0.827286 -0.534885 
0.826212 -0.513417 
0.82471 -0.485615 
0.823616 -0.462917 
0.652693 -0.458133 
0.652693 -0.458133 
0.652693 -0.458133 
0.64729 -0.44921 
0.643482 -0.431972 
0.640087 -0.408719 
0.637719 -0.388622 
0.635557 -0.368146 
0.633614 -0.346073 
0.631539 -0.32261 
0.630018 -0.303412 
0.628169 -0.278431 
0.62643 -0.253519 
0.624694 -0.227211 
0.62299 -0.20098 
0.621511 -0.176843 
0.620072 -0.152313 
0.453975 -0.124204 
0.453975 -0.124204 
0.453975 -0.124204 
0.453975 -0.124204 
0.453975 -0.124204 
0.453975 -0.124204 
0.453975 -0.124204 
0.452415 -0.123705 
0.44524 -0.107528 
0.440862 -0.0867346 
0.437862 -0.0614059 
0.434569 -0.0437073 
0.431696 -0.0191671 
0.429074 0.00554391 
0.42577 0.0393169 
0.42372 0.0617472 
0.421268 0.0904357 
0.418071 0.128726 
0.415484 0.161256 
0.412981 0.193811 
0.410285 0.229247 
0.257823 0.242165 
0.257823 0.242165 
0.257823 0.242165 
0.257823 0.242165 
0.257823 0.242165 
0.257823 0.242165 
0.257823 0.242165 
0.257823 0.242165 
0.257823 0.242165 
0.257823 0.242165 
0.257823 0.242165 
0.253 0.245302 
0.246066 0.259788 
0.239096 0.285847 
0.233934 0.311582 
0.229581 0.336939 
0.223434 0.377325 
0.219522 0.405126 
0.215539 0.434668 
0.21048 0.473187 
0.206385 0.504854 
0.200958 0.548107 
0.194452 0.592795 
0.190307 0.620835 
0.0829897 0.669655 
0.0829897 0.669655 
0.0829897 0.669655 
0.0829897 0.669655 
0.0829897 0.669655 
0.0829897 0.669655 
0.0829897 0.669655 
0.0829897 0.669655 
0.0829897 0.669655 
0.0829897 0.669655 
0.0829897 0.669655 
0.0761752 0.672165 
0.0685777 0.680907 
0.0606661 0.696408 
0.0539546 0.714706 
0.0460213 0.740993 
0.0387233 0.766912 
0.0313492 0.796835 
0.0237044 0.829981 
0.0161375 0.86514 
0.00814672 0.907694 
6.59854e-07 1.03234 
