0.851868 -0.773073 
0.845315 -0.755132 
0.842594 -0.737183 
0.840336 -0.718101 
0.838572 -0.700385 
0.836855 -0.679598 
0.835365 -0.661569 
0.833738 -0.639536 
0.832393 -0.620279 
0.831066 -0.599584 
0.829694 -0.576973 
0.828534 -0.555481 
0.82722 -0.533498 
0.826016 -0.511058 
0.825045 -0.49154 
0.823836 -0.467876 
0.652381 -0.458212 
0.652381 -0.458212 
0.652381 -0.458212 
0.647472 -0.449976 
0.643188 -0.430408 
0.640618 -0.41 
0.637876 -0.390729 
0.635599 -0.368428 
0.633621 -0.347197 
0.63211 -0.329845 
0.63003 -0.303497 
0.628309 -0.280316 
0.626612 -0.256166 
0.62476 -0.228506 
0.623312 -0.205888 
0.621582 -0.178196 
0.620144 -0.153722 
0.453795 -0.124207 
0.453795 -0.124207 
0.453795 -0.124207 
0.453795 -0.124207 
0.453795 -0.124207 
0.453795 -0.124207 
0.453795 -0.124207 
0.453795 -0.124207 
0.445548 -0.108665 
0.441298 -0.0891883 
0.437872 -0.0680817 
0.434899 -0.0461979 
0.431429 -0.0168403 
0.428659 0.00949343 
0.425991 0.0368976 
0.423961 0.0651029 
0.421282 0.0958261 
0.418657 0.121502 
0.415869 0.156347 
0.413828 0.182561 
0.411661 0.211009 
0.25777 0.242162 
0.25777 0.242162 
0.25777 0.242162 
0.25777 0.242162 
0.25777 0.242162 
0.25777 0.242162 
0.25777 0.242162 
0.25777 0.242162 
0.25777 0.242162 
0.25777 0.242162 
0.25777 0.242162 
0.253082 0.245047 
0.246971 0.257912 
0.24109 0.277291 
0.234433 0.308868 
0.229489 0.337485 
0.225124 0.368995 
0.219989 0.401756 
0.216098 0.430457 
0.210706 0.471439 
0.206524 0.50352 
0.200743 0.547274 
0.195704 0.583951 
0.190232 0.622331 
0.082998 0.669653 
0.082998 0.669653 
0.082998 0.669653 
0.082998 0.669653 
0.082998 0.669653 
0.082998 0.669653 
0.082998 0.669653 
0.082998 0.669653 
0.082998 0.669653 
0.082998 0.669653 
0.082998 0.669653 
0.0757553 0.672631 
0.0669914 0.683552 
0.0552784 0.710369 
0.052113 0.719722 
0.0464568 0.740854 
0.0388157 0.766583 
0.031504 0.796184 
0.0236695 0.830131 
0.0156934 0.867304 
0.00761785 0.910917 
0.000139269 1.02007 
