0.851592 -0.773076 
0.845052 -0.752282 
0.841846 -0.731801 
0.839197 -0.707237 
0.83715 -0.684292 
0.835468 -0.663876 
0.833583 -0.637639 
0.831954 -0.613594 
0.830424 -0.58926 
0.828946 -0.564071 
0.827483 -0.538436 
0.826063 -0.512027 
0.824692 -0.485527 
0.823367 -0.458892 
0.652605 -0.458218 
0.652605 -0.458218 
0.650197 -0.45646 
0.64411 -0.435549 
0.640632 -0.413312 
0.637818 -0.39023 
0.635425 -0.366927 
0.633263 -0.343369 
0.631124 -0.317384 
0.62915 -0.291953 
0.627339 -0.266042 
0.625441 -0.239066 
0.623755 -0.212804 
0.621988 -0.183725 
0.620251 -0.155666 
0.618688 -0.12804 
0.453891 -0.124213 
0.453891 -0.124213 
0.453891 -0.124213 
0.453891 -0.124213 
0.453891 -0.124213 
0.453891 -0.124213 
0.450713 -0.121944 
0.444203 -0.103295 
0.439861 -0.080907 
0.436178 -0.0561094 
0.43304 -0.0310414 
0.430115 -0.00458092 
0.427389 0.0224933 
0.424665 0.0512429 
0.422091 0.0804024 
0.419563 0.110376 
0.417167 0.1401 
0.414537 0.173741 
0.411981 0.206774 
0.409442 0.240713 
0.257686 0.242163 
0.257686 0.242163 
0.257686 0.242163 
0.257686 0.242163 
0.257686 0.242163 
0.257686 0.242163 
0.257686 0.242163 
0.257686 0.242163 
0.257686 0.242163 
0.257686 0.242163 
0.257686 0.242163 
0.251428 0.247402 
0.244719 0.263986 
0.239319 0.284845 
0.234318 0.309506 
0.229642 0.336545 
0.225203 0.365191 
0.220847 0.395538 
0.216472 0.427652 
0.212221 0.459836 
0.207726 0.49431 
0.203346 0.528012 
0.198428 0.564345 
0.19347 0.599575 
0.188145 0.634709 
0.0830479 0.669653 
0.0830479 0.669653 
0.0830479 0.669653 
0.0830479 0.669653 
0.0830479 0.669653 
0.0830479 0.669653 
0.0830479 0.669653 
0.0830479 0.669653 
0.0830479 0.669653 
0.0830479 0.669653 
0.0830479 0.669653 
0.0830479 0.669653 
0.0787923 0.670603 
0.0716718 0.676593 
0.0644564 0.688196 
0.0583676 0.702044 
0.0519368 0.720264 
0.0455282 0.741547 
0.0389748 0.76592 
0.0315458 0.795999 
0.0263294 0.818361 
0.0198409 0.847562 
0.0132521 0.879525 
0.00653132 0.917854 
2.18331e-05 1.37935 
