0.652317 -0.457733 
0.645776 -0.443037 
0.643186 -0.429206 
0.641753 -0.415786 
0.639003 -0.399543 
0.637216 -0.384544 
0.63563 -0.366346 
0.634499 -0.356494 
0.633683 -0.343172 
0.631455 -0.31636 
0.631323 -0.310747 
0.629153 -0.282674 
0.627192 -0.264146 
0.62669 -0.250524 
0.625382 -0.237618 
0.623646 -0.207857 
0.622471 -0.190946 
0.621148 -0.17038 
0.620271 -0.155475 
0.620271 -0.155475 
0.453622 -0.124162 
0.453622 -0.124162 
0.453622 -0.124162 
0.453622 -0.124162 
0.453622 -0.124162 
0.448685 -0.117881 
0.446752 -0.112725 
0.441021 -0.0872572 
0.438444 -0.0713655 
0.436895 -0.0610383 
0.433973 -0.0385254 
0.431665 -0.0183136 
0.429988 0.000502298 
0.42907 0.0121023 
0.425542 0.0418496 
0.42442 0.0541879 
0.42442 0.0541879 
0.420073 0.104704 
0.419997 0.113159 
0.417871 0.135334 
0.414945 0.168352 
0.413751 0.188505 
0.411602 0.213648 
0.257756 0.242165 
0.257756 0.242165 
0.257756 0.242165 
0.257756 0.242165 
0.257756 0.242165 
0.257756 0.242165 
0.257756 0.242165 
0.257756 0.242165 
0.257756 0.242165 
0.257756 0.242165 
0.257756 0.242165 
0.257756 0.242165 
0.251397 0.24746 
0.246382 0.258843 
0.241145 0.277065 
0.237064 0.295355 
0.234865 0.31418 
0.230947 0.337353 
0.227437 0.362425 
0.223645 0.378127 
0.220915 0.395066 
0.217057 0.429452 
0.213293 0.454295 
0.210098 0.476108 
0.205552 0.510954 
0.203491 0.538008 
0.198261 0.565587 
0.194998 0.589132 
0.189933 0.623267 
0.184763 0.655266 
0.0829868 0.669654 
0.0829868 0.669654 
0.0829868 0.669654 
0.0829868 0.669654 
0.0829868 0.669654 
0.0829868 0.669654 
0.0829868 0.669654 
0.0829868 0.669654 
0.0829868 0.669654 
0.0829868 0.669654 
0.0829868 0.669654 
0.0829868 0.669654 
0.082689 0.66966 
0.0760649 0.67225 
0.0687629 0.680616 
0.063485 0.690169 
0.0571898 0.705126 
0.0515388 0.721507 
0.0465339 0.738029 
0.0402322 0.761072 
0.0352209 0.780839 
0.0293837 0.805157 
0.0237098 0.829963 
0.0179801 0.856291 
0.0120256 0.885954 
0.00609437 0.920784 
1.46411e-05 1.00658 
