0.851022 -0.772526 
0.845459 -0.755439 
0.842517 -0.735373 
0.840258 -0.717104 
0.838554 -0.699482 
0.836717 -0.678679 
0.835029 -0.657609 
0.833559 -0.637042 
0.832207 -0.615415 
0.83079 -0.594486 
0.82952 -0.57357 
0.82823 -0.550271 
0.827008 -0.528541 
0.82573 -0.504717 
0.824615 -0.482371 
0.652256 -0.458193 
0.652256 -0.458193 
0.652256 -0.458193 
0.652256 -0.458193 
0.645858 -0.443199 
0.642134 -0.423683 
0.639406 -0.403141 
0.637038 -0.381709 
0.63492 -0.360182 
0.632883 -0.33802 
0.630995 -0.316093 
0.629156 -0.291403 
0.62751 -0.268359 
0.625697 -0.242755 
0.624193 -0.21999 
0.622498 -0.19139 
0.620826 -0.165178 
0.619285 -0.137351 
0.454012 -0.124206 
0.454012 -0.124206 
0.454012 -0.124206 
0.454012 -0.124206 
0.454012 -0.124206 
0.454012 -0.124206 
0.454012 -0.124206 
0.449012 -0.118816 
0.443361 -0.0995721 
0.439414 -0.0779998 
0.436026 -0.0542816 
0.432805 -0.0289951 
0.430154 -0.00275329 
0.427584 0.0209777 
0.424675 0.0514902 
0.422215 0.079727 
0.419566 0.11044 
0.417088 0.141307 
0.414617 0.173184 
0.412315 0.205384 
0.409752 0.236686 
0.25775 0.242162 
0.25775 0.242162 
0.25775 0.242162 
0.25775 0.242162 
0.25775 0.242162 
0.25775 0.242162 
0.25775 0.242162 
0.25775 0.242162 
0.25775 0.242162 
0.25775 0.242162 
0.25775 0.242162 
0.249288 0.251489 
0.24286 0.270454 
0.237257 0.294415 
0.232235 0.321105 
0.227425 0.350529 
0.222756 0.382044 
0.2183 0.414095 
0.213492 0.450152 
0.208783 0.486199 
0.203929 0.523342 
0.198879 0.561069 
0.193475 0.599568 
0.187698 0.637525 
0.0829676 0.669653 
0.0829676 0.669653 
0.0829676 0.669653 
0.0829676 0.669653 
0.0829676 0.669653 
0.0829676 0.669653 
0.0829676 0.669653 
0.0829676 0.669653 
0.0829676 0.669653 
0.0829676 0.669653 
0.0829676 0.669653 
0.0755544 0.672647 
0.0677175 0.68228 
0.0601855 0.697617 
0.0522532 0.719291 
0.0454871 0.741696 
0.0381123 0.769298 
0.0297117 0.803753 
0.0233362 0.831625 
0.0155219 0.868148 
0.00778665 0.909877 
6.43906e-06 1.0551 
