0.851677 -0.772965 
0.845751 -0.756424 
0.842286 -0.734874 
0.840449 -0.718816 
0.838089 -0.695079 
0.837233 -0.684195 
0.835186 -0.658499 
0.833273 -0.632428 
0.831928 -0.612077 
0.830533 -0.589046 
0.829317 -0.570122 
0.827809 -0.544004 
0.826794 -0.521567 
0.825278 -0.496612 
0.824075 -0.472327 
0.652531 -0.458137 
0.652531 -0.458137 
0.652531 -0.458137 
0.648791 -0.453283 
0.643868 -0.43407 
0.640831 -0.414792 
0.638265 -0.393503 
0.635776 -0.370176 
0.633744 -0.348465 
0.632032 -0.328275 
0.630031 -0.301165 
0.628111 -0.277319 
0.626377 -0.252398 
0.624618 -0.226005 
0.622959 -0.200545 
0.621335 -0.173949 
0.619865 -0.149101 
0.453887 -0.124203 
0.453887 -0.124203 
0.453887 -0.124203 
0.453887 -0.124203 
0.453887 -0.124203 
0.453887 -0.124203 
0.453887 -0.124203 
0.451281 -0.122529 
0.444531 -0.104633 
0.44023 -0.0830503 
0.436713 -0.0599979 
0.433582 -0.0355683 
0.430639 -0.00954884 
0.427847 0.0176812 
0.425113 0.0464431 
0.422807 0.0721096 
0.420278 0.101821 
0.418237 0.126816 
0.415203 0.164828 
0.412641 0.19825 
0.41003 0.23286 
0.257688 0.242163 
0.257688 0.242163 
0.257688 0.242163 
0.257688 0.242163 
0.257688 0.242163 
0.257688 0.242163 
0.257688 0.242163 
0.257688 0.242163 
0.257688 0.242163 
0.257688 0.242163 
0.257688 0.242163 
0.251367 0.247505 
0.244346 0.265187 
0.238723 0.287533 
0.233691 0.312908 
0.228841 0.341603 
0.224426 0.370477 
0.219756 0.403431 
0.215021 0.438568 
0.21042 0.473633 
0.205675 0.510093 
0.200997 0.54539 
0.195732 0.58379 
0.190287 0.621029 
0.184365 0.657602 
0.0830496 0.669653 
0.0830496 0.669653 
0.0830496 0.669653 
0.0830496 0.669653 
0.0830496 0.669653 
0.0830496 0.669653 
0.0830496 0.669653 
0.0830496 0.669653 
0.0830496 0.669653 
0.0830496 0.669653 
0.0813364 0.669806 
0.0732347 0.674811 
0.0656439 0.685916 
0.05838 0.702015 
0.0512706 0.722342 
0.0440928 0.746685 
0.0370029 0.773679 
0.0299117 0.802903 
0.0225556 0.835162 
0.0152485 0.869494 
0.00773167 0.910225 
1.94562e-05 1.11557 
