0.851915 -0.773169 
0.845496 -0.755749 
0.842531 -0.737122 
0.840573 -0.719985 
0.838428 -0.698262 
0.83664 -0.678623 
0.835246 -0.660749 
0.833627 -0.638612 
0.832385 -0.619916 
0.830959 -0.597428 
0.829611 -0.575085 
0.828304 -0.553185 
0.827091 -0.531149 
0.825903 -0.508195 
0.824701 -0.484919 
0.823482 -0.460418 
0.652442 -0.45824 
0.652442 -0.45824 
0.652442 -0.45824 
0.64656 -0.446784 
0.642617 -0.427014 
0.639802 -0.407042 
0.637416 -0.386526 
0.63517 -0.364355 
0.633142 -0.342105 
0.631416 -0.321428 
0.629543 -0.297246 
0.627834 -0.272308 
0.626113 -0.248651 
0.624393 -0.223019 
0.622767 -0.197292 
0.62114 -0.170765 
0.619622 -0.144295 
0.45385 -0.124217 
0.45385 -0.124217 
0.45385 -0.124217 
0.45385 -0.124217 
0.45385 -0.124217 
0.45385 -0.124217 
0.45385 -0.124217 
0.451115 -0.122487 
0.444521 -0.104668 
0.440245 -0.0831828 
0.436757 -0.0603256 
0.43354 -0.0352722 
0.430659 -0.00969421 
0.427943 0.0167916 
0.42536 0.0436675 
0.422715 0.0731463 
0.420389 0.100643 
0.41768 0.133505 
0.415212 0.164685 
0.412659 0.197956 
0.41017 0.230842 
0.257727 0.242161 
0.257727 0.242161 
0.257727 0.242161 
0.257727 0.242161 
0.257727 0.242161 
0.257727 0.242161 
0.257727 0.242161 
0.257727 0.242161 
0.257727 0.242161 
0.257727 0.242161 
0.257727 0.242161 
0.251062 0.248018 
0.244188 0.265718 
0.238424 0.288881 
0.23329 0.315131 
0.22838 0.344416 
0.223694 0.375483 
0.219036 0.408672 
0.214403 0.443228 
0.209739 0.479063 
0.204825 0.516508 
0.199713 0.554912 
0.194406 0.593141 
0.188676 0.63139 
0.0829997 0.669652 
0.0829997 0.669652 
0.0829997 0.669652 
0.0829997 0.669652 
0.0829997 0.669652 
0.0829997 0.669652 
0.0829997 0.669652 
0.0829997 0.669652 
0.0829997 0.669652 
0.0829997 0.669652 
0.0829997 0.669652 
0.0763696 0.672022 
0.068373 0.681222 
0.0607119 0.696296 
0.0533178 0.716069 
0.0458846 0.740292 
0.0385796 0.767469 
0.0310622 0.798031 
0.0235959 0.83046 
0.0157665 0.866943 
0.00808227 0.908073 
5.31849e-05 1.03943 
