0.851417 -0.772925 
0.845528 -0.754844 
0.843737 -0.73714 
0.842086 -0.723442 
0.842086 -0.723442 
0.836958 -0.682362 
0.835879 -0.666962 
0.835879 -0.666962 
0.832281 -0.61885 
0.832057 -0.615413 
0.829949 -0.581593 
0.829036 -0.563302 
0.827385 -0.536302 
0.826062 -0.51206 
0.824857 -0.488168 
0.824857 -0.484311 
0.652426 -0.458187 
0.652426 -0.458187 
0.652426 -0.458187 
0.648126 -0.451972 
0.645379 -0.434272 
0.640897 -0.415125 
0.639091 -0.392698 
0.635474 -0.367324 
0.634307 -0.354829 
0.631749 -0.325263 
0.630589 -0.304131 
0.628028 -0.276553 
0.627756 -0.272444 
0.627756 -0.272444 
0.623756 -0.209789 
0.622327 -0.182816 
0.620935 -0.16213 
0.453845 -0.124213 
0.453845 -0.124213 
0.453845 -0.124213 
0.453845 -0.124213 
0.453845 -0.124213 
0.453845 -0.124213 
0.453845 -0.124214 
0.453776 -0.12421 
0.443772 -0.101377 
0.443219 -0.0989115 
0.438517 -0.0653549 
0.434641 -0.0442157 
0.431538 -0.0171897 
0.429623 0.000654583 
0.426537 0.0310999 
0.426537 0.0310999 
0.420813 0.0955605 
0.418211 0.126971 
0.416633 0.153734 
0.4135 0.18694 
0.411452 0.217131 
0.25769 0.242163 
0.25769 0.242163 
0.25769 0.242163 
0.25769 0.242163 
0.25769 0.242163 
0.25769 0.242163 
0.25769 0.242163 
0.25769 0.242163 
0.25769 0.242163 
0.25769 0.242163 
0.25769 0.242163 
0.251633 0.247071 
0.242897 0.270289 
0.240369 0.281947 
0.232428 0.319992 
0.229755 0.346155 
0.225256 0.370741 
0.218969 0.409154 
0.214944 0.445384 
0.2102 0.475331 
0.204635 0.517941 
0.19901 0.560086 
0.195134 0.587978 
0.189238 0.627753 
0.082949 0.669654 
0.082949 0.669654 
0.082949 0.669654 
0.082949 0.669654 
0.082949 0.669654 
0.082949 0.669654 
0.082949 0.669654 
0.082949 0.669654 
0.082949 0.669654 
0.082949 0.669654 
0.082949 0.669654 
0.0732418 0.674802 
0.068124 0.681622 
0.0601214 0.697697 
0.0527104 0.717899 
0.0451092 0.743039 
0.0378277 0.770415 
0.0313322 0.796901 
0.0236381 0.830275 
0.015664 0.86745 
0.00763293 0.910829 
4.05441e-06 1.02245 
