0.851597 -0.773091 
0.846111 -0.758579 
0.842639 -0.736788 
0.842262 -0.723061 
0.838598 -0.699607 
0.83688 -0.680802 
0.835265 -0.660384 
0.833951 -0.64244 
0.832429 -0.61997 
0.831118 -0.599793 
0.829809 -0.577965 
0.828537 -0.556844 
0.827655 -0.541465 
0.826102 -0.511787 
0.824891 -0.488703 
0.823797 -0.465395 
0.652031 -0.458084 
0.652031 -0.458086 
0.652031 -0.458086 
0.647873 -0.451084 
0.643666 -0.432417 
0.640577 -0.412125 
0.638109 -0.392435 
0.635905 -0.371019 
0.633813 -0.348732 
0.631872 -0.326754 
0.630079 -0.304134 
0.628412 -0.281059 
0.62684 -0.259562 
0.62495 -0.231538 
0.623352 -0.205938 
0.621768 -0.180399 
0.620119 -0.153152 
0.618536 -0.125719 
0.454073 -0.12419 
0.454073 -0.12419 
0.454073 -0.12419 
0.454073 -0.12419 
0.454073 -0.12419 
0.454073 -0.12419 
0.454073 -0.12419 
0.446504 -0.111915 
0.441832 -0.0918958 
0.438022 -0.0690171 
0.434752 -0.0450584 
0.431768 -0.0197782 
0.428982 0.00638564 
0.426358 0.0331889 
0.423717 0.061808 
0.421179 0.0911192 
0.41868 0.121179 
0.416227 0.152026 
0.413678 0.184501 
0.411123 0.218276 
0.257735 0.242165 
0.257735 0.242165 
0.257735 0.242165 
0.257735 0.242165 
0.257735 0.242165 
0.257735 0.242165 
0.257735 0.242165 
0.257735 0.242165 
0.257735 0.242165 
0.257735 0.242165 
0.257735 0.242165 
0.254036 0.243989 
0.246433 0.258728 
0.240322 0.280486 
0.234984 0.305936 
0.229963 0.334575 
0.225198 0.365266 
0.220603 0.397312 
0.215847 0.432381 
0.211156 0.468081 
0.206371 0.504762 
0.201286 0.543489 
0.195973 0.582248 
0.190236 0.621322 
0.184137 0.659061 
0.083016 0.669654 
0.083016 0.669654 
0.083016 0.669654 
0.083016 0.669654 
0.083016 0.669654 
0.083016 0.669654 
0.083016 0.669654 
0.083016 0.669654 
0.083016 0.669654 
0.083016 0.669654 
0.0775183 0.671275 
0.0693876 0.67968 
0.0615974 0.69427 
0.0540509 0.713902 
0.046563 0.737928 
0.0390876 0.765486 
0.0315364 0.796041 
0.0239339 0.828954 
0.0156626 0.867458 
0.00798273 0.908725 
2.60132e-05 1.00965 
