0.851666 -0.773019 
0.845799 -0.757423 
0.843768 -0.745294 
0.840477 -0.719242 
0.838422 -0.698849 
0.836897 -0.680683 
0.835244 -0.660363 
0.833778 -0.640265 
0.832406 -0.619945 
0.831036 -0.598856 
0.829777 -0.578166 
0.828455 -0.555347 
0.82727 -0.533616 
0.826088 -0.512248 
0.82485 -0.487862 
0.823645 -0.463741 
0.652777 -0.458177 
0.652777 -0.458177 
0.652777 -0.458177 
0.647423 -0.449595 
0.643283 -0.430994 
0.640889 -0.414943 
0.637824 -0.389665 
0.636167 -0.374142 
0.633885 -0.350507 
0.631787 -0.325413 
0.62992 -0.302071 
0.628278 -0.278572 
0.626578 -0.254729 
0.624767 -0.228723 
0.62325 -0.204898 
0.622057 -0.17692 
0.619924 -0.150414 
0.453879 -0.124217 
0.453879 -0.124217 
0.453879 -0.124217 
0.453879 -0.124217 
0.453879 -0.124217 
0.453879 -0.124217 
0.453879 -0.124217 
0.453879 -0.124217 
0.445948 -0.110121 
0.441343 -0.089433 
0.437574 -0.066126 
0.434397 -0.042322 
0.43164 -0.0187926 
0.428662 0.00939186 
0.426008 0.0368245 
0.423647 0.0650137 
0.420887 0.0944701 
0.418429 0.124427 
0.415899 0.155903 
0.413346 0.188952 
0.41085 0.221691 
0.257775 0.242162 
0.257775 0.242162 
0.257775 0.242162 
0.257775 0.242162 
0.257775 0.242162 
0.257775 0.242162 
0.257775 0.242162 
0.257775 0.242162 
0.257775 0.242162 
0.257775 0.242162 
0.257775 0.242162 
0.253011 0.245119 
0.245707 0.260837 
0.239748 0.282943 
0.234458 0.308761 
0.229504 0.337409 
0.224762 0.36818 
0.220082 0.401063 
0.215479 0.435101 
0.210653 0.471854 
0.205804 0.509024 
0.200817 0.546793 
0.195423 0.585936 
0.189771 0.624311 
0.0829075 0.669653 
0.0829075 0.669653 
0.0829075 0.669653 
0.0829075 0.669653 
0.0829075 0.669653 
0.0829075 0.669653 
0.0829075 0.669653 
0.0829075 0.669653 
0.0829075 0.669653 
0.0829075 0.669653 
0.0829075 0.669653 
0.0770984 0.671528 
0.0690016 0.680251 
0.0613376 0.69485 
0.0537776 0.714702 
0.0463852 0.738548 
0.0388004 0.766601 
0.0313786 0.796702 
0.0236183 0.831327 
0.015532 0.868092 
0.00736274 0.912507 
5.54913e-06 1.01934 
