0.851767 -0.772762 
0.847071 -0.762459 
0.842854 -0.738832 
0.840392 -0.718641 
0.838648 -0.700259 
0.836869 -0.681031 
0.835306 -0.66094 
0.833865 -0.641308 
0.832476 -0.620612 
0.831139 -0.600241 
0.829836 -0.578936 
0.828625 -0.558448 
0.827407 -0.53588 
0.826143 -0.513016 
0.825002 -0.490681 
0.823802 -0.466937 
0.652681 -0.458103 
0.652681 -0.458103 
0.652681 -0.458103 
0.648439 -0.452475 
0.643904 -0.434115 
0.640997 -0.414951 
0.638361 -0.394154 
0.63604 -0.372531 
0.634035 -0.351826 
0.632098 -0.328918 
0.630268 -0.30592 
0.62856 -0.283393 
0.626813 -0.258874 
0.625167 -0.234366 
0.623559 -0.209001 
0.621911 -0.183459 
0.620375 -0.157347 
0.618718 -0.129387 
0.453902 -0.124205 
0.453902 -0.124205 
0.453902 -0.124205 
0.453902 -0.124205 
0.453902 -0.124205 
0.453902 -0.124205 
0.453902 -0.124206 
0.447396 -0.114756 
0.442396 -0.0949322 
0.438563 -0.0727192 
0.435323 -0.0495822 
0.432206 -0.0237873 
0.429486 0.00242996 
0.426711 0.029389 
0.424155 0.0574398 
0.421649 0.0858122 
0.419136 0.116001 
0.416712 0.145932 
0.414109 0.179126 
0.411615 0.211821 
0.257716 0.242163 
0.257716 0.242163 
0.257716 0.242163 
0.257716 0.242163 
0.257716 0.242163 
0.257716 0.242163 
0.257716 0.242163 
0.257716 0.242163 
0.257716 0.242163 
0.257716 0.242163 
0.257716 0.242163 
0.255202 0.243025 
0.24732 0.256257 
0.241109 0.277229 
0.235647 0.302582 
0.230598 0.330783 
0.226016 0.359785 
0.221344 0.392015 
0.216457 0.427786 
0.211886 0.462415 
0.20686 0.50095 
0.202067 0.54017 
0.196666 0.577116 
0.190776 0.617747 
0.184796 0.655074 
0.0830142 0.669653 
0.0830142 0.669653 
0.0830142 0.669653 
0.0830142 0.669653 
0.0830142 0.669653 
0.0830142 0.669653 
0.0830142 0.669653 
0.0830142 0.669653 
0.0830142 0.669653 
0.0830142 0.669653 
0.0779135 0.671045 
0.0697965 0.679084 
0.0617941 0.693818 
0.0542507 0.713317 
0.0467857 0.737162 
0.0392832 0.764729 
0.0316227 0.795845 
0.0240233 0.828549 
0.0155148 0.868184 
0.00819462 0.907394 
1.0876e-05 0.99887 
