0 1.00422 
0.999996 0.00852979 
0.0417097 1.00391 
0.351637 0.882105 
0.284832 0.925813 
0.860063 0.272887 
0.76163 0.429418 
0.301467 0.914392 
0.773053 0.411673 
0.803491 0.362539 
0.368368 0.869672 
0.947744 0.123293 
0.588788 0.662626 
0.55908 0.697212 
0.455829 0.797846 
0.625732 0.617526 
0.635254 0.603416 
0.443573 0.812684 
0.831776 0.316063 
0.266726 0.933677 
0.88166 0.231608 
0.842494 0.298114 
0.812818 0.349513 
0.663705 0.572796 
0.896923 0.205493 
0.84913 0.289678 
0.794092 0.378505 
0.598325 0.648973 
0.432273 0.819494 
0.935792 0.13551 
0.739651 0.463328 
0.418729 0.830225 
0.201411 0.965045 
0.315497 0.907433 
0.890568 0.219575 
0.216623 0.958351 
0.512142 0.745173 
0.904234 0.190312 
0.336873 0.892305 
0.569436 0.68252 
0.500479 0.757343 
0.993494 0.0227426 
0.969994 0.0712494 
0.530259 0.726932 
0.0638864 1.0019 
0.867614 0.254885 
0.615216 0.629063 
0.151702 0.986525 
0.730558 0.473128 
0.577278 0.674666 
0.392006 0.854361 
0.378705 0.86192 
0.961841 0.0838688 
0.70808 0.506282 
0.685967 0.539778 
0.548525 0.708186 
0.229632 0.952017 
0.692742 0.527305 
0.874022 0.247153 
0.18751 0.971069 
0.651002 0.583381 
0.255373 0.940865 
0.986458 0.035615 
0.911456 0.178947 
0.669926 0.559145 
0.539232 0.714827 
0.77997 0.399112 
0.242221 0.946472 
0.918801 0.167808 
0.607561 0.638842 
0.134232 0.988295 
0.32689 0.898173 
0.70228 0.518683 
0.520658 0.736335 
0.820983 0.336669 
0.723405 0.486377 
0.747915 0.448637 
0.645114 0.59149 
0.953489 0.106072 
0.677721 0.549775 
0.483864 0.774053 
0.716828 0.495467 
0.975827 0.057461 
0.787139 0.38884 
0.106921 0.994474 
0.0910736 0.997337 
0.163844 0.978452 
0.120872 0.992552 
0.492122 0.76588 
0.402374 0.846407 
0.753772 0.441568 
0.466551 0.789335 
0.473873 0.782987 
0.409246 0.838315 
0.980921 0.0472948 
0.076735 0.998867 
0.827079 0.32758 
0.92427 0.154959 
0.174818 0.975824 
0.929905 0.147635 
