1 5.17276e-08 
6.44009e-05 1 
0.587893 0.654381 
0.845009 0.28596 
0.834456 0.303683 
0.930185 0.134756 
0.670643 0.550239 
0.690018 0.523876 
0.861311 0.258144 
0.886427 0.214247 
0.547592 0.700144 
0.826766 0.316459 
0.659447 0.56513 
0.198677 0.960527 
0.624082 0.610523 
0.816695 0.33301 
0.560814 0.685488 
0.679936 0.537687 
0.870315 0.242553 
0.971922 0.0553675 
0.877715 0.229617 
0.922505 0.148985 
0.852929 0.272512 
0.0592647 0.996488 
0.0367782 0.998647 
0.763035 0.417779 
0.133343 0.98222 
0.754167 0.431235 
0.180217 0.967522 
0.149863 0.977541 
0.650369 0.577021 
0.939463 0.11741 
0.355132 0.873882 
0.715446 0.488137 
0.213239 0.954529 
0.778964 0.393216 
0.993222 0.0135114 
0.339624 0.884657 
0.489494 0.760397 
0.97941 0.040756 
0.612387 0.624983 
0.499115 0.750884 
0.985961 0.027881 
0.787929 0.379168 
0.510118 0.73978 
0.273604 0.925141 
0.77155 0.404712 
0.7 0.51 
0.809371 0.344918 
0.16666 0.972225 
0.724286 0.475411 
0.574852 0.669545 
0.894791 0.199351 
0.91466 0.163398 
0.640658 0.589558 
0.460252 0.78817 
0.952018 0.0936625 
0.115187 0.986732 
0.519376 0.730248 
0.529289 0.719853 
0.908348 0.174905 
0.598852 0.641376 
0.964282 0.0701609 
0.40273 0.837809 
0.0183891 0.999662 
0.745603 0.444078 
0.538375 0.710152 
0.900846 0.188478 
0.801262 0.35798 
0.632834 0.599521 
0.287137 0.917553 
0.706899 0.500294 
0.260909 0.931927 
0.414292 0.828363 
0.478113 0.771408 
0.318389 0.898628 
0.945044 0.106892 
0.731939 0.464266 
0.958781 0.0807394 
0.228291 0.947883 
0.432109 0.813283 
0.33045 0.890803 
0.393029 0.845528 
0.449924 0.797569 
0.470719 0.778424 
0.249104 0.937948 
0.794864 0.368192 
0.3082 0.905014 
0.738905 0.45402 
0.29737 0.911571 
0.442046 0.804597 
0.364605 0.867064 
0.101462 0.989706 
0.422943 0.82112 
0.383189 0.853166 
0.374465 0.859776 
0.0764008 0.994163 
0.237873 0.943417 
0.569223 0.675985 
0.605539 0.633323 
