0 1 
1 4.44089e-16 
0.259536 0.932641 
0.477335 0.772151 
0.359793 0.870549 
0.914902 0.162954 
0.216485 0.953134 
0.0913476 0.991656 
0.278597 0.922383 
0.0674629 0.995449 
0.785033 0.383724 
0.870576 0.242097 
0.674363 0.545234 
0.489441 0.760447 
0.956885 0.0843702 
0.629896 0.603231 
0.861866 0.257188 
0.992931 0.014087 
0.619684 0.615992 
0.74535 0.444453 
0.2 0.96 
0.436535 0.809437 
0.985085 0.0296069 
0.949165 0.0990853 
0.610113 0.627762 
0.878443 0.228338 
0.777307 0.395793 
0.125299 0.9843 
0.344593 0.881256 
0.922954 0.148156 
0.839368 0.295462 
0.403372 0.837291 
0.232634 0.945882 
0.578443 0.665404 
0.721912 0.478844 
0.831784 0.308136 
0.906184 0.17883 
0.823482 0.321878 
0.425166 0.819233 
0.964516 0.069708 
0.639463 0.591087 
0.321051 0.896926 
0.684052 0.532073 
0.107242 0.988499 
0.978138 0.043246 
0.815914 0.334284 
0.75345 0.432314 
0.664768 0.558083 
0.567821 0.677579 
0.448664 0.798701 
0.18503 0.965764 
0.886377 0.214336 
0.807846 0.347384 
0.795082 0.367845 
0.245731 0.939616 
0.971154 0.0568605 
0.847779 0.28127 
0.9418 0.113013 
0.64823 0.579798 
0.768104 0.410017 
0.413877 0.828705 
0.141816 0.979888 
0.39013 0.847798 
0.334324 0.888228 
0.559413 0.687057 
0.170507 0.970927 
0.533752 0.715109 
0.713281 0.49123 
0.600026 0.639969 
0.0180334 0.999675 
0.656885 0.568501 
0.854235 0.270282 
0.892994 0.202562 
0.156221 0.975595 
0.464476 0.784262 
0.372248 0.861431 
0.549475 0.698077 
0.761604 0.419959 
0.899929 0.190127 
0.706055 0.501487 
0.735659 0.458806 
0.523069 0.726399 
0.0370319 0.998629 
0.930015 0.135071 
0.308911 0.904574 
0.5 0.75 
0.698241 0.512459 
0.935288 0.125236 
0.691902 0.521271 
0.730709 0.466064 
0.0511864 0.99738 
0.800565 0.359096 
0.28951 0.916184 
0.516321 0.733413 
0.506766 0.743188 
0.541778 0.706477 
0.381273 0.854631 
0.299638 0.910217 
0.58764 0.654679 
0.457952 0.79028 
