0.999994 0.00723826 
0 1.00354 
0.890335 0.213745 
0.0490068 1.00179 
0.757039 0.43434 
0.901427 0.194266 
0.0907404 0.997205 
0.196457 0.96532 
0.845777 0.29526 
0.218086 0.955974 
0.0171945 1.00323 
0.113776 0.993464 
0.453227 0.799822 
0.398047 0.847824 
0.3243 0.899595 
0.973651 0.0597444 
0.382083 0.859243 
0.769355 0.418806 
0.785302 0.389883 
0.676409 0.547809 
0.855438 0.275903 
0.0681052 0.999872 
0.952033 0.102629 
0.944502 0.118408 
0.40959 0.837558 
0.550355 0.704275 
0.307673 0.90993 
0.775671 0.405597 
0.539781 0.714897 
0.881121 0.232037 
0.746288 0.44881 
0.528256 0.726662 
0.669758 0.564675 
0.467179 0.787484 
0.921784 0.156859 
0.965578 0.0766519 
0.936359 0.132463 
0.131589 0.987401 
0.421801 0.82645 
0.577805 0.672141 
0.337868 0.891097 
0.604605 0.639942 
0.99271 0.023584 
0.443351 0.813031 
0.959434 0.0873687 
0.686555 0.534918 
0.701937 0.514732 
0.79424 0.377222 
0.56078 0.690859 
0.518056 0.737473 
0.724764 0.481092 
0.930204 0.145847 
0.982134 0.0455742 
0.369687 0.867081 
0.595032 0.652434 
0.490929 0.766139 
0.501547 0.754014 
0.348686 0.883039 
0.157348 0.978829 
0.709264 0.50201 
0.232617 0.950492 
0.359651 0.875301 
0.587585 0.6613 
0.66174 0.576218 
0.244536 0.945192 
0.717392 0.492695 
0.612786 0.629545 
0.800442 0.36571 
0.915641 0.173186 
0.569116 0.683826 
0.693246 0.525311 
0.874785 0.242532 
0.868112 0.254583 
0.910476 0.181388 
0.628917 0.611127 
0.637767 0.601528 
0.432581 0.819129 
0.837823 0.309459 
0.73299 0.469206 
0.256739 0.937939 
0.621811 0.620807 
0.148021 0.985953 
0.86171 0.264755 
0.823893 0.327328 
0.739895 0.461528 
0.296617 0.916865 
0.510595 0.748145 
0.808822 0.355699 
0.651078 0.582667 
0.988039 0.0356015 
0.173569 0.973912 
0.644338 0.591459 
0.830987 0.315389 
0.267358 0.933326 
0.18302 0.972221 
0.277994 0.92766 
0.475428 0.779689 
0.286979 0.92251 
0.483137 0.773572 
0.818765 0.336932 
