0.99999 0.102929 
0.00406878 1.05693 
0.68672 0.60961 
0.991393 0.124744 
0.817345 0.427666 
0.823925 0.412832 
0.699102 0.593364 
0.617666 0.69563 
0.117774 1.04267 
0.887458 0.310886 
0.982883 0.139351 
0.802737 0.443243 
0.603372 0.709527 
0.432366 0.878629 
0.835848 0.396421 
0.93992 0.217654 
0.676497 0.623664 
0.0593438 1.05312 
0.876557 0.326098 
0.976344 0.157677 
0.227036 1.00776 
0.959541 0.180045 
0.138886 1.03878 
0.0853661 1.04968 
0.767856 0.498556 
0.931965 0.23399 
0.896384 0.297225 
0.25455 0.994328 
0.397604 0.906843 
0.916397 0.259478 
0.44578 0.867979 
0.0234762 1.05518 
0.925549 0.245427 
0.530441 0.789649 
0.419711 0.888852 
0.24026 1.00159 
0.557222 0.759914 
0.842068 0.384505 
0.626348 0.682808 
0.595187 0.720805 
0.408374 0.895566 
0.737606 0.544834 
0.585526 0.731801 
0.90252 0.283806 
0.331251 0.95178 
0.967183 0.167365 
0.51917 0.801634 
0.665703 0.63445 
0.849551 0.369892 
0.707251 0.580511 
0.0972403 1.0475 
0.758066 0.511768 
0.345335 0.942779 
0.547384 0.770325 
0.908672 0.270231 
0.386087 0.915496 
0.744596 0.530293 
0.209404 1.01508 
0.490663 0.826158 
0.796624 0.454668 
0.568163 0.750471 
0.789558 0.467231 
0.0434972 1.05396 
0.502233 0.817214 
0.321533 0.958691 
0.714631 0.570167 
0.538438 0.779748 
0.872399 0.340826 
0.472503 0.842653 
0.576043 0.74138 
0.952611 0.195496 
0.658511 0.644724 
0.775185 0.486505 
0.649465 0.654001 
0.375453 0.923125 
0.864289 0.349853 
0.153076 1.03453 
0.949942 0.206076 
0.857227 0.360781 
0.309026 0.966334 
0.636052 0.673688 
0.481711 0.834318 
0.46335 0.852152 
0.289457 0.977809 
0.365254 0.930309 
0.780953 0.476104 
0.456302 0.86076 
0.641819 0.663718 
0.268605 0.98737 
0.509718 0.808227 
0.355479 0.937117 
0.753354 0.52257 
0.165476 1.02978 
0.17774 1.02681 
0.298917 0.971077 
0.99998 0.104847 
0.276626 0.98314 
0.723832 0.560805 
0.190206 1.02213 
0.727321 0.552814 
