0.000204252 1 
1 3.46477e-08 
0.706953 0.500218 
0.296477 0.912103 
0.023745 0.999436 
0.278702 0.922327 
0.312471 0.902364 
0.927863 0.13907 
0.91856 0.156248 
0.936395 0.123165 
0.474882 0.774487 
0.0511435 0.997384 
0.327857 0.892512 
0.910104 0.171712 
0.695622 0.51611 
0.488583 0.761287 
0.658955 0.565779 
0.670382 0.550589 
0.945112 0.106765 
0.796157 0.366135 
0.26377 0.930427 
0.718052 0.484402 
0.826418 0.317037 
0.987467 0.0249096 
0.890845 0.206395 
0.881772 0.22248 
0.75771 0.425875 
0.531012 0.718026 
0.966092 0.0666658 
0.787245 0.380247 
0.43352 0.81206 
0.748393 0.439908 
0.817952 0.330956 
0.952304 0.0931176 
0.249727 0.937637 
0.779651 0.392147 
0.650353 0.577042 
0.979495 0.0405906 
0.46329 0.785363 
0.95928 0.0797822 
0.834596 0.303451 
0.687186 0.527776 
0.54153 0.706745 
0.678778 0.53926 
0.973799 0.0517163 
0.0992807 0.990144 
0.341609 0.883304 
0.402623 0.837895 
0.392056 0.846293 
0.733002 0.462709 
0.445058 0.801924 
0.211317 0.955346 
0.38092 0.854901 
0.601204 0.638555 
0.740829 0.451173 
0.861574 0.257691 
0.184898 0.965814 
0.641294 0.588742 
0.994247 0.0114732 
0.804745 0.352386 
0.550219 0.697259 
0.625015 0.609357 
0.854923 0.269109 
0.422337 0.821631 
0.868859 0.245086 
0.633838 0.598251 
0.198561 0.960573 
0.592044 0.649483 
0.567325 0.678142 
0.116077 0.986526 
0.144422 0.979142 
0.725136 0.474179 
0.0687075 0.995279 
0.576547 0.667594 
0.225669 0.949074 
0.498527 0.751471 
0.847811 0.281217 
0.771296 0.405103 
0.170925 0.970785 
0.559298 0.687186 
0.413499 0.829019 
0.129239 0.983298 
0.0833823 0.993048 
0.609525 0.62848 
0.875064 0.234265 
0.236541 0.944048 
0.841412 0.292027 
0.90155 0.187209 
0.157816 0.975095 
0.370198 0.862954 
0.453984 0.793899 
0.810496 0.343097 
0.617265 0.618984 
0.765347 0.414245 
0.520879 0.728685 
0.584324 0.658565 
0.360927 0.869732 
0.350964 0.876824 
0.506865 0.743088 
0.89753 0.19444 
