0 1.00487 
0.999897 0.0113083 
0.0255011 1.00454 
0.0510022 1.00224 
0.13061 0.98794 
0.704782 0.511476 
0.108916 0.993828 
0.635367 0.6074 
0.820174 0.336187 
0.903322 0.195144 
0.665971 0.565997 
0.959348 0.0977772 
0.646168 0.589745 
0.880087 0.234711 
0.804503 0.367512 
0.557586 0.694729 
0.812315 0.352239 
0.69555 0.525528 
0.676434 0.550369 
0.965144 0.0789051 
0.356786 0.879776 
0.930288 0.155221 
0.793324 0.380877 
0.990576 0.0291674 
0.948632 0.111249 
0.485518 0.771695 
0.685676 0.539111 
0.0745239 1.00106 
0.748406 0.453543 
0.657386 0.580544 
0.87389 0.253263 
0.941306 0.124477 
0.829903 0.320536 
0.784727 0.393316 
0.917068 0.1688 
0.339738 0.891433 
0.933941 0.139936 
0.577679 0.675086 
0.0900124 0.99739 
0.736285 0.466682 
0.474134 0.782953 
0.973148 0.06509 
0.777056 0.407059 
0.716749 0.496736 
0.413368 0.836583 
0.547192 0.7086 
0.911613 0.178838 
0.306884 0.911584 
0.852939 0.286925 
0.754704 0.441411 
0.56896 0.683055 
0.845593 0.300403 
0.588112 0.660671 
0.320802 0.903354 
0.897097 0.213558 
0.444222 0.808876 
0.150444 0.984096 
0.424587 0.826564 
0.888766 0.219909 
0.162484 0.98054 
0.179374 0.975032 
0.434554 0.818694 
0.454788 0.79959 
0.531272 0.727662 
0.76242 0.427598 
0.513451 0.743201 
0.402688 0.845526 
0.624902 0.618034 
0.295829 0.918513 
0.463938 0.791407 
0.858334 0.273102 
0.837296 0.310799 
0.729664 0.47615 
0.863983 0.262105 
0.768528 0.418351 
0.979674 0.0521911 
0.211209 0.961917 
0.539153 0.716593 
0.503059 0.754268 
0.496484 0.761222 
0.367425 0.872777 
0.984107 0.041051 
0.604001 0.645681 
0.284625 0.925601 
0.721935 0.487781 
0.521284 0.735682 
0.611365 0.635463 
0.263664 0.936187 
0.376779 0.865447 
0.27493 0.931509 
0.224599 0.955732 
0.620026 0.628379 
0.59574 0.65372 
0.331225 0.896524 
0.393608 0.853302 
0.244199 0.946504 
0.253518 0.942491 
0.19142 0.971522 
0.20123 0.967426 
0.385808 0.85916 
