6.38928e-39 1.12489 
1 0.00233894 
4.71329e-17 1.00089 
2.99164e-17 1.12474 
0.911987 0.184527 
0.959956 0.0821399 
0.969824 0.0635777 
0.70345 0.509475 
0.838682 0.298239 
0.713203 0.495104 
0.897287 0.200809 
0.0423624 1.00039 
0.865393 0.253056 
0.856132 0.27112 
0.347396 0.881389 
0.805562 0.354139 
0.0639352 0.997064 
0.56764 0.679808 
0.950536 0.0985425 
0.758422 0.433142 
0.767022 0.416801 
0.613635 0.625594 
0.873545 0.23986 
0.539441 0.710873 
0.830596 0.318421 
0.186699 0.966576 
0.0211812 1.00049 
0.402175 0.843071 
0.882537 0.223367 
0.849981 0.286235 
0.081841 0.994903 
0.632697 0.601397 
0.332993 0.891404 
0.944839 0.114859 
0.691043 0.524348 
0.622653 0.615781 
0.724352 0.480594 
0.434539 0.812459 
0.676314 0.546551 
0.100148 0.991292 
0.747291 0.444257 
0.815044 0.340365 
0.20228 0.960609 
0.169856 0.97231 
0.510085 0.744325 
0.797618 0.371138 
0.415266 0.832481 
0.641268 0.590543 
0.739049 0.456179 
0.77469 0.402071 
0.650961 0.578031 
0.254995 0.936542 
0.579403 0.665879 
0.938166 0.130711 
0.389119 0.850161 
0.601963 0.641673 
0.520634 0.730644 
0.930887 0.142228 
0.216279 0.955051 
0.267545 0.930018 
0.115758 0.988042 
0.280439 0.923231 
0.499823 0.751726 
0.131017 0.984079 
0.48893 0.762394 
0.424493 0.823831 
0.241081 0.943517 
0.991731 0.0295284 
0.730401 0.469029 
0.529368 0.723511 
0.917456 0.160684 
0.550437 0.698694 
0.666537 0.558751 
0.823255 0.329266 
0.229225 0.948831 
0.36027 0.871567 
0.889492 0.21102 
0.480135 0.771291 
0.977414 0.0473675 
0.378466 0.859216 
0.684912 0.534336 
0.44616 0.802893 
0.321272 0.898195 
0.557239 0.690759 
0.782184 0.390137 
0.47046 0.780686 
0.310591 0.904512 
0.65931 0.567471 
0.99533 0.0124404 
0.790328 0.381442 
0.586525 0.657969 
0.145799 0.979975 
0.15612 0.976827 
0.982087 0.0385733 
0.292321 0.915964 
0.595622 0.647933 
0.921562 0.154467 
0.462161 0.788356 
0.36862 0.865891 
0.454016 0.795722 
