0.999997 0.0113791 
0 1.00569 
0.874695 0.24628 
0.809263 0.358623 
0.643325 0.595092 
0.655261 0.579523 
0.303726 0.915934 
0.547197 0.711113 
0.631562 0.610882 
0.899327 0.205202 
0.82187 0.336306 
0.425303 0.827358 
0.621283 0.62419 
0.468231 0.78991 
0.734598 0.472954 
0.172762 0.977276 
0.708088 0.508886 
0.0628324 1.00374 
0.909258 0.185772 
0.329699 0.898067 
0.558637 0.698397 
0.608825 0.637635 
0.283935 0.927356 
0.986726 0.0419559 
0.53422 0.725801 
0.865062 0.264264 
0.698122 0.521683 
0.481967 0.775573 
0.191867 0.969976 
0.884288 0.226669 
0.993363 0.0276992 
0.764304 0.427277 
0.316466 0.907214 
0.776194 0.413967 
0.222729 0.957594 
0.689693 0.535368 
0.235479 0.951976 
0.204787 0.964743 
0.0317886 1.00529 
0.977095 0.056873 
0.412591 0.838122 
0.343895 0.88838 
0.599643 0.648394 
0.251631 0.943261 
0.439596 0.815422 
0.743934 0.45727 
0.971863 0.0696847 
0.952074 0.10834 
0.590087 0.660362 
0.965088 0.0851065 
0.66661 0.565532 
0.719035 0.495254 
0.45716 0.800057 
0.680125 0.547009 
0.515225 0.742608 
0.568868 0.686669 
0.724743 0.48629 
0.93346 0.139502 
0.13408 0.988572 
0.794463 0.378797 
0.116741 0.9931 
0.890812 0.218299 
0.846371 0.294288 
0.958748 0.0965251 
0.92725 0.152901 
0.524478 0.73387 
0.383111 0.861959 
0.800945 0.370464 
0.7577 0.439288 
0.839685 0.307152 
0.0923735 0.999601 
0.786366 0.39288 
0.401746 0.845959 
0.393976 0.854295 
0.156391 0.98206 
0.490629 0.767719 
0.916348 0.175596 
0.262572 0.937802 
0.921008 0.163231 
0.0736146 1.00006 
0.354398 0.881217 
0.448181 0.809099 
0.372684 0.868793 
0.0218252 1.00563 
0.67417 0.558902 
0.859852 0.276775 
0.943727 0.121736 
0.506232 0.753816 
0.274246 0.932211 
0.750211 0.448151 
0.582564 0.67154 
0.827631 0.326445 
0.835379 0.318238 
0.782602 0.401785 
0.852349 0.283484 
0.107814 0.999245 
0.364125 0.875113 
0.499479 0.758718 
0.576674 0.67854 
0.146207 0.985372 
