0 1 
1 4.44089e-16 
0.883899 0.218722 
0.873091 0.237711 
0.461498 0.78702 
0.674651 0.544846 
0.976349 0.0467428 
0.662673 0.560865 
0.839307 0.295564 
0.935126 0.12554 
0.569948 0.67516 
0.829848 0.311353 
0.985583 0.028626 
0.856262 0.266816 
0.426407 0.818177 
0.865082 0.251633 
0.847926 0.281021 
0.475996 0.773428 
0.709397 0.496755 
0.597458 0.643044 
0.90584 0.179454 
0.609454 0.628566 
0.734479 0.46054 
0.743817 0.446736 
0.92695 0.140763 
0.968724 0.0615732 
0.30821 0.905007 
0.385302 0.851542 
0.992051 0.0158345 
0.439443 0.80689 
0.102229 0.989549 
0.55779 0.68887 
0.283343 0.919717 
0.215101 0.953731 
0.62717 0.606658 
0.37168 0.861854 
0.256879 0.934013 
0.449234 0.798189 
0.653376 0.573099 
0.683984 0.532166 
0.579777 0.663858 
0.7 0.51 
0.526627 0.722663 
0.515729 0.734023 
0.268663 0.92782 
0.919727 0.154103 
0.2 0.96 
0.240877 0.941978 
0.821751 0.324725 
0.322417 0.896047 
0.718728 0.483429 
0.617545 0.618638 
0.295678 0.912574 
0.778957 0.393225 
0.955966 0.0861294 
0.636268 0.595163 
0.912639 0.16709 
0.644516 0.5846 
0.896782 0.195781 
0.121124 0.985329 
0.725917 0.473045 
0.589173 0.652875 
0.0204562 0.999582 
0.0369731 0.998633 
0.69225 0.52079 
0.807719 0.34759 
0.396084 0.843118 
0.0860704 0.992592 
0.771336 0.40504 
0.229547 0.947308 
0.800023 0.359964 
0.96157 0.0753827 
0.943767 0.109304 
0.786762 0.381005 
0.149349 0.977695 
0.814513 0.336569 
0.414587 0.828118 
0.0559541 0.996869 
0.162331 0.973649 
0.752233 0.434145 
0.53571 0.713015 
0.133819 0.982092 
0.891864 0.204578 
0.948009 0.101279 
0.0700897 0.995087 
0.361206 0.86953 
0.793358 0.370583 
0.406361 0.834871 
0.332907 0.889173 
0.764152 0.416072 
0.1861 0.965367 
0.176635 0.9688 
0.351744 0.876276 
0.342456 0.882724 
0.506565 0.743392 
0.484882 0.764889 
0.49202 0.757916 
0.758213 0.425114 
0.543962 0.704105 
0.5 0.75 
