1 0.00159897 
4.43004e-40 1.00119 
0.0300458 1.00054 
0.953162 0.0953279 
0.283605 0.9205 
0.906325 0.182589 
0.991736 0.0212898 
0.749005 0.441499 
0.867642 0.249915 
0.936618 0.124518 
0.962192 0.0776896 
0.760994 0.423144 
0.876082 0.233961 
0.0528456 0.998956 
0.444251 0.803924 
0.944906 0.11147 
0.803816 0.360848 
0.3 0.910948 
0.689741 0.526578 
0.858819 0.264242 
0.851562 0.278745 
0.618419 0.619162 
0.976581 0.0485757 
0.915906 0.162955 
0.136165 0.98279 
0.605846 0.63451 
0.885099 0.220698 
0.827996 0.318715 
0.927528 0.141343 
0.811373 0.344002 
0.552264 0.696907 
0.968781 0.0639819 
0.120501 0.986714 
0.679262 0.539771 
0.312037 0.903681 
0.984872 0.0354372 
0.842506 0.292754 
0.101612 0.991653 
0.82071 0.333867 
0.456075 0.794067 
0.507199 0.744066 
0.563164 0.684511 
0.487305 0.764544 
0.589057 0.654263 
0.793741 0.372101 
0.390703 0.848734 
0.326783 0.894642 
0.475979 0.774384 
0.219334 0.953161 
0.835128 0.304358 
0.497569 0.754724 
0.4019 0.840513 
0.431495 0.815389 
0.268187 0.929361 
0.155163 0.977113 
0.54284 0.708039 
0.698314 0.51362 
0.466437 0.784312 
0.37847 0.858036 
0.517827 0.733641 
0.892232 0.20597 
0.635074 0.599076 
0.775023 0.401036 
0.413116 0.830774 
0.579735 0.665834 
0.244137 0.941635 
0.0718896 0.99593 
0.204847 0.960567 
0.898298 0.195159 
0.348858 0.879997 
0.727069 0.473153 
0.643333 0.588459 
0.62616 0.610024 
0.337091 0.887928 
0.598403 0.643319 
0.232135 0.947304 
0.258573 0.935684 
0.768018 0.413719 
0.706105 0.503338 
0.735955 0.46073 
0.713822 0.492998 
0.571716 0.675059 
0.179632 0.96932 
0.653161 0.5804 
0.359139 0.872715 
0.369805 0.866891 
0.0856981 0.993906 
0.192754 0.964468 
0.422791 0.822789 
0.671931 0.552148 
0.921089 0.152908 
0.721933 0.483683 
0.657953 0.568806 
0.533284 0.717534 
0.741588 0.451781 
0.166879 0.973294 
0.526328 0.724391 
1.13409e-37 1.00094 
0.664963 0.559213 
0.78632 0.384354 
