1 4.44089e-16 
0 1 
0.0714304 0.994898 
0.305669 0.906566 
0.586595 0.655906 
0.0964032 0.990706 
0.956236 0.0856119 
0.948573 0.100209 
0.939645 0.117066 
0.770911 0.405696 
0.965127 0.0685305 
0.487926 0.761929 
0.57319 0.671453 
0.323204 0.895539 
0.825174 0.319088 
0.81506 0.335676 
0.614715 0.622126 
0.873811 0.236454 
0.761056 0.420793 
0.882756 0.220742 
0.931895 0.131572 
0.290553 0.915579 
0.37293 0.860923 
0.924256 0.145752 
0.51925 0.730379 
0.348164 0.878782 
0.972543 0.0541599 
0.476489 0.772958 
0.113723 0.987067 
0.359544 0.870728 
0.916585 0.159871 
0.213719 0.954324 
0.69898 0.511426 
0.706795 0.500441 
0.131277 0.982766 
0.333963 0.888469 
0.979818 0.0399571 
0.681636 0.535372 
0.689224 0.52497 
0.986637 0.0265473 
0.0498239 0.997518 
0.417167 0.825971 
0.428899 0.816046 
0.406829 0.83449 
0.229498 0.947331 
0.603529 0.635752 
0.779874 0.391797 
0.277999 0.922716 
0.993649 0.0126611 
0.394931 0.844029 
0.859593 0.261099 
0.2 0.96 
0.716364 0.486823 
0.623688 0.611013 
0.656198 0.569404 
0.832483 0.306972 
0.384576 0.852101 
0.507299 0.742648 
0.866495 0.249187 
0.671636 0.548905 
0.5 0.75 
0.731188 0.465364 
0.146831 0.978441 
0.264878 0.92984 
0.909341 0.173099 
0.807737 0.347561 
0.738744 0.454257 
0.800501 0.359198 
0.185373 0.965637 
0.632184 0.600343 
0.851864 0.274328 
0.889889 0.208097 
0.903066 0.184471 
0.596559 0.644118 
0.896118 0.196972 
0.648181 0.579862 
0.753293 0.432549 
0.640202 0.590142 
0.447894 0.799391 
0.723049 0.4772 
0.746459 0.442799 
0.793237 0.370775 
0.665127 0.557606 
0.839806 0.294726 
0.438968 0.807307 
0.0205797 0.999576 
0.465843 0.78299 
0.25285 0.936067 
0.544461 0.703563 
0.241346 0.941752 
0.786595 0.381268 
0.458136 0.790111 
0.161143 0.974033 
0.534488 0.714323 
0.172733 0.970163 
0.845835 0.284564 
0.565004 0.68077 
0.0343582 0.99882 
0.528641 0.720538 
0.558191 0.688423 
