0.999983 0.00167851 
1.50412e-30 1.00072 
0.271369 0.927292 
0.387642 0.851924 
0.030504 1.00021 
0.216934 0.954341 
0.990082 0.0209396 
0.612264 0.62692 
0.860593 0.262125 
0.194765 0.963462 
0.59999 0.642493 
0.0715236 0.996812 
0.252241 0.937672 
0.372164 0.863266 
0.834668 0.306411 
0.869528 0.247035 
0.808949 0.347221 
0.937889 0.123681 
0.28688 0.91905 
0.050005 0.999011 
0.120313 0.986735 
0.824528 0.322023 
0.800602 0.361415 
0.902992 0.186661 
0.98306 0.0358565 
0.62415 0.61738 
0.775678 0.399537 
0.348588 0.880298 
0.139701 0.982173 
0.689696 0.526727 
0.786343 0.385872 
0.715282 0.48936 
0.572929 0.673526 
0.911581 0.171141 
0.725709 0.479598 
0.732964 0.465241 
0.335753 0.888626 
0.476683 0.7749 
0.699983 0.512123 
0.3 0.910795 
0.818047 0.333293 
0.360848 0.871213 
0.420656 0.824663 
0.631214 0.602988 
0.946921 0.10853 
0.657038 0.570242 
0.486082 0.765224 
0.16865 0.973682 
0.930289 0.137217 
0.672918 0.549162 
0.647958 0.582149 
0.976307 0.0501592 
0.851738 0.276999 
0.583106 0.661927 
0.768684 0.410919 
0.682249 0.536565 
0.895916 0.198616 
0.792729 0.374468 
0.465078 0.785373 
0.0908636 0.993542 
0.323866 0.896792 
0.401238 0.840623 
0.707036 0.502985 
0.563266 0.683958 
0.496567 0.754692 
0.312357 0.903608 
0.877788 0.233586 
0.522999 0.72793 
0.63976 0.592571 
0.153381 0.977536 
0.889589 0.212418 
0.665144 0.559216 
0.546378 0.703012 
0.957991 0.0854242 
0.183628 0.967766 
0.590855 0.651957 
0.103655 0.990496 
0.515342 0.741253 
0.556049 0.694649 
0.74781 0.44486 
0.970141 0.0624494 
0.408215 0.834386 
0.230896 0.948148 
0.74151 0.453738 
0.964019 0.073285 
0.924966 0.150537 
0.447727 0.801168 
0.760313 0.423634 
0.951496 0.0971687 
0.917858 0.159726 
0.755154 0.43166 
0.456178 0.792993 
0.883549 0.223291 
0.430564 0.816281 
0.438375 0.809676 
0.505122 0.746266 
0.24106 0.94311 
0.537428 0.712972 
0.842062 0.293677 
0.53252 0.720692 
