9.149e-36 1.00269 
1 0.00228319 
0.783215 0.392674 
0.95157 0.0990442 
0.792828 0.374923 
0.7719 0.408525 
0.940311 0.117807 
0.117111 0.988703 
0.873932 0.241197 
0.849871 0.281442 
0.0932348 0.994235 
0.338638 0.890454 
0.925968 0.145193 
0.801778 0.358987 
0.417754 0.827251 
0.917329 0.161012 
0.403181 0.839612 
0.192177 0.965816 
0.838532 0.299505 
0.225243 0.952744 
0.211077 0.959079 
0.761979 0.423025 
0.864809 0.256899 
0.578722 0.667264 
0.752933 0.435499 
0.0229731 1.00116 
0.655111 0.573595 
0.646034 0.588625 
0.323346 0.901763 
0.568692 0.679189 
0.708026 0.500779 
0.621386 0.616503 
0.933962 0.130235 
0.90962 0.175685 
0.970156 0.0623693 
0.894934 0.201288 
0.523733 0.727477 
0.478144 0.773821 
0.163617 0.975283 
0.42891 0.818356 
0.35003 0.880904 
0.145854 0.981023 
0.881632 0.225273 
0.076637 0.996163 
0.90422 0.189603 
0.823741 0.324672 
0.831993 0.309792 
0.241932 0.943749 
0.699999 0.514073 
0.856427 0.269258 
0.536068 0.716954 
0.813535 0.348639 
0.496146 0.75655 
0.392292 0.848541 
0.0571399 0.998576 
0.361224 0.872401 
0.287434 0.919181 
0.988454 0.025076 
0.50715 0.745093 
0.589385 0.654638 
0.176823 0.971156 
0.275518 0.925839 
0.982741 0.0382516 
0.730874 0.46818 
0.558811 0.689655 
0.467037 0.784989 
0.888161 0.2149 
0.264533 0.93428 
0.440515 0.809321 
0.3 0.911534 
0.744525 0.450399 
0.0423512 1.00086 
0.975785 0.0502246 
0.132995 0.985293 
0.662984 0.562296 
0.596142 0.646523 
0.448591 0.800827 
0.371961 0.863919 
0.381808 0.857228 
0.716658 0.488756 
0.487674 0.764722 
0.677183 0.543635 
0.724271 0.481473 
0.996966 0.0138676 
0.61187 0.628558 
0.458724 0.791712 
0.515852 0.738004 
0.816814 0.334761 
0.686932 0.53461 
0.606767 0.636189 
0.631645 0.606504 
0.692603 0.525184 
0.550795 0.698711 
0.31096 0.905607 
0.543076 0.707474 
0.670156 0.55263 
0.636084 0.597581 
0.251093 0.938692 
0.96315 0.0792783 
0.737784 0.457391 
