1.27066 0.037043 
0.299689 1.04885 
0.355184 0.705615 
0.969636 0.219092 
0.969636 0.219092 
1.15291 0.0375405 
1.06511 0.0375777 
1.15439 0.0375217 
1.23016 0.0371382 
0.300719 0.9186 
0.300033 0.990597 
0.303433 0.813098 
0.300677 0.976764 
0.303432 0.868151 
0.969721 0.168151 
1.0434 0.0379791 
1.25442 0.0371336 
0.969715 0.206129 
0.303261 0.869671 
0.301635 0.901704 
0.325968 0.705811 
1.23016 0.0371382 
0.304226 0.753084 
0.348094 0.705687 
1.06511 0.0375777 
0.304041 0.774423 
1.02452 0.0381396 
0.306928 0.716461 
0.303831 0.783897 
0.969976 0.153252 
0.970012 0.136584 
0.303662 0.802271 
1.00611 0.0384793 
0.310865 0.70961 
0.301533 0.916172 
1.27052 0.0370876 
0.971145 0.0708067 
0.30493 0.735698 
0.991085 0.0385858 
0.969749 0.155179 
0.301613 0.902254 
0.300641 0.986685 
0.97026 0.103438 
0.304399 0.741105 
0.305285 0.722921 
0.969715 0.206129 
0.97024 0.115936 
0.971122 0.0894069 
0.304374 0.751032 
0.971131 0.0789772 
0.300677 0.976764 
0.972916 0.0562747 
0.303948 0.783648 
0.315455 0.708052 
0.304041 0.774423 
0.97439 0.0441264 
0.981395 0.0390733 
0.97292 0.0484195 
0.97182 0.0633176 
0.971131 0.0789772 
0.305285 0.722921 
0.970842 0.0909484 
0.970193 0.126573 
0.352458 0.705664 
1.00798 0.0384132 
0.970317 0.10204 
0.987632 0.0390003 
0.970114 0.1324 
0.970195 0.120096 
1.02369 0.038198 
0.97199 0.0592364 
0.970701 0.0967646 
0.304603 0.738105 
0.970156 0.127849 
0.973042 0.0481474 
1.0185 0.0383361 
1.01299 0.0384122 
0.970701 0.0967646 
0.321148 0.70628 
0.303618 0.805642 
1.0185 0.0383361 
0.323289 0.706131 
0.30347 0.809819 
0.975408 0.0417145 
1.01299 0.0384122 
0.97649 0.0408684 
0.978524 0.0400155 
0.348094 0.705687 
0.318304 0.706577 
0.317371 0.70688 
0.303564 0.807766 
0.970044 0.134508 
0.300033 0.990597 
0.97182 0.0633176 
0.97024 0.115936 
0.970195 0.120096 
0.98799 0.0389471 
0.979997 0.0398713 
0.972424 0.0576152 
0.991085 0.0385858 
