0.131275 1.655 
1.89127 0.113765 
0.274278 1.20219 
0.20871 1.58086 
1.47446 0.116524 
1.85087 0.113967 
0.516681 1.0245 
0.562149 0.930602 
0.385986 1.14296 
0.867383 0.59379 
0.810215 0.703616 
1.26989 0.234517 
0.920191 0.544834 
0.489035 1.10776 
1.27313 0.137095 
0.182922 1.62861 
0.761959 0.722668 
1.05319 0.532626 
1.06166 0.449476 
1.06516 0.391552 
0.735124 0.778992 
1.12917 0.345989 
0.684356 0.860349 
1.21163 0.345944 
1.08527 0.346308 
0.585105 0.8765 
1.38979 0.116855 
1.26759 0.298828 
0.478851 1.1404 
1.05989 0.512725 
0.419872 1.14048 
0.732606 0.818752 
0.625797 0.875981 
0.809408 0.713597 
1.23884 0.33857 
1.32598 0.135114 
0.897237 0.553523 
0.728787 0.855749 
0.730072 0.853362 
1.25584 0.318381 
0.614892 0.876124 
1.24966 0.320089 
0.887566 0.562286 
1.37329 0.125761 
1.34869 0.126586 
1.05342 0.531712 
0.870239 0.564027 
0.868426 0.578455 
1.33076 0.128061 
1.36396 0.125777 
0.868858 0.570968 
1.32793 0.132464 
0.729316 0.855321 
0.131275 1.70928 
1.90433 0.113765 
0.25113 1.64404 
0.274278 1.2368 
1.85908 0.113967 
1.50591 0.116524 
0.763607 0.722668 
0.867383 0.593816 
0.562149 0.938922 
0.132486 1.66711 
1.08529 0.346308 
1.06503 0.449476 
1.13141 0.345989 
0.585105 0.892016 
0.955293 0.547682 
1.34761 0.20388 
1.35399 0.126586 
0.516125 1.1195 
0.519076 1.02467 
0.876659 0.564319 
1.24046 0.33857 
1.27979 0.254431 
0.654519 0.876346 
1.31254 0.232353 
1.40336 0.122512 
0.491089 1.13545 
1.01566 0.545055 
1.0592 0.532733 
0.38231 1.20923 
1.46671 0.117396 
0.516681 1.02701 
0.761959 0.771612 
0.755239 0.804735 
1.06166 0.478091 
0.732862 0.835013 
0.351832 1.225 
0.684393 0.867088 
0.727452 0.865581 
1.2732 0.312709 
0.419872 1.14279 
0.309181 1.22663 
0.385986 1.15497 
1.25219 0.33298 
0.279515 1.22917 
0.386748 1.14534 
1.26746 0.318381 
0.417609 1.14328 
