0.460837 0.819327 
1.38782 0.00568913 
1.10588 0.21516 
1.117 0.0367524 
0.826432 0.317944 
0.818809 0.47996 
0.482816 0.780517 
0.484491 0.636054 
1.14082 0.0232721 
0.979464 0.219783 
1.26921 0.0209012 
0.932012 0.258163 
1.30534 0.00577262 
0.81328 0.539471 
0.858684 0.271083 
0.963626 0.220304 
0.635454 0.539958 
0.574537 0.540499 
0.816512 0.491974 
0.722291 0.539513 
0.772641 0.539474 
0.675689 0.539558 
0.722291 0.539513 
0.932012 0.258163 
0.835508 0.287848 
0.826432 0.317944 
0.772641 0.539474 
0.839198 0.278876 
0.858684 0.271083 
0.484492 0.636035 
0.547205 0.546962 
0.485589 0.612352 
1.28104 0.0155172 
0.521123 0.547121 
1.29081 0.0120929 
1.12704 0.0360125 
0.487601 0.597187 
0.514537 0.553606 
0.818809 0.47996 
0.561652 0.540675 
0.495211 0.569457 
0.500219 0.557498 
0.486165 0.612203 
0.489744 0.594463 
0.499612 0.55792 
0.675689 0.539558 
0.657367 0.539749 
1.26921 0.0209012 
0.490037 0.58257 
0.816512 0.491974 
0.963626 0.220304 
0.979464 0.219783 
1.10588 0.21516 
1.12704 0.0360125 
0.494288 0.577481 
0.836523 0.280678 
0.574537 0.540499 
0.646204 0.539791 
0.558946 0.546636 
0.461998 0.807141 
0.518124 0.553119 
0.657367 0.539749 
0.644292 0.53988 
0.548316 0.546729 
1.117 0.0367524 
0.4943 0.570709 
0.491756 0.580881 
0.519732 0.547538 
0.560141 0.545571 
0.835508 0.287848 
0.479382 0.784136 
0.635454 0.539958 
1.28699 0.0129342 
0.467388 0.790813 
0.464376 0.796547 
0.482371 0.783689 
0.463622 0.800644 
0.47226 0.785952 
0.461231 0.815248 
0.467599 0.787258 
0.46675 0.793729 
0.461714 0.814019 
0.469328 0.786491 
0.475332 0.785414 
0.463839 0.800176 
0.460837 0.819327 
1.28699 0.0129342 
0.461858 0.810357 
0.461858 0.810357 
0.475332 0.785414 
0.465946 0.795028 
0.81328 0.539471 
0.465946 0.795028 
0.463622 0.800644 
0.521123 0.547121 
0.485589 0.612352 
0.548316 0.546729 
0.463622 0.800644 
0.461858 0.810357 
1.26921 0.0209012 
