1.5644 0.0890312 
0.274317 2.25597 
0.274646 1.54696 
0.955346 0.640467 
1.08479 0.381902 
0.729904 0.783502 
0.466542 1.03425 
1.45833 0.0993116 
0.522457 0.939574 
0.281137 1.23376 
0.620731 0.810743 
0.276135 1.4139 
0.961181 0.454204 
1.16969 0.331558 
0.886794 0.690868 
1.56018 0.0918748 
0.600304 0.886017 
1.4231 0.173868 
1.02621 0.435998 
0.527823 0.89074 
1.38016 0.237325 
0.814228 0.700742 
0.438347 1.04766 
0.27607 1.44323 
0.877406 0.700074 
0.96691 0.452033 
1.21771 0.329939 
1.24749 0.324826 
0.796034 0.705377 
0.293739 1.2044 
1.34412 0.264883 
0.404247 1.06899 
0.333473 1.17073 
0.354598 1.11371 
0.392558 1.08013 
0.617558 0.853848 
1.45193 0.139907 
0.366831 1.11142 
1.31437 0.301846 
0.749318 0.712809 
0.333503 1.16284 
1.05216 0.400897 
1.28699 0.324732 
1.37501 0.241501 
1.33946 0.294696 
1.42885 0.148168 
1.1752 0.330701 
1.2986 0.320393 
0.732489 0.740047 
1.04573 0.417787 
0.522544 0.907474 
0.286941 1.21275 
0.620468 0.81821 
0.741473 0.735671 
0.749187 0.720021 
1.0481 0.410967 
0.274317 2.48922 
1.62353 0.0890312 
0.27607 1.46812 
0.274549 2.42427 
0.88205 0.700074 
0.961181 0.486778 
1.39728 0.263742 
0.281137 1.24539 
1.3015 0.320393 
0.732489 0.809144 
1.44417 0.197423 
1.48467 0.0993116 
1.11489 0.381902 
1.18794 0.33741 
0.629178 0.811749 
0.824283 0.700742 
0.550482 0.895083 
1.57595 0.0989989 
0.774911 0.720021 
0.618583 0.863316 
1.04573 0.452322 
0.366831 1.12848 
0.968375 0.454232 
1.26482 0.330176 
0.527823 0.910071 
1.45906 0.12673 
0.732697 0.740047 
0.459907 1.06571 
0.471583 1.03436 
1.20675 0.330962 
0.411878 1.0753 
0.308429 1.2114 
0.333964 1.16896 
0.392558 1.08408 
0.527401 1.02673 
1.05566 0.418275 
0.522457 1.03192 
0.333473 1.20377 
1.08245 0.407297 
1.08479 0.382414 
1.59758 0.0975548 
0.623657 0.82839 
1.61525 0.0899341 
0.371872 1.19739 
