1.43548 0.0956764 
0.298517 1.86437 
0.300482 1.26701 
0.299174 1.78255 
1.15911 0.123473 
1.3877 0.119735 
0.79176 0.655162 
1.10221 0.127048 
1.07947 0.318786 
0.883682 0.56494 
0.362625 1.12712 
0.93473 0.537107 
0.687321 0.680561 
0.963095 0.440588 
0.60186 0.830551 
0.580929 0.840647 
0.969226 0.381164 
0.726669 0.668228 
0.676496 0.780499 
0.341046 1.20758 
0.533099 0.865856 
0.403871 1.07001 
0.340324 1.22323 
1.03723 0.375731 
0.65928 0.819826 
0.443888 0.933081 
1.43535 0.109298 
0.407927 1.04754 
0.412026 0.957168 
1.04654 0.339335 
0.913517 0.548249 
0.414552 0.940179 
0.713711 0.671418 
1.06156 0.330413 
0.471572 0.92645 
0.528818 0.890076 
0.897283 0.552509 
0.51581 0.902546 
1.03917 0.375271 
0.672538 0.790888 
0.667215 0.808465 
0.507131 0.921932 
0.884257 0.56241 
0.514633 0.919916 
0.49294 0.923766 
0.966822 0.407301 
0.963475 0.413695 
0.963324 0.437589 
0.660887 0.813518 
0.412026 0.957168 
0.480451 0.9247 
0.405772 1.06762 
0.405778 1.05688 
0.481669 0.924626 
0.407245 1.05398 
0.963625 0.407613 
0.487516 0.924337 
0.487602 0.923778 
0.407283 1.04871 
0.966191 0.407502 
1.03895 0.375596 
0.407321 1.04819 
0.298517 1.87121 
1.44072 0.0956764 
0.317676 1.66291 
1.40626 0.120969 
0.318673 1.29862 
1.16973 0.123473 
0.792888 0.655162 
0.883682 0.587741 
0.686361 0.790932 
0.362625 1.20232 
0.403871 1.07001 
0.412026 0.96233 
1.03747 0.375907 
0.624164 0.830551 
0.538593 0.86677 
0.309519 1.7917 
1.12336 0.331874 
1.07882 0.342132 
0.471572 0.95911 
0.922955 0.554862 
0.597228 0.840647 
0.730654 0.668228 
1.12471 0.232485 
0.96261 0.538468 
0.990683 0.393675 
0.340378 1.275 
1.1289 0.175192 
0.703571 0.735796 
0.5043 0.930204 
0.96328 0.461709 
0.406507 1.06119 
0.530639 0.921978 
1.15015 0.131688 
0.963475 0.413703 
0.707217 0.688712 
0.361982 1.22273 
0.303606 1.82248 
1.45226 0.109901 
