1.09179 0.0948892 
0.344352 0.777284 
0.582382 0.524151 
0.787367 0.294781 
0.894966 0.170124 
1.08695 0.10977 
0.982934 0.11096 
0.982934 0.11096 
0.803576 0.2326 
0.792689 0.285686 
0.345064 0.710494 
0.437199 0.592504 
0.48666 0.570943 
0.408641 0.609118 
0.982934 0.11096 
0.347517 0.705851 
0.382617 0.654904 
0.358284 0.669212 
0.813819 0.227791 
0.846293 0.197451 
0.813819 0.227791 
0.846293 0.197451 
0.55464 0.527298 
0.515885 0.538442 
0.382617 0.654904 
0.408641 0.609118 
0.48666 0.570943 
0.512354 0.547685 
0.512354 0.547685 
0.48666 0.570943 
0.437031 0.592504 
0.427387 0.607254 
0.535596 0.532384 
0.856064 0.187887 
0.876208 0.171535 
0.538353 0.527524 
0.42958 0.60701 
0.363838 0.660126 
0.856064 0.186607 
0.849401 0.196409 
0.550816 0.527351 
0.876208 0.171535 
0.787367 0.292486 
0.368849 0.659172 
0.382617 0.654904 
0.888382 0.170124 
0.515817 0.538788 
1.09136 0.104888 
0.512354 0.547685 
0.876208 0.171535 
0.358284 0.669212 
0.813819 0.227791 
0.358333 0.669133 
0.856064 0.187887 
0.536139 0.530959 
0.42958 0.60701 
1.08988 0.107177 
0.345216 0.710494 
0.535596 0.532384 
0.856064 0.187887 
0.888382 0.170124 
0.368849 0.659172 
0.358333 0.669212 
0.382617 0.654904 
0.366429 0.660031 
1.09069 0.106192 
0.55464 0.527298 
0.55464 0.527298 
0.367749 0.660002 
0.849204 0.197432 
0.846293 0.197451 
0.408641 0.609118 
0.876208 0.171535 
0.856064 0.187887 
0.849214 0.197287 
0.345064 0.710494 
0.846293 0.197451 
0.55464 0.527298 
0.856064 0.187887 
0.55464 0.527298 
0.382617 0.654904 
0.512354 0.547685 
0.813819 0.227791 
0.982934 0.11096 
0.408641 0.609118 
0.846293 0.197451 
0.345064 0.710494 
0.48666 0.570943 
0.358284 0.669212 
0.813819 0.227791 
0.55464 0.527298 
0.813819 0.227791 
0.408641 0.609118 
0.876208 0.171535 
0.382617 0.654904 
0.856064 0.187887 
0.813819 0.227791 
0.55464 0.527298 
0.512354 0.547685 
0.408641 0.609118 
