0.961107 0.0722602 
0.27947 0.811759 
0.96037 0.0722602 
0.27947 0.811759 
0.796367 0.274014 
0.719674 0.517323 
0.882937 0.165453 
0.402661 0.645233 
0.348978 0.726072 
0.903402 0.126014 
0.415817 0.622156 
0.798585 0.261611 
0.545667 0.565246 
0.798585 0.261611 
0.28588 0.777818 
0.492117 0.61471 
0.352645 0.72208 
0.659544 0.520596 
0.719674 0.517323 
0.494565 0.59089 
0.96037 0.0722602 
0.352645 0.72208 
0.96037 0.0722602 
0.28588 0.777818 
0.614682 0.526001 
0.591454 0.549203 
0.89234 0.130622 
0.883912 0.165192 
0.616952 0.52506 
0.656072 0.523665 
0.518934 0.566174 
0.591454 0.549203 
0.51644 0.566174 
0.51644 0.566174 
0.591454 0.549203 
0.403354 0.638738 
0.493522 0.607712 
0.403354 0.638738 
0.283694 0.794954 
0.591454 0.549203 
0.280754 0.799808 
0.798157 0.262653 
0.280481 0.811383 
0.898092 0.126014 
0.492117 0.61471 
0.402661 0.645233 
0.49351 0.609223 
0.659389 0.521779 
0.893635 0.127458 
0.352577 0.724785 
0.492117 0.61471 
0.656072 0.523665 
0.280754 0.796163 
0.616952 0.52506 
0.893438 0.129531 
0.283694 0.794954 
0.280754 0.795341 
0.35055 0.725649 
0.283694 0.794954 
0.51644 0.566174 
0.893547 0.128636 
0.35055 0.725649 
0.49351 0.609223 
0.492117 0.61471 
0.798478 0.262621 
0.656072 0.523665 
0.893635 0.127458 
0.798585 0.261611 
0.280754 0.795341 
0.280754 0.795341 
0.280754 0.795341 
0.798585 0.261611 
0.352645 0.72208 
0.352645 0.72208 
0.492117 0.61471 
0.280754 0.795341 
0.591454 0.549203 
0.798585 0.261611 
0.591454 0.549203 
0.656072 0.523665 
0.798585 0.261611 
0.798585 0.261611 
0.352645 0.72208 
0.656072 0.523665 
0.492117 0.61471 
0.591454 0.549203 
0.492117 0.61471 
0.656072 0.523665 
0.798585 0.261611 
0.280754 0.795341 
0.591454 0.549203 
0.280754 0.795341 
0.492117 0.61471 
0.656072 0.523665 
0.798585 0.261611 
0.352645 0.72208 
0.96037 0.0722602 
0.798585 0.261611 
0.591454 0.549203 
0.656072 0.523665 
