0.0283262 1.29054 
1.35992 0.0256064 
0.98908 0.352678 
0.869543 0.607271 
0.583664 0.754574 
0.438468 0.801977 
0.27677 1.06646 
1.11145 0.0686938 
0.869543 0.607271 
0.644544 0.712535 
0.74519 0.702411 
1.03036 0.26256 
0.170129 1.0719 
0.35031 1.01897 
0.104289 1.11212 
0.356668 0.94205 
1.10554 0.105884 
0.0867245 1.17767 
1.18627 0.0578018 
1.04432 0.159748 
1.03502 0.227602 
0.390345 0.881575 
1.04917 0.118909 
1.0217 0.32048 
0.044105 1.257 
0.824988 0.609185 
0.583664 0.754574 
1.23521 0.0364711 
1.28219 0.0348245 
0.372043 0.932484 
0.121399 1.09513 
0.765506 0.664219 
0.0634936 1.22517 
1.04432 0.159748 
1.34344 0.0294946 
1.06314 0.111062 
0.43175 0.814837 
0.618696 0.72688 
0.0661663 1.19238 
0.146847 1.07274 
1.03502 0.227602 
0.750383 0.673976 
0.618696 0.72688 
1.23388 0.0484864 
1.31934 0.0334098 
0.994642 0.324196 
0.300834 1.04698 
0.315581 1.03866 
0.0634936 1.22517 
0.74519 0.702411 
0.405629 0.819636 
0.636698 0.72105 
1.21374 0.0538572 
1.18627 0.0578018 
0.4061 0.816409 
0.405443 0.848742 
0.819547 0.621005 
0.329425 1.03862 
0.0360968 1.26367 
0.28444 1.05219 
0.170129 1.0719 
0.396382 0.864053 
1.29328 0.0337625 
0.805685 0.636185 
1.30841 0.0337441 
0.146847 1.07274 
0.0678719 1.18309 
0.405443 0.848742 
0.334897 1.02821 
0.390345 0.881575 
1.21374 0.0538572 
0.795902 0.640227 
0.0867245 1.17767 
1.01099 0.321718 
1.06314 0.111062 
0.787241 0.641437 
0.396382 0.864053 
0.288018 1.04893 
0.372043 0.932484 
0.0298069 1.27303 
0.438468 0.801977 
0.782329 0.652895 
0.104689 1.10386 
0.996336 0.322797 
0.366877 0.935768 
0.807584 0.62573 
0.111679 1.10097 
0.783784 0.649807 
0.810864 0.62483 
0.363192 0.941795 
0.642351 0.717099 
0.339064 1.02426 
0.0301611 1.27244 
0.11563 1.0981 
0.750383 0.673976 
0.782329 0.652895 
1.01721 0.320996 
0.066335 1.1833 
0.342603 1.01982 
0.342603 1.01982 
