0.0441251 1.56192 
1.87477 0.0707944 
1.38544 0.0712843 
1.2901 0.251178 
1.32765 0.0727809 
0.138213 1.36572 
0.173581 1.25878 
1.17553 0.367738 
0.576351 0.829359 
1.26101 0.274844 
0.434953 0.965582 
0.341747 1.18778 
0.205511 1.25476 
0.285804 1.2458 
0.317484 1.24184 
0.683455 0.826514 
0.916261 0.653621 
0.936524 0.652966 
0.0456835 1.44455 
0.874923 0.702367 
0.0449499 1.52806 
0.405024 1.02871 
0.947417 0.582307 
0.393889 1.11106 
0.568216 0.854491 
1.1911 0.292576 
0.537735 0.886891 
0.353144 1.13117 
1.19111 0.292181 
0.0558733 1.38507 
0.870635 0.711422 
0.801409 0.772377 
0.81371 0.720902 
0.804581 0.723682 
1.17288 0.413655 
0.759283 0.810025 
1.00687 0.558307 
0.784186 0.795132 
0.4807 0.948134 
1.12939 0.476753 
0.514079 0.932258 
0.531139 0.911657 
1.05448 0.548698 
1.12932 0.517093 
0.110262 1.38451 
0.403995 1.07292 
1.15909 0.46144 
1.37746 0.0727631 
1.09958 0.524358 
1.06246 0.537527 
0.394859 1.07577 
0.404425 1.03249 
0.460518 0.960451 
0.115826 1.38269 
1.13824 0.468871 
0.728742 0.810641 
0.79892 0.785206 
0.0526141 1.4076 
0.344608 1.1577 
0.0449499 1.53709 
0.515923 0.922015 
0.34332 1.15771 
0.0456835 1.43201 
0.0456835 1.41283 
1.16509 0.441016 
0.466109 0.948988 
0.952205 0.574866 
0.714888 0.8127 
0.982923 0.561857 
0.963208 0.5668 
0.998044 0.560773 
0.968151 0.562731 
1.17177 0.42579 
0.687216 0.81971 
0.700207 0.814798 
1.11675 0.519222 
0.695611 0.816425 
1.05581 0.545323 
1.06158 0.540353 
1.16569 0.437322 
1.10409 0.524201 
1.17132 0.432704 
1.11157 0.523689 
1.11405 0.522606 
1.16863 0.433087 
1.16863 0.433087 
1.93834 0.0707944 
0.0441251 3.10885 
0.0449499 1.55437 
1.59016 0.0712843 
0.584921 0.845581 
0.989354 0.619936 
1.38544 0.072026 
0.248213 1.32335 
0.400961 1.19453 
0.435997 0.968626 
1.29335 0.283512 
0.132159 1.42052 
0.832904 0.727678 
0.788836 0.81971 
