0.999424 0.0016185 
0.995778 0.00964969 
0.991502 0.0178245 
0.991502 0.0271151 
0.991502 0.0271151 
0.977106 0.0467133 
0.968727 0.0629185 
0.96651 0.0734045 
0.958011 0.0835119 
0.954996 0.0913325 
0.945593 0.107958 
0.94195 0.113701 
0.935952 0.126165 
0.935258 0.132007 
0.935258 0.132007 
0.935258 0.132007 
0.907963 0.176655 
0.905211 0.181636 
0.894887 0.200767 
0.888419 0.211628 
0.888377 0.21409 
0.888377 0.21409 
0.864447 0.253462 
0.859711 0.261706 
0.85356 0.272161 
0.852815 0.287912 
0.852815 0.287912 
0.831515 0.309889 
0.822104 0.324577 
0.814757 0.337455 
0.809183 0.352235 
0.797643 0.364816 
0.78803 0.379692 
0.780378 0.391638 
0.780366 0.392226 
0.762244 0.419493 
0.753488 0.433026 
0.751734 0.435754 
0.735336 0.460303 
0.72936 0.468642 
0.711442 0.494398 
0.708393 0.498699 
0.696097 0.516183 
0.686739 0.528831 
0.679439 0.538855 
0.667933 0.554094 
0.65993 0.564629 
0.643479 0.586068 
0.634902 0.597374 
0.621164 0.614702 
0.611826 0.626005 
0.606392 0.632423 
0.583901 0.65908 
0.577643 0.666713 
0.563157 0.682867 
0.553664 0.693731 
0.540979 0.707366 
0.523747 0.725724 
0.513545 0.736314 
0.504301 0.745934 
0.482741 0.767278 
0.476999 0.772488 
0.458337 0.790004 
0.456301 0.791799 
0.438164 0.808093 
0.422985 0.821164 
0.409022 0.832714 
0.399669 0.840294 
0.387185 0.85016 
0.365863 0.866216 
0.359051 0.871094 
0.346624 0.879867 
0.328623 0.892016 
0.315577 0.900419 
0.303644 0.907857 
0.288756 0.916622 
0.277644 0.922921 
0.264501 0.930105 
0.247134 0.938926 
0.23695 0.943911 
0.22403 0.949813 
0.209549 0.95609 
0.19291 0.962787 
0.185283 0.965672 
0.171813 0.970481 
0.157564 0.975174 
0.142132 0.9798 
0.135024 0.981769 
0.120293 0.98553 
0.109052 0.988108 
0.0974885 0.990497 
0.0855611 0.992688 
0.0712467 0.994925 
0.0637192 0.995941 
0.0513903 0.99736 
0.0360577 0.998701 
0.0304188 0.999075 
0.0200462 0.999602 
0.00981812 0.999904 
1.27894e-07 1.00024 
