0.998478 0.0042491 
0.997087 0.00703099 
0.997087 0.00743737 
0.984497 0.0321148 
0.984497 0.0321148 
0.983708 0.0506828 
0.972838 0.0587504 
0.962892 0.0736738 
0.962892 0.0736738 
0.962892 0.0736738 
0.948771 0.100748 
0.948771 0.101164 
0.932308 0.131462 
0.931423 0.135467 
0.931423 0.135467 
0.912977 0.16779 
0.911742 0.170168 
0.904594 0.182577 
0.895019 0.199248 
0.890183 0.212075 
0.881551 0.223575 
0.875204 0.234818 
0.872285 0.239888 
0.862193 0.257141 
0.853707 0.27248 
0.853707 0.272047 
0.837176 0.299833 
0.829075 0.313037 
0.82899 0.31328 
0.815587 0.336318 
0.805357 0.351899 
0.797824 0.364469 
0.790057 0.376887 
0.778446 0.394503 
0.770222 0.407053 
0.762615 0.418679 
0.750976 0.436269 
0.745491 0.444329 
0.735813 0.458793 
0.722743 0.477862 
0.717294 0.48627 
0.706291 0.501253 
0.697046 0.514386 
0.686944 0.53054 
0.674639 0.544907 
0.667131 0.555015 
0.654766 0.571322 
0.644722 0.584402 
0.632426 0.600097 
0.621485 0.613788 
0.614972 0.622047 
0.595547 0.645394 
0.589372 0.652761 
0.575946 0.668307 
0.564541 0.681473 
0.551171 0.696253 
0.536458 0.71227 
0.535652 0.715978 
0.516323 0.733585 
0.505146 0.745023 
0.494425 0.755962 
0.479257 0.770826 
0.46439 0.784411 
0.449001 0.798409 
0.440881 0.805785 
0.426349 0.818545 
0.414224 0.828427 
0.399473 0.8409 
0.385789 0.851172 
0.368082 0.864527 
0.354107 0.874655 
0.34386 0.88177 
0.331836 0.889897 
0.317539 0.899453 
0.298407 0.910962 
0.284529 0.919044 
0.277191 0.923166 
0.263954 0.930331 
0.249632 0.937685 
0.236352 0.944139 
0.224119 0.949782 
0.206155 0.957511 
0.196832 0.961258 
0.184417 0.965991 
0.172017 0.970411 
0.160097 0.974369 
0.145824 0.978736 
0.133804 0.982097 
0.122517 0.984991 
0.104957 0.988984 
0.0979722 0.990403 
0.0865773 0.992514 
0.0741234 0.994506 
0.0636449 0.995958 
0.050038 0.9975 
0.0416345 0.99827 
0.0287434 0.999174 
0.0200528 0.999598 
0.00969423 0.999907 
2.2386e-08 1.0012 
