0.996983 0.00766844 
0.993382 0.0146083 
0.991887 0.0180232 
0.983247 0.0348051 
0.977909 0.0453678 
0.974789 0.0513389 
0.967191 0.0662041 
0.9633 0.0740326 
0.955621 0.088584 
0.949973 0.0989463 
0.943937 0.110547 
0.938061 0.121883 
0.932581 0.132099 
0.925971 0.144328 
0.919706 0.155938 
0.915801 0.164128 
0.906539 0.179348 
0.900755 0.190621 
0.893529 0.202882 
0.886688 0.214725 
0.879552 0.227265 
0.873054 0.23887 
0.866173 0.251169 
0.858743 0.264534 
0.851246 0.276041 
0.843496 0.289669 
0.835887 0.302402 
0.828049 0.315186 
0.820136 0.328121 
0.812511 0.340828 
0.804513 0.354335 
0.796271 0.367147 
0.787437 0.380737 
0.778912 0.394123 
0.771481 0.406168 
0.761521 0.42112 
0.753075 0.433975 
0.743346 0.448241 
0.734419 0.461035 
0.724253 0.475608 
0.714921 0.489354 
0.705006 0.503399 
0.694986 0.517098 
0.685228 0.530826 
0.675127 0.544695 
0.664514 0.558629 
0.654365 0.57235 
0.643632 0.58607 
0.633406 0.60068 
0.621398 0.613901 
0.610638 0.627566 
0.599207 0.641057 
0.587519 0.654857 
0.575957 0.668339 
0.564292 0.681648 
0.552255 0.695029 
0.540233 0.708282 
0.527803 0.721437 
0.515608 0.734321 
0.504054 0.746413 
0.490469 0.759449 
0.477664 0.771847 
0.465034 0.783757 
0.451915 0.795813 
0.438761 0.807492 
0.4257 0.818781 
0.412141 0.830141 
0.398939 0.840862 
0.385744 0.851206 
0.372207 0.861465 
0.358564 0.871434 
0.345328 0.88075 
0.331939 0.889828 
0.318168 0.898771 
0.304142 0.9075 
0.291278 0.91516 
0.277551 0.922967 
0.26437 0.93011 
0.250728 0.937137 
0.237576 0.94356 
0.223831 0.949901 
0.211057 0.955457 
0.198066 0.960771 
0.185193 0.965705 
0.172292 0.970318 
0.15972 0.974491 
0.146955 0.978405 
0.134497 0.981911 
0.121746 0.985179 
0.110139 0.98787 
0.0979004 0.990417 
0.0866679 0.992489 
0.0752225 0.994342 
0.0636053 0.995955 
0.0526532 0.997229 
0.0410187 0.998318 
0.0301504 0.999092 
0.0202607 0.999592 
0.0100256 0.999901 
2.13995e-08 1.22103 
