0.999582 0.00154071 
0.995477 0.0104439 
0.990754 0.0197479 
0.990754 0.0197371 
0.979285 0.0421947 
0.974888 0.0510341 
0.972944 0.055645 
0.962786 0.0741693 
0.958432 0.0825596 
0.956109 0.0888662 
0.945595 0.107126 
0.939713 0.118208 
0.933601 0.12942 
0.927742 0.140929 
0.923346 0.149292 
0.914518 0.164987 
0.908362 0.17592 
0.901468 0.188458 
0.894965 0.200532 
0.888689 0.211111 
0.882701 0.222339 
0.875845 0.23426 
0.867101 0.249139 
0.860003 0.261729 
0.852425 0.274199 
0.847444 0.282665 
0.837521 0.299361 
0.829551 0.312643 
0.823632 0.322833 
0.813688 0.338495 
0.805658 0.351774 
0.797067 0.364832 
0.788669 0.378213 
0.781625 0.389312 
0.77184 0.404786 
0.763062 0.418067 
0.757421 0.426517 
0.744819 0.445388 
0.741046 0.455039 
0.725869 0.473366 
0.716509 0.486795 
0.70594 0.501756 
0.696492 0.515196 
0.686894 0.529103 
0.675441 0.543998 
0.665383 0.557406 
0.655002 0.571084 
0.644848 0.584458 
0.6336 0.598702 
0.62298 0.612282 
0.609811 0.628233 
0.600531 0.639542 
0.59215 0.651639 
0.576604 0.667591 
0.565363 0.6804 
0.55315 0.694046 
0.541332 0.707036 
0.52907 0.720088 
0.51658 0.73315 
0.504416 0.745598 
0.491709 0.758224 
0.479084 0.770723 
0.466244 0.782627 
0.453123 0.794704 
0.439762 0.806618 
0.42668 0.81797 
0.413337 0.829155 
0.397493 0.842011 
0.385996 0.851011 
0.372747 0.861067 
0.354395 0.874408 
0.344096 0.881605 
0.332279 0.889592 
0.319244 0.898086 
0.305761 0.906513 
0.292204 0.914618 
0.277827 0.922813 
0.265153 0.929697 
0.25128 0.936859 
0.238538 0.943106 
0.224784 0.949473 
0.211663 0.955199 
0.198348 0.960658 
0.185226 0.965692 
0.172018 0.970411 
0.159892 0.974437 
0.147058 0.978374 
0.13463 0.981875 
0.122006 0.985117 
0.110127 0.987872 
0.0980793 0.990381 
0.0855959 0.992674 
0.074482 0.994453 
0.063856 0.995923 
0.0526539 0.997228 
0.0417923 0.998255 
0.0311243 0.999032 
0.0200316 0.999599 
0.0101297 0.9999 
3.40276e-07 1.00036 
