0.991024 0.0199439 
0.991024 0.0199439 
0.986037 0.0389751 
0.986037 0.0392529 
0.971954 0.0596485 
0.96788 0.070012 
0.961891 0.079451 
0.953816 0.0928964 
0.947809 0.103316 
0.944182 0.109688 
0.936563 0.125014 
0.931235 0.134671 
0.926944 0.146315 
0.91786 0.158619 
0.912957 0.16845 
0.908606 0.176062 
0.898394 0.194094 
0.895628 0.199056 
0.887204 0.216607 
0.879025 0.228716 
0.871838 0.240995 
0.864287 0.254466 
0.859684 0.262945 
0.851334 0.276767 
0.846704 0.284886 
0.835975 0.303004 
0.829567 0.315952 
0.819949 0.328665 
0.81285 0.340446 
0.80455 0.353379 
0.796249 0.367298 
0.787311 0.381122 
0.780558 0.392026 
0.772655 0.404882 
0.761859 0.420213 
0.752983 0.43417 
0.744696 0.446192 
0.734558 0.461496 
0.733275 0.463642 
0.713656 0.491306 
0.706969 0.501076 
0.697728 0.51451 
0.688153 0.527433 
0.678173 0.54054 
0.667111 0.555531 
0.656569 0.56933 
0.645906 0.583258 
0.636772 0.595192 
0.624703 0.610224 
0.613786 0.623938 
0.602843 0.636758 
0.592294 0.65005 
0.580456 0.663902 
0.568205 0.677372 
0.557025 0.68992 
0.544431 0.703646 
0.532514 0.716473 
0.520564 0.729051 
0.50924 0.741256 
0.497786 0.752774 
0.483511 0.766287 
0.470746 0.778478 
0.457674 0.790572 
0.445164 0.801845 
0.432331 0.813109 
0.419554 0.824038 
0.405627 0.835483 
0.39297 0.845613 
0.379962 0.85574 
0.366497 0.865692 
0.353558 0.875068 
0.339767 0.884566 
0.326628 0.893393 
0.312517 0.902346 
0.29982 0.910116 
0.28647 0.917938 
0.273669 0.925218 
0.253081 0.935956 
0.246937 0.939027 
0.233386 0.945537 
0.220323 0.95146 
0.207614 0.9569 
0.194629 0.962124 
0.181908 0.966912 
0.16937 0.971318 
0.156383 0.975548 
0.144332 0.979172 
0.132144 0.982541 
0.120313 0.985528 
0.103963 0.989196 
0.0962928 0.990732 
0.0852507 0.992735 
0.0729415 0.994683 
0.0607014 0.996319 
0.0518761 0.997312 
0.0410542 0.998319 
0.0294065 0.999139 
0.0192844 0.999632 
0.00865259 0.99993 
2.46863e-09 1.31712 
