0.999874 0.00180263 
0.995411 0.0101539 
0.99386 0.0134499 
0.99386 0.0134499 
0.980611 0.0398889 
0.979779 0.0415873 
0.979779 0.0415873 
0.962477 0.0752709 
0.956915 0.0856751 
0.956248 0.0870027 
0.946004 0.106364 
0.946004 0.106364 
0.933995 0.128973 
0.92712 0.141685 
0.92108 0.152828 
0.918558 0.157512 
0.912974 0.167755 
0.912849 0.181841 
0.894127 0.20131 
0.892399 0.212978 
0.881752 0.223563 
0.87455 0.236783 
0.871947 0.240457 
0.859681 0.261762 
0.854759 0.27023 
0.844491 0.287667 
0.836695 0.301068 
0.829179 0.31318 
0.820761 0.326949 
0.81529 0.336034 
0.806337 0.351605 
0.797477 0.365341 
0.788559 0.378953 
0.77931 0.39341 
0.770644 0.406782 
0.763409 0.419561 
0.754936 0.430899 
0.744581 0.445911 
0.735304 0.460032 
0.726227 0.473204 
0.714979 0.489344 
0.705636 0.502698 
0.696205 0.515522 
0.685882 0.529996 
0.676084 0.543144 
0.664507 0.558898 
0.653771 0.572701 
0.644631 0.584992 
0.632487 0.599997 
0.621968 0.613323 
0.611234 0.626602 
0.599392 0.640898 
0.587674 0.654672 
0.578216 0.665776 
0.564085 0.681929 
0.553124 0.694094 
0.540268 0.708294 
0.527561 0.721685 
0.516476 0.733306 
0.504248 0.745739 
0.49111 0.758832 
0.477771 0.771772 
0.465607 0.783215 
0.451629 0.796049 
0.440083 0.806329 
0.42645 0.818144 
0.411866 0.830368 
0.399077 0.84074 
0.38672 0.850466 
0.372135 0.861516 
0.359751 0.87058 
0.34546 0.880658 
0.330607 0.8907 
0.318917 0.898293 
0.304982 0.906987 
0.292207 0.914615 
0.277499 0.922995 
0.264916 0.92982 
0.250346 0.937327 
0.23725 0.943713 
0.224457 0.949619 
0.21161 0.955222 
0.194554 0.962149 
0.184469 0.965972 
0.172617 0.970204 
0.159294 0.974626 
0.146909 0.978418 
0.134496 0.981911 
0.122463 0.985003 
0.110303 0.987834 
0.0986665 0.990265 
0.0852454 0.992734 
0.0750706 0.994365 
0.0637997 0.99593 
0.0523081 0.997264 
0.0412527 0.998299 
0.0282252 0.999204 
0.0197945 0.999608 
0.010006 0.9999 
2.43916e-06 1.03021 
