0.999723 0.0017096 
0.994965 0.011736 
0.990197 0.0207916 
0.988611 0.0241115 
0.980973 0.0395618 
0.97421 0.0525919 
0.970486 0.0597386 
0.962741 0.0743198 
0.957293 0.0851207 
0.950991 0.0968037 
0.945321 0.107871 
0.939854 0.11782 
0.93291 0.130239 
0.926913 0.141617 
0.920967 0.153072 
0.914237 0.164763 
0.90775 0.176733 
0.901191 0.188304 
0.900184 0.196018 
0.887818 0.212578 
0.881544 0.224 
0.874316 0.236421 
0.866754 0.249417 
0.860801 0.259913 
0.850793 0.27682 
0.844829 0.287031 
0.83735 0.299265 
0.829148 0.312809 
0.821606 0.32542 
0.813686 0.33873 
0.805487 0.351493 
0.797324 0.364602 
0.789352 0.378238 
0.780002 0.391826 
0.771629 0.405333 
0.761537 0.420352 
0.753432 0.432651 
0.74425 0.446435 
0.735655 0.459491 
0.725754 0.473534 
0.716609 0.486744 
0.706559 0.501164 
0.696587 0.514967 
0.686542 0.529274 
0.676325 0.542647 
0.666447 0.555952 
0.655336 0.57062 
0.644836 0.584534 
0.634172 0.597929 
0.623247 0.611635 
0.611496 0.626149 
0.599969 0.640211 
0.588878 0.653363 
0.5772 0.667044 
0.56508 0.680931 
0.553238 0.694075 
0.541306 0.707009 
0.52969 0.719559 
0.516656 0.73308 
0.504387 0.745615 
0.490941 0.758994 
0.479111 0.770484 
0.466772 0.782129 
0.453118 0.794852 
0.440051 0.80637 
0.426334 0.818245 
0.412959 0.829467 
0.400309 0.839758 
0.38659 0.85055 
0.373458 0.86053 
0.358435 0.871525 
0.345307 0.880764 
0.332621 0.889364 
0.318796 0.898369 
0.305674 0.906564 
0.292032 0.914719 
0.278508 0.922434 
0.26466 0.929956 
0.251554 0.936721 
0.237667 0.943515 
0.225 0.949375 
0.211767 0.955155 
0.198304 0.960676 
0.18576 0.965493 
0.172647 0.970193 
0.159825 0.974456 
0.147454 0.978258 
0.134905 0.981801 
0.122709 0.984943 
0.110374 0.987818 
0.0986416 0.99027 
0.0868408 0.992459 
0.0727489 0.994708 
0.0639915 0.995905 
0.0518813 0.997309 
0.0416497 0.998266 
0.0309538 0.999042 
0.0199087 0.999604 
0.00963271 0.999908 
4.40778e-07 1.00019 
