0.867829 0.247702 
0.865455 0.252663 
0.863484 0.25704 
0.863484 0.25704 
0.852296 0.276371 
0.852296 0.276371 
0.852296 0.276371 
0.852296 0.276371 
0.852296 0.276371 
0.852296 0.276371 
0.811658 0.342808 
0.810103 0.34771 
0.810103 0.34771 
0.810103 0.34771 
0.790084 0.377151 
0.789086 0.37873 
0.789955 0.390489 
0.771276 0.407311 
0.771276 0.407311 
0.771137 0.423945 
0.771137 0.423945 
0.771137 0.423945 
0.742901 0.458908 
0.742029 0.463225 
0.740405 0.476321 
0.740405 0.487914 
0.740405 0.487914 
0.714846 0.520412 
0.715112 0.52958 
0.680258 0.541714 
0.680258 0.542013 
0.672056 0.552718 
0.668198 0.55827 
0.651436 0.578392 
0.650817 0.579239 
0.633661 0.599435 
0.632998 0.600451 
0.616641 0.621798 
0.614236 0.624051 
0.614236 0.624051 
0.614236 0.624051 
0.574783 0.670945 
0.574783 0.670945 
0.567936 0.683809 
0.562428 0.693479 
0.537264 0.712587 
0.536961 0.712921 
0.526368 0.723822 
0.521723 0.730334 
0.497994 0.752692 
0.497994 0.752692 
0.48754 0.764435 
0.474125 0.777562 
0.474125 0.779945 
0.442149 0.804624 
0.442149 0.804624 
0.438304 0.808148 
0.411866 0.830423 
0.405209 0.836143 
0.405209 0.836143 
0.382497 0.853769 
0.382497 0.853793 
0.364477 0.867196 
0.359697 0.874434 
0.345011 0.881103 
0.33562 0.88737 
0.321439 0.896796 
0.3089 0.90489 
0.304017 0.907636 
0.288201 0.916941 
0.27227 0.925872 
0.267014 0.928951 
0.249666 0.937667 
0.239779 0.94272 
0.211941 0.955085 
0.211941 0.955085 
0.211941 0.955085 
0.198189 0.960723 
0.175086 0.969346 
0.175086 0.969346 
0.150258 0.977423 
0.150258 0.977423 
0.150258 0.977423 
0.122919 0.984892 
0.122919 0.984892 
0.112165 0.987419 
0.110537 0.987782 
0.0990613 0.990187 
0.0903842 0.991831 
0.0753083 0.994329 
0.0719353 0.994826 
0.0577498 0.996666 
0.0518814 0.997309 
0.0377525 0.998575 
0.0377525 0.998575 
0.024355 0.999407 
0.0187757 0.999648 
0.0131563 0.999828 
0.00662636 0.999957 
1.1782e-09 1.20798 
