0.849885 0.284814 
0.847789 0.292962 
0.847789 0.292962 
0.847789 0.292962 
0.847789 0.292962 
0.826632 0.323939 
0.825839 0.329513 
0.825114 0.33078 
0.825114 0.33078 
0.800028 0.365704 
0.800028 0.365704 
0.800028 0.365704 
0.78168 0.395917 
0.78168 0.395917 
0.78168 0.395917 
0.78168 0.395917 
0.78168 0.395917 
0.78168 0.395917 
0.738427 0.455752 
0.73495 0.461138 
0.731498 0.465974 
0.721912 0.479614 
0.718822 0.484196 
0.718045 0.486113 
0.718045 0.486113 
0.718045 0.486113 
0.690715 0.530601 
0.690045 0.542017 
0.66963 0.552225 
0.662008 0.562338 
0.661256 0.567669 
0.657597 0.577133 
0.657597 0.577133 
0.626263 0.607997 
0.625794 0.611271 
0.613992 0.624772 
0.610732 0.628661 
0.610732 0.628661 
0.610732 0.628661 
0.574726 0.669924 
0.574726 0.669924 
0.564288 0.681928 
0.549574 0.698189 
0.549484 0.698481 
0.527953 0.721419 
0.526531 0.722788 
0.52229 0.729654 
0.5043 0.7458 
0.495401 0.754734 
0.493235 0.756925 
0.493235 0.756925 
0.437967 0.808299 
0.437967 0.808299 
0.437967 0.808299 
0.43568 0.81022 
0.424191 0.820182 
0.407641 0.833886 
0.405217 0.84065 
0.390815 0.84737 
0.390815 0.847526 
0.388858 0.849822 
0.322419 0.896056 
0.322419 0.896056 
0.322419 0.896056 
0.322419 0.896056 
0.314434 0.90114 
0.307588 0.905401 
0.286456 0.918239 
0.286456 0.918239 
0.274505 0.924861 
0.237272 0.943709 
0.237272 0.943709 
0.237272 0.943709 
0.232485 0.945951 
0.216986 0.952919 
0.216243 0.95324 
0.177041 0.968661 
0.177041 0.968661 
0.17705 0.968658 
0.169901 0.97114 
0.16052 0.9743 
0.14592 0.978709 
0.141924 0.979858 
0.118463 0.986033 
0.118463 0.986033 
0.108253 0.988282 
0.0917932 0.991575 
0.0917932 0.991575 
0.0800325 0.9936 
0.0782928 0.993871 
0.0688098 0.995266 
0.0589845 0.996522 
0.0531947 0.997171 
0.0448732 0.997987 
0.0307948 0.99906 
0.0248257 0.999389 
0.0190734 0.999642 
0.0112719 0.999874 
0.00428597 0.999982 
1.36542e-07 1.01158 
