0.997527 0.00595883 
0.996996 0.0126432 
0.989335 0.0228731 
0.983207 0.0363108 
0.978912 0.043315 
0.971953 0.0567102 
0.966087 0.0680152 
0.961889 0.0786308 
0.956739 0.0876279 
0.949359 0.100701 
0.943606 0.11188 
0.938843 0.120335 
0.938843 0.120335 
0.925586 0.144895 
0.922486 0.149961 
0.912488 0.168647 
0.905936 0.180041 
0.89937 0.192422 
0.89238 0.204366 
0.885836 0.216177 
0.879899 0.22635 
0.871701 0.240501 
0.867285 0.252408 
0.858283 0.264916 
0.851014 0.277294 
0.842947 0.290616 
0.83862 0.297309 
0.827389 0.315978 
0.819766 0.328575 
0.811763 0.34187 
0.803809 0.354174 
0.795005 0.368285 
0.786639 0.381688 
0.777653 0.395712 
0.769339 0.408452 
0.762836 0.418991 
0.752016 0.434741 
0.742457 0.449208 
0.733734 0.462171 
0.724058 0.477022 
0.714558 0.490485 
0.705302 0.502704 
0.694906 0.517446 
0.684339 0.531941 
0.674286 0.545451 
0.666465 0.561016 
0.653741 0.572934 
0.642711 0.587131 
0.631639 0.60106 
0.62088 0.61463 
0.610256 0.627788 
0.598421 0.641949 
0.58684 0.655659 
0.574181 0.670326 
0.563646 0.682339 
0.55139 0.69598 
0.539437 0.709052 
0.529174 0.722646 
0.507135 0.742886 
0.502328 0.747737 
0.490032 0.759877 
0.477375 0.772178 
0.459171 0.789187 
0.451388 0.796256 
0.438416 0.8078 
0.424717 0.819637 
0.412046 0.830287 
0.398654 0.841083 
0.38552 0.851378 
0.372038 0.86162 
0.352949 0.87543 
0.344702 0.881185 
0.327217 0.892934 
0.317957 0.898962 
0.303306 0.908007 
0.290723 0.915488 
0.277467 0.923013 
0.264085 0.93026 
0.250164 0.93742 
0.232706 0.945848 
0.223422 0.950083 
0.208595 0.956488 
0.196912 0.961227 
0.184977 0.965784 
0.171714 0.970515 
0.156319 0.975565 
0.14681 0.978447 
0.134554 0.981895 
0.12208 0.985097 
0.110272 0.987841 
0.0982506 0.990347 
0.0863305 0.992547 
0.0748588 0.994396 
0.0635822 0.995959 
0.0510492 0.997394 
0.0417364 0.998258 
0.0292751 0.999143 
0.0204511 0.999582 
0.00717238 0.999949 
2.0226e-08 1.08229 
