0.999021 0.00288639 
0.996986 0.0107933 
0.989108 0.0227427 
0.984059 0.0329163 
0.984059 0.032966 
0.974083 0.0546305 
0.967369 0.0652958 
0.962802 0.0742841 
0.956162 0.0866524 
0.950244 0.0974743 
0.947827 0.102153 
0.939789 0.117478 
0.932552 0.131538 
0.930088 0.136013 
0.930088 0.136013 
0.914138 0.165406 
0.907302 0.178023 
0.901415 0.188892 
0.896294 0.197336 
0.887542 0.212743 
0.880426 0.225904 
0.874326 0.236253 
0.86603 0.250386 
0.860883 0.259624 
0.852093 0.274443 
0.846636 0.283937 
0.83655 0.300751 
0.832489 0.31069 
0.821982 0.325101 
0.813272 0.339049 
0.804485 0.353395 
0.796227 0.36637 
0.787724 0.37997 
0.778826 0.394168 
0.770953 0.406435 
0.761273 0.421183 
0.753341 0.433095 
0.744066 0.446884 
0.734822 0.460604 
0.724605 0.475536 
0.714943 0.489487 
0.706147 0.502244 
0.69597 0.515987 
0.686015 0.529835 
0.679506 0.539281 
0.666837 0.555817 
0.654972 0.571341 
0.643024 0.586763 
0.633523 0.599067 
0.621638 0.61369 
0.611453 0.626767 
0.598914 0.641341 
0.588224 0.654143 
0.575562 0.668771 
0.564898 0.681077 
0.55313 0.694276 
0.540647 0.707739 
0.527354 0.721962 
0.516036 0.733802 
0.503413 0.746611 
0.490489 0.75943 
0.478421 0.77113 
0.46427 0.784472 
0.45109 0.796522 
0.438621 0.807618 
0.426333 0.818255 
0.412304 0.830013 
0.399303 0.840561 
0.386227 0.850874 
0.372313 0.861387 
0.359611 0.870701 
0.345265 0.880798 
0.332422 0.889552 
0.318122 0.898802 
0.3052 0.906855 
0.291838 0.914835 
0.278273 0.922611 
0.264736 0.929935 
0.251439 0.936783 
0.237721 0.943491 
0.224434 0.949632 
0.211279 0.955363 
0.198045 0.960782 
0.185239 0.965688 
0.172437 0.970267 
0.159515 0.974557 
0.147148 0.978349 
0.133987 0.982049 
0.12249 0.984998 
0.105781 0.988812 
0.0978349 0.99043 
0.0869604 0.99244 
0.074658 0.994428 
0.0627693 0.996062 
0.0523007 0.997266 
0.0417964 0.998254 
0.0309779 0.999042 
0.0196347 0.999617 
0.009714 0.999907 
2.16855e-08 1.18859 
