0 -6.17882
1 -6.34988
2 -6.44591
3 -6.56633
4 -6.66478
5 -6.707
6 -6.98737
7 -7.06
8 -7.12287
9 -7.12287
10 -7.16608
11 -7.25924
12 -7.30108
13 -7.30557
14 -7.41649
15 -7.49217
16 -7.49217
17 -7.49255
18 -7.53352
19 -7.59011
20 -7.63613
21 -7.68242
22 -7.68242
23 -7.91213
24 -7.91213
25 -8.00048
26 -8.00973
27 -8.00973
28 -8.04663
29 -8.06332
30 -8.11963
31 -8.12279
32 -8.18664
33 -8.19443
34 -8.21718
35 -8.22919
36 -8.25164
37 -8.34673
38 -8.36236
39 -8.41545
40 -8.41788
41 -8.43202
42 -8.455
43 -8.46248
44 -8.53264
45 -8.53264
46 -8.54784
47 -8.58273
48 -8.59869
49 -8.59869
50 -8.722
51 -8.74126
52 -8.77224
53 -8.78361
54 -8.80387
55 -8.81898
56 -8.88812
57 -8.91624
58 -8.93973
59 -8.96222
60 -9.05322
61 -9.08972
62 -9.12619
63 -9.15986
64 -9.1659
65 -9.24764
66 -9.26021
67 -9.30284
68 -9.31388
69 -9.33691
70 -9.35905
71 -9.45248
72 -9.48303
73 -9.52067
74 -9.56507
75 -9.57394
76 -9.59175
77 -9.68369
78 -9.69388
79 -9.70381
80 -9.72767
81 -9.78697
82 -9.82229
83 -9.82254
84 -9.83612
85 -9.83846
86 -9.89346
87 -9.91402
88 -9.91421
89 -9.91422
90 -10.0031
91 -10.0444
92 -10.085
93 -10.1127
94 -10.1152
95 -10.1198
96 -10.1351
97 -10.1609
98 -10.1693
99 -10.1857
100 -10.2124
101 -10.2321
102 -10.3216
103 -10.3406
104 -10.4483
105 -10.4753
106 -10.477
107 -10.4979
108 -10.531
109 -10.5779
110 -10.5837
111 -10.5939
112 -10.628
113 -10.6954
114 -10.7423
115 -10.7576
116 -10.8725
117 -10.9008
118 -10.9093
119 -10.9653
120 -11.0156
121 -11.0175
122 -11.0259
123 -11.0259
124 -11.1003
125 -11.1363
126 -11.1416
127 -11.1546
128 -11.1627
129 -11.1737
130 -11.258
131 -11.277
132 -11.2947
133 -11.3009
134 -11.3077
135 -11.3113
136 -11.3464
137 -11.35
138 -11.3965
139 -11.4608
140 -11.4765
141 -11.5027
142 -11.504
143 -11.5041
144 -11.5467
145 -11.5732
146 -11.6269
147 -11.6481
148 -11.6483
149 -11.6532
150 -11.6779
151 -11.678
152 -11.6932
153 -11.7095
154 -11.741
155 -11.7435
156 -11.7631
157 -11.8288
158 -11.8442
159 -11.8774
160 -11.8898
161 -11.897
162 -11.8988
163 -11.9182
164 -11.9322
165 -11.9464
166 -11.985
167 -12.0382
168 -12.0463
169 -12.0524
170 -12.0918
171 -12.0983
172 -12.1387
173 -12.1508
174 -12.1833
175 -12.2114
176 -12.2424
177 -12.2732
178 -12.2965
179 -12.2994
180 -12.3352
181 -12.3501
182 -12.3767
183 -12.3917
184 -12.4596
185 -12.4786
186 -12.5182
187 -12.5296
188 -12.5466
189 -12.5569
190 -12.6017
191 -12.6059
192 -12.6405
193 -12.6495
194 -12.6547
195 -12.6809
196 -12.7088
197 -12.7115
198 -12.7447
199 -12.7744
200 -12.7873
201 -12.8314
202 -12.8395
203 -12.8709
204 -12.8939
205 -12.9329
206 -12.9495
207 -12.9701
208 -12.9929
209 -13.0157
210 -13.0259
211 -13.0434
212 -13.0629
213 -13.0684
214 -13.0817
215 -13.1077
216 -13.1109
217 -13.1157
218 -13.1351
219 -13.1491
220 -13.156
221 -13.174
222 -13.2137
223 -13.2317
224 -13.2535
225 -13.3091
226 -13.3308
227 -13.4228
228 -13.4462
229 -13.4812
230 -13.5039
231 -13.5066
232 -13.5072
233 -13.5151
234 -13.5166
235 -13.5181
236 -13.5329
237 -13.5417
238 -13.5548
239 -13.5592
240 -13.5617
241 -13.5963
242 -13.6141
243 -13.6204
244 -13.6209
245 -13.659
246 -13.6662
247 -13.7574
248 -13.7835
249 -13.8112
250 -13.8559
251 -13.872
252 -13.9079
253 -13.9148
254 -13.9221
255 -13.9429
256 -14.0037
257 -14.0333
258 -14.0587
259 -14.069
260 -14.074
261 -14.082
262 -14.0927
263 -14.1128
264 -14.1258
265 -14.165
266 -14.1712
267 -14.1874
268 -14.201
269 -14.2223
270 -14.2381
271 -14.29
272 -14.3001
273 -14.3053
274 -14.3125
275 -14.3379
276 -14.3406
277 -14.3533
278 -14.3923
279 -14.3967
280 -14.4137
281 -14.4276
282 -14.4289
283 -14.4408
284 -14.4836
285 -14.4869
286 -14.5047
287 -14.5062
288 -14.5438
289 -14.5628
290 -14.5876
291 -14.6066
292 -14.6305
293 -14.6376
294 -14.6443
295 -14.659
296 -14.6839
297 -14.6892
298 -14.7378
299 -14.7477
300 -14.7498
301 -14.7731
302 -14.7877
303 -14.8019
304 -14.8103
305 -14.8174
306 -14.8626
307 -14.868
308 -14.8939
309 -14.9122
310 -14.9259
311 -14.9824
312 -14.9919
313 -15.0026
314 -15.0284
315 -15.0375
316 -15.0692
317 -15.1036
318 -15.1126
319 -15.1184
320 -15.1316
321 -15.141
322 -15.1469
323 -15.1539
324 -15.1634
325 -15.1702
326 -15.1864
327 -15.2106
328 -15.2251
329 -15.2321
330 -15.2564
331 -15.2587
332 -15.2701
333 -15.2833
334 -15.2874
335 -15.3207
336 -15.3447
337 -15.3508
338 -15.3526
339 -15.362
340 -15.3669
341 -15.3843
342 -15.389
343 -15.4104
344 -15.4183
345 -15.4465
346 -15.4651
347 -15.4763
348 -15.4808
349 -15.4891
350 -15.4942
351 -15.4998
352 -15.5361
353 -15.5602
354 -15.5693
355 -15.5757
356 -15.5856
357 -15.5858
358 -15.5957
359 -15.6115
360 -15.6289
361 -15.6334
362 -15.6473
363 -15.6721
364 -15.7166
365 -15.7386
366 -15.7453
367 -15.7546
368 -15.7792
369 -15.7941
370 -15.7986
371 -15.8045
372 -15.8264
373 -15.8814
374 -15.8967
375 -15.9094
376 -15.9134
377 -15.9157
378 -15.9197
379 -15.924
380 -15.9296
381 -15.9409
382 -15.9581
383 -15.9734
384 -15.9786
385 -15.9865
386 -15.9922
387 -16.011
388 -16.0231
389 -16.0237
390 -16.0322
391 -16.0479
392 -16.0506
393 -16.055
394 -16.0569
395 -16.0751
396 -16.0927
397 -16.0948
398 -16.1036
399 -16.1217
400 -16.133
401 -16.1343
402 -16.1395
403 -16.1495
404 -16.1608
405 -16.1627
406 -16.1735
407 -16.1824
408 -16.2038
409 -16.2092
410 -16.2131
411 -16.2292
412 -16.2416
413 -16.2566
414 -16.2699
415 -16.2708
416 -16.2742
417 -16.2794
418 -16.2798
419 -16.2869
420 -16.2965
421 -16.3002
422 -16.31
423 -16.3132
424 -16.3175
425 -16.3215
426 -16.3267
427 -16.3373
428 -16.3395
429 -16.3461
430 -16.3478
431 -16.377
432 -16.3823
433 -16.3831
434 -16.386
435 -16.3907
436 -16.3917
437 -16.394
438 -16.3987
439 -16.4071
440 -16.4401
441 -16.4471
442 -16.4495
443 -16.4504
444 -16.4542
445 -16.4648
446 -16.4686
447 -16.4743
448 -16.4824
449 -16.49
450 -16.4945
451 -16.4974
452 -16.5006
453 -16.5025
454 -16.5056
455 -16.5168
456 -16.5301
457 -16.5315
458 -16.5382
459 -16.5444
460 -16.546
461 -16.5791
462 -16.5799
463 -16.6182
464 -16.6378
465 -16.6413
466 -16.6611
467 -16.6689
468 -16.6856
469 -16.6993
470 -16.7038
471 -16.7175
472 -16.7307
473 -16.7318
474 -16.7397
475 -16.7429
476 -16.7455
477 -16.7546
478 -16.758
479 -16.7587
480 -16.7611
481 -16.7653
482 -16.7717
483 -16.7754
484 -16.7817
485 -16.8022
486 -16.8133
487 -16.8242
488 -16.841
489 -16.8447
490 -16.8459
491 -16.8522
492 -16.8604
493 -16.8626
494 -16.8643
495 -16.8715
496 -16.873
497 -16.8753
498 -16.8764
499 -16.8774
500 -16.8785
501 -16.8795
502 -16.8832
503 -16.8872
504 -16.8918
505 -16.8935
506 -16.8944
507 -16.8973
508 -16.9042
509 -16.9192
510 -16.9219
511 -16.9235
512 -16.9238
513 -16.9261
514 -16.9265
515 -16.93
516 -16.934
517 -16.9555
518 -16.959
519 -16.9728
520 -16.9748
521 -16.9963
522 -17.0042
523 -17.0099
524 -17.0176
525 -17.0286
526 -17.0316
527 -17.0567
528 -17.0738
529 -17.0745
530 -17.0832
531 -17.0859
532 -17.091
533 -17.0949
534 -17.0989
535 -17.1046
536 -17.107
537 -17.1137
538 -17.118
539 -17.1231
540 -17.1244
541 -17.1262
542 -17.143
543 -17.1474
544 -17.1543
545 -17.1585
546 -17.1755
547 -17.1924
548 -17.1964
549 -17.2002
550 -17.2017
551 -17.2109
552 -17.217
553 -17.2194
554 -17.2202
555 -17.2248
556 -17.229
557 -17.2415
558 -17.2474
559 -17.2527
560 -17.2549
561 -17.256
562 -17.2568
563 -17.2697
564 -17.2718
565 -17.2729
566 -17.2768
567 -17.2834
568 -17.2877
569 -17.2897
570 -17.2907
571 -17.2953
572 -17.296
573 -17.3006
574 -17.3055
575 -17.3069
576 -17.3177
577 -17.3316
578 -17.3328
579 -17.3427
580 -17.3446
581 -17.3464
582 -17.3544
583 -17.3569
584 -17.3641
585 -17.3642
586 -17.3644
587 -17.3711
588 -17.3726
589 -17.3755
590 -17.3771
591 -17.3781
592 -17.3783
593 -17.3913
594 -17.3919
595 -17.3931
596 -17.3958
597 -17.3978
598 -17.3988
599 -17.4011
600 -17.4077
601 -17.4095
602 -17.4124
603 -17.4132
604 -17.4152
605 -17.4255
606 -17.4339
607 -17.4354
608 -17.4664
609 -17.4795
610 -17.4824
611 -17.491
612 -17.5004
613 -17.5043
614 -17.5061
615 -17.5086
616 -17.5142
617 -17.5161
618 -17.5287
619 -17.5369
620 -17.5422
621 -17.5463
622 -17.549
623 -17.5502
624 -17.5517
625 -17.5536
626 -17.5549
627 -17.5595
628 -17.5602
629 -17.5623
630 -17.5657
631 -17.5665
632 -17.5808
633 -17.5842
634 -17.5862
635 -17.5941
636 -17.5956
637 -17.5976
638 -17.5989
639 -17.6015
640 -17.6073
641 -17.61
642 -17.6102
643 -17.6114
644 -17.6145
645 -17.6157
646 -17.6238
647 -17.6278
648 -17.6289
649 -17.6304
650 -17.6324
651 -17.6337
652 -17.6428
653 -17.6514
654 -17.6536
655 -17.6686
656 -17.6704
657 -17.6709
658 -17.6745
659 -17.6762
660 -17.6805
661 -17.6843
662 -17.6887
663 -17.6914
664 -17.6964
665 -17.6983
666 -17.7029
667 -17.7054
668 -17.7093
669 -17.71
670 -17.7116
671 -17.712
672 -17.7128
673 -17.7254
674 -17.7313
675 -17.7431
676 -17.7447
677 -17.7457
678 -17.75
679 -17.7506
680 -17.7542
681 -17.7584
682 -17.7606
683 -17.7633
684 -17.7754
685 -17.7799
686 -17.781
687 -17.7851
688 -17.7859
689 -17.7919
690 -17.7968
691 -17.7973
692 -17.7974
693 -17.7982
694 -17.8085
695 -17.8099
696 -17.8109
697 -17.8142
698 -17.8143
699 -17.8147
700 -17.8177
701 -17.8186
702 -17.8195
703 -17.8204
704 -17.8212
705 -17.8215
706 -17.8229
707 -17.8232
708 -17.8235
709 -17.8244
710 -17.8298
711 -17.8322
712 -17.8348
713 -17.8393
714 -17.8426
715 -17.8455
716 -17.8467
717 -17.8479
718 -17.8519
719 -17.8588
720 -17.8633
721 -17.8649
722 -17.8673
723 -17.8697
724 -17.8777
725 -17.8777
726 -17.8779
727 -17.881
728 -17.8811
729 -17.8902
730 -17.8908
731 -17.9041
732 -17.906
733 -17.9126
734 -17.9134
735 -17.9213
736 -17.9286
737 -17.9313
738 -17.9315
739 -17.9321
740 -17.9344
741 -17.9348
742 -17.9349
743 -17.9354
744 -17.9374
745 -17.9388
746 -17.9405
747 -17.9411
748 -17.9422
749 -17.9424
750 -17.9425
751 -17.9505
752 -17.9531
753 -17.958
754 -17.9598
755 -17.9598
756 -17.9601
757 -17.9602
758 -17.9612
759 -17.9624
760 -17.9631
761 -17.9645
762 -17.965
763 -17.971
764 -17.9733
765 -17.9749
766 -17.9757
767 -17.9767
768 -17.9772
769 -17.9776
770 -17.9782
771 -17.9789
772 -17.9899
773 -17.9911
774 -17.9913
775 -17.9964
776 -17.9968
777 -17.9998
778 -17.9999
779 -18.0001
780 -18.0012
781 -18.0014
782 -18.003
783 -18.0035
784 -18.0042
785 -18.0143
786 -18.0145
787 -18.0149
788 -18.018
789 -18.0182
790 -18.0204
791 -18.0213
792 -18.0225
793 -18.0269
794 -18.0296
795 -18.033
796 -18.0344
797 -18.035
798 -18.0357
799 -18.0406
800 -18.0414
801 -18.0422
802 -18.0428
803 -18.0614
804 -18.083
805 -18.0936
806 -18.0969
807 -18.1009
808 -18.1037
809 -18.1103
810 -18.1109
811 -18.1188
812 -18.1196
813 -18.1215
814 -18.1244
815 -18.1464
816 -18.1473
817 -18.1542
818 -18.1548
819 -18.1693
820 -18.1736
821 -18.1738
822 -18.1808
823 -18.1901
824 -18.1902
825 -18.1946
826 -18.195
827 -18.1959
828 -18.1978
829 -18.198
830 -18.1983
831 -18.2005
832 -18.2035
833 -18.2038
834 -18.2042
835 -18.2073
836 -18.2102
837 -18.2106
838 -18.2111
839 -18.2135
840 -18.2169
841 -18.2177
842 -18.2202
843 -18.2419
844 -18.2443
845 -18.2452
846 -18.2478
847 -18.2503
848 -18.2516
849 -18.2519
850 -18.2555
851 -18.2574
852 -18.2628
853 -18.2635
854 -18.2725
855 -18.2778
856 -18.2787
857 -18.2818
858 -18.2819
859 -18.2844
860 -18.285
861 -18.2875
862 -18.2888
863 -18.2921
864 -18.2929
865 -18.2937
866 -18.2965
867 -18.2976
868 -18.2978
869 -18.2982
870 -18.2987
871 -18.2997
872 -18.3002
873 -18.3008
874 -18.3028
875 -18.3094
876 -18.3106
877 -18.3108
878 -18.3116
879 -18.3122
880 -18.3128
881 -18.3136
882 -18.3151
883 -18.3154
884 -18.3157
885 -18.317
886 -18.3173
887 -18.3183
888 -18.3191
889 -18.3212
890 -18.322
891 -18.3228
892 -18.3239
893 -18.3252
894 -18.326
895 -18.3262
896 -18.3282
897 -18.3307
898 -18.3318
899 -18.3351
900 -18.3376
901 -18.3384
902 -18.3388
903 -18.3394
904 -18.3399
905 -18.3402
906 -18.3411
907 -18.3423
908 -18.3429
909 -18.3448
910 -18.3484
911 -18.3488
912 -18.3495
913 -18.3498
914 -18.3501
915 -18.3513
916 -18.3551
917 -18.3637
918 -18.3641
919 -18.3673
920 -18.3679
921 -18.3682
922 -18.3687
923 -18.3688
924 -18.3693
925 -18.3696
926 -18.3715
927 -18.3718
928 -18.3725
929 -18.3766
930 -18.3768
931 -18.3773
932 -18.3775
933 -18.3828
934 -18.3836
935 -18.384
936 -18.3846
937 -18.385
938 -18.3851
939 -18.3852
940 -18.3861
941 -18.3864
942 -18.3866
943 -18.3873
944 -18.3875
945 -18.388
946 -18.3882
947 -18.3884
948 -18.389
949 -18.3894
950 -18.3898
951 -18.3905
952 -18.3907
953 -18.3908
954 -18.3915
955 -18.3918
956 -18.3921
957 -18.3923
958 -18.3954
959 -18.3957
960 -18.3959
961 -18.396
962 -18.3967
963 -18.3976
964 -18.3979
965 -18.3989
966 -18.3994
967 -18.4001
968 -18.4008
969 -18.4017
970 -18.4027
971 -18.4035
972 -18.4036
973 -18.4043
974 -18.4048
975 -18.4062
976 -18.4064
977 -18.4066
978 -18.4068
979 -18.407
980 -18.4073
981 -18.4074
982 -18.4079
983 -18.4087
984 -18.4089
985 -18.4089
986 -18.4091
987 -18.4091
988 -18.4094
989 -18.4095
990 -18.41
991 -18.4103
992 -18.4105
993 -18.4108
994 -18.4113
995 -18.4119
996 -18.4123
997 -18.4123
998 -18.4125
999 -18.4137
1000 -18.4145
1001 -18.4147
1002 -18.4149
1003 -18.4154
1004 -18.4155
1005 -18.4156
1006 -18.4174
1007 -18.4175
1008 -18.4177
1009 -18.4179
1010 -18.4181
1011 -18.4181
1012 -18.4182
1013 -18.4185
1014 -18.4186
1015 -18.4188
1016 -18.419
1017 -18.4192
1018 -18.4193
1019 -18.4194
1020 -18.4198
1021 -18.4199
1022 -18.4204
1023 -18.4205
1024 -18.4206
1025 -18.4206
1026 -18.4211
1027 -18.4223
1028 -18.4224
1029 -18.4226
1030 -18.426
1031 -18.426
1032 -18.4263
1033 -18.4264
1034 -18.4265
1035 -18.4265
1036 -18.431
1037 -18.431
1038 -18.4312
1039 -18.4314
1040 -18.4314
1041 -18.4316
1042 -18.4318
1043 -18.432
1044 -18.4321
1045 -18.4322
1046 -18.4322
1047 -18.4323
1048 -18.4323
1049 -18.4324
1050 -18.4324
1051 -18.4324
1052 -18.4325
1053 -18.4325
1054 -18.4368
1055 -18.4429
1056 -18.443
1057 -18.4431
1058 -18.4432
1059 -18.4482
1060 -18.471
1061 -18.4711
1062 -18.4711
1063 -18.4712
1064 -18.4713
1065 -18.4713
1066 -18.4713
1067 -18.4714
1068 -18.4714
1069 -18.4737
1070 -18.4737
1071 -18.4798
1072 -18.4801
1073 -18.4804
1074 -18.4805
1075 -18.4805
1076 -18.4807
1077 -18.4809
1078 -18.4819
1079 -18.4819
1080 -18.487
1081 -18.487
1082 -18.4891
1083 -18.4951
1084 -18.5287
1085 -18.5316
1086 -18.5318
1087 -18.542
1088 -18.5423
1089 -18.5428
1090 -18.543
1091 -18.5484
1092 -18.551
1093 -18.5512
1094 -18.5515
1095 -18.5519
1096 -18.5527
1097 -18.553
1098 -18.5531
1099 -18.5531
1100 -18.5544
1101 -18.5545
1102 -18.5545
1103 -18.5546
1104 -18.5546
1105 -18.5547
1106 -18.555
1107 -18.5552
1108 -18.5552
1109 -18.5556
1110 -18.5558
1111 -18.556
1112 -18.556
1113 -18.557
1114 -18.5589
1115 -18.5589
1116 -18.5595
1117 -18.5599
1118 -18.5603
1119 -18.5605
1120 -18.5607
1121 -18.5608
1122 -18.5634
1123 -18.5645
1124 -18.5649
1125 -18.565
1126 -18.5652
1127 -18.5652
1128 -18.5654
1129 -18.5656
1130 -18.5656
1131 -18.5657
1132 -18.566
1133 -18.5661
1134 -18.5662
1135 -18.5666
1136 -18.5666
1137 -18.5667
1138 -18.5668
1139 -18.5672
1140 -18.5673
1141 -18.5673
1142 -18.5676
1143 -18.5676
1144 -18.568
1145 -18.5681
1146 -18.5689
1147 -18.5692
1148 -18.5697
1149 -18.5698
1150 -18.5739
1151 -18.5741
1152 -18.5844
1153 -18.5847
1154 -18.5874
1155 -18.5911
1156 -18.5984
1157 -18.5984
1158 -18.5984
1159 -18.5984
1160 -18.5988
1161 -18.5988
1162 -18.5988
1163 -18.5989
1164 -18.6019
1165 -18.602
1166 -18.6025
1167 -18.6035
1168 -18.6041
1169 -18.6041
1170 -18.6043
1171 -18.6075
1172 -18.6076
1173 -18.6077
1174 -18.6077
1175 -18.6077
1176 -18.6078
1177 -18.6095
1178 -18.6097
1179 -18.611
1180 -18.6112
1181 -18.6113
1182 -18.6117
1183 -18.6117
1184 -18.6119
1185 -18.6119
1186 -18.6119
1187 -18.612
1188 -18.6123
1189 -18.6144
1190 -18.6145
1191 -18.6153
1192 -18.6164
1193 -18.6164
1194 -18.6164
1195 -18.6165
1196 -18.6176
1197 -18.6176
1198 -18.6179
1199 -18.6238
1200 -18.6238
1201 -18.6297
1202 -18.6297
1203 -18.6353
1204 -18.6353
1205 -18.6384
1206 -18.6384
1207 -18.6386
1208 -18.639
1209 -18.639
1210 -18.639
1211 -18.6392
1212 -18.6393
1213 -18.6395
1214 -18.6396
1215 -18.6398
1216 -18.6398
1217 -18.64
1218 -18.6403
1219 -18.6403
1220 -18.6403
1221 -18.6404
1222 -18.6405
1223 -18.6406
1224 -18.6406
1225 -18.6406
1226 -18.6433
1227 -18.6437
1228 -18.6438
1229 -18.6438
1230 -18.644
1231 -18.6442
1232 -18.6444
1233 -18.645
1234 -18.6451
1235 -18.6468
1236 -18.6468
1237 -18.6471
1238 -18.6473
1239 -18.6473
1240 -18.6474
1241 -18.6475
1242 -18.6477
1243 -18.6478
1244 -18.6478
1245 -18.6479
1246 -18.6479
1247 -18.6486
1248 -18.6486
1249 -18.6492
1250 -18.6497
1251 -18.6497
1252 -18.6497
1253 -18.6499
1254 -18.6499
1255 -18.6501
1256 -18.6501
1257 -18.6505
1258 -18.6505
1259 -18.6505
1260 -18.6506
1261 -18.6506
1262 -18.6507
1263 -18.6508
1264 -18.6508
1265 -18.651
1266 -18.6511
1267 -18.6514
1268 -18.6516
1269 -18.6518
1270 -18.6519
1271 -18.652
1272 -18.6521
1273 -18.6522
1274 -18.6526
1275 -18.653
1276 -18.653
1277 -18.6532
1278 -18.6532
1279 -18.6532
1280 -18.6533
1281 -18.6534
1282 -18.6535
1283 -18.6537
1284 -18.6537
1285 -18.654
1286 -18.6541
1287 -18.6542
1288 -18.6542
1289 -18.6543
1290 -18.6544
1291 -18.6545
1292 -18.6545
1293 -18.6545
1294 -18.6545
1295 -18.6546
1296 -18.6547
1297 -18.6547
1298 -18.6548
1299 -18.6549
1300 -18.655
1301 -18.655
1302 -18.655
1303 -18.6551
1304 -18.6552
1305 -18.6552
1306 -18.6557
1307 -18.6558
1308 -18.6559
1309 -18.6561
1310 -18.6561
1311 -18.6563
1312 -18.6568
1313 -18.6591
1314 -18.6637
1315 -18.6902
1316 -18.6902
1317 -18.6904
1318 -18.6905
1319 -18.6905
1320 -18.6907
1321 -18.6907
1322 -18.6907
1323 -18.6908
1324 -18.691
1325 -18.6911
1326 -18.6912
1327 -18.6912
1328 -18.6913
1329 -18.6914
1330 -18.6914
1331 -18.6972
1332 -18.6973
1333 -18.6985
1334 -18.6988
1335 -18.699
1336 -18.6992
1337 -18.6992
1338 -18.6993
1339 -18.6993
1340 -18.6996
1341 -18.6996
1342 -18.6996
1343 -18.6996
1344 -18.6996
1345 -18.6997
1346 -18.6997
1347 -18.6997
1348 -18.7051
1349 -18.7057
1350 -18.7057
1351 -18.7062
1352 -18.7063
1353 -18.7066
1354 -18.7066
1355 -18.7066
1356 -18.7067
1357 -18.7075
1358 -18.7075
1359 -18.7088
1360 -18.7143
1361 -18.7143
1362 -18.7144
1363 -18.7186
1364 -18.7264
1365 -18.7264
1366 -18.7265
1367 -18.7265
1368 -18.7286
1369 -18.7286
1370 -18.7286
1371 -18.7287
1372 -18.7287
1373 -18.7287
1374 -18.7288
1375 -18.7288
1376 -18.7288
1377 -18.7289
1378 -18.7289
1379 -18.7289
1380 -18.729
1381 -18.729
1382 -18.729
1383 -18.729
1384 -18.729
1385 -18.7291
1386 -18.7296
1387 -18.7329
1388 -18.7337
1389 -18.7337
1390 -18.7337
1391 -18.7343
1392 -18.7344
1393 -18.7346
1394 -18.7347
1395 -18.7349
1396 -18.7349
1397 -18.7349
1398 -18.7352
1399 -18.7353
1400 -18.7354
1401 -18.7354
1402 -18.7355
1403 -18.7355
1404 -18.7356
1405 -18.7356
1406 -18.7356
1407 -18.7356
1408 -18.7362
1409 -18.7385
1410 -18.7386
1411 -18.7386
1412 -18.7398
1413 -18.74
1414 -18.7415
1415 -18.7416
1416 -18.7416
1417 -18.7418
1418 -18.7419
1419 -18.7424
1420 -18.7425
1421 -18.7427
1422 -18.7431
1423 -18.7436
1424 -18.7438
1425 -18.7441
1426 -18.7443
1427 -18.7446
1428 -18.7446
1429 -18.7448
1430 -18.7449
1431 -18.745
1432 -18.745
1433 -18.745
1434 -18.745
1435 -18.7451
1436 -18.7452
1437 -18.7452
1438 -18.7452
1439 -18.7452
1440 -18.7453
1441 -18.7453
1442 -18.7457
1443 -18.7457
1444 -18.7457
1445 -18.7457
1446 -18.7458
1447 -18.7459
1448 -18.7459
1449 -18.746
1450 -18.746
1451 -18.7461
1452 -18.7462
1453 -18.7463
1454 -18.7463
1455 -18.7464
1456 -18.7464
1457 -18.7464
1458 -18.7465
1459 -18.7465
1460 -18.7465
1461 -18.7465
1462 -18.7465
1463 -18.7466
1464 -18.7466
1465 -18.7466
1466 -18.7466
1467 -18.7467
1468 -18.7467
1469 -18.7467
1470 -18.7467
1471 -18.7467
1472 -18.7467
1473 -18.7467
1474 -18.7492
1475 -18.7492
1476 -18.7492
1477 -18.7493
1478 -18.7493
1479 -18.7493
1480 -18.7493
1481 -18.7494
1482 -18.7501
1483 -18.7501
1484 -18.7501
1485 -18.7501
1486 -18.7502
1487 -18.7502
1488 -18.7502
1489 -18.7512
1490 -18.7512
1491 -18.7512
1492 -18.7512
1493 -18.7514
1494 -18.7514
1495 -18.7515
1496 -18.7515
1497 -18.7515
1498 -18.7515
1499 -18.7515
1500 -18.7515
1501 -18.7515
1502 -18.7516
1503 -18.7535
1504 -18.7535
1505 -18.7536
1506 -18.7536
1507 -18.7536
1508 -18.7536
1509 -18.7537
1510 -18.7537
1511 -18.7537
1512 -18.7538
1513 -18.7538
1514 -18.7538
1515 -18.7538
1516 -18.7538
1517 -18.7538
1518 -18.755
1519 -18.7551
1520 -18.7551
1521 -18.7551
1522 -18.7552
1523 -18.7552
1524 -18.7552
1525 -18.7552
1526 -18.7553
1527 -18.7553
1528 -18.7553
1529 -18.7554
1530 -18.7554
1531 -18.7554
1532 -18.7554
1533 -18.7555
1534 -18.7555
1535 -18.7555
1536 -18.7555
1537 -18.7555
1538 -18.7556
1539 -18.762
1540 -18.762
1541 -18.762
1542 -18.762
1543 -18.7622
1544 -18.7716
1545 -18.7716
1546 -18.7717
1547 -18.7717
1548 -18.7718
1549 -18.7718
1550 -18.7719
1551 -18.772
1552 -18.7722
1553 -18.7723
1554 -18.7723
1555 -18.7723
1556 -18.7733
1557 -18.7736
1558 -18.7737
1559 -18.7737
1560 -18.7745
1561 -18.7745
1562 -18.7746
1563 -18.7746
1564 -18.7746
1565 -18.7746
1566 -18.7746
1567 -18.7747
1568 -18.7755
1569 -18.7755
1570 -18.7756
1571 -18.7756
1572 -18.7756
1573 -18.7756
1574 -18.7757
1575 -18.7757
1576 -18.7757
1577 -18.7757
1578 -18.7757
1579 -18.7758
1580 -18.7758
1581 -18.7758
1582 -18.7758
1583 -18.7759
1584 -18.7792
1585 -18.7815
1586 -18.7815
1587 -18.7815
1588 -18.7815
1589 -18.7815
1590 -18.7815
1591 -18.7816
1592 -18.7816
1593 -18.7816
1594 -18.7816
1595 -18.7817
1596 -18.7817
1597 -18.7817
1598 -18.7818
1599 -18.7819
1600 -18.7839
1601 -18.7914
1602 -18.7914
1603 -18.7918
1604 -18.7919
1605 -18.7925
1606 -18.7925
1607 -18.7925
1608 -18.7925
1609 -18.7925
1610 -18.7926
1611 -18.7956
1612 -18.7956
1613 -18.7956
1614 -18.7956
1615 -18.7956
1616 -18.7956
1617 -18.7957
1618 -18.7957
1619 -18.7957
1620 -18.7958
1621 -18.7959
1622 -18.796
1623 -18.796
1624 -18.796
1625 -18.7964
1626 -18.7964
1627 -18.7964
1628 -18.797
1629 -18.7971
1630 -18.7975
1631 -18.7975
1632 -18.7977
1633 -18.7978
1634 -18.7978
1635 -18.7983
1636 -18.7983
1637 -18.7983
1638 -18.7988
1639 -18.7988
1640 -18.7991
1641 -18.7991
1642 -18.7991
1643 -18.7991
1644 -18.7992
1645 -18.7992
1646 -18.7992
1647 -18.7992
1648 -18.7996
1649 -18.7996
1650 -18.7996
1651 -18.7996
1652 -18.7998
1653 -18.7998
1654 -18.7998
1655 -18.7998
1656 -18.7998
1657 -18.7999
1658 -18.8
1659 -18.8
1660 -18.8001
1661 -18.8001
1662 -18.8003
1663 -18.8004
1664 -18.8018
1665 -18.8154
1666 -18.8154
1667 -18.8311
1668 -18.8326
1669 -18.8326
1670 -18.8326
1671 -18.8326
1672 -18.8333
1673 -18.8333
1674 -18.8333
1675 -18.8333
1676 -18.8333
1677 -18.8333
1678 -18.8333
1679 -18.8333
1680 -18.8344
1681 -18.8344
1682 -18.8344
1683 -18.8344
1684 -18.8345
1685 -18.8346
1686 -18.8346
1687 -18.8348
1688 -18.8348
1689 -18.8348
1690 -18.8348
1691 -18.8348
1692 -18.835
1693 -18.835
1694 -18.835
1695 -18.835
1696 -18.835
1697 -18.8352
1698 -18.8353
1699 -18.8354
1700 -18.8354
1701 -18.8354
1702 -18.8356
1703 -18.8356
1704 -18.8356
1705 -18.8356
1706 -18.8356
1707 -18.8357
1708 -18.8357
1709 -18.8357
1710 -18.8357
1711 -18.8359
1712 -18.8359
1713 -18.8362
1714 -18.8362
1715 -18.8364
1716 -18.8364
1717 -18.8365
1718 -18.8365
1719 -18.8365
1720 -18.8365
1721 -18.8367
1722 -18.8367
1723 -18.8367
1724 -18.8367
1725 -18.8367
1726 -18.8367
1727 -18.8368
1728 -18.8368
1729 -18.8368
1730 -18.8369
1731 -18.8369
1732 -18.8371
1733 -18.8371
1734 -18.8372
1735 -18.8372
1736 -18.8372
1737 -18.8372
1738 -18.8373
1739 -18.8378
1740 -18.8383
1741 -18.8383
1742 -18.8384
1743 -18.8384
1744 -18.8384
1745 -18.8384
1746 -18.8384
1747 -18.8384
1748 -18.8384
1749 -18.8386
1750 -18.8386
1751 -18.8387
1752 -18.8407
1753 -18.8541
1754 -18.8541
1755 -18.8597
1756 -18.8597
1757 -18.8597
1758 -18.8597
1759 -18.8597
1760 -18.8597
1761 -18.8614
1762 -18.8614
1763 -18.8614
1764 -18.8614
1765 -18.8615
1766 -18.8615
1767 -18.8615
1768 -18.8616
1769 -18.8618
1770 -18.8618
1771 -18.8618
1772 -18.8636
1773 -18.8636
1774 -18.864
1775 -18.8652
1776 -18.8655
1777 -18.8656
1778 -18.8656
1779 -18.8656
1780 -18.8656
1781 -18.8657
1782 -18.8658
1783 -18.8663
1784 -18.8664
1785 -18.8665
1786 -18.8668
1787 -18.8668
1788 -18.8669
1789 -18.867
1790 -18.867
1791 -18.8671
1792 -18.8671
1793 -18.8672
1794 -18.8672
1795 -18.8673
1796 -18.8673
1797 -18.8673
1798 -18.8674
1799 -18.8674
1800 -18.8674
1801 -18.8675
1802 -18.8675
1803 -18.8675
1804 -18.8676
1805 -18.8676
1806 -18.8676
1807 -18.8676
1808 -18.8676
1809 -18.8676
1810 -18.8676
1811 -18.8676
1812 -18.8677
1813 -18.8677
1814 -18.8677
1815 -18.8678
1816 -18.8678
1817 -18.8678
1818 -18.8679
1819 -18.8679
1820 -18.868
1821 -18.868
1822 -18.868
1823 -18.8681
1824 -18.8681
1825 -18.8682
1826 -18.8682
1827 -18.8683
1828 -18.8683
1829 -18.8683
1830 -18.8684
1831 -18.8684
1832 -18.8684
1833 -18.871
1834 -18.8745
1835 -18.8746
1836 -18.8746
1837 -18.878
1838 -18.8957
1839 -18.8957
1840 -18.8957
1841 -18.8957
1842 -18.8957
1843 -18.8957
1844 -18.8957
1845 -18.8957
1846 -18.8957
1847 -18.8961
1848 -18.8967
1849 -18.8968
1850 -18.8973
1851 -18.8973
1852 -18.8989
1853 -18.9012
1854 -18.9012
1855 -18.9012
1856 -18.9015
1857 -18.9019
1858 -18.902
1859 -18.902
1860 -18.9028
1861 -18.9028
1862 -18.9068
1863 -18.9069
1864 -18.907
1865 -18.907
1866 -18.9071
1867 -18.9072
1868 -18.9072
1869 -18.9073
1870 -18.9073
1871 -18.9074
1872 -18.9074
1873 -18.9074
1874 -18.9074
1875 -18.9076
1876 -18.9076
1877 -18.9076
1878 -18.9076
1879 -18.9076
1880 -18.9076
1881 -18.9078
1882 -18.9078
1883 -18.9079
1884 -18.9079
1885 -18.908
1886 -18.908
1887 -18.908
1888 -18.908
1889 -18.908
1890 -18.908
1891 -18.908
1892 -18.908
1893 -18.9087
1894 -18.9087
1895 -18.9087
1896 -18.9087
1897 -18.9087
1898 -18.9108
1899 -18.9108
1900 -18.9108
1901 -18.9109
1902 -18.9109
1903 -18.9109
1904 -18.9109
1905 -18.9109
1906 -18.9109
1907 -18.9111
1908 -18.9111
1909 -18.9111
1910 -18.9112
1911 -18.9112
1912 -18.9112
1913 -18.9113
1914 -18.9113
1915 -18.9113
1916 -18.9113
1917 -18.9113
1918 -18.9113
1919 -18.9113
1920 -18.9113
1921 -18.9114
1922 -18.9114
1923 -18.9114
1924 -18.9114
1925 -18.9114
1926 -18.9114
1927 -18.9114
1928 -18.9115
1929 -18.9115
1930 -18.9115
1931 -18.9119
1932 -18.9119
1933 -18.9119
1934 -18.9119
1935 -18.9121
1936 -18.9121
1937 -18.9124
1938 -18.9124
1939 -18.9126
1940 -18.9126
1941 -18.9126
1942 -18.9127
1943 -18.9127
1944 -18.9127
1945 -18.9128
1946 -18.9128
1947 -18.9128
1948 -18.9128
1949 -18.913
1950 -18.913
1951 -18.913
1952 -18.913
1953 -18.913
1954 -18.9131
1955 -18.9133
1956 -18.9133
1957 -18.9133
1958 -18.9134
1959 -18.9134
1960 -18.9135
1961 -18.9135
1962 -18.9135
1963 -18.9135
1964 -18.9135
1965 -18.9135
1966 -18.9136
1967 -18.9136
1968 -18.9136
1969 -18.9136
1970 -18.9136
1971 -18.9136
1972 -18.9148
1973 -18.9148
1974 -18.9148
1975 -18.915
1976 -18.915
1977 -18.915
1978 -18.915
1979 -18.915
1980 -18.915
1981 -18.9151
1982 -18.9151
1983 -18.9151
1984 -18.9154
1985 -18.9154
1986 -18.9154
1987 -18.9154
1988 -18.9154
1989 -18.9155
1990 -18.9155
1991 -18.9155
1992 -18.9156
1993 -18.9156
1994 -18.9156
1995 -18.9157
1996 -18.9157
1997 -18.9157
1998 -18.9157
1999 -18.9157
2000 -18.9157
2001 -18.9168
2002 -18.9168
2003 -18.9168
2004 -18.9197
2005 -18.9234
2006 -18.9256
2007 -18.9256
2008 -18.9256
2009 -18.9256
2010 -18.9256
2011 -18.9256
2012 -18.9256
2013 -18.9283
2014 -18.9283
2015 -18.9312
2016 -18.9312
2017 -18.9319
2018 -18.932
2019 -18.932
2020 -18.932
2021 -18.932
2022 -18.932
2023 -18.932
2024 -18.932
2025 -18.932
2026 -18.932
2027 -18.932
2028 -18.932
2029 -18.932
2030 -18.9321
2031 -18.9321
2032 -18.9321
2033 -18.9321
2034 -18.9321
2035 -18.9322
2036 -18.9322
2037 -18.9322
2038 -18.9322
2039 -18.9322
2040 -18.9322
2041 -18.9322
2042 -18.9322
2043 -18.9323
2044 -18.9323
2045 -18.9323
2046 -18.9323
2047 -18.9349
2048 -18.9349
2049 -18.9349
2050 -18.9349
2051 -18.9349
2052 -18.9349
2053 -18.9349
2054 -18.9349
2055 -18.9349
2056 -18.9349
2057 -18.9349
2058 -18.9349
2059 -18.9349
2060 -18.9349
2061 -18.9349
2062 -18.9349
2063 -18.935
2064 -18.935
2065 -18.935
2066 -18.935
2067 -18.935
2068 -18.935
2069 -18.9355
2070 -18.9355
2071 -18.9355
2072 -18.9355
2073 -18.9355
2074 -18.9355
2075 -18.9355
2076 -18.9355
2077 -18.9355
2078 -18.9355
2079 -18.9355
2080 -18.9355
2081 -18.9355
2082 -18.9355
2083 -18.9355
2084 -18.9355
2085 -18.9355
2086 -18.9355
2087 -18.9355
2088 -18.9355
2089 -18.9355
2090 -18.9355
2091 -18.9358
2092 -18.9358
2093 -18.9359
2094 -18.9359
2095 -18.9359
2096 -18.9359
2097 -18.9361
2098 -18.9361
2099 -18.9368
2100 -18.9368
2101 -18.9368
2102 -18.937
2103 -18.937
2104 -18.937
2105 -18.9371
2106 -18.9371
2107 -18.9371
2108 -18.9371
2109 -18.9371
2110 -18.9372
2111 -18.9372
2112 -18.9372
2113 -18.9372
2114 -18.9372
2115 -18.9379
2116 -18.9381
2117 -18.9382
2118 -18.9382
2119 -18.9382
2120 -18.9382
2121 -18.9394
2122 -18.94
2123 -18.94
2124 -18.94
2125 -18.9401
2126 -18.9401
2127 -18.9402
2128 -18.9402
2129 -18.9404
2130 -18.9404
2131 -18.9404
2132 -18.9404
2133 -18.9404
2134 -18.9404
2135 -18.9404
2136 -18.9404
2137 -18.9404
2138 -18.9404
2139 -18.9404
2140 -18.9404
2141 -18.9404
2142 -18.9406
2143 -18.9406
2144 -18.9407
2145 -18.9407
2146 -18.9407
2147 -18.9407
2148 -18.9407
2149 -18.9407
2150 -18.9408
2151 -18.9408
2152 -18.9408
2153 -18.9408
2154 -18.9408
2155 -18.9408
2156 -18.9408
2157 -18.941
2158 -18.941
2159 -18.9411
2160 -18.9411
2161 -18.9411
2162 -18.9412
2163 -18.9412
2164 -18.9412
2165 -18.9412
2166 -18.9413
2167 -18.9413
2168 -18.9413
2169 -18.9413
2170 -18.9413
2171 -18.9413
2172 -18.9413
2173 -18.9413
2174 -18.9414
2175 -18.9414
2176 -18.9414
2177 -18.9414
2178 -18.9414
2179 -18.9414
2180 -18.9415
2181 -18.9415
2182 -18.9415
2183 -18.9415
2184 -18.9415
2185 -18.9415
2186 -18.9416
2187 -18.9416
2188 -18.9416
2189 -18.9416
2190 -18.9416
2191 -18.9417
2192 -18.9417
2193 -18.9417
2194 -18.9417
2195 -18.9418
2196 -18.9418
2197 -18.9418
2198 -18.9418
2199 -18.9418
2200 -18.9419
2201 -18.9419
2202 -18.9419
2203 -18.9419
2204 -18.9419
2205 -18.942
2206 -18.942
2207 -18.942
2208 -18.942
2209 -18.942
2210 -18.9421
2211 -18.9421
2212 -18.9421
2213 -18.9421
2214 -18.9421
2215 -18.9421
2216 -18.9421
2217 -18.9421
2218 -18.9421
2219 -18.9422
2220 -18.9422
2221 -18.9422
2222 -18.9422
2223 -18.9423
2224 -18.9423
2225 -18.9423
2226 -18.9423
2227 -18.9423
2228 -18.9423
2229 -18.9423
2230 -18.9423
2231 -18.9423
2232 -18.9423
2233 -18.9423
2234 -18.9423
2235 -18.9423
2236 -18.9424
2237 -18.9424
2238 -18.9424
2239 -18.9424
2240 -18.9424
2241 -18.9424
2242 -18.9424
2243 -18.9424
2244 -18.9424
2245 -18.9424
2246 -18.9424
2247 -18.9424
2248 -18.9424
2249 -18.9424
2250 -18.9424
2251 -18.9424
2252 -18.9424
2253 -18.9424
2254 -18.9424
2255 -18.9424
2256 -18.9424
2257 -18.9427
2258 -18.9427
2259 -18.9427
2260 -18.9427
2261 -18.9427
2262 -18.9427
2263 -18.9427
2264 -18.9427
2265 -18.9427
2266 -18.9427
2267 -18.9427
2268 -18.9427
2269 -18.9427
2270 -18.9427
2271 -18.9427
2272 -18.9427
2273 -18.9427
2274 -18.9427
2275 -18.9427
2276 -18.9427
2277 -18.9427
2278 -18.9427
2279 -18.9427
2280 -18.9427
2281 -18.9427
2282 -18.9427
2283 -18.9427
2284 -18.9427
2285 -18.9427
2286 -18.9427
2287 -18.9427
2288 -18.9428
2289 -18.9428
2290 -18.9428
2291 -18.9428
2292 -18.9428
2293 -18.9428
2294 -18.9428
2295 -18.9428
2296 -18.9428
2297 -18.9428
2298 -18.9428
2299 -18.9428
2300 -18.9428
2301 -18.9428
2302 -18.9428
2303 -18.9428
2304 -18.9428
2305 -18.9428
2306 -18.9435
2307 -18.9446
2308 -18.9446
2309 -18.9446
2310 -18.9446
2311 -18.9446
2312 -18.9446
2313 -18.9446
2314 -18.9446
2315 -18.9446
2316 -18.9446
2317 -18.9446
2318 -18.9446
2319 -18.9446
2320 -18.9446
2321 -18.9446
2322 -18.9446
2323 -18.9451
2324 -18.9451
2325 -18.9456
2326 -18.9456
2327 -18.9456
2328 -18.9456
2329 -18.9456
2330 -18.9456
2331 -18.9456
2332 -18.9456
2333 -18.9456
2334 -18.9457
2335 -18.9457
2336 -18.9457
2337 -18.9457
2338 -18.9457
2339 -18.9457
2340 -18.9457
2341 -18.9457
2342 -18.9457
2343 -18.9457
2344 -18.9458
2345 -18.9458
2346 -18.9458
2347 -18.9458
2348 -18.9458
2349 -18.9458
2350 -18.9458
2351 -18.9458
2352 -18.9458
2353 -18.9458
2354 -18.9458
2355 -18.9458
2356 -18.9458
2357 -18.9458
2358 -18.9458
2359 -18.9458
2360 -18.9458
2361 -18.9458
2362 -18.9458
2363 -18.9458
2364 -18.9458
2365 -18.9458
2366 -18.9458
2367 -18.9458
2368 -18.9458
2369 -18.9458
2370 -18.9458
2371 -18.9458
2372 -18.9458
2373 -18.9458
2374 -18.9458
2375 -18.9458
2376 -18.9458
2377 -18.9458
2378 -18.9458
2379 -18.9458
2380 -18.9458
2381 -18.9458
2382 -18.9459
2383 -18.9459
2384 -18.9459
2385 -18.9459
2386 -18.9459
2387 -18.9459
2388 -18.9459
2389 -18.9459
2390 -18.9459
2391 -18.9459
2392 -18.9459
2393 -18.9459
2394 -18.9459
2395 -18.9459
2396 -18.9459
2397 -18.9459
2398 -18.9459
2399 -18.9459
2400 -18.9459
2401 -18.9459
2402 -18.9459
2403 -18.9459
2404 -18.9459
2405 -18.946
2406 -18.946
2407 -18.946
2408 -18.946
2409 -18.946
2410 -18.946
2411 -18.946
2412 -18.946
2413 -18.946
2414 -18.946
2415 -18.946
2416 -18.946
2417 -18.946
2418 -18.946
2419 -18.946
2420 -18.946
2421 -18.946
2422 -18.946
2423 -18.946
2424 -18.946
2425 -18.946
2426 -18.946
2427 -18.946
2428 -18.946
2429 -18.946
2430 -18.946
2431 -18.946
2432 -18.946
2433 -18.946
2434 -18.946
2435 -18.946
2436 -18.946
2437 -18.946
2438 -18.946
2439 -18.946
2440 -18.946
2441 -18.946
2442 -18.946
2443 -18.946
2444 -18.946
2445 -18.946
2446 -18.946
2447 -18.946
2448 -18.946
2449 -18.946
2450 -18.946
2451 -18.946
2452 -18.946
2453 -18.946
2454 -18.946
2455 -18.946
2456 -18.946
2457 -18.946
2458 -18.946
2459 -18.946
2460 -18.946
2461 -18.9478
2462 -18.9478
2463 -18.9478
2464 -18.9478
2465 -18.948
2466 -18.948
2467 -18.948
2468 -18.9482
2469 -18.9482
2470 -18.9482
2471 -18.9482
2472 -18.9482
2473 -18.9482
2474 -18.9482
2475 -18.9482
2476 -18.9482
2477 -18.9482
2478 -18.9482
2479 -18.9482
2480 -18.9482
2481 -18.9482
2482 -18.9482
2483 -18.9485
2484 -18.9485
2485 -18.9485
2486 -18.9485
2487 -18.9485
2488 -18.9485
2489 -18.9485
2490 -18.9485
2491 -18.9485
2492 -18.9485
2493 -18.9485
2494 -18.9485
2495 -18.9485
2496 -18.9485
2497 -18.9485
2498 -18.9485
2499 -18.9485
2500 -18.9485
2501 -18.9485
2502 -18.9485
2503 -18.9485
2504 -18.9487
2505 -18.9487
2506 -18.9487
2507 -18.9487
2508 -18.9487
2509 -18.9487
2510 -18.9487
2511 -18.9487
2512 -18.9488
2513 -18.9488
2514 -18.9488
2515 -18.9488
2516 -18.9488
2517 -18.9488
2518 -18.9488
2519 -18.9488
2520 -18.9488
2521 -18.9488
2522 -18.9488
2523 -18.9488
2524 -18.9488
2525 -18.9488
2526 -18.9488
2527 -18.9488
2528 -18.9488
2529 -18.9488
2530 -18.9488
2531 -18.9488
2532 -18.9488
2533 -18.949
2534 -18.949
2535 -18.949
2536 -18.949
2537 -18.949
2538 -18.949
2539 -18.949
2540 -18.949
2541 -18.949
2542 -18.949
2543 -18.949
2544 -18.949
2545 -18.949
2546 -18.949
2547 -18.949
2548 -18.949
2549 -18.949
2550 -18.949
2551 -18.949
2552 -18.949
2553 -18.949
2554 -18.949
2555 -18.949
2556 -18.949
2557 -18.949
2558 -18.9491
2559 -18.9491
2560 -18.9522
2561 -18.9522
2562 -18.9549
2563 -18.9558
2564 -18.9571
2565 -18.9571
2566 -18.9571
2567 -18.9571
2568 -18.9571
2569 -18.9571
2570 -18.9572
2571 -18.9572
2572 -18.9572
2573 -18.9572
2574 -18.9572
2575 -18.9572
2576 -18.9572
2577 -18.9572
2578 -18.9572
2579 -18.9572
2580 -18.9572
2581 -18.9572
2582 -18.9572
2583 -18.9572
2584 -18.9572
2585 -18.9572
2586 -18.9572
2587 -18.9573
2588 -18.9573
2589 -18.9573
2590 -18.9583
2591 -18.9583
2592 -18.9583
2593 -18.9583
2594 -18.9583
2595 -18.9583
2596 -18.9583
2597 -18.9583
2598 -18.9583
2599 -18.9583
2600 -18.9583
2601 -18.9583
2602 -18.9583
2603 -18.9583
2604 -18.9584
2605 -18.9587
2606 -18.9587
2607 -18.9587
2608 -18.9592
2609 -18.9596
2610 -18.9597
2611 -18.9597
2612 -18.9597
2613 -18.9597
2614 -18.9597
2615 -18.9598
2616 -18.9598
2617 -18.9598
2618 -18.9598
2619 -18.9598
2620 -18.9598
2621 -18.9598
2622 -18.96
2623 -18.96
2624 -18.9601
2625 -18.9602
2626 -18.9602
2627 -18.9602
2628 -18.9602
2629 -18.9603
2630 -18.9603
2631 -18.9604
2632 -18.9605
2633 -18.9606
2634 -18.9607
2635 -18.9607
2636 -18.9608
2637 -18.9608
2638 -18.9608
2639 -18.9608
2640 -18.9608
2641 -18.9609
2642 -18.9609
2643 -18.9609
2644 -18.9609
2645 -18.9609
2646 -18.9609
2647 -18.9609
2648 -18.9609
2649 -18.9609
2650 -18.9609
2651 -18.961
2652 -18.961
2653 -18.961
2654 -18.961
2655 -18.961
2656 -18.961
2657 -18.961
2658 -18.961
2659 -18.961
2660 -18.961
2661 -18.961
2662 -18.961
2663 -18.961
2664 -18.961
2665 -18.961
2666 -18.961
2667 -18.9611
2668 -18.9613
2669 -18.9614
2670 -18.9614
2671 -18.9614
2672 -18.9614
2673 -18.9614
2674 -18.9614
2675 -18.9614
2676 -18.9614
2677 -18.9614
2678 -18.9614
2679 -18.9614
2680 -18.9614
2681 -18.9614
2682 -18.9614
2683 -18.9614
2684 -18.9615
2685 -18.9615
2686 -18.9615
2687 -18.9615
2688 -18.9615
2689 -18.9615
2690 -18.9615
2691 -18.9615
2692 -18.9615
2693 -18.9615
2694 -18.9615
2695 -18.9615
2696 -18.9615
2697 -18.9615
2698 -18.9615
2699 -18.9615
2700 -18.9615
2701 -18.9615
2702 -18.9615
2703 -18.9615
2704 -18.9615
2705 -18.9615
2706 -18.9615
2707 -18.9615
2708 -18.9615
2709 -18.9618
2710 -18.9618
2711 -18.9618
2712 -18.9618
2713 -18.9618
2714 -18.9618
2715 -18.9618
2716 -18.9618
2717 -18.9618
2718 -18.9618
2719 -18.9618
2720 -18.9618
2721 -18.9618
2722 -18.9618
2723 -18.9618
2724 -18.9618
2725 -18.9618
2726 -18.9618
2727 -18.9618
2728 -18.9618
2729 -18.9618
2730 -18.964
2731 -18.964
2732 -18.964
2733 -18.964
2734 -18.964
2735 -18.964
2736 -18.964
2737 -18.9672
2738 -18.9672
2739 -18.969
2740 -18.969
2741 -18.969
2742 -18.969
2743 -18.969
2744 -18.969
2745 -18.9719
2746 -18.9719
2747 -18.9765
2748 -18.9765
2749 -18.9765
2750 -18.9765
2751 -18.9765
2752 -18.9765
2753 -18.9765
2754 -18.9765
2755 -18.9765
2756 -18.9765
2757 -18.9779
2758 -18.9779
2759 -18.9779
2760 -18.9779
2761 -18.9779
2762 -18.9779
2763 -18.9779
2764 -18.9779
2765 -18.9779
2766 -18.9779
2767 -18.9779
2768 -18.9779
2769 -18.9779
2770 -18.9779
2771 -18.9779
2772 -18.9779
2773 -18.9779
2774 -18.9779
2775 -18.978
2776 -18.978
2777 -18.978
2778 -18.978
2779 -18.978
2780 -18.978
2781 -18.978
2782 -18.978
2783 -18.978
2784 -18.978
2785 -18.978
2786 -18.978
2787 -18.978
2788 -18.978
2789 -18.978
2790 -18.978
2791 -18.978
2792 -18.978
2793 -18.978
2794 -18.978
2795 -18.978
2796 -18.978
2797 -18.9786
2798 -18.9786
2799 -18.9786
2800 -18.9791
2801 -18.9791
2802 -18.9803
2803 -18.9803
2804 -18.9803
2805 -18.9803
2806 -18.9804
2807 -18.9804
2808 -18.9804
2809 -18.9804
2810 -18.9804
2811 -18.9804
2812 -18.9808
2813 -18.9808
2814 -18.992
2815 -18.992
2816 -18.999
2817 -18.999
2818 -18.9996
2819 -18.9996
2820 -18.9996
2821 -18.9996
2822 -19
2823 -19
2824 -19
2825 -19
2826 -19.0001
2827 -19.0001
2828 -19.0002
2829 -19.0002
2830 -19.0002
2831 -19.0002
2832 -19.0002
2833 -19.0002
2834 -19.0002
2835 -19.0002
2836 -19.0002
2837 -19.0002
2838 -19.0002
2839 -19.0002
2840 -19.0002
2841 -19.0002
2842 -19.0002
2843 -19.0002
2844 -19.0002
2845 -19.0002
2846 -19.0002
2847 -19.0002
2848 -19.0002
2849 -19.0003
2850 -19.0003
2851 -19.0003
2852 -19.0003
2853 -19.0003
2854 -19.0003
2855 -19.0003
2856 -19.0003
2857 -19.0003
2858 -19.0026
2859 -19.0026
2860 -19.0026
2861 -19.0026
2862 -19.0026
2863 -19.0026
2864 -19.0026
2865 -19.0027
2866 -19.0027
2867 -19.0027
2868 -19.0027
2869 -19.0027
2870 -19.0027
2871 -19.0027
2872 -19.0027
2873 -19.0027
2874 -19.0027
2875 -19.0027
2876 -19.0027
2877 -19.0061
2878 -19.0061
2879 -19.0061
2880 -19.0061
2881 -19.0098
2882 -19.0145
2883 -19.0168
2884 -19.0168
2885 -19.0168
2886 -19.0168
2887 -19.0168
2888 -19.0202
2889 -19.0266
2890 -19.0276
2891 -19.0276
2892 -19.0293
2893 -19.0301
2894 -19.0301
2895 -19.0301
2896 -19.0301
2897 -19.0305
2898 -19.0307
2899 -19.0307
2900 -19.0307
2901 -19.0307
2902 -19.0307
2903 -19.0307
2904 -19.0307
2905 -19.0307
2906 -19.0323
2907 -19.0323
2908 -19.0323
2909 -19.0325
2910 -19.0326
2911 -19.0326
2912 -19.0326
2913 -19.0326
2914 -19.0327
2915 -19.0327
2916 -19.0327
2917 -19.0327
2918 -19.0327
2919 -19.0327
2920 -19.0329
2921 -19.0331
2922 -19.0331
2923 -19.0331
2924 -19.0331
2925 -19.0331
2926 -19.0332
2927 -19.0332
2928 -19.0332
2929 -19.0333
2930 -19.0333
2931 -19.0333
2932 -19.0335
2933 -19.0336
2934 -19.0336
2935 -19.0337
2936 -19.0338
2937 -19.0339
2938 -19.0339
2939 -19.0339
2940 -19.0339
2941 -19.0339
2942 -19.034
2943 -19.034
2944 -19.034
2945 -19.034
2946 -19.034
2947 -19.034
2948 -19.034
2949 -19.034
2950 -19.034
2951 -19.034
2952 -19.034
2953 -19.034
2954 -19.034
2955 -19.034
2956 -19.034
2957 -19.0348
2958 -19.0348
2959 -19.0348
2960 -19.0348
2961 -19.0363
2962 -19.0363
2963 -19.0363
2964 -19.0363
2965 -19.0363
2966 -19.0363
2967 -19.0363
2968 -19.0363
2969 -19.0363
2970 -19.0363
2971 -19.0363
2972 -19.0363
2973 -19.0363
2974 -19.0363
2975 -19.0363
2976 -19.0363
2977 -19.0363
2978 -19.0363
2979 -19.0363
2980 -19.0366
2981 -19.0366
2982 -19.0366
2983 -19.0366
2984 -19.0366
2985 -19.0366
2986 -19.0366
2987 -19.0366
2988 -19.0366
2989 -19.0366
2990 -19.0415
2991 -19.0415
2992 -19.0458
2993 -19.0458
2994 -19.0458
2995 -19.0459
2996 -19.0466
2997 -19.0466
2998 -19.0467
2999 -19.0467
