0.610178 0.610178 0.505337 
0.454443 0.454443 0.766135 
0.586884 0.586884 0.557795 
0.574905 0.574905 0.582209 
0.524622 0.524622 0.67048 
0.349008 0.349008 0.869705 
0.531251 0.531251 0.659958 
0.569081 0.569081 0.593543 
0.44735 0.44735 0.774439 
0.504481 0.504481 0.700713 
0.440098 0.440098 0.782705 
0.665601 0.665601 0.337567 
0.183094 0.183094 0.965895 
0.592822 0.592822 0.54509 
0.537675 0.537675 0.649471 
0.404125 0.404125 0.820589 
0.356686 0.356686 0.863453 
0.544008 0.544008 0.638835 
0.426057 0.426057 0.798093 
0.550321 0.550321 0.627927 
0.364664 0.364664 0.856761 
0.688382 0.688382 0.228608 
0.433123 0.433123 0.790449 
0.604504 0.604504 0.518797 
0.411677 0.411677 0.813046 
0.290924 0.290924 0.911442 
0.341313 0.341313 0.875792 
0.615683 0.615683 0.491802 
0.333369 0.333369 0.88189 
0.631384 0.631384 0.45023 
0.598704 0.598704 0.532079 
0.219575 0.219575 0.950565 
0.388652 0.388652 0.835403 
0.418904 0.418904 0.805629 
0.468703 0.468703 0.748756 
0.556785 0.556785 0.616425 
0.475801 0.475801 0.739747 
0.661198 0.661198 0.35445 
0.562979 0.562979 0.605069 
0.701432 0.701432 0.126435 
0.20107 0.20107 0.958719 
0.626274 0.626274 0.464285 
0.396503 0.396503 0.827992 
0.461658 0.461658 0.757459 
0.517933 0.517933 0.680801 
0.691352 0.691352 0.209914 
0.511246 0.511246 0.690836 
0.497565 0.497565 0.710533 
0.299449 0.299449 0.905903 
0.694195 0.694195 0.190225 
0.644671 0.644671 0.410852 
0.648849 0.648849 0.39748 
0.380692 0.380692 0.842702 
0.580931 0.580931 0.570122 
0.635826 0.635826 0.437551 
0.640324 0.640324 0.424229 
0.273514 0.273514 0.922161 
0.653252 0.653252 0.382784 
0.703339 0.703339 0.10309 
0.677988 0.677988 0.284015 
0.621019 0.621019 0.478195 
0.66989 0.66989 0.320146 
0.685031 0.685031 0.24792 
0.674068 0.674068 0.302102 
0.656761 0.656761 0.370581 
0.483093 0.483093 0.730235 
0.282319 0.282319 0.916838 
0.307983 0.307983 0.900163 
0.68157 0.68157 0.266314 
0.228458 0.228458 0.946369 
0.696808 0.696808 0.170049 
0.24645 0.24645 0.937297 
0.32498 0.32498 0.888131 
0.237074 0.237074 0.942121 
0.0945705 0.0945705 0.991016 
0.162413 0.162413 0.973265 
0.173575 0.173575 0.969404 
0.255763 0.255763 0.932293 
0.15048 0.15048 0.977094 
0.0806254 0.0806254 0.993478 
0.0469123 0.0469123 0.997797 
0.37275 0.37275 0.849774 
0.490427 0.490427 0.72039 
0.210382 0.210382 0.954714 
0.264873 0.264873 0.927192 
0.31651 0.31651 0.894228 
0.0124344 0.0124344 0.999845 
0.706026 0.706026 0.0552661 
0.699119 0.699119 0.149882 
0.0323775 0.0323775 0.998951 
0.136449 0.136449 0.981205 
0.121725 0.121725 0.985072 
0.107693 0.107693 0.988334 
0.706809 0.706809 0.0290098 
4.32978e-17 4.32978e-17 1 
0.704873 0.704873 0.0794304 
0.0682994 0.0682994 0.995324 
0.707091 0.707091 0.00662663 
0.707107 0.707107 0 
0.707107 0.707107 0 
0.707107 0.707107 0 
0.707107 0.707107 0 
0.707107 0.707107 0 
0.707107 0.707107 0 
1.4635 0.755976 0 
