0.404196 0.404196 0.820519 
0.582183 0.582183 0.567561 
0.588102 0.588102 0.555223 
0.630686 0.630686 0.452183 
0.645353 0.645353 0.408703 
0.525934 0.525934 0.668422 
0.576031 0.576031 0.579979 
0.599545 0.599545 0.530182 
0.441282 0.441282 0.781371 
0.605097 0.605097 0.517411 
0.563459 0.563459 0.604176 
0.569765 0.569765 0.592229 
0.46361 0.46361 0.755071 
0.620868 0.620868 0.478588 
0.456227 0.456227 0.764011 
0.477977 0.477977 0.736937 
0.66702 0.66702 0.331915 
0.538105 0.538105 0.648758 
0.557033 0.557033 0.615978 
0.59385 0.59385 0.542849 
0.6406 0.6406 0.423396 
0.649741 0.649741 0.394555 
0.625792 0.625792 0.465583 
0.51949 0.51949 0.678425 
0.635728 0.635728 0.437834 
0.281138 0.281138 0.917564 
0.702274 0.702274 0.116711 
0.418957 0.418957 0.805574 
0.674022 0.674022 0.302308 
0.256027 0.256027 0.932148 
0.53207 0.53207 0.658637 
0.426518 0.426518 0.797599 
0.662847 0.662847 0.348236 
0.411455 0.411455 0.813271 
0.492402 0.492402 0.71769 
0.499519 0.499519 0.707787 
0.289485 0.289485 0.912358 
0.470874 0.470874 0.746027 
0.6705 0.6705 0.317583 
0.305896 0.305896 0.901585 
0.322522 0.322522 0.889921 
0.448843 0.448843 0.772709 
0.615663 0.615663 0.491852 
0.314158 0.314158 0.895885 
0.247 0.247 0.937007 
0.228529 0.228529 0.946334 
0.237751 0.237751 0.94178 
0.610347 0.610347 0.504929 
0.171394 0.171394 0.970179 
0.680683 0.680683 0.270818 
0.433789 0.433789 0.789718 
0.677483 0.677483 0.286413 
0.388323 0.388323 0.83571 
0.396253 0.396253 0.828232 
0.297782 0.297782 0.907002 
0.550895 0.550895 0.62692 
0.331312 0.331312 0.883439 
0.219258 0.219258 0.950711 
0.506283 0.506283 0.698108 
0.0811932 0.0811932 0.993386 
0.375636 0.375636 0.847228 
0.209773 0.209773 0.954982 
0.139945 0.139945 0.98022 
0.357369 0.357369 0.862887 
0.340155 0.340155 0.876692 
0.348866 0.348866 0.869819 
0.544742 0.544742 0.637583 
0.109714 0.109714 0.98789 
0.366948 0.366948 0.854809 
0.706881 0.706881 0.0252898 
0.19058 0.19058 0.962994 
0.684017 0.684017 0.253457 
0.658567 0.658567 0.364116 
0.265428 0.265428 0.926874 
0.485203 0.485203 0.727432 
0.0575012 0.0575012 0.996688 
0.69226 0.69226 0.203843 
0.706342 0.706342 0.0465025 
0.700382 0.700382 0.137585 
0.687162 0.687162 0.235835 
0.698287 0.698287 0.157447 
0.0949873 0.0949873 0.990936 
0.0205856 0.0205856 0.999576 
0.705683 0.705683 0.0634191 
0.118645 0.118645 0.985823 
0.0423897 0.0423897 0.998201 
0.129914 0.129914 0.982977 
0.155856 0.155856 0.975406 
0.704745 0.704745 0.0816572 
0.694449 0.694449 0.188363 
0.512916 0.512916 0.688357 
4.32978e-17 4.32978e-17 1 
0.696053 0.696053 0.176123 
0.188437 0.188437 0.963838 
0.275527 0.275527 0.920962 
0.654274 0.654274 0.379276 
0.703469 0.703469 0.101306 
0.682672 0.682672 0.260611 
0.707107 0.707107 0 
0.69006 0.69006 0.218253 
0.707107 0.707107 0 
3.47127 0.779034 0 
