0.584328 0.584328 0.563135 
0.405994 0.405994 0.818742 
0.698239 0.698239 0.157876 
0.657328 0.657328 0.368563 
0.553259 0.553259 0.622743 
0.61212 0.61212 0.500618 
0.601455 0.601455 0.525836 
0.578409 0.578409 0.575227 
0.695847 0.695847 0.177745 
0.429291 0.429291 0.794619 
0.606902 0.606902 0.513166 
0.298043 0.298043 0.90683 
0.693252 0.693252 0.196989 
0.652976 0.652976 0.383725 
0.413784 0.413784 0.810904 
0.55973 0.55973 0.611069 
0.590093 0.590093 0.550982 
0.357399 0.357399 0.862863 
0.187412 0.187412 0.964237 
0.332053 0.332053 0.882883 
0.32352 0.32352 0.889196 
0.382011 0.382011 0.841508 
0.373851 0.373851 0.848805 
0.687347 0.687347 0.234751 
0.30662 0.30662 0.901093 
0.390159 0.390159 0.833998 
0.315166 0.315166 0.895176 
0.566121 0.566121 0.599179 
0.690371 0.690371 0.216276 
0.665598 0.665598 0.337578 
0.534247 0.534247 0.655103 
0.15078 0.15078 0.977001 
0.503507 0.503507 0.702112 
0.572308 0.572308 0.587304 
0.1602 0.1602 0.973998 
0.546702 0.546702 0.634219 
0.515599 0.515599 0.684336 
0.6771 0.6771 0.288223 
0.521901 0.521901 0.674713 
0.398152 0.398152 0.826408 
0.509626 0.509626 0.693226 
0.684061 0.684061 0.253219 
0.289469 0.289469 0.912368 
0.595875 0.595875 0.538392 
0.421545 0.421545 0.80287 
0.669563 0.669563 0.321512 
0.700421 0.700421 0.137192 
0.196673 0.196673 0.960541 
0.673383 0.673383 0.305142 
0.280522 0.280522 0.917941 
0.178508 0.178508 0.967611 
0.340648 0.340648 0.876309 
0.349092 0.349092 0.869638 
0.706138 0.706138 0.052326 
0.617433 0.617433 0.487395 
0.271711 0.271711 0.923226 
0.680637 0.680637 0.271049 
0.622743 0.622743 0.473689 
0.169329 0.169329 0.970905 
0.702313 0.702313 0.116243 
0.705141 0.705141 0.0745183 
0.540314 0.540314 0.645075 
0.643909 0.643909 0.413235 
0.12166 0.12166 0.985088 
0.528009 0.528009 0.665141 
0.0323841 0.0323841 0.998951 
0.706842 0.706842 0.0273675 
0.113448 0.113448 0.987046 
0.661561 0.661561 0.353091 
0.13097 0.13097 0.982697 
0.0223419 0.0223419 0.999501 
0.468043 0.468043 0.749581 
0.437083 0.437083 0.786077 
0.648473 0.648473 0.398706 
0.639278 0.639278 0.427371 
0.63402 0.63402 0.44276 
0.49207 0.49207 0.718146 
0.497882 0.497882 0.710089 
0.365563 0.365563 0.855995 
0.475485 0.475485 0.740153 
0.103328 0.103328 0.989266 
0.703868 0.703868 0.0956031 
0.0724503 0.0724503 0.994737 
0.0133821 0.0133821 0.999821 
0.460395 0.460395 0.758994 
0.452664 0.452664 0.768238 
0.444894 0.444894 0.777264 
0.140908 0.140908 0.979944 
0.0933531 0.0933531 0.991247 
0.0620609 0.0620609 0.996141 
0.483282 0.483282 0.729985 
0.225272 0.225272 0.947895 
0.23498 0.23498 0.94317 
0.0520412 0.0520412 0.997288 
0.628522 0.628522 0.45817 
0.244438 0.244438 0.93835 
0.215549 0.215549 0.952406 
0.0829136 0.0829136 0.993102 
0.253721 0.253721 0.933409 
0.20615 0.20615 0.956559 
0.041845 0.041845 0.998247 
0.262628 0.262628 0.928468 
4.32978e-17 4.32978e-17 1 
4.32978e-17 4.32978e-17 1 
0.707107 0.707107 0 
