0.506539 0.506539 0.697737 
0.390415 0.390415 0.833758 
0.420688 0.420688 0.803769 
0.45019 0.45019 0.771141 
0.663192 0.663192 0.346919 
0.428073 0.428073 0.795932 
0.435559 0.435559 0.787767 
0.398103 0.398103 0.826456 
0.486314 0.486314 0.725946 
0.694396 0.694396 0.188752 
0.678449 0.678449 0.281806 
0.532399 0.532399 0.658105 
0.538836 0.538836 0.647543 
0.413234 0.413234 0.811465 
0.545264 0.545264 0.63669 
0.671057 0.671057 0.315224 
0.699473 0.699473 0.146548 
0.601679 0.601679 0.525323 
0.667154 0.667154 0.331377 
0.589832 0.589832 0.551541 
0.558416 0.558416 0.613468 
0.68846 0.68846 0.228132 
0.2689 0.2689 0.924871 
0.405707 0.405707 0.819026 
0.493399 0.493399 0.71632 
0.681926 0.681926 0.264486 
0.519502 0.519502 0.678406 
0.464738 0.464738 0.753682 
0.360252 0.360252 0.860487 
0.685272 0.685272 0.246583 
0.367711 0.367711 0.854153 
0.35277 0.35277 0.866664 
0.472058 0.472058 0.744528 
0.499995 0.499995 0.707113 
0.564869 0.564869 0.601537 
0.526047 0.526047 0.668244 
0.624266 0.624266 0.469662 
0.595954 0.595954 0.538217 
0.204927 0.204927 0.957084 
0.67482 0.67482 0.298723 
0.382772 0.382772 0.840816 
0.479264 0.479264 0.735263 
0.345355 0.345355 0.872616 
0.457425 0.457425 0.762578 
0.213953 0.213953 0.953125 
0.551904 0.551904 0.625143 
0.260122 0.260122 0.929878 
0.649908 0.649908 0.394003 
0.286348 0.286348 0.914336 
0.571304 0.571304 0.589257 
0.577631 0.577631 0.576789 
0.513109 0.513109 0.688069 
0.703443 0.703443 0.101665 
0.701604 0.701604 0.124508 
0.697051 0.697051 0.168048 
0.691521 0.691521 0.2088 
0.658897 0.658897 0.362919 
0.645601 0.645601 0.407919 
0.277511 0.277511 0.919769 
0.65441 0.65441 0.378807 
0.618773 0.618773 0.483984 
0.607549 0.607549 0.511634 
0.613214 0.613214 0.497933 
0.0316775 0.0316775 0.998996 
0.310797 0.310797 0.898226 
0.0413278 0.0413278 0.998291 
0.223277 0.223277 0.948838 
0.375096 0.375096 0.847706 
0.583752 0.583752 0.56433 
0.706957 0.706957 0.0205623 
0.705773 0.705773 0.0613859 
0.241842 0.241842 0.939694 
0.303133 0.303133 0.90345 
0.635782 0.635782 0.437678 
0.115863 0.115863 0.986484 
0.0839672 0.0839672 0.992924 
0.0222833 0.0222833 0.999503 
0.294856 0.294856 0.908911 
0.442903 0.442903 0.779534 
0.185383 0.185383 0.965021 
0.135789 0.135789 0.981388 
0.125741 0.125741 0.984062 
0.155558 0.155558 0.975502 
0.337661 0.337661 0.878619 
0.704709 0.704709 0.0822815 
0.052202 0.052202 0.997271 
0.629443 0.629443 0.455635 
0.19524 0.19524 0.961126 
0.320114 0.320114 0.891658 
0.232552 0.232552 0.944372 
0.175327 0.175327 0.968773 
0.641531 0.641531 0.420566 
0.706561 0.706561 0.0392896 
0.0632427 0.0632427 0.995992 
0.092344 0.092344 0.991436 
0.105493 0.105493 0.988809 
0.0109971 0.0109971 0.999879 
0.328813 0.328813 0.885305 
0.165387 0.165387 0.972262 
0.145632 0.145632 0.978561 
0.251033 0.251033 0.934861 
0.0730063 0.0730063 0.994656 
4.32978e-17 4.32978e-17 1 
0.0997063 0.0997063 0.990009 
0.707107 0.707107 0 
