0.571703 0.571703 0.588483 
0.500887 0.500887 0.70585 
0.700233 0.700233 0.139095 
0.487734 0.487734 0.724039 
0.548334 0.548334 0.631395 
0.665322 0.665322 0.338662 
0.52142 0.52142 0.675457 
0.56055 0.56055 0.609563 
0.577304 0.577304 0.577442 
0.669116 0.669116 0.323368 
0.528233 0.528233 0.664785 
0.53504 0.53504 0.653808 
0.582872 0.582872 0.566144 
0.459449 0.459449 0.76014 
0.679942 0.679942 0.274514 
0.686616 0.686616 0.238992 
0.566145 0.566145 0.599133 
0.420764 0.420764 0.803689 
0.652752 0.652752 0.384487 
0.657125 0.657125 0.369287 
0.40585 0.40585 0.818884 
0.466663 0.466663 0.7513 
0.692689 0.692689 0.200909 
0.69798 0.69798 0.160146 
0.364129 0.364129 0.857217 
0.689784 0.689784 0.219988 
0.436227 0.436227 0.787027 
0.67639 0.67639 0.291537 
0.609708 0.609708 0.506471 
0.624585 0.624585 0.468815 
0.428521 0.428521 0.795449 
0.672791 0.672791 0.30774 
0.507607 0.507607 0.696182 
0.514417 0.514417 0.686113 
0.451511 0.451511 0.769595 
0.604474 0.604474 0.518867 
0.443982 0.443982 0.778306 
0.599082 0.599082 0.531227 
0.661206 0.661206 0.354418 
0.628673 0.628673 0.457756 
0.413392 0.413392 0.811304 
0.397831 0.397831 0.826717 
0.593828 0.593828 0.542896 
0.480904 0.480904 0.733118 
0.647895 0.647895 0.400581 
0.695441 0.695441 0.180899 
0.633516 0.633516 0.444201 
0.6427 0.6427 0.416982 
0.619555 0.619555 0.481979 
0.638423 0.638423 0.429922 
0.683364 0.683364 0.256958 
0.356057 0.356057 0.863972 
0.177892 0.177892 0.967837 
0.38934 0.38934 0.834763 
0.169341 0.169341 0.9709 
0.264914 0.264914 0.927168 
0.494298 0.494298 0.71508 
0.339882 0.339882 0.876904 
0.187344 0.187344 0.964263 
0.473963 0.473963 0.742104 
0.347974 0.347974 0.870533 
0.706943 0.706943 0.0215217 
0.22824 0.22824 0.946474 
0.20657 0.20657 0.956377 
0.197337 0.197337 0.960269 
0.247055 0.247055 0.936978 
0.159886 0.159886 0.974101 
0.283275 0.283275 0.916248 
0.102729 0.102729 0.98939 
0.319893 0.319893 0.891816 
0.13334 0.13334 0.98206 
0.705358 0.705358 0.0702856 
0.03654 0.03654 0.998664 
0.327453 0.327453 0.886312 
0.112029 0.112029 0.98737 
0.372501 0.372501 0.849992 
0.588317 0.588317 0.554767 
0.334752 0.334752 0.880842 
0.541667 0.541667 0.642802 
0.702247 0.702247 0.117045 
0.706414 0.706414 0.044252 
0.704024 0.704024 0.0932704 
0.142495 0.142495 0.979485 
0.218643 0.218643 0.950994 
0.0122605 0.0122605 0.99985 
0.0244163 0.0244163 0.999404 
0.301725 0.301725 0.904392 
0.0804412 0.0804412 0.993508 
0.0917459 0.0917459 0.991547 
0.122644 0.122644 0.984844 
0.0478556 0.0478556 0.997707 
0.0589036 0.0589036 0.996524 
0.292051 0.292051 0.910721 
0.311925 0.311925 0.897444 
0.0698561 0.0698561 0.995108 
0.381143 0.381143 0.842295 
0.274194 0.274194 0.921756 
0.256323 0.256323 0.931985 
4.32978e-17 4.32978e-17 1 
0.211006 0.211006 0.954439 
0.150148 0.150148 0.977195 
0.554502 0.554502 0.620527 
0.238016 0.238016 0.941646 
0.614673 0.614673 0.494323 
0.707107 0.707107 0 
