0.387912 0.387912 0.836091 
0.341667 0.341667 0.875516 
0.672504 0.672504 0.308994 
0.67627 0.67627 0.29209 
0.357399 0.357399 0.862863 
0.325677 0.325677 0.88762 
0.309323 0.309323 0.899244 
0.621872 0.621872 0.475974 
0.616708 0.616708 0.489225 
0.611608 0.611608 0.501868 
0.664612 0.664612 0.341442 
0.317531 0.317531 0.893503 
0.430769 0.430769 0.793018 
0.632288 0.632288 0.447687 
0.637383 0.637383 0.432996 
0.683384 0.683384 0.256851 
0.43777 0.43777 0.785312 
0.571501 0.571501 0.588874 
0.679888 0.679888 0.274782 
0.333668 0.333668 0.881664 
0.28413 0.28413 0.915719 
0.349585 0.349585 0.869242 
0.589984 0.589984 0.551214 
0.705091 0.705091 0.075452 
0.627118 0.627118 0.462002 
0.595758 0.595758 0.53865 
0.300931 0.300931 0.90492 
0.655948 0.655948 0.373448 
0.365129 0.365129 0.856365 
0.416141 0.416141 0.808489 
0.409268 0.409268 0.815475 
0.37275 0.37275 0.849773 
0.380395 0.380395 0.842971 
0.651461 0.651461 0.38884 
0.275784 0.275784 0.920808 
0.444922 0.444922 0.777231 
0.395098 0.395098 0.829334 
0.646825 0.646825 0.404025 
0.689546 0.689546 0.221478 
0.223912 0.223912 0.948539 
0.267358 0.267358 0.925764 
0.686578 0.686578 0.239209 
0.692353 0.692353 0.20321 
0.695057 0.695057 0.183823 
0.577762 0.577762 0.576527 
0.70367 0.70367 0.0984804 
0.701873 0.701873 0.121448 
0.452155 0.452155 0.768837 
0.466192 0.466192 0.751885 
0.601114 0.601114 0.526615 
0.292533 0.292533 0.910412 
0.531738 0.531738 0.659174 
0.21466 0.21466 0.952808 
0.606389 0.606389 0.514378 
0.423473 0.423473 0.800837 
0.668626 0.668626 0.32539 
0.206305 0.206305 0.956492 
0.402201 0.402201 0.822478 
0.699824 0.699824 0.14315 
0.642159 0.642159 0.418645 
0.17927 0.17927 0.967329 
0.697544 0.697544 0.163906 
0.196878 0.196878 0.960457 
0.583955 0.583955 0.563908 
0.187474 0.187474 0.964213 
0.564911 0.564911 0.601457 
0.524742 0.524742 0.670291 
0.25816 0.25816 0.930971 
0.12668 0.12668 0.983821 
0.0336908 0.0336908 0.998864 
0.51772 0.51772 0.681126 
0.496056 0.496056 0.712641 
0.706185 0.706185 0.0510371 
0.551305 0.551305 0.6262 
0.54472 0.54472 0.63762 
0.473745 0.473745 0.742383 
0.66044 0.66044 0.357264 
0.538463 0.538463 0.648164 
0.147245 0.147245 0.978079 
0.045166 0.045166 0.997958 
0.0566923 0.0566923 0.996781 
0.459094 0.459094 0.760569 
0.488738 0.488738 0.722683 
0.481304 0.481304 0.732593 
0.155684 0.155684 0.975461 
0.557291 0.557291 0.615511 
0.161233 0.161233 0.973657 
0.249248 0.249248 0.935815 
0.0931957 0.0931957 0.991277 
0.104239 0.104239 0.989074 
0.0817958 0.0817958 0.993287 
0.115948 0.115948 0.986464 
0.706874 0.706874 0.025667 
0.0678581 0.0678581 0.995385 
0.137231 0.137231 0.980987 
0.0224229 0.0224229 0.999497 
0.0109812 0.0109812 0.999879 
0.510531 0.510531 0.691893 
0.169304 0.169304 0.970913 
0.503303 0.503303 0.702405 
0.233933 0.233933 0.94369 
4.32978e-17 4.32978e-17 1 
0.0211773 0.0211773 0.999551 
0.236895 0.236895 0.942211 
0.707107 0.707107 0 
