0.563374 0.563374 0.604334 
0.574793 0.574793 0.582432 
0.538941 0.538941 0.647368 
0.58614 0.58614 0.559356 
0.614246 0.614246 0.495383 
0.634986 0.634986 0.439983 
0.580463 0.580463 0.571074 
0.624661 0.624661 0.468613 
0.493021 0.493021 0.716841 
0.629794 0.629794 0.454665 
0.532679 0.532679 0.657651 
0.506432 0.506432 0.697891 
0.569129 0.569129 0.593452 
0.513116 0.513116 0.688057 
0.592028 0.592028 0.546813 
0.603406 0.603406 0.521347 
0.545227 0.545227 0.636753 
0.658105 0.658105 0.36578 
0.486229 0.486229 0.726059 
0.466546 0.466546 0.751445 
0.557416 0.557416 0.615285 
0.597765 0.597765 0.534185 
0.460002 0.460002 0.759471 
0.453364 0.453364 0.767413 
0.699544 0.699544 0.145864 
0.662316 0.662316 0.350249 
0.619491 0.619491 0.482144 
0.519808 0.519808 0.677938 
0.67438 0.67438 0.300706 
0.42439 0.42439 0.799867 
0.179307 0.179307 0.967315 
0.649432 0.649432 0.395569 
0.473048 0.473048 0.743271 
0.44642 0.44642 0.775511 
0.644659 0.644659 0.410889 
0.431836 0.431836 0.791856 
0.369548 0.369548 0.852566 
0.666434 0.666434 0.334263 
0.60892 0.60892 0.508363 
0.639829 0.639829 0.42572 
0.169919 0.169919 0.970698 
0.688599 0.688599 0.227293 
0.361813 0.361813 0.859176 
0.377064 0.377064 0.845958 
0.479552 0.479552 0.734888 
0.52636 0.52636 0.66775 
0.653877 0.653877 0.380644 
0.40095 0.40095 0.823698 
0.393004 0.393004 0.831321 
0.385447 0.385447 0.838368 
0.439179 0.439179 0.783737 
0.345194 0.345194 0.872744 
0.198178 0.198178 0.959922 
0.207397 0.207397 0.95602 
0.288671 0.288671 0.912874 
0.30501 0.30501 0.902185 
0.353476 0.353476 0.866088 
0.26306 0.26306 0.928224 
0.499743 0.499743 0.70747 
0.280076 0.280076 0.918213 
0.271677 0.271677 0.923246 
0.235725 0.235725 0.942798 
0.253971 0.253971 0.933272 
0.226247 0.226247 0.947431 
0.188688 0.188688 0.963739 
0.29691 0.29691 0.907573 
0.336686 0.336686 0.879366 
0.131818 0.131818 0.98247 
0.408962 0.408962 0.815782 
0.244804 0.244804 0.938159 
0.0329986 0.0329986 0.998911 
0.216821 0.216821 0.951828 
0.0796264 0.0796264 0.993639 
0.0118416 0.0118416 0.99986 
0.0690873 0.0690873 0.995215 
0.328124 0.328124 0.885815 
0.314651 0.314651 0.895539 
0.0904535 0.0904535 0.991784 
0.323465 0.323465 0.889236 
0.103693 0.103693 0.989189 
0.126482 0.126482 0.983872 
0.706388 0.706388 0.0450659 
0.705428 0.705428 0.0688727 
0.141616 0.141616 0.97974 
0.160454 0.160454 0.973914 
0.706908 0.706908 0.0237078 
0.694532 0.694532 0.187752 
0.703928 0.703928 0.0947127 
0.0475785 0.0475785 0.997734 
0.697168 0.697168 0.167074 
0.691674 0.691674 0.207785 
0.681886 0.681886 0.264693 
0.678218 0.678218 0.282915 
0.685363 0.685363 0.246081 
0.670496 0.670496 0.317602 
0.154177 0.154177 0.97594 
0.05801 0.05801 0.996629 
0.117259 0.117259 0.986154 
0.70185 0.70185 0.121709 
4.32978e-17 4.32978e-17 1 
0.0193144 0.0193144 0.999627 
0.0248449 0.0248449 0.999383 
0.416742 0.416742 0.807868 
0.55134 0.55134 0.626138 
0.707107 0.707107 0 
