0.360365 0.360365 0.860392 
0.367904 0.367904 0.853986 
0.690574 0.690574 0.214977 
0.542349 0.542349 0.641651 
0.702246 0.702246 0.117049 
0.344934 0.344934 0.87295 
0.687642 0.687642 0.23302 
0.522968 0.522968 0.673059 
0.590788 0.590788 0.54949 
0.695926 0.695926 0.177127 
0.705185 0.705185 0.0736845 
0.693346 0.693346 0.196323 
0.607622 0.607622 0.511461 
0.703853 0.703853 0.095827 
0.68124 0.68124 0.268003 
0.267174 0.267174 0.925871 
0.643948 0.643948 0.413112 
0.502555 0.502555 0.703475 
0.638977 0.638977 0.428272 
0.698277 0.698277 0.157535 
0.232391 0.232391 0.944452 
0.241413 0.241413 0.939915 
0.535942 0.535942 0.652328 
0.572967 0.572967 0.586019 
0.700387 0.700387 0.137538 
0.579043 0.579043 0.57395 
0.706205 0.706205 0.0505009 
0.516263 0.516263 0.683334 
0.706871 0.706871 0.025809 
0.415175 0.415175 0.809481 
0.653482 0.653482 0.381999 
0.336743 0.336743 0.879322 
0.250106 0.250106 0.935358 
0.223476 0.223476 0.948745 
0.509423 0.509423 0.693525 
0.375421 0.375421 0.847419 
0.352683 0.352683 0.866735 
0.648804 0.648804 0.397627 
0.495507 0.495507 0.713405 
0.68454 0.68454 0.250618 
0.55475 0.55475 0.620084 
0.584857 0.584857 0.562036 
0.596483 0.596483 0.537044 
0.560747 0.560747 0.609201 
0.602006 0.602006 0.524574 
0.529514 0.529514 0.662744 
0.42262 0.42262 0.801739 
0.452485 0.452485 0.768449 
0.445398 0.445398 0.776686 
0.481404 0.481404 0.732462 
0.674529 0.674529 0.300036 
0.430285 0.430285 0.793543 
0.488299 0.488299 0.723276 
0.459168 0.459168 0.760479 
0.466241 0.466241 0.751824 
0.548664 0.548664 0.630821 
0.391005 0.391005 0.833205 
0.56676 0.56676 0.597968 
0.630479 0.630479 0.452762 
0.214452 0.214452 0.952901 
0.670627 0.670627 0.317047 
0.657941 0.657941 0.366371 
0.383242 0.383242 0.840388 
0.29381 0.29381 0.909588 
0.635537 0.635537 0.438389 
0.151661 0.151661 0.976728 
0.0756953 0.0756953 0.994254 
0.185683 0.185683 0.964906 
0.666627 0.666627 0.333492 
0.302362 0.302362 0.903966 
0.17718 0.17718 0.968098 
0.437946 0.437946 0.785115 
0.0269 0.0269 0.999276 
0.61316 0.61316 0.498065 
0.160416 0.160416 0.973927 
0.00914517 0.00914517 0.999916 
0.25857 0.25857 0.930743 
0.625103 0.625103 0.467431 
0.195663 0.195663 0.960954 
0.13746 0.13746 0.980923 
0.169337 0.169337 0.970902 
0.108356 0.108356 0.988189 
0.276046 0.276046 0.92065 
0.114751 0.114751 0.986744 
0.0631444 0.0631444 0.996005 
0.677908 0.677908 0.284396 
0.0508838 0.0508838 0.997407 
0.126663 0.126663 0.983826 
0.0879338 0.0879338 0.992238 
0.0388231 0.0388231 0.998492 
0.473821 0.473821 0.742285 
0.0991038 0.0991038 0.99013 
0.284939 0.284939 0.915215 
0.407151 0.407151 0.817591 
0.399148 0.399148 0.825447 
0.328174 0.328174 0.885779 
0.205086 0.205086 0.957016 
0.319576 0.319576 0.892044 
0.311057 0.311057 0.898046 
0.0179714 0.0179714 0.999677 
4.32978e-17 4.32978e-17 1 
0.619586 0.619586 0.481898 
0.66228 0.66228 0.350386 
0.0684733 0.0684733 0.9953 
0.707107 0.707107 0 
