0.684009 0.684009 0.253502 
0.491966 0.491966 0.718289 
0.639846 0.639846 0.42567 
0.665407 0.665407 0.338331 
0.64426 0.64426 0.412139 
0.300664 0.300664 0.905098 
0.673253 0.673253 0.305715 
0.599924 0.599924 0.529322 
0.67697 0.67697 0.28883 
0.59449 0.59449 0.541446 
0.630688 0.630688 0.452178 
0.687318 0.687318 0.234918 
0.589067 0.589067 0.553173 
0.448212 0.448212 0.773442 
0.572492 0.572492 0.586947 
0.652902 0.652902 0.383975 
0.680572 0.680572 0.271373 
0.566815 0.566815 0.597865 
0.610655 0.610655 0.504184 
0.477931 0.477931 0.736996 
0.523365 0.523365 0.672442 
0.625923 0.625923 0.465231 
0.648641 0.648641 0.398157 
0.536125 0.536125 0.652028 
0.485003 0.485003 0.727698 
0.605329 0.605329 0.51687 
0.690422 0.690422 0.215949 
0.635322 0.635322 0.439014 
0.529644 0.529644 0.662537 
0.693306 0.693306 0.196606 
0.702422 0.702422 0.11492 
0.620966 0.620966 0.478332 
0.334058 0.334058 0.881368 
0.561014 0.561014 0.608708 
0.351308 0.351308 0.867851 
0.30889 0.30889 0.899541 
0.463221 0.463221 0.755548 
0.504754 0.504754 0.700319 
0.578071 0.578071 0.575906 
0.517134 0.517134 0.682015 
0.657148 0.657148 0.369208 
0.325597 0.325597 0.887679 
0.554971 0.554971 0.619689 
0.375497 0.375497 0.847351 
0.542614 0.542614 0.641202 
0.181413 0.181413 0.966529 
0.359036 0.359036 0.861502 
0.615893 0.615893 0.491277 
0.292098 0.292098 0.91069 
0.548881 0.548881 0.630445 
0.425383 0.425383 0.798811 
0.198622 0.198622 0.959739 
0.283468 0.283468 0.916129 
0.698334 0.698334 0.157034 
0.171718 0.171718 0.970065 
0.162578 0.162578 0.97321 
0.661361 0.661361 0.353841 
0.218042 0.218042 0.951271 
0.342508 0.342508 0.874858 
0.470692 0.470692 0.746255 
0.700516 0.700516 0.136221 
0.153531 0.153531 0.976144 
0.432976 0.432976 0.790609 
0.669405 0.669405 0.322171 
0.144141 0.144141 0.979003 
0.227326 0.227326 0.946914 
0.190054 0.190054 0.963202 
0.0186675 0.0186675 0.999651 
0.498526 0.498526 0.709185 
0.583635 0.583635 0.564572 
0.511043 0.511043 0.691137 
0.111822 0.111822 0.987417 
0.409095 0.409095 0.815649 
0.704083 0.704083 0.0923773 
0.695966 0.695966 0.176814 
0.255744 0.255744 0.932303 
0.417275 0.417275 0.807318 
0.454861 0.454861 0.765639 
0.122735 0.122735 0.984821 
0.400854 0.400854 0.823791 
0.27425 0.27425 0.921723 
0.265049 0.265049 0.927091 
0.0642383 0.0642383 0.995865 
0.367287 0.367287 0.854517 
0.440653 0.440653 0.782081 
0.0293195 0.0293195 0.99914 
0.0760188 0.0760188 0.994204 
0.706575 0.706575 0.0387633 
0.0886032 0.0886032 0.992118 
0.0528845 0.0528845 0.997199 
0.0422396 0.0422396 0.998214 
0.100427 0.100427 0.989863 
0.133527 0.133527 0.982009 
0.383999 0.383999 0.839696 
0.392491 0.392491 0.831807 
0.246281 0.246281 0.937386 
0.208412 0.208412 0.955578 
0.705732 0.705732 0.0623214 
0.236788 0.236788 0.942265 
0.706974 0.706974 0.0193518 
0.00187627 0.00187627 0.999996 
0.317207 0.317207 0.893734 
4.32978e-17 4.32978e-17 1 
0.06755 0.06755 0.995427 
0.707107 0.707107 0 
