0.506047 0.506047 0.69845 
0.464554 0.464554 0.753909 
0.667776 0.667776 0.328863 
0.449662 0.449662 0.771757 
0.442213 0.442213 0.780317 
0.570201 0.570201 0.59139 
0.403684 0.403684 0.821023 
0.700318 0.700318 0.138236 
0.659517 0.659517 0.360658 
0.434658 0.434658 0.788762 
0.576112 0.576112 0.57982 
0.675495 0.675495 0.295658 
0.650522 0.650522 0.391971 
0.419177 0.419177 0.805346 
0.471721 0.471721 0.744956 
0.518837 0.518837 0.679423 
0.564155 0.564155 0.602875 
0.598204 0.598204 0.533202 
0.592745 0.592745 0.545259 
0.411526 0.411526 0.813199 
0.581857 0.581857 0.56823 
0.499332 0.499332 0.70805 
0.609177 0.609177 0.507747 
0.512498 0.512498 0.688979 
0.625228 0.625228 0.467096 
0.655085 0.655085 0.376468 
0.635692 0.635692 0.43794 
0.640742 0.640742 0.422964 
0.190929 0.190929 0.962856 
0.478776 0.478776 0.735898 
0.63042 0.63042 0.452926 
0.182211 0.182211 0.966229 
0.492591 0.492591 0.717432 
0.45718 0.45718 0.762872 
0.311373 0.311373 0.897827 
0.645723 0.645723 0.407535 
0.671674 0.671674 0.312582 
0.388201 0.388201 0.835823 
0.705271 0.705271 0.072015 
0.603696 0.603696 0.520674 
0.427036 0.427036 0.797044 
0.558314 0.558314 0.613654 
0.344296 0.344296 0.873453 
0.587345 0.587345 0.556823 
0.546062 0.546062 0.63532 
0.336819 0.336819 0.879265 
0.663721 0.663721 0.34489 
0.55241 0.55241 0.624249 
0.30282 0.30282 0.903659 
0.703956 0.703956 0.0943018 
0.539659 0.539659 0.646171 
0.295269 0.295269 0.908643 
0.200347 0.200347 0.959021 
0.32852 0.32852 0.885522 
0.525244 0.525244 0.669505 
0.319721 0.319721 0.89194 
0.0688958 0.0688958 0.995242 
0.0548459 0.0548459 0.996987 
0.209593 0.209593 0.955061 
0.152681 0.152681 0.97641 
0.61985 0.61985 0.481218 
0.35248 0.35248 0.8669 
0.247989 0.247989 0.936484 
0.277627 0.277627 0.919699 
0.286153 0.286153 0.914458 
0.370966 0.370966 0.851333 
0.172524 0.172524 0.969779 
0.142727 0.142727 0.979417 
0.614502 0.614502 0.494747 
0.706202 0.706202 0.050584 
0.694244 0.694244 0.189868 
0.679245 0.679245 0.277944 
0.706863 0.706863 0.0262519 
0.395873 0.395873 0.828594 
0.686218 0.686218 0.241265 
0.702264 0.702264 0.11684 
0.682832 0.682832 0.259769 
0.698204 0.698204 0.158186 
0.0411206 0.0411206 0.998308 
0.029731 0.029731 0.999116 
0.132755 0.132755 0.982218 
0.361894 0.361894 0.859107 
0.00625757 0.00625757 0.999961 
0.1628 0.1628 0.973135 
0.017992 0.017992 0.999676 
0.228524 0.228524 0.946337 
0.115732 0.115732 0.986515 
0.691821 0.691821 0.2068 
0.485676 0.485676 0.7268 
0.68884 0.68884 0.225828 
0.696597 0.696597 0.171768 
0.0816624 0.0816624 0.993309 
0.0944944 0.0944944 0.991031 
0.257941 0.257941 0.931093 
0.268168 0.268168 0.925296 
0.237911 0.237911 0.941699 
0.106646 0.106646 0.988561 
0.380005 0.380005 0.843322 
0.532675 0.532675 0.657658 
0.21909 0.21909 0.950789 
0.064122 0.064122 0.99588 
0.124771 0.124771 0.984309 
0.0768919 0.0768919 0.99407 
4.32978e-17 4.32978e-17 1 
0.707107 0.707107 0 
