0.626142 0.626142 0.464641 
0.492012 0.492012 0.718225 
0.427748 0.427748 0.796281 
0.621042 0.621042 0.478135 
0.389568 0.389568 0.83455 
0.435458 0.435458 0.787879 
0.581975 0.581975 0.567987 
0.518359 0.518359 0.680153 
0.457769 0.457769 0.762165 
0.604736 0.604736 0.518255 
0.636167 0.636167 0.436558 
0.631191 0.631191 0.450773 
0.498469 0.498469 0.709266 
0.471694 0.471694 0.74499 
0.52523 0.52523 0.669527 
0.677507 0.677507 0.286302 
0.404556 0.404556 0.820164 
0.420086 0.420086 0.804398 
0.36635 0.36635 0.855322 
0.587656 0.587656 0.556167 
0.48536 0.48536 0.727221 
0.654108 0.654108 0.37985 
0.666336 0.666336 0.334653 
0.599084 0.599084 0.531222 
0.358204 0.358204 0.862195 
0.681042 0.681042 0.269004 
0.381948 0.381948 0.841565 
0.374323 0.374323 0.848389 
0.450416 0.450416 0.770876 
0.649762 0.649762 0.394486 
0.532165 0.532165 0.658483 
0.56461 0.56461 0.602023 
0.593364 0.593364 0.54391 
0.693035 0.693035 0.198505 
0.673953 0.673953 0.302611 
0.349957 0.349957 0.868942 
0.645414 0.645414 0.408512 
0.690443 0.690443 0.215819 
0.442996 0.442996 0.779429 
0.333195 0.333195 0.882022 
0.397104 0.397104 0.827415 
0.478579 0.478579 0.736155 
0.412235 0.412235 0.81248 
0.46472 0.46472 0.753705 
0.687593 0.687593 0.233308 
0.670264 0.670264 0.318577 
0.706852 0.706852 0.0268675 
0.558354 0.558354 0.613581 
0.271362 0.271362 0.923431 
0.695375 0.695375 0.181407 
0.576331 0.576331 0.579383 
0.341428 0.341428 0.875702 
0.662472 0.662472 0.34966 
0.640851 0.640851 0.422636 
0.658363 0.658363 0.364852 
0.615476 0.615476 0.49232 
0.0258153 0.0258153 0.999333 
0.701663 0.701663 0.123843 
0.505075 0.505075 0.699856 
0.706124 0.706124 0.0527134 
0.538898 0.538898 0.647439 
0.699684 0.699684 0.144513 
0.325319 0.325319 0.887882 
0.704949 0.704949 0.078054 
0.697704 0.697704 0.162534 
0.7035 0.7035 0.100877 
0.253022 0.253022 0.933788 
0.262141 0.262141 0.928743 
0.610312 0.610312 0.505014 
0.551932 0.551932 0.625093 
0.233981 0.233981 0.943666 
0.511649 0.511649 0.690239 
0.545367 0.545367 0.636513 
0.127513 0.127513 0.983606 
0.0951868 0.0951868 0.990898 
0.0623643 0.0623643 0.996103 
0.31751 0.31751 0.893518 
0.280511 0.280511 0.917947 
0.0733032 0.0733032 0.994612 
0.24367 0.24367 0.938749 
0.308193 0.308193 0.900019 
0.0153683 0.0153683 0.999764 
0.299609 0.299609 0.905797 
0.213862 0.213862 0.953166 
0.170472 0.170472 0.970504 
0.148621 0.148621 0.977662 
0.684327 0.684327 0.251778 
0.288104 0.288104 0.913232 
0.0397718 0.0397718 0.998417 
0.0509488 0.0509488 0.997401 
0.18109 0.18109 0.96665 
0.207985 0.207985 0.955764 
0.159318 0.159318 0.974287 
0.199465 0.199465 0.959389 
0.224059 0.224059 0.94847 
0.116796 0.116796 0.986264 
0.105902 0.105902 0.988721 
0.137899 0.137899 0.9808 
0.0842665 0.0842665 0.992874 
4.32978e-17 4.32978e-17 1 
0.191308 0.191308 0.962706 
0.570517 0.570517 0.59078 
0.144425 0.144425 0.978919 
0.467815 0.467815 0.749865 
0.707107 0.707107 0 
