0.432873 0.432873 0.790722 
0.390863 0.390863 0.833338 
0.398054 0.398054 0.826502 
0.467028 0.467028 0.750846 
0.593472 0.593472 0.543674 
0.620299 0.620299 0.48006 
0.598995 0.598995 0.531422 
0.556831 0.556831 0.616343 
0.67042 0.67042 0.31792 
0.625391 0.625391 0.46666 
0.614984 0.614984 0.493548 
0.691626 0.691626 0.2081 
0.609706 0.609706 0.506475 
0.653044 0.653044 0.383492 
0.405324 0.405324 0.819405 
0.576003 0.576003 0.580036 
0.453042 0.453042 0.767793 
0.661948 0.661948 0.351638 
0.604377 0.604377 0.519093 
0.439482 0.439482 0.783397 
0.412378 0.412378 0.812336 
0.648519 0.648519 0.398554 
0.706196 0.706196 0.0507438 
0.375818 0.375818 0.847067 
0.634718 0.634718 0.440757 
0.681727 0.681727 0.265512 
0.426144 0.426144 0.797999 
0.502093 0.502093 0.704134 
0.509078 0.509078 0.694031 
0.678142 0.678142 0.283279 
0.446241 0.446241 0.775718 
0.630131 0.630131 0.453728 
0.639362 0.639362 0.427121 
0.494897 0.494897 0.714251 
0.543343 0.543343 0.639967 
0.53685 0.53685 0.650834 
0.460084 0.460084 0.759371 
0.699734 0.699734 0.144027 
0.688529 0.688529 0.227721 
0.488202 0.488202 0.723407 
0.701898 0.701898 0.12115 
0.563376 0.563376 0.604331 
0.359798 0.359798 0.860866 
0.643963 0.643963 0.413067 
0.211034 0.211034 0.954426 
0.367903 0.367903 0.853988 
0.419275 0.419275 0.805243 
0.56981 0.56981 0.592144 
0.202561 0.202561 0.958091 
0.243498 0.243498 0.938838 
0.21889 0.21889 0.950881 
0.582358 0.582358 0.567202 
0.22668 0.22668 0.947224 
0.235446 0.235446 0.942937 
0.703682 0.703682 0.0983028 
0.0630981 0.0630981 0.996011 
0.657483 0.657483 0.368012 
0.053062 0.053062 0.99718 
0.0435232 0.0435232 0.998104 
0.67433 0.67433 0.300931 
0.587966 0.587966 0.555511 
0.694609 0.694609 0.18718 
0.251477 0.251477 0.934622 
0.343449 0.343449 0.87412 
0.351732 0.351732 0.867507 
0.666267 0.666267 0.334928 
0.48126 0.48126 0.732652 
0.105214 0.105214 0.988868 
0.114853 0.114853 0.986721 
0.258379 0.258379 0.930849 
0.705105 0.705105 0.0751888 
0.383311 0.383311 0.840324 
0.0735537 0.0735537 0.994575 
0.474013 0.474013 0.74204 
0.186078 0.186078 0.964754 
0.193528 0.193528 0.961818 
0.0325302 0.0325302 0.998941 
0.124726 0.124726 0.984321 
0.516161 0.516161 0.683488 
0.0841383 0.0841383 0.992896 
0.325177 0.325177 0.887986 
0.0214829 0.0214829 0.999538 
0.278695 0.278695 0.919053 
0.685193 0.685193 0.247027 
0.706855 0.706855 0.0267025 
0.268331 0.268331 0.925201 
0.175613 0.175613 0.968669 
0.334603 0.334603 0.880955 
0.165389 0.165389 0.972262 
0.155279 0.155279 0.97559 
0.0111654 0.0111654 0.999875 
0.145224 0.145224 0.978683 
0.134921 0.134921 0.981628 
0.316229 0.316229 0.894426 
0.307242 0.307242 0.900669 
0.289203 0.289203 0.912537 
0.298243 0.298243 0.906698 
0.550227 0.550227 0.628092 
0.529997 0.529997 0.661971 
0.523169 0.523169 0.672747 
0.69728 0.69728 0.166137 
4.32978e-17 4.32978e-17 1 
0.0950375 0.0950375 0.990927 
0.177327 0.177327 0.968045 
0.707107 0.707107 0 
