0.0107241 0.897197 
0.0160566 0.873429 
0.00753144 0.913666 
0.00466559 0.931746 
0.00405003 0.93639 
0.00138802 0.963042 
0.000865543 0.97064 
0 1 
0 1 
0.0504952 0.775323 
0.0511671 0.773865 
0.0397564 0.801108 
0.0326952 0.819299 
0.0224483 0.850524 
0.0218901 0.852243 
0.0861968 0.706595 
0.0757958 0.72507 
0.0775402 0.721674 
0.063431 0.7483 
0.0627695 0.7497 
0.116687 0.658445 
0.109939 0.668618 
0.100722 0.683367 
0.0992298 0.6858 
0.15226 0.609825 
0.125231 0.646136 
0.12176 0.651191 
0.188909 0.56598 
0.186958 0.568641 
0.161483 0.598184 
0.161732 0.597995 
0.155785 0.605381 
0.220031 0.53108 
0.223078 0.528005 
0.195892 0.55774 
0.196839 0.55659 
0.254725 0.495612 
0.237349 0.513051 
0.236637 0.514448 
0.286572 0.465392 
0.279198 0.471665 
0.269278 0.481166 
0.326214 0.42894 
0.326906 0.428584 
0.299834 0.452537 
0.298929 0.453324 
0.347811 0.410292 
0.35415 0.405196 
0.385675 0.3798 
0.378028 0.385259 
0.362619 0.397996 
0.412491 0.35778 
0.408646 0.361535 
0.397195 0.370306 
0.404832 0.363811 
0.454856 0.325842 
0.457464 0.323985 
0.449931 0.329254 
0.434796 0.341193 
0.465856 0.318683 
0.490808 0.299475 
0.532128 0.270735 
0.5544 0.255557 
0.559409 0.252143 
0.544838 0.262338 
0.545288 0.262225 
0.587984 0.233429 
0.575877 0.241225 
0.619901 0.212671 
0.66184 0.186518 
0.647619 0.19527 
0.640262 0.199851 
0.68112 0.174848 
0.67802 0.176644 
0.72344 0.149501 
0.71845 0.152617 
0.711593 0.156496 
0.775004 0.119848 
0.773542 0.120554 
0.750111 0.13431 
0.762375 0.127244 
0.781986 0.115822 
0.798929 0.106208 
0.842787 0.0821491 
0.836946 0.0854263 
0.815819 0.0969623 
0.833273 0.0874369 
0.845117 0.0808724 
0.846881 0.0799606 
0.900374 0.0512821 
0.911043 0.0455553 
0.898859 0.0521456 
0.93247 0.0345135 
0.921036 0.0403074 
0.976953 0.0116329 
0.974917 0.0126774 
0.952493 0.0241079 
0.948531 0.0261396 
1 0 
0.991715 0.00432325 
