0.0114238 0.893473 
0.0146797 0.878875 
0.00880585 0.906522 
0.00958578 0.902186 
0.00721085 0.915103 
0.00265513 0.948544 
0 1 
0 1 
0.0512174 0.773915 
0.0420871 0.794892 
0.0495276 0.777693 
0.0337126 0.816938 
0.0329904 0.818524 
0.0175314 0.86761 
0.0181471 0.865373 
0.0860168 0.706744 
0.080674 0.715984 
0.0786606 0.719551 
0.0654838 0.744174 
0.0661034 0.743138 
0.114514 0.661611 
0.117563 0.657312 
0.089663 0.700587 
0.146807 0.617142 
0.136259 0.631159 
0.129113 0.640696 
0.121872 0.65105 
0.186349 0.56837 
0.189152 0.565132 
0.185704 0.56908 
0.165478 0.593673 
0.156274 0.604733 
0.156083 0.604935 
0.218025 0.533221 
0.217363 0.534086 
0.195965 0.557334 
0.208841 0.543132 
0.257948 0.492125 
0.250339 0.499685 
0.234847 0.515408 
0.233133 0.517211 
0.288569 0.46282 
0.292483 0.459401 
0.284857 0.466408 
0.324532 0.430547 
0.311295 0.442137 
0.306952 0.446138 
0.338078 0.418557 
0.354855 0.404306 
0.370446 0.391365 
0.362502 0.39792 
0.362304 0.398143 
0.415601 0.35533 
0.412422 0.357801 
0.404552 0.364134 
0.40365 0.36494 
0.464165 0.319179 
0.452891 0.327034 
0.442017 0.335172 
0.443781 0.333834 
0.499965 0.293036 
0.487504 0.301925 
0.480574 0.30693 
0.523085 0.276763 
0.512117 0.284561 
0.552272 0.257019 
0.561127 0.251074 
0.53853 0.266409 
0.534496 0.268941 
0.572542 0.243506 
0.604878 0.222265 
0.61474 0.216014 
0.663754 0.185568 
0.668535 0.182655 
0.64207 0.198847 
0.700793 0.162874 
0.682505 0.174193 
0.725869 0.148063 
0.733117 0.143798 
0.709515 0.157685 
0.7121 0.156321 
0.77358 0.120605 
0.775148 0.119594 
0.756957 0.130077 
0.74806 0.135098 
0.792034 0.110065 
0.789597 0.111408 
0.842079 0.082359 
0.820873 0.0939938 
0.858859 0.0732713 
0.89986 0.0514309 
0.890609 0.0562868 
0.884243 0.0597098 
0.945687 0.0275541 
0.91793 0.04193 
0.971488 0.0144211 
0.980878 0.00960776 
0.952251 0.0242735 
0.958101 0.0211839 
1 0 
