0.0149336 0.877893 
0.0157033 0.874803 
0.0140015 0.881699 
0.0111899 0.89427 
0.00714575 0.915593 
0.0046196 0.93214 
0.00162138 0.960294 
0.00251733 0.950052 
0 1 
0 1 
0.0503293 0.775712 
0.0477934 0.783688 
0.0400199 0.799985 
0.0344003 0.814634 
0.0342381 0.815125 
0.0192854 0.861183 
0.023554 0.846606 
0.0778399 0.721115 
0.070161 0.73519 
0.0636038 0.749918 
0.0564932 0.762357 
0.116349 0.658984 
0.117101 0.657942 
0.0972569 0.688165 
0.0863348 0.706277 
0.131835 0.638469 
0.142233 0.622921 
0.123123 0.64921 
0.126243 0.645191 
0.184446 0.570569 
0.170398 0.587299 
0.160928 0.598908 
0.219365 0.531713 
0.220304 0.530641 
0.199407 0.553482 
0.195678 0.557661 
0.248824 0.501305 
0.252564 0.499088 
0.237743 0.512648 
0.242679 0.507381 
0.286654 0.464716 
0.286373 0.464897 
0.258626 0.49154 
0.27408 0.476489 
0.317616 0.436516 
0.308336 0.444864 
0.346457 0.411445 
0.324243 0.430702 
0.373385 0.388972 
0.372005 0.390146 
0.359958 0.400101 
0.415626 0.355323 
0.425111 0.348128 
0.396101 0.370727 
0.396851 0.370151 
0.450427 0.329079 
0.457517 0.323624 
0.436292 0.339662 
0.445487 0.332552 
0.474269 0.311379 
0.493178 0.297761 
0.523311 0.276865 
0.523877 0.27622 
0.562247 0.250349 
0.55294 0.256401 
0.53755 0.266928 
0.535884 0.268014 
0.575394 0.24164 
0.568039 0.246336 
0.606004 0.222137 
0.599665 0.225707 
0.654055 0.19147 
0.651808 0.193426 
0.633451 0.204148 
0.632302 0.204829 
0.669421 0.181858 
0.667786 0.182829 
0.729615 0.14587 
0.720968 0.150909 
0.756651 0.130329 
0.794793 0.108567 
0.775624 0.119333 
0.827761 0.090189 
0.828541 0.0900408 
0.814836 0.0973984 
0.823578 0.0924992 
0.868209 0.0682593 
0.858292 0.0736075 
0.894515 0.0542463 
0.902532 0.0500315 
0.885994 0.0588956 
0.887413 0.0579774 
0.922858 0.0395463 
0.909982 0.0460764 
0.960847 0.0197999 
0.95478 0.0228749 
0.944405 0.0282359 
0.947288 0.0268013 
1 1.39437e-06 
0.988501 0.00577448 
