0.0112115 0.894224 
0.016164 0.872946 
0.0101513 0.900131 
0.0103046 0.899971 
0.00596709 0.92351 
0.00263019 0.94872 
0.00180744 0.959779 
2.73696e-05 0.995288 
0 1.00001 
0.0503526 0.775678 
0.0462936 0.784894 
0.0373969 0.806892 
0.0328305 0.818892 
0.0319405 0.82135 
0.0228626 0.849135 
0.0232385 0.847764 
0.0839914 0.710617 
0.0741764 0.728198 
0.0565622 0.762311 
0.0635116 0.748085 
0.109157 0.67014 
0.118413 0.656447 
0.094513 0.69293 
0.100634 0.683108 
0.141791 0.623658 
0.148754 0.614426 
0.120739 0.652633 
0.126127 0.644891 
0.187172 0.567964 
0.184828 0.570385 
0.168681 0.589679 
0.173249 0.584021 
0.220246 0.530806 
0.210085 0.541707 
0.187469 0.567054 
0.25348 0.496745 
0.24963 0.500711 
0.238339 0.511838 
0.236124 0.514548 
0.284699 0.466492 
0.289399 0.462057 
0.265661 0.48496 
0.274791 0.476016 
0.297198 0.455646 
0.293375 0.458597 
0.354816 0.40484 
0.326761 0.428539 
0.363096 0.397825 
0.381716 0.382523 
0.358641 0.401461 
0.357994 0.401742 
0.407042 0.362338 
0.417805 0.354765 
0.401402 0.366876 
0.40169 0.366415 
0.459355 0.3223 
0.456338 0.324535 
0.443041 0.33476 
0.433407 0.341748 
0.474684 0.311088 
0.472813 0.31317 
0.522377 0.277858 
0.526979 0.274392 
0.547756 0.259895 
0.551863 0.257402 
0.541063 0.264448 
0.567795 0.246693 
0.562798 0.249822 
0.596183 0.228179 
0.624701 0.210134 
0.660828 0.187269 
0.650914 0.193252 
0.648215 0.195092 
0.635506 0.202835 
0.69794 0.165884 
0.684527 0.172972 
0.712857 0.156189 
0.708655 0.158294 
0.764909 0.125623 
0.736758 0.14167 
0.744694 0.137056 
0.799328 0.106089 
0.793366 0.109538 
0.829344 0.0900313 
0.815502 0.0970186 
0.816692 0.0964621 
0.855368 0.0752891 
0.861749 0.0720159 
0.898654 0.0522717 
0.900787 0.0512404 
0.870815 0.0671114 
0.877266 0.0635108 
0.935786 0.0330627 
0.923253 0.0391733 
0.954191 0.0233438 
0.970111 0.0153154 
0.94722 0.0270012 
0.95163 0.0249574 
0.985585 0.00745821 
1 0.000122607 
