0.012458 0.888446 
0.0145107 0.880276 
0.0168281 0.871026 
0.0130016 0.886354 
0.00923362 0.904594 
0.00622261 0.921321 
0.00662446 0.919042 
0.000779582 0.972492 
0.00325126 0.943814 
0 1.00001 
5.21877e-05 0.992881 
0.0516703 0.773127 
0.0515951 0.773835 
0.0382385 0.804882 
0.0370282 0.808198 
0.0230267 0.848414 
0.0196831 0.860239 
0.0770249 0.723087 
0.085062 0.70868 
0.0677987 0.740371 
0.0632272 0.748937 
0.116213 0.659839 
0.118408 0.656473 
0.091314 0.698794 
0.107865 0.672062 
0.086902 0.705474 
0.0870828 0.704919 
0.140543 0.625517 
0.138988 0.627934 
0.129067 0.640829 
0.130176 0.639739 
0.189321 0.565844 
0.176059 0.581002 
0.220553 0.530392 
0.199166 0.553829 
0.217997 0.533233 
0.258503 0.491644 
0.258374 0.492715 
0.238191 0.512711 
0.232429 0.518159 
0.292493 0.459529 
0.291077 0.460579 
0.27024 0.480437 
0.268666 0.482062 
0.323851 0.431165 
0.302695 0.450421 
0.338838 0.418314 
0.333608 0.422614 
0.375894 0.387609 
0.368615 0.393213 
0.3642 0.397225 
0.363001 0.398224 
0.427296 0.347564 
0.420105 0.352177 
0.397473 0.369835 
0.398026 0.369164 
0.459118 0.32258 
0.462097 0.320407 
0.436988 0.33929 
0.453011 0.327228 
0.497453 0.295257 
0.525997 0.275325 
0.532701 0.270167 
0.566254 0.247512 
0.553774 0.256524 
0.535488 0.268677 
0.544251 0.262483 
0.58542 0.235145 
0.598332 0.226511 
0.625174 0.209553 
0.62984 0.207253 
0.669398 0.181888 
0.638083 0.20132 
0.658978 0.188766 
0.705583 0.160633 
0.70476 0.160993 
0.739209 0.140917 
0.724241 0.149639 
0.714116 0.155233 
0.708413 0.158619 
0.758361 0.129882 
0.753167 0.13296 
0.806954 0.101923 
0.81007 0.100741 
0.839278 0.0844092 
0.813744 0.0983094 
0.823842 0.0927165 
0.858145 0.0741165 
0.849566 0.0787466 
0.913259 0.0447689 
0.908079 0.0473908 
0.885489 0.0592403 
0.886595 0.0588725 
0.91504 0.043877 
0.930362 0.0357423 
0.972901 0.0142587 
0.959654 0.0205615 
0.954935 0.0233234 
1 1.68668e-05 
0.993583 0.00376669 
