0.280781 1.00226 
1 0.132182 
0.39354 0.923297 
0.375336 0.939764 
0.661356 0.657321 
0.948898 0.222438 
0.934575 0.249709 
0.82968 0.421235 
0.881866 0.336513 
0.98767 0.162375 
0.724454 0.581352 
0.975099 0.177231 
0.628517 0.697758 
0.648603 0.674472 
0.48277 0.852556 
0.917789 0.272655 
0.468399 0.862252 
0.930656 0.250305 
0.751066 0.544697 
0.772172 0.518726 
0.527123 0.8075 
0.914912 0.293759 
0.731946 0.566767 
0.354485 0.952908 
0.701768 0.617673 
0.307603 0.981375 
0.967201 0.182712 
0.678749 0.641219 
0.362851 0.947301 
0.871384 0.357489 
0.959833 0.198473 
0.670189 0.647824 
0.840261 0.407357 
0.570819 0.762568 
0.58647 0.745604 
0.782464 0.498283 
0.991207 0.150511 
0.421579 0.910312 
0.43518 0.893372 
0.314491 0.975689 
0.798606 0.484954 
0.800789 0.467992 
0.547333 0.787163 
0.7735 0.504788 
0.789152 0.488462 
0.715718 0.593096 
0.684211 0.62604 
0.807713 0.462272 
0.959833 0.211281 
0.703782 0.598752 
0.487616 0.840758 
0.561285 0.773366 
0.822843 0.434473 
0.900844 0.304778 
0.291567 0.988114 
0.893893 0.32119 
0.687824 0.619619 
0.44964 0.882544 
0.496155 0.837835 
0.841543 0.398706 
0.442195 0.887044 
0.901518 0.300471 
0.503522 0.830941 
0.740789 0.551254 
0.460691 0.8696 
0.608278 0.725883 
0.517754 0.812286 
0.814707 0.452413 
0.457804 0.876716 
0.74049 0.559423 
0.852268 0.390863 
0.336318 0.956442 
0.329295 0.972959 
0.586474 0.7456 
0.600036 0.736975 
0.406619 0.916388 
0.893893 0.32119 
0.914988 0.275175 
0.951648 0.219549 
0.510336 0.826979 
0.643543 0.680592 
0.407159 0.91486 
0.76024 0.531755 
0.86157 0.37835 
0.998598 0.140414 
0.515928 0.821618 
0.280781 0.994473 
0.643543 0.680592 
0.546 0.788528 
0.610863 0.71825 
0.878428 0.350178 
0.570777 0.763307 
0.329653 0.96878 
0.561285 0.773366 
0.600036 0.736975 
0.619678 0.71088 
0.861636 0.378244 
0.850533 0.391098 
0.546 0.788528 
0.336317 0.959271 
