1 2.66454e-15 
0.280775 0.921165 
0.86601 0.250026 
0.575476 0.668827 
0.773435 0.401798 
0.297702 0.911374 
0.495724 0.754258 
0.326929 0.893118 
0.652344 0.574447 
0.848806 0.279528 
0.63693 0.59432 
0.616136 0.620376 
0.595835 0.644981 
0.591756 0.649825 
0.669096 0.55231 
0.81684 0.332772 
0.561246 0.685003 
0.434893 0.810868 
0.515384 0.73438 
0.94002 0.116362 
0.834833 0.303054 
0.684937 0.530862 
0.480329 0.769284 
0.76284 0.418074 
0.702803 0.506067 
0.462458 0.786133 
0.95886 0.0805883 
0.786815 0.380922 
0.828045 0.314342 
0.421282 0.822522 
0.913654 0.165236 
0.803462 0.354449 
0.350478 0.877165 
0.748033 0.440447 
0.338601 0.885349 
0.567526 0.677914 
0.94613 0.104838 
0.748033 0.440447 
0.404201 0.836621 
0.388453 0.849104 
0.790452 0.375186 
0.548051 0.69964 
0.885584 0.215742 
0.280775 0.921165 
0.879168 0.227064 
0.310961 0.903303 
0.44302 0.803733 
0.766206 0.412928 
0.623598 0.611125 
0.449012 0.798388 
0.462458 0.786133 
0.732255 0.463803 
0.889645 0.208532 
0.725113 0.474212 
0.989064 0.0217521 
0.52487 0.724512 
0.375758 0.858806 
0.903917 0.182935 
0.843852 0.287915 
0.927695 0.139381 
0.981069 0.0375041 
0.972978 0.0533136 
0.981084 0.0374734 
0.657476 0.567725 
0.952945 0.0918966 
0.362925 0.868285 
0.362925 0.868285 
0.310907 0.903337 
0.965199 0.0683908 
0.972978 0.0533136 
0.385987 0.851014 
0.693478 0.519088 
0.540983 0.707338 
0.662213 0.561474 
0.810635 0.342872 
0.93247 0.1305 
0.710673 0.494944 
0.344834 0.881089 
0.989677 0.0205403 
0.6323 0.600197 
0.898829 0.192106 
0.919195 0.155081 
0.684937 0.530861 
0.693478 0.519088 
0.486029 0.763776 
0.738193 0.455071 
0.627895 0.605748 
0.515388 0.734375 
0.491237 0.758686 
0.950864 0.095858 
0.996132 0.0077209 
0.738193 0.455071 
0.708832 0.497557 
0.919195 0.155081 
0.898829 0.192106 
0.376242 0.858442 
0.965199 0.0683908 
0.717516 0.485171 
0.727775 0.470343 
0.717516 0.485171 
