0.280781 0.995036 
1 0.127972 
0.561891 0.772039 
0.324797 0.970097 
0.494491 0.833621 
0.98859 0.156291 
0.682152 0.633421 
0.70271 0.605256 
0.758318 0.529165 
0.770269 0.511214 
0.785639 0.489659 
0.67003 0.651538 
0.430358 0.894274 
0.715116 0.588783 
0.60699 0.729149 
0.952505 0.218019 
0.865758 0.365744 
0.794242 0.478585 
0.530868 0.80379 
0.5476 0.78757 
0.938409 0.239966 
0.776573 0.502923 
0.280927 0.98861 
0.515856 0.814129 
0.617215 0.70945 
0.94946 0.232207 
0.587801 0.741922 
0.870714 0.355817 
0.839967 0.414869 
0.31039 0.976287 
0.814589 0.443577 
0.878414 0.342213 
0.478643 0.851822 
0.629608 0.695727 
0.741928 0.55454 
0.463948 0.864808 
0.825495 0.423845 
0.688879 0.623282 
0.696228 0.615268 
0.34262 0.958968 
0.734002 0.564721 
0.502101 0.827287 
0.418298 0.899766 
0.663372 0.656333 
0.573608 0.757384 
0.301801 0.980589 
0.908744 0.295234 
0.92502 0.268217 
0.414282 0.90881 
0.719103 0.580952 
0.91569 0.276272 
0.96433 0.208015 
0.980703 0.172606 
0.474816 0.857862 
0.514429 0.823655 
0.895032 0.32427 
0.455628 0.878031 
0.856929 0.379988 
0.751483 0.548699 
0.536392 0.798268 
0.634637 0.69334 
0.751492 0.537141 
0.895531 0.313729 
0.91569 0.288565 
0.366598 0.947343 
0.401967 0.912354 
0.933632 0.25324 
0.803599 0.464597 
0.855755 0.382757 
0.983593 0.159578 
0.801999 0.468594 
0.367045 0.941557 
0.443038 0.885151 
0.541921 0.788221 
0.617204 0.719767 
0.967124 0.191737 
0.654545 0.666481 
0.884233 0.329477 
0.456658 0.872424 
0.577454 0.750845 
0.646471 0.671468 
0.847943 0.395216 
0.376895 0.933434 
0.443038 0.885151 
0.60699 0.721186 
0.388624 0.926285 
0.388624 0.926285 
0.840751 0.403896 
0.400352 0.918835 
0.356691 0.955923 
0.81435 0.457073 
0.728909 0.573185 
0.641822 0.681928 
0.974478 0.179353 
0.343019 0.957535 
0.376884 0.934701 
0.824671 0.431654 
0.884227 0.33454 
0.964332 0.201467 
0.586652 0.745404 
