0.280775 0.974618 
0.999202 0.0986028 
0.435102 0.872368 
0.482113 0.83139 
0.856388 0.357221 
0.923549 0.237174 
0.49609 0.816892 
0.590382 0.722552 
0.776057 0.481706 
0.458323 0.855304 
0.65289 0.643642 
0.83799 0.380751 
0.303715 0.961844 
0.326517 0.95096 
0.972001 0.158554 
0.642925 0.661037 
0.976256 0.144257 
0.369626 0.92244 
0.963219 0.17269 
0.789767 0.461327 
0.765111 0.497721 
0.384797 0.912866 
0.806155 0.430614 
0.326517 0.944834 
0.299822 0.964083 
0.61776 0.691153 
0.785835 0.470474 
0.995887 0.109756 
0.53032 0.785009 
0.398205 0.900179 
0.348727 0.939181 
0.550845 0.76066 
0.630738 0.675772 
0.54059 0.774557 
0.895989 0.284946 
0.605088 0.711157 
0.957014 0.1819 
0.744162 0.527735 
0.282435 0.973727 
0.738655 0.541421 
0.856421 0.345952 
0.670298 0.625298 
0.511507 0.811057 
0.718378 0.560041 
0.521471 0.797898 
0.90577 0.276492 
0.569476 0.751845 
0.729568 0.554039 
0.680068 0.612761 
0.670298 0.625298 
0.61776 0.697678 
0.569476 0.742493 
0.697844 0.591137 
0.630738 0.67073 
0.650338 0.651936 
0.692367 0.598366 
0.389946 0.906372 
0.605088 0.705863 
0.865544 0.336036 
0.797769 0.443427 
0.954366 0.196047 
0.348811 0.935285 
0.470119 0.843623 
0.908318 0.263755 
0.932276 0.226316 
0.983688 0.130398 
0.939219 0.211755 
0.882852 0.311571 
0.827916 0.402745 
0.579736 0.734378 
0.868796 0.332897 
0.680052 0.61441 
0.756428 0.510262 
0.360637 0.925819 
0.729675 0.54251 
0.890956 0.299881 
0.986226 0.130112 
0.760617 0.50423 
0.908318 0.263755 
0.54058 0.784227 
0.797769 0.443427 
0.882856 0.3072 
0.929465 0.233335 
0.817677 0.412789 
0.813875 0.422791 
0.550845 0.76066 
0.41776 0.886423 
0.704032 0.582902 
0.891709 0.294518 
0.420035 0.884612 
0.40859 0.892208 
0.938308 0.217655 
0.711175 0.573307 
0.579736 0.734378 
0.45837 0.849567 
0.470118 0.843624 
0.874939 0.322705 
0.749323 0.520417 
0.948444 0.199502 
0.749433 0.514671 
