0.280775 1.01776 
0.999984 0.157476 
0.571614 0.793469 
0.407126 0.928601 
0.919763 0.299832 
0.364198 0.959551 
0.589366 0.769277 
0.771664 0.546533 
0.931302 0.28168 
0.783805 0.513454 
0.428244 0.922114 
0.74342 0.582051 
0.546546 0.819125 
0.913146 0.331463 
0.615781 0.745467 
0.524518 0.834411 
0.653899 0.697836 
0.630739 0.727826 
0.515855 0.852468 
0.386533 0.944056 
0.894878 0.36688 
0.708096 0.632371 
0.348367 0.969636 
0.385665 0.946027 
0.495483 0.855622 
0.944759 0.274047 
0.555623 0.804774 
0.852443 0.410115 
0.982259 0.206232 
0.8281 0.447435 
0.747881 0.565248 
0.668969 0.664069 
0.827807 0.463246 
0.33764 0.986753 
0.88673 0.378868 
0.488764 0.873362 
0.284188 1.01287 
0.477313 0.883491 
0.759084 0.562517 
0.810633 0.492379 
0.944792 0.256144 
0.661502 0.688662 
0.691326 0.642153 
0.962087 0.237991 
0.867666 0.401316 
0.456659 0.901155 
0.846989 0.41967 
0.668851 0.68126 
0.84539 0.445393 
0.326126 0.992516 
0.715225 0.608958 
0.732304 0.599131 
0.467657 0.890271 
0.974236 0.22822 
0.766334 0.552376 
0.879287 0.384875 
0.710778 0.622456 
0.33779 0.970321 
0.957066 0.254142 
0.305288 1.01196 
0.596947 0.763487 
0.846243 0.436374 
0.609526 0.752762 
0.642918 0.712132 
0.865536 0.402462 
0.998303 0.175836 
0.492473 0.866461 
0.605641 0.760799 
0.819631 0.473806 
0.788296 0.511896 
0.987181 0.197758 
0.691269 0.646522 
0.800548 0.502526 
0.904109 0.341385 
0.813371 0.483184 
0.685315 0.660201 
0.522679 0.843264 
0.685121 0.6632 
0.998297 0.18805 
0.95976 0.245068 
0.899531 0.35119 
0.310355 1.00391 
0.799454 0.50688 
0.448538 0.909862 
0.322032 1.00073 
0.90822 0.336808 
0.631672 0.712143 
0.998356 0.161617 
0.715134 0.610392 
0.450996 0.904303 
0.470048 0.885994 
0.315837 1.00123 
0.819551 0.478756 
0.63074 0.718004 
0.439993 0.912218 
0.439356 0.915602 
0.974246 0.221414 
0.732304 0.598132 
0.552877 0.811105 
0.551429 0.815797 
