0.280775 1.0268 
1 0.0840812 
0.737275 0.527364 
0.948281 0.187568 
0.757804 0.500456 
0.534097 0.776153 
0.850783 0.355148 
0.574649 0.7312 
0.417291 0.878281 
0.588364 0.723302 
0.31402 0.952481 
0.331241 0.937719 
0.703868 0.577753 
0.83871 0.377236 
0.79886 0.436982 
0.298044 0.963536 
0.771136 0.478566 
0.871636 0.323516 
0.499392 0.812138 
0.552102 0.762603 
0.51159 0.794454 
0.718109 0.554014 
0.980921 0.127407 
0.360695 0.922394 
0.644825 0.653613 
0.625421 0.670591 
0.669313 0.618695 
0.822195 0.400842 
0.964273 0.161275 
0.404115 0.892488 
0.8101 0.419703 
0.761195 0.49312 
0.60014 0.710002 
0.692608 0.592733 
0.93978 0.205762 
0.613968 0.684176 
0.934933 0.208408 
0.321544 0.943789 
0.730822 0.540914 
0.972779 0.142605 
0.926703 0.226222 
0.959913 0.166361 
0.40019 0.90008 
0.523156 0.787188 
0.882114 0.303276 
0.655695 0.635934 
0.280775 0.99144 
0.280775 0.971373 
0.603607 0.704399 
0.780458 0.462 
0.610286 0.68849 
0.350211 0.931276 
0.683429 0.604766 
0.449809 0.856974 
0.379613 0.904749 
0.484941 0.822013 
0.633271 0.667681 
0.672728 0.616554 
0.8101 0.424539 
0.559393 0.742882 
0.655695 0.635934 
0.433819 0.876034 
0.899477 0.267164 
0.292147 0.971167 
0.859025 0.341684 
0.894819 0.27865 
0.699367 0.579396 
0.474905 0.837946 
0.371522 0.916604 
0.553394 0.756135 
0.640109 0.657406 
0.477721 0.828654 
0.892695 0.298792 
0.859025 0.341684 
0.902664 0.25758 
0.493113 0.816313 
0.780437 0.471544 
0.912061 0.25473 
0.835306 0.394493 
0.791125 0.451221 
0.718109 0.551417 
0.918927 0.239932 
0.97288 0.135384 
0.791125 0.448732 
0.686417 0.600866 
0.924075 0.230867 
0.918545 0.250467 
0.822195 0.394742 
0.892695 0.28807 
0.519213 0.792905 
0.877167 0.314288 
0.732859 0.533567 
0.836279 0.385648 
0.375295 0.912127 
0.986396 0.109993 
0.433943 0.868641 
0.997571 0.0959337 
0.350211 0.931276 
0.457269 0.846923 
0.280775 0.99144 
