0.999977 0.0566539 
0.280775 0.967334 
0.609259 0.675192 
0.852321 0.331665 
0.775349 0.444313 
0.657167 0.608887 
0.949572 0.174084 
0.877649 0.289294 
0.961595 0.139994 
0.438191 0.842051 
0.311034 0.947627 
0.953059 0.14573 
0.77079 0.465288 
0.280941 0.951979 
0.548166 0.751831 
0.996337 0.0742168 
0.714101 0.541028 
0.785091 0.429536 
0.684474 0.573273 
0.924157 0.208263 
0.817194 0.388374 
0.828037 0.371124 
0.838095 0.354918 
0.594594 0.692264 
0.891655 0.265331 
0.801359 0.418979 
0.433822 0.859735 
0.515759 0.781454 
0.897709 0.245312 
0.528106 0.764446 
0.617116 0.6585 
0.421623 0.866483 
0.455905 0.837495 
0.364177 0.909981 
0.699784 0.560603 
0.674134 0.594681 
0.560635 0.738545 
0.402908 0.877159 
0.590604 0.705389 
0.384911 0.89087 
0.751458 0.488087 
0.719554 0.538867 
0.737638 0.507987 
0.473235 0.817577 
0.57169 0.726515 
0.576467 0.712792 
0.498095 0.794227 
0.378994 0.895241 
0.867857 0.305821 
0.67475 0.593878 
0.402958 0.877121 
0.972402 0.119783 
0.370978 0.908339 
0.486936 0.804856 
0.633651 0.65088 
0.64388 0.648169 
0.727603 0.522206 
0.915971 0.222828 
0.798382 0.428047 
0.455983 0.826587 
0.901539 0.238611 
0.344853 0.9131 
0.867857 0.305821 
0.832338 0.364218 
0.871217 0.290865 
0.972447 0.119698 
0.625096 0.65629 
0.981464 0.102661 
0.527623 0.764939 
0.91105 0.231522 
0.891655 0.265331 
0.938625 0.182202 
0.809421 0.4006 
0.515759 0.77691 
0.332418 0.927282 
0.847078 0.34028 
0.747178 0.504099 
0.485703 0.810458 
0.988466 0.0893228 
0.76054 0.474808 
0.498095 0.794227 
0.344849 0.919141 
0.32167 0.93408 
0.332418 0.921287 
0.653034 0.621759 
0.644364 0.632637 
0.475478 0.81552 
0.930431 0.197011 
0.76054 0.474808 
0.421623 0.862238 
0.999977 0.0566539 
0.730211 0.518529 
0.816351 0.400164 
0.939332 0.180918 
0.644365 0.625085 
0.930431 0.197011 
0.988466 0.089323 
0.981667 0.102277 
0.747178 0.494289 
0.699784 0.560603 
