0.280775 0.990783 
0.998363 0.114796 
0.623356 0.691116 
0.610306 0.711495 
0.515972 0.811522 
0.926783 0.260307 
0.454189 0.86957 
0.952589 0.199251 
0.369225 0.933819 
0.748794 0.540068 
0.561978 0.771241 
0.653014 0.654134 
0.779501 0.494185 
0.987512 0.142724 
0.342864 0.946237 
0.697217 0.603479 
0.789333 0.473313 
0.84246 0.400253 
0.893201 0.328096 
0.600024 0.716928 
0.898401 0.306826 
0.861893 0.365053 
0.394845 0.91539 
0.968427 0.177892 
0.963256 0.193438 
0.463279 0.860102 
0.872422 0.346758 
0.53602 0.790764 
0.944901 0.221586 
0.797762 0.470818 
0.335816 0.957499 
0.679086 0.634256 
0.394846 0.909971 
0.490717 0.838674 
0.484644 0.844979 
0.858635 0.372443 
0.43494 0.878508 
0.915517 0.279776 
0.77375 0.502574 
0.287904 0.979021 
0.978634 0.163024 
0.3033 0.975561 
0.667975 0.641089 
0.751006 0.524022 
0.831878 0.410649 
0.766703 0.513702 
0.541697 0.779906 
0.915522 0.271791 
0.94394 0.226906 
0.682039 0.617489 
0.734244 0.553545 
0.823379 0.428135 
0.721367 0.576125 
0.637403 0.686472 
0.591823 0.732412 
0.321053 0.959931 
0.414943 0.903122 
0.761155 0.520728 
0.714225 0.585753 
0.501733 0.823374 
0.639914 0.680255 
0.434896 0.887198 
0.935558 0.24283 
0.828048 0.416635 
0.579143 0.740214 
0.70458 0.598605 
0.571322 0.757464 
0.31218 0.973962 
0.901153 0.289422 
0.996525 0.136631 
0.57723 0.742305 
0.935558 0.24283 
0.424401 0.897071 
0.850048 0.386223 
0.805735 0.455129 
0.805735 0.455129 
0.501078 0.829023 
0.321048 0.969978 
0.649178 0.672277 
0.528496 0.802513 
0.998302 0.128878 
0.875479 0.342859 
0.977426 0.169844 
0.849573 0.386982 
0.817295 0.435467 
0.378142 0.931897 
0.649196 0.667256 
0.472026 0.851539 
0.378142 0.931897 
0.726303 0.569415 
0.528496 0.802513 
0.901117 0.295162 
0.813457 0.439184 
0.285218 0.988421 
0.669737 0.639873 
0.682039 0.617489 
0.56888 0.763199 
0.882948 0.332678 
0.341672 0.947008 
0.882578 0.335336 
