0.998363 0.148846 
0.280775 1.00226 
0.917831 0.288029 
0.897059 0.327371 
0.796418 0.488195 
0.671364 0.660611 
0.629762 0.706816 
0.681755 0.649948 
0.80822 0.470612 
0.564461 0.772628 
0.561365 0.795632 
0.823289 0.44002 
0.741045 0.563201 
0.885552 0.349003 
0.931161 0.276974 
0.70859 0.610916 
0.583629 0.772155 
0.717914 0.598567 
0.420058 0.91058 
0.358889 0.966016 
0.988872 0.164905 
0.640667 0.68937 
0.322033 0.987595 
0.756011 0.547525 
0.785084 0.504836 
0.691192 0.63024 
0.475901 0.870164 
0.85825 0.385189 
0.458321 0.880254 
0.605095 0.732995 
0.584816 0.753206 
0.428758 0.900733 
0.324446 0.974011 
0.896753 0.327881 
0.962408 0.208322 
0.732346 0.59192 
0.2989 0.994135 
0.658003 0.678494 
0.497377 0.847403 
0.974089 0.196139 
0.987299 0.181901 
0.618152 0.718122 
0.64716 0.686161 
0.865478 0.37713 
0.595014 0.749332 
0.766681 0.53135 
0.691192 0.63024 
0.439661 0.897615 
0.615602 0.721606 
0.408753 0.921961 
0.379471 0.939845 
0.508591 0.83693 
0.33815 0.967456 
0.535296 0.807113 
0.816172 0.45862 
0.77543 0.518823 
0.756562 0.540948 
0.394862 0.93396 
0.846188 0.416828 
0.602065 0.742434 
0.952247 0.232481 
0.935841 0.258421 
0.376733 0.946132 
0.851642 0.398566 
0.837832 0.429859 
0.946145 0.24851 
0.955702 0.226352 
0.477576 0.863499 
0.816191 0.450874 
0.876999 0.360458 
0.732387 0.581187 
0.962385 0.217182 
0.516963 0.828958 
0.783689 0.513141 
0.546868 0.799421 
0.408798 0.92018 
0.394837 0.933978 
0.364295 0.955475 
0.935808 0.264019 
0.503 0.842181 
0.711005 0.609803 
0.976705 0.182465 
0.946146 0.243249 
0.837875 0.422838 
0.769435 0.525114 
0.338144 0.970924 
0.884807 0.359165 
0.546723 0.803097 
0.457876 0.88575 
0.48739 0.856535 
0.73992 0.57482 
0.658003 0.678494 
0.298733 0.994228 
0.530819 0.813581 
0.287334 1.00043 
0.446857 0.887995 
0.48739 0.856535 
0.848165 0.406707 
0.446854 0.891695 
0.364278 0.955487 
