0.999988 0.132203 
0.280775 1.00467 
0.420105 0.907584 
0.332275 0.97158 
0.716186 0.591786 
0.400357 0.923205 
0.35866 0.954149 
0.915003 0.290542 
0.667584 0.655896 
0.801975 0.466213 
0.678054 0.643387 
0.604758 0.733375 
0.790491 0.490076 
0.9732 0.19497 
0.989322 0.156749 
0.628002 0.704357 
0.496317 0.844557 
0.876589 0.357714 
0.867687 0.367691 
0.474888 0.860187 
0.95349 0.224257 
0.595159 0.7441 
0.9276 0.275559 
0.654554 0.667212 
0.455913 0.876681 
0.733815 0.572515 
0.30372 0.986154 
0.933351 0.258897 
0.77937 0.508962 
0.439783 0.895271 
0.554218 0.788445 
0.907904 0.304165 
0.767244 0.52316 
0.820775 0.44858 
0.753482 0.544646 
0.522084 0.820123 
0.745312 0.554099 
0.689341 0.631451 
0.825131 0.435723 
0.439238 0.895716 
0.380164 0.932984 
0.566507 0.773438 
0.392135 0.928256 
0.617755 0.721261 
0.967237 0.211091 
0.474803 0.867778 
0.736322 0.560751 
0.944116 0.243935 
0.319171 0.981266 
0.706548 0.605937 
0.978579 0.178212 
0.862177 0.385067 
0.699552 0.618246 
0.891512 0.334554 
0.566426 0.785243 
0.959374 0.212103 
0.619022 0.716556 
0.76078 0.534987 
0.455913 0.876681 
0.532115 0.818103 
0.830613 0.424119 
0.946077 0.238967 
0.293817 0.991183 
0.989321 0.164822 
0.287977 0.994353 
0.901371 0.312851 
0.372078 0.950551 
0.506549 0.835002 
0.982093 0.175041 
0.811899 0.458094 
0.858724 0.400179 
0.510264 0.828791 
0.693663 0.625885 
0.32105 0.97556 
0.380164 0.948569 
0.63643 0.692532 
0.651508 0.678687 
0.931225 0.267893 
0.895731 0.326829 
0.584663 0.751565 
0.577077 0.763837 
0.786842 0.498071 
0.543246 0.796371 
0.496385 0.841264 
0.885277 0.344167 
0.647272 0.688105 
0.899178 0.320347 
0.706184 0.610748 
0.536529 0.803707 
0.810034 0.461603 
0.885277 0.344167 
0.836806 0.42189 
0.784179 0.504415 
0.36058 0.951423 
0.534011 0.806221 
0.767244 0.53272 
0.858725 0.387286 
0.280775 1.00226 
0.852109 0.4053 
0.844409 0.412617 
