1 0.0943284 
0.280775 0.989409 
0.50144 0.810186 
0.445573 0.863605 
0.965795 0.165856 
0.827149 0.40209 
0.518396 0.793712 
0.384337 0.917715 
0.889442 0.293602 
0.70118 0.593711 
0.596956 0.719189 
0.525828 0.787979 
0.839671 0.39207 
0.766705 0.501488 
0.639897 0.66315 
0.918997 0.257095 
0.622938 0.675949 
0.541386 0.773738 
0.613809 0.694232 
0.576131 0.736839 
0.662762 0.633124 
0.777149 0.484824 
0.884726 0.315604 
0.711937 0.56687 
0.868542 0.325977 
0.927844 0.24163 
0.819094 0.419903 
0.930439 0.229567 
0.997992 0.115497 
0.777158 0.472116 
0.280775 0.977358 
0.815373 0.427207 
0.790822 0.463024 
0.949622 0.195294 
0.670208 0.621815 
0.682925 0.603368 
0.740457 0.54898 
0.867827 0.336567 
0.85742 0.360631 
0.938533 0.215191 
0.337199 0.944222 
0.724221 0.56004 
0.84299 0.374926 
0.36379 0.926508 
0.68292 0.609066 
0.630865 0.670579 
0.441854 0.871695 
0.651892 0.651508 
0.545819 0.769158 
0.466538 0.845432 
0.295694 0.969185 
0.949622 0.195294 
0.849649 0.369916 
0.392394 0.911796 
0.793486 0.453936 
0.912202 0.267185 
0.989943 0.120973 
0.727964 0.550371 
0.74283 0.531231 
0.404217 0.897002 
0.486012 0.827803 
0.350307 0.940337 
0.419499 0.889921 
0.908402 0.275421 
0.395094 0.899365 
0.753942 0.518456 
0.466538 0.845432 
0.803397 0.447006 
0.747826 0.527151 
0.486012 0.827803 
0.561975 0.755014 
0.352945 0.933895 
0.984832 0.130565 
0.567095 0.746657 
0.320311 0.959378 
0.43181 0.884013 
0.901714 0.28688 
0.651892 0.651508 
0.431811 0.88 
0.478968 0.839347 
0.596957 0.713622 
0.973894 0.158736 
0.309155 0.966025 
0.70118 0.593711 
0.803397 0.438895 
0.608628 0.701785 
0.326839 0.947954 
0.478358 0.843073 
0.574065 0.744562 
0.363788 0.931225 
0.977098 0.144987 
0.670207 0.631332 
0.315967 0.964864 
0.758718 0.508608 
0.711937 0.56687 
0.902801 0.285023 
0.325666 0.951487 
0.85742 0.360631 
0.606968 0.70778 
0.555795 0.758715 
