0.280775 1.01178 
1 0.1634 
0.527294 0.833858 
0.430682 0.919926 
0.501614 0.856936 
0.299399 1.00684 
0.716854 0.619658 
0.46967 0.878997 
0.768847 0.541857 
0.651485 0.714994 
0.755948 0.558358 
0.936311 0.277057 
0.895448 0.342171 
0.575345 0.779951 
0.345273 0.97516 
0.536097 0.8228 
0.556391 0.799721 
0.888231 0.363954 
0.610386 0.747063 
0.379359 0.951771 
0.448606 0.904084 
0.878472 0.385117 
0.365473 0.973244 
0.83752 0.44356 
0.737208 0.584549 
0.730156 0.595257 
0.54783 0.813886 
0.408824 0.940756 
0.696209 0.649482 
0.630739 0.721222 
0.805791 0.499858 
0.921251 0.306497 
0.775732 0.530845 
0.660327 0.686084 
0.507961 0.847228 
0.977845 0.209459 
0.589792 0.772158 
0.96632 0.228246 
0.865371 0.410465 
0.700976 0.630574 
0.948462 0.253962 
0.676764 0.659718 
0.847496 0.429677 
0.883873 0.371849 
0.821933 0.4624 
0.316029 0.998464 
0.748865 0.576976 
0.815298 0.468811 
0.630738 0.728686 
0.711753 0.628238 
0.812858 0.482481 
0.997869 0.181132 
0.997868 0.205446 
0.457736 0.896767 
0.786124 0.525903 
0.417353 0.924498 
0.904546 0.336257 
0.873703 0.400715 
0.749293 0.567591 
0.48063 0.870782 
0.394365 0.946346 
0.65153 0.69528 
0.417353 0.931344 
0.346382 0.974454 
0.8081 0.489563 
0.855649 0.419931 
0.786252 0.515705 
0.576643 0.778573 
0.59575 0.765685 
0.671717 0.676168 
0.597907 0.756966 
0.696211 0.644102 
0.61839 0.736745 
0.921251 0.306497 
0.792402 0.507999 
0.977933 0.205588 
0.955572 0.241472 
0.966013 0.230596 
0.955765 0.239044 
0.396153 0.945048 
0.831978 0.456188 
0.671751 0.674824 
0.555537 0.806968 
0.320056 0.988122 
0.911433 0.333971 
0.676764 0.659718 
0.370885 0.960631 
0.998412 0.172107 
0.617125 0.736848 
0.871599 0.404064 
0.651689 0.688813 
0.942705 0.273184 
0.832099 0.451878 
0.369139 0.960655 
0.448606 0.899555 
0.507961 0.847228 
0.457736 0.896767 
0.948355 0.266639 
0.915316 0.312886 
0.318434 0.997064 
