0.280775 1.00428 
1 0.117934 
0.415639 0.903287 
0.785899 0.481754 
0.950458 0.21167 
0.846546 0.385076 
0.630815 0.68555 
0.49556 0.830086 
0.901649 0.296779 
0.280775 0.98638 
0.922639 0.263125 
0.370622 0.930336 
0.299473 0.976956 
0.53594 0.790845 
0.645535 0.674311 
0.69715 0.624233 
0.535939 0.80899 
0.807134 0.446522 
0.772025 0.50103 
0.456654 0.864105 
0.893693 0.306402 
0.97287 0.168395 
0.941921 0.22688 
0.837404 0.401965 
0.959014 0.194984 
0.514706 0.818235 
0.589237 0.737075 
0.677773 0.628666 
0.758085 0.524156 
0.983029 0.149661 
0.874906 0.341508 
0.605126 0.71647 
0.731886 0.556802 
0.388268 0.921788 
0.320908 0.966705 
0.737616 0.549935 
0.870911 0.35353 
0.62222 0.697669 
0.515653 0.811832 
0.448926 0.884749 
0.556174 0.772685 
0.467995 0.854219 
0.568877 0.76464 
0.88533 0.321752 
0.65683 0.655993 
0.936107 0.238394 
0.677713 0.64318 
0.913437 0.280143 
0.995593 0.128977 
0.430393 0.88858 
0.883896 0.327798 
0.855247 0.371117 
0.486374 0.849877 
0.649818 0.662606 
0.488805 0.837221 
0.580003 0.748073 
0.747096 0.536682 
0.448927 0.876275 
0.96428 0.185443 
0.817223 0.434509 
0.823617 0.423525 
0.715444 0.578136 
0.862238 0.364494 
0.343899 0.949205 
0.548579 0.777931 
0.914454 0.279496 
0.697151 0.60655 
0.970536 0.17906 
0.395848 0.920977 
0.472826 0.849933 
0.721138 0.570425 
0.700101 0.599681 
0.929182 0.248051 
0.430393 0.88858 
0.706037 0.590743 
0.749861 0.534834 
0.793895 0.473871 
0.992234 0.141369 
0.361943 0.938832 
0.617165 0.707933 
0.402868 0.911673 
0.332825 0.957089 
0.710687 0.586653 
0.566335 0.765162 
0.832124 0.418338 
0.836875 0.416741 
0.580003 0.748073 
0.599413 0.72899 
0.332825 0.957089 
0.766861 0.513474 
0.348087 0.947299 
0.310386 0.973657 
0.665992 0.647393 
0.310388 0.969876 
0.799761 0.458859 
0.66599 0.64913 
0.986541 0.14314 
0.357907 0.945203 
0.599728 0.727849 
0.819185 0.431488 
