0.280775 0.96948 
1 0.0879198 
0.33325 0.938645 
0.366041 0.9167 
0.629237 0.663281 
0.848251 0.356332 
0.89065 0.285774 
0.605129 0.694489 
0.870134 0.323331 
0.661706 0.628368 
0.830951 0.384133 
0.973431 0.141392 
0.965511 0.152793 
0.919615 0.235594 
0.564828 0.739611 
0.938504 0.205191 
0.697818 0.578911 
0.780698 0.461641 
0.844755 0.361996 
0.878251 0.309774 
0.74989 0.50944 
0.766398 0.482813 
0.712038 0.559725 
0.723718 0.540713 
0.742907 0.516744 
0.423314 0.873435 
0.484261 0.820499 
0.645166 0.649019 
0.538227 0.767692 
0.313365 0.952874 
0.766398 0.482813 
0.292471 0.960905 
0.467856 0.837566 
0.955441 0.174544 
0.411701 0.882715 
0.378974 0.909476 
0.385933 0.90439 
0.508597 0.794899 
0.78648 0.455732 
0.983489 0.119261 
0.714506 0.556356 
0.315837 0.949461 
0.524017 0.779631 
0.731499 0.53284 
0.516608 0.791712 
0.67763 0.607992 
0.637237 0.656313 
0.588843 0.715422 
0.548197 0.757327 
0.94656 0.190683 
0.494313 0.811086 
0.432292 0.866084 
0.900361 0.269128 
0.396119 0.894762 
0.450462 0.850734 
0.445352 0.855115 
0.955441 0.177448 
0.437354 0.861871 
0.992308 0.105941 
0.405133 0.88785 
0.943807 0.192452 
0.588843 0.715422 
0.999999 0.0913004 
0.80045 0.434552 
0.80631 0.432485 
0.794345 0.443854 
0.559347 0.747778 
0.588872 0.715389 
0.597505 0.703263 
0.81028 0.4166 
0.692766 0.588175 
0.908936 0.257381 
0.500685 0.807188 
0.904283 0.26544 
0.484942 0.817434 
0.824521 0.394319 
0.524013 0.782142 
0.667862 0.618063 
0.687812 0.589309 
0.459714 0.844781 
0.81621 0.407369 
0.938511 0.205178 
0.669234 0.613483 
0.875381 0.314582 
0.283741 0.965729 
0.986505 0.113575 
0.683844 0.599909 
0.603943 0.698214 
0.400167 0.893701 
0.914203 0.245092 
0.82337 0.396134 
0.730874 0.533715 
0.818272 0.404145 
0.459769 0.842627 
0.644874 0.651565 
0.795125 0.442669 
0.542921 0.762836 
0.918403 0.240851 
0.747414 0.510316 
0.292448 0.96498 
