0.999994 0.125702 
0.280775 0.998175 
0.318486 0.96956 
0.871526 0.363016 
0.556372 0.778505 
0.571862 0.750356 
0.6266 0.696092 
0.696434 0.614249 
0.3548 0.950435 
0.765438 0.532556 
0.370351 0.944264 
0.681381 0.640412 
0.772933 0.500771 
0.58769 0.749472 
0.472201 0.865285 
0.943522 0.241086 
0.73605 0.566226 
0.546081 0.795178 
0.525226 0.814901 
0.600408 0.734762 
0.505129 0.825196 
0.827845 0.432276 
0.643723 0.690286 
0.749908 0.544893 
0.983165 0.170656 
0.856913 0.385822 
0.722879 0.584818 
0.903796 0.307126 
0.657781 0.673274 
0.741611 0.560542 
0.882662 0.344008 
0.934618 0.259049 
0.992252 0.154744 
0.495197 0.846592 
0.916324 0.288283 
0.481009 0.857979 
0.525224 0.815456 
0.456688 0.878196 
0.340171 0.965239 
0.95212 0.232706 
0.504462 0.834285 
0.846309 0.403434 
0.799802 0.480809 
0.88243 0.346684 
0.291509 0.992444 
0.793253 0.4846 
0.80533 0.466587 
0.757561 0.538257 
0.664559 0.661512 
0.39423 0.918862 
0.339544 0.965636 
0.448963 0.883111 
0.995705 0.133741 
0.29983 0.989299 
0.854731 0.392261 
0.437059 0.894029 
0.960304 0.213692 
0.422443 0.90522 
0.931682 0.264155 
0.818084 0.449389 
0.616574 0.718216 
0.411931 0.913927 
0.969253 0.1976 
0.548305 0.790632 
0.385616 0.934502 
0.895244 0.324689 
0.9027 0.312186 
0.78187 0.490711 
0.977402 0.182817 
0.841951 0.409548 
0.405443 0.918352 
0.956066 0.222792 
0.837405 0.419583 
0.92514 0.276965 
0.389733 0.930008 
0.29983 0.989299 
0.678012 0.642802 
0.994762 0.149263 
0.43997 0.891116 
0.606755 0.728224 
0.832758 0.424664 
0.671544 0.654004 
0.72079 0.58828 
0.485922 0.847242 
0.610779 0.723036 
0.70668 0.607687 
0.648167 0.680355 
0.923823 0.28067 
0.421829 0.909193 
0.811902 0.463893 
0.713155 0.596515 
0.713073 0.598596 
0.70573 0.611345 
0.815538 0.458395 
0.616574 0.718216 
0.669005 0.655986 
0.916329 0.287471 
0.895244 0.324689 
0.977797 0.178789 
0.455654 0.879594 
