3.9378 0.204191 
0.913205 0.786924 
0.929295 0.697486 
0.378266 1.08549 
1.26254 0.564951 
0.922726 0.698718 
0.374959 1.09482 
0.934563 0.695785 
1.22013 0.565219 
1.09782 0.635139 
0.375463 1.09158 
1.23428 0.564964 
1.17656 0.575709 
0.329477 1.2908 
0.642593 0.904003 
1.15849 0.576786 
0.95025 0.693228 
1.09874 0.630224 
2.10175 0.204206 
0.617858 0.904281 
0.921605 0.739437 
1.18427 0.57198 
0.559532 1.01689 
1.10101 0.621897 
1.19569 0.565284 
1.06035 0.651204 
1.11567 0.607763 
0.416415 1.0497 
1.0978 0.640068 
0.424184 1.04515 
0.526636 1.03635 
0.913226 0.785943 
1.05501 0.656867 
0.564343 1.01137 
1.10306 0.615665 
0.999168 0.676664 
0.533319 1.03618 
0.392471 1.05362 
0.466798 1.04515 
0.969623 0.69104 
1.08358 0.648214 
0.984011 0.681486 
1.81811 0.205748 
1.99839 0.204671 
1.00616 0.668191 
1.03281 0.661793 
0.500284 1.0451 
0.861609 0.903094 
0.540676 1.02089 
1.96376 0.205445 
0.378646 1.08538 
0.370114 1.09937 
2.04812 0.20441 
0.792005 0.903168 
0.668305 0.903935 
0.355937 1.15256 
0.754356 0.903902 
0.913371 0.752316 
0.913227 0.769634 
1.11608 0.602499 
0.38145 1.06004 
0.921608 0.739437 
0.35922 1.14989 
1.12923 0.576937 
1.89749 0.205485 
1.81238 0.205983 
0.913203 0.788057 
0.921619 0.703574 
0.610773 0.910258 
0.338867 1.2373 
0.338837 1.24211 
0.609376 0.943893 
0.326179 1.29103 
3.31631 0.204196 
0.913203 0.827848 
0.355398 1.17987 
0.331096 1.27974 
0.367157 1.11917 
0.338887 1.1987 
1.3459 0.295525 
0.58386 0.947978 
0.580785 1.00451 
0.890393 0.902726 
0.913203 0.837065 
1.34597 0.294987 
0.325988 1.43955 
1.26304 0.56495 
0.325988 1.43962 
1.67615 0.208164 
2.1035 0.204205 
1.30204 0.448028 
1.29653 0.466665 
0.32599 1.3348 
3.50652 0.204191 
1.34589 0.356985 
1.35573 0.208165 
3.31612 0.204196 
2.58459 0.204196 
6.97137 0.20419 
0.325984 1.87426 
