0.367985 3.61393 
5.39661 0.203202 
4.27509 0.203203 
0.367985 1.51557 
0.367985 2.21848 
3.23086 0.203208 
2.3842 0.203208 
0.367985 2.25385 
0.367985 2.60607 
4.04506 0.203203 
0.367985 1.47406 
2.05529 0.203209 
3.6882 0.203203 
1.07031 0.627675 
0.368017 1.23719 
2.38115 0.203209 
1.06777 0.845597 
3.28037 0.203205 
0.919986 0.980456 
1.06754 0.903383 
0.367985 2.76553 
3.5154 0.203205 
0.367985 2.61585 
1.44652 0.309078 
1.90906 0.203531 
1.59066 0.269563 
1.76452 0.20383 
1.65878 0.244857 
4.10858 0.203203 
0.443185 1.07566 
1.08383 0.595637 
2.00289 0.203501 
1.77842 0.203531 
0.368205 1.13438 
1.14582 0.485889 
1.15931 0.4764 
1.12109 0.53893 
1.16873 0.416857 
0.368019 1.18821 
1.1211 0.537012 
1.33631 0.33323 
1.29916 0.348763 
0.554272 1.04726 
1.60869 0.245628 
0.89091 0.980457 
3.60057 0.203203 
1.2339 0.411632 
3.68134 0.203203 
1.2862 0.364406 
0.368708 1.07668 
1.06756 0.902129 
1.06777 0.84564 
0.484412 1.04847 
0.368097 1.16712 
0.615771 1.04706 
0.818881 0.980493 
3.52753 0.203205 
1.37393 0.332033 
1.25704 0.379555 
0.368803 1.07668 
0.64857 1.04158 
0.700352 1.04157 
0.725451 1.02376 
3.59348 0.203204 
1.17181 0.413729 
0.368018 1.23709 
0.813013 0.980794 
0.792511 1.01078 
1.41198 0.33195 
4.10657 0.203203 
1.0721 0.611127 
1.59106 0.267611 
0.702263 1.02799 
1.64966 0.244939 
0.769372 1.02372 
1.25703 0.396853 
1.24384 0.403044 
1.43312 0.327247 
0.6288 1.04406 
1.43529 0.31867 
0.367985 2.79243 
0.77327 1.02263 
0.484414 1.04818 
0.52141 1.04803 
0.792 1.01292 
0.52142 1.04797 
0.367985 2.23344 
0.908788 0.980457 
0.367985 2.22677 
0.367985 2.23121 
2.38341 0.203208 
2.38115 0.203209 
0.367985 2.79248 
5.24193 0.203203 
0.367985 2.79249 
5.234 0.203203 
0.367985 2.7925 
0.367985 1.6304 
2.38335 0.560521 
1.01857 1.23689 
