1.25447 0.438261 
0.602713 2.31303 
0.602724 1.76441 
0.602731 1.20731 
0.602714 1.76496 
0.705333 0.858223 
0.639191 1.14362 
1.10663 0.577109 
1.00356 0.720276 
0.806005 0.80748 
0.83647 0.720347 
0.953524 0.720292 
0.713355 0.818305 
1.10693 0.57159 
1.19127 0.57159 
0.828609 0.722999 
0.959408 0.720277 
1.0033 0.720276 
1.21349 0.439407 
1.20564 0.558817 
1.24834 0.439244 
1.21359 0.439407 
0.638494 1.16434 
0.806005 0.80748 
1.19146 0.571141 
1.20564 0.558817 
0.705784 0.826831 
0.623248 1.17031 
0.623248 1.17031 
0.6095 1.17086 
0.608672 1.17727 
1.21349 0.439407 
1.20564 0.558817 
0.828609 0.722999 
0.835081 0.720409 
0.604912 1.19036 
0.604912 1.19036 
0.953812 0.720278 
0.603661 1.19663 
0.708681 0.818305 
1.25345 0.438501 
1.2495 0.439244 
0.806005 0.80748 
0.608764 1.17086 
0.708681 0.818305 
0.708681 0.818305 
0.60279 1.19983 
1.10693 0.57159 
0.602782 1.20411 
0.60279 1.19983 
0.835081 0.720409 
1.2495 0.439244 
0.602778 1.2073 
0.602778 1.20426 
1.25353 0.438274 
1.25432 0.438274 
0.835371 0.720408 
0.835776 0.72038 
0.835776 0.72038 
1.19146 0.571141 
1.10693 0.57159 
0.953524 0.720292 
0.953812 0.720278 
1.00356 0.720276 
1.00334 0.720276 
0.602716 1.76494 
0.602724 1.76441 
1.19128 0.571587 
1.19128 0.571587 
1.2544 0.438271 
1.25432 0.438274 
0.602778 1.20426 
0.602782 1.20411 
0.602731 1.20731 
1.00334 0.720276 
0.835776 0.72038 
0.602724 1.76441 
0.602731 1.20731 
0.602714 1.76496 
0.953524 0.720292 
1.19127 0.57159 
0.602782 1.20411 
1.25432 0.438274 
0.953812 0.720278 
1.00334 0.720276 
1.00334 0.720276 
1.00334 0.720276 
1.19127 0.57159 
1.00334 0.720276 
1.21349 0.439407 
0.60279 1.19983 
1.2495 0.439244 
1.2495 0.439244 
1.2495 0.439244 
1.25432 0.438274 
1.21349 0.439407 
0.953812 0.720278 
1.25432 0.438274 
1.25432 0.438274 
0.602713 2.31303 
