0.309381 5.26082 
4.74138 0.282345 
0.309381 2.33427 
4.28805 0.282345 
2.48928 0.282345 
0.309381 3.34328 
3.29679 0.282345 
3.60381 0.282345 
0.309381 3.55027 
0.309381 4.10057 
4.68046 0.282345 
2.25271 0.282345 
0.309381 4.83699 
0.309381 4.61117 
2.13722 0.282345 
0.957375 1.02491 
1.38782 0.291427 
0.309381 5.23965 
0.309386 2.02285 
0.309381 4.94329 
1.61611 0.291422 
1.08863 0.920154 
3.39476 0.282345 
3.60359 0.282345 
0.309387 1.65002 
0.309382 2.12688 
0.309381 4.28835 
0.331601 1.35165 
1.12162 0.689378 
0.309386 1.80977 
1.83408 0.282345 
0.309381 3.42385 
1.20805 0.435224 
1.96255 0.282345 
0.309628 1.58276 
1.20805 0.58231 
0.309381 4.10271 
0.428912 1.24413 
0.309381 4.50945 
0.309381 4.42636 
1.18278 0.626211 
0.593809 1.16741 
0.309386 1.80963 
0.310642 1.45678 
0.52457 1.23135 
0.41746 1.31189 
1.09613 0.765012 
0.602989 1.15765 
1.72082 0.282346 
1.62251 0.282361 
0.65434 1.0979 
1.09535 0.881798 
0.52457 1.24222 
0.810025 1.0574 
0.839214 1.05225 
0.744765 1.06139 
1.37176 0.362958 
1.71889 0.282346 
3.38124 0.282345 
0.735583 1.0855 
0.309381 4.94328 
1.09623 0.744396 
0.309382 2.10993 
1.27516 0.429045 
0.309381 4.32592 
0.331585 1.43088 
1.29683 0.374198 
0.671559 1.08783 
3.29679 0.282345 
0.891538 1.03373 
1.90974 0.282345 
0.902699 1.03246 
1.25488 0.4351 
0.418318 1.30779 
0.309381 3.34412 
1.29311 0.374278 
1.38007 0.337744 
1.20292 0.617284 
4.68046 0.282345 
1.91127 0.282345 
1.96186 0.282345 
0.312957 1.43088 
1.09511 0.884482 
1.08863 0.919632 
0.309381 4.32226 
1.37779 0.354403 
0.657517 1.09573 
0.309381 5.24968 
0.309381 4.32471 
3.60361 0.282345 
4.71908 0.282345 
0.309381 5.27521 
3.25238 0.282345 
0.309381 4.11085 
0.309381 2.49124 
2.11157 0.292456 
0.309381 4.61119 
1.6257 0.696451 
0.309386 2.11307 
1.74018 0.294597 
