3.41579 0.164724 
0.0636629 3.13793 
2.44176 0.164724 
0.0636629 2.15505 
2.02191 0.164724 
0.0636629 3.01875 
0.0636629 2.41601 
0.0636629 2.64114 
0.0636629 2.81217 
2.20433 0.164724 
1.80213 0.164724 
0.0636629 2.51305 
0.844834 0.722121 
0.0636629 2.77072 
0.966322 0.683024 
2.41231 0.164724 
2.27718 0.164724 
0.0636629 2.05728 
0.063663 1.81818 
1.69537 0.164724 
0.967216 0.55425 
0.96674 0.637668 
1.22962 0.379736 
0.398647 1.24821 
0.0636984 1.59336 
1.32122 0.251288 
0.063663 1.90964 
0.0636632 1.78153 
0.0636647 1.70774 
1.05437 0.462206 
1.21866 0.439882 
1.13379 0.454492 
0.0741984 1.46451 
0.32868 1.29723 
1.4942 0.164775 
0.0636629 2.44817 
0.228634 1.34278 
0.0636629 1.99639 
1.80107 0.164724 
0.293206 1.31637 
0.0637096 1.53592 
0.995513 0.538261 
1.02419 0.512031 
0.410524 1.17138 
0.410524 1.11046 
0.431043 0.83001 
1.32601 0.170362 
0.413868 0.951444 
0.14368 1.3943 
0.174585 1.35056 
0.063663 1.93061 
0.128367 1.45906 
1.2362 0.272942 
0.251368 1.32272 
1.32628 0.166308 
0.478483 0.751008 
1.41396 0.164936 
0.0661055 1.50222 
0.370056 1.28621 
0.435593 0.783459 
0.131471 1.43077 
0.063668 1.65187 
1.13223 0.461713 
1.03915 0.484368 
0.518029 0.745332 
0.411756 0.988931 
0.417692 0.905258 
1.41575 0.164904 
0.174239 1.38128 
0.462482 0.778599 
0.807461 0.722121 
1.2296 0.43845 
0.568098 0.729528 
0.655719 0.722806 
1.26418 0.266265 
1.29142 0.25562 
0.419805 0.858958 
2.261 0.164724 
1.58864 0.164733 
0.371122 1.25531 
1.5263 0.16475 
0.410524 1.02078 
1.63724 0.164733 
0.410524 1.16634 
0.0636629 2.02643 
0.537388 0.729684 
1.23619 0.325394 
0.754234 0.722121 
0.0636661 1.67156 
1.56544 0.16474 
0.702019 0.722122 
1.23619 0.325391 
0.608465 0.724313 
1.65766 0.164724 
0.419104 0.884675 
0.765946 0.722121 
0.410524 1.05067 
0.410524 1.07563 
0.62121 0.724183 
0.695034 0.722131 
