0.377191 3.4502 
4.54451 0.133463 
3.36021 0.13351 
0.378457 2.40828 
3.22397 0.133745 
0.377236 2.86879 
0.377232 3.23747 
1.36349 0.43689 
0.377259 2.71789 
0.378457 2.20836 
2.83353 0.133746 
1.86247 0.279296 
2.21142 0.271185 
1.64415 0.399565 
0.379122 2.05973 
0.419886 1.88783 
0.433579 1.24802 
1.71148 0.371499 
0.377224 3.4502 
0.377231 3.23748 
1.85694 0.312564 
0.431391 1.37874 
0.419412 1.99192 
0.421227 1.75229 
2.46732 0.164992 
2.27235 0.165779 
0.421481 1.60717 
0.683426 1.09628 
0.639967 1.21795 
0.421752 1.5161 
0.421472 1.68854 
2.26968 0.184313 
2.59937 0.15233 
0.377258 2.76348 
2.80804 0.133754 
2.22625 0.271185 
2.49554 0.164879 
1.04404 0.640923 
0.557188 1.2416 
1.23217 0.437315 
1.10497 0.532793 
1.09086 0.618595 
0.377256 2.85659 
0.95852 0.668759 
0.557696 1.23696 
0.428307 1.4535 
0.637927 1.21931 
1.64877 0.373742 
0.683932 0.915389 
0.833417 0.726627 
0.683758 1.02601 
0.722003 0.899467 
0.722004 0.848209 
0.423452 1.45867 
0.832423 0.76805 
0.683837 0.967368 
2.63239 0.134751 
1.04524 0.627791 
0.68384 0.967014 
0.909878 0.672829 
1.18534 0.437703 
0.813201 0.802634 
1.15515 0.469289 
0.706989 0.905771 
1.09078 0.623616 
1.13885 0.477852 
1.17483 0.45823 
0.803625 0.833127 
0.757935 0.835831 
1.13885 0.499167 
0.866758 0.697572 
0.803883 0.830466 
0.887395 0.68516 
1.23061 0.43767 
0.934828 0.672828 
0.832411 0.788067 
1.11777 0.516503 
1.12377 0.506101 
0.683738 1.04504 
0.82013 0.79479 
0.836949 0.700344 
1.1835 0.44903 
0.683736 1.06919 
0.837739 0.700257 
1.11094 0.531151 
0.683458 1.08016 
0.755934 0.836236 
2.64639 0.133962 
0.954563 0.671515 
0.729036 0.836261 
0.880456 0.695017 
0.729033 0.83627 
0.885584 0.69144 
0.683719 1.07295 
0.683746 1.03701 
0.683738 1.03703 
0.958104 0.669811 
2.65981 0.133851 
0.377256 2.86467 
4.88174 0.133463 
