0.34598 2.05464 
1.50789 0.168545 
0.34598 1.52305 
0.34598 1.91629 
0.927428 0.746844 
1.10829 0.746842 
0.477077 1.0151 
0.839798 0.746853 
0.663833 0.781719 
0.927182 0.746853 
0.60645 0.781963 
0.34598 1.95289 
0.550202 1.00527 
0.448652 1.01636 
0.34598 1.51545 
0.34598 1.40398 
1.29004 0.168553 
0.36341 1.0437 
1.34317 0.168552 
0.792847 0.74687 
0.551575 0.89892 
0.697656 0.781702 
0.398777 1.01729 
0.34598 1.36582 
1.40349 0.168545 
1.22104 0.325662 
0.398664 1.02342 
1.43791 0.168545 
0.34598 1.27854 
0.584905 0.794199 
0.761168 0.748461 
0.34598 1.20942 
1.4955 0.168545 
1.1992 0.345074 
1.10845 0.746842 
1.1203 0.68965 
0.732139 0.77045 
0.7546 0.76461 
0.34598 1.31248 
0.564299 0.859749 
0.71359 0.773166 
1.45944 0.168545 
0.564398 0.7942 
0.816482 0.746857 
1.2454 0.217876 
0.348637 1.06645 
0.563226 0.85975 
0.550737 0.956981 
1.12032 0.542119 
1.24042 0.25611 
1.38501 0.168545 
1.15566 0.366488 
1.16433 0.357751 
1.26353 0.192816 
1.28141 0.189902 
1.13201 0.419863 
1.13231 0.39243 
1.12085 0.458051 
1.1203 0.621651 
1.23311 0.314344 
1.12031 0.583137 
0.346042 1.14044 
0.550605 1.0027 
1.17799 0.350612 
0.551551 0.931684 
0.354702 1.05335 
0.346001 1.15339 
1.12061 0.496799 
0.345998 1.18689 
1.12877 0.437724 
1.36996 0.168545 
1.23675 0.259921 
0.348636 1.10363 
1.23541 0.29179 
1.13808 0.367967 
0.346043 1.10406 
1.18854 0.349769 
1.2595 0.206318 
1.12032 0.525037 
1.12031 0.591536 
0.34598 1.3989 
0.833234 0.746853 
0.34598 1.91917 
1.28478 0.175432 
1.45497 0.168545 
1.25097 0.212182 
1.1203 0.662249 
1.13717 0.377725 
0.564398 0.794199 
1.12395 0.451861 
1.35762 0.168545 
1.1203 0.64183 
1.12033 0.503386 
1.1203 0.687813 
0.551523 0.945613 
1.23357 0.296137 
0.34598 1.19907 
1.1203 0.653967 
0.34598 1.29697 
0.34598 1.29266 
