0.162015 2.91436 
0.561357 0.938937 
1.94407 0.0657346 
1.49354 0.065887 
0.561361 0.895062 
1.44002 0.0671342 
0.78526 0.703932 
0.453836 1.13484 
1.95193 0.0655082 
1.418 0.0757985 
1.42761 0.0757179 
0.772159 0.704028 
0.561362 0.872853 
0.162301 1.79909 
0.162076 1.83023 
0.700237 0.774796 
0.714714 0.752598 
0.705756 0.761021 
0.561357 0.896068 
0.794043 0.697715 
1.44673 0.0665453 
0.752096 0.744365 
1.17701 0.506344 
0.561357 0.935524 
0.760045 0.740551 
1.33204 0.400654 
0.561449 0.861765 
1.17702 0.466759 
1.40011 0.115323 
1.38354 0.158987 
0.326363 1.36701 
1.39249 0.115394 
0.578235 0.8476 
1.36892 0.176006 
0.725102 0.744811 
0.764593 0.714623 
0.241078 1.40493 
0.317354 1.38618 
1.47764 0.066052 
0.342106 1.32204 
1.38871 0.151537 
1.17297 0.638496 
1.17397 0.616558 
1.18126 0.466391 
0.863084 0.693366 
1.33731 0.335638 
0.680844 0.811273 
0.59063 0.844723 
0.685446 0.77481 
1.41027 0.0892181 
0.673401 0.818361 
0.341986 1.36629 
0.195728 1.4228 
0.222917 1.40928 
0.8636 0.693366 
1.18815 0.424412 
1.33222 0.357741 
0.625561 0.842476 
0.43952 1.13668 
0.302806 1.39265 
0.634043 0.821213 
0.260967 1.40039 
0.813835 0.69337 
1.36361 0.25549 
1.35579 0.258348 
0.190609 1.441 
1.17483 0.50711 
1.36379 0.186438 
0.167886 1.47429 
0.345555 1.31687 
1.35566 0.328193 
0.377431 1.2706 
1.67424 0.0658764 
1.17433 0.585794 
1.76614 0.0658703 
0.162303 1.79659 
0.924938 0.693366 
0.163063 1.49887 
0.377935 1.25335 
1.33165 0.400656 
0.982036 0.693366 
1.16796 0.664105 
1.97316 0.065482 
1.19755 0.413577 
1.94246 0.0657373 
0.394322 1.14368 
0.162341 1.60437 
0.162323 1.6834 
1.77858 0.0658703 
1.67423 0.0658765 
1.49392 0.0658766 
1.07172 0.693365 
0.561357 0.943737 
0.466358 1.13452 
0.162016 2.40564 
2.11299 0.0654783 
0.162018 1.8338 
0.162016 2.39383 
0.162015 2.94679 
2.79077 0.0654779 
