1.74603 0.250297 
1.02509 0.469272 
1.02344 0.469979 
1.04483 0.468254 
0.974011 0.498673 
0.804861 0.890992 
1.12011 0.467251 
1.12285 0.464632 
0.951219 0.557917 
0.995348 0.475054 
0.998279 0.473829 
0.507836 1.24862 
1.19871 0.441621 
0.750956 0.991211 
0.51224 1.19545 
0.99977 0.473293 
0.95117 0.56174 
0.508252 1.24189 
0.7515 0.982185 
0.944986 0.562049 
0.975016 0.498118 
0.975016 0.478885 
0.800498 0.890993 
0.926051 0.66359 
1.14096 0.464478 
1.17382 0.441694 
1.14082 0.464479 
1.12318 0.464623 
0.99351 0.476316 
1.02579 0.469271 
1.0233 0.471639 
1.043 0.468258 
1.12011 0.467263 
0.976378 0.476395 
1.10016 0.467393 
1.17396 0.441692 
0.917075 0.730821 
0.943432 0.569467 
1.006 0.473287 
1.19655 0.441625 
0.917076 0.729833 
0.917072 0.764855 
0.507808 1.25035 
0.519478 1.14155 
0.917137 0.673707 
0.510424 1.19688 
0.930663 0.617411 
0.513239 1.19024 
1.15474 0.460092 
1.15652 0.441724 
0.510074 1.23585 
0.927053 0.663581 
0.929655 0.619154 
0.917072 0.768731 
0.917072 0.81735 
0.917076 0.693601 
0.513239 1.15113 
0.917072 0.823663 
0.561804 1.08324 
0.917071 0.877771 
0.935747 0.583987 
0.79051 0.893628 
0.610096 0.995444 
1.35282 0.266148 
0.528259 1.13227 
1.09983 0.467427 
1.04653 0.467773 
1.56298 0.250303 
0.9522 0.555387 
0.973984 0.503009 
1.29441 0.324085 
0.507445 1.66485 
0.751892 0.97614 
0.550928 1.11041 
0.562011 1.06393 
1.74545 0.250297 
1.50755 0.250303 
0.77407 0.920725 
0.569721 0.995709 
1.32943 0.296782 
1.56355 0.250303 
0.804862 0.890991 
0.917071 0.888765 
0.75078 0.99145 
1.35391 0.255672 
0.618937 0.993551 
1.48216 0.250418 
1.20293 0.441582 
1.28757 0.324756 
1.66899 0.250297 
0.507445 1.66389 
0.507445 1.2885 
2.46797 0.250297 
1.74818 0.250297 
0.507445 1.75737 
0.507444 3.08639 
2.32744 0.250297 
0.507444 2.53448 
0.507444 3.45454 
2.66196 0.250297 
