0.373785 1.53487 
4.10157 0.302319 
3.87862 0.302319 
2.08026 0.302319 
2.00244 0.302319 
1.35098 0.302319 
0.373785 1.34708 
0.832038 0.670888 
0.7922 0.788746 
0.373785 1.46553 
0.386348 1.08136 
0.373785 1.27997 
0.492646 1.03256 
0.374298 1.09663 
0.654213 1.01266 
0.37419 1.16256 
0.373941 1.2335 
3.97457 0.302319 
0.496567 1.03082 
0.373945 1.17705 
0.373785 1.46647 
0.373785 1.53487 
0.669227 0.984237 
0.694338 0.816588 
0.686102 0.856502 
0.676801 0.891323 
0.676791 0.938567 
0.676791 0.940957 
0.3738 1.25366 
0.703886 0.799729 
4.10157 0.302319 
1.2837 0.302339 
1.14332 0.318425 
0.83583 0.595982 
0.678782 0.861618 
0.668981 1.00426 
0.836425 0.552145 
1.2365 0.302351 
0.840875 0.45692 
0.677855 0.889074 
0.744461 0.789696 
0.836268 0.568131 
0.84029 0.493221 
1.08459 0.352097 
0.841122 0.437053 
0.861236 0.400578 
2.07992 0.302319 
1.13626 0.341481 
1.17427 0.317572 
0.838789 0.535529 
1.22059 0.313125 
0.848406 0.432195 
0.834901 0.61804 
0.839573 0.513338 
1.09982 0.342078 
0.859835 0.417625 
0.839573 0.513337 
1.06757 0.35872 
1.05057 0.361 
0.905872 0.3879 
1.20016 0.313125 
0.832284 0.636376 
0.840851 0.468277 
0.954604 0.374404 
0.859504 0.420372 
0.864542 0.393182 
0.933698 0.379535 
0.84029 0.485466 
1.0423 0.370475 
0.840839 0.475946 
0.88905 0.391837 
0.764509 0.789571 
0.836561 0.536084 
0.832192 0.648433 
0.83583 0.582441 
0.835984 0.580235 
1.11781 0.341685 
0.832147 0.660863 
0.966302 0.371197 
0.933699 0.379395 
0.83385 0.626221 
1.02664 0.370531 
0.832769 0.629076 
0.981418 0.371086 
0.792198 0.78901 
1.01052 0.370833 
0.997895 0.370997 
0.905808 0.390168 
0.834896 0.61814 
1.13624 0.341501 
0.832182 0.652158 
0.832147 0.658479 
0.832148 0.65471 
0.832148 0.654698 
0.8382 0.535748 
0.836658 0.535822 
0.836637 0.535916 
0.836649 0.535915 
3.99822 0.302319 
0.373785 2.31896 
