3.86451 0.33272 
0.774002 0.722635 
0.748881 0.731061 
0.750201 0.723884 
0.472341 1.03015 
0.484254 0.985632 
0.471188 1.07666 
0.477658 0.994806 
0.547766 0.870334 
0.695979 0.740058 
0.76885 0.722764 
0.712891 0.733728 
0.687901 0.760164 
0.755677 0.723085 
0.471036 1.10756 
1.17288 0.333386 
0.697763 0.738996 
0.578923 0.85265 
0.586139 0.851362 
0.621464 0.831355 
0.524487 0.873232 
0.691282 0.752879 
0.471164 1.09519 
0.530809 0.870337 
0.484303 0.985632 
0.828873 0.721259 
1.20744 0.333137 
0.51795 0.884213 
0.679723 0.76294 
0.476184 0.995071 
0.471224 1.0764 
0.547766 0.870334 
0.474037 1.0263 
1.14164 0.337552 
0.351487 1.86936 
1.16381 0.33753 
1.1818 0.333248 
1.13183 0.339166 
0.662751 0.763056 
0.712892 0.733664 
0.643768 0.763056 
0.619845 0.832128 
0.979309 0.451553 
0.471343 1.04043 
0.747479 0.731131 
0.509189 0.949774 
0.577987 0.86936 
0.511724 0.891826 
0.510877 0.936097 
1.08277 0.339181 
0.600226 0.851344 
1.10692 0.339166 
0.850718 0.595413 
0.242447 1.92072 
0.849788 0.62155 
0.876411 0.554418 
0.945859 0.474959 
0.996059 0.45146 
0.895716 0.553884 
0.972847 0.469349 
0.370377 1.8569 
0.263963 1.88607 
0.487994 0.956332 
0.828707 0.722551 
0.412439 1.61056 
0.776065 0.722633 
0.637618 0.77775 
0.913673 0.536309 
0.936395 0.486443 
0.851514 0.561014 
0.635869 0.824 
1.0249 0.395947 
0.931135 0.527634 
0.229533 2.29004 
0.849558 0.714613 
1.0171 0.435904 
0.229097 3.07486 
0.849681 0.657331 
1.03909 0.388198 
1.06282 0.344479 
0.266403 1.88402 
0.347287 1.87062 
0.46846 1.47953 
0.412593 1.5789 
0.378184 1.83625 
0.410551 1.64504 
0.242446 1.9219 
0.229533 2.29106 
0.469085 1.47953 
0.471036 1.12092 
0.229533 2.20589 
0.229097 3.0748 
1.60689 0.33278 
1.20858 0.332783 
1.60689 0.33278 
2.02011 0.332749 
0.229098 2.61055 
2.02633 0.332721 
3.89907 0.33272 
0.229097 4.99478 
