4.77492 0.185005 
0.526808 2.13504 
2.93522 0.185005 
4.11565 0.185005 
0.526809 1.69823 
0.526808 2.05933 
1.86697 0.185005 
2.3192 0.185005 
0.527134 1.58739 
0.534027 1.24864 
4.45526 0.185005 
1.30795 0.199394 
4.12732 0.185005 
2.80179 0.185005 
0.530038 1.38302 
1.30688 0.328969 
2.54636 0.185005 
0.790382 0.724196 
0.529074 1.44795 
2.4548 0.185005 
0.528188 1.52857 
1.51467 0.185005 
0.825856 0.660311 
0.559926 0.963154 
1.6968 0.185005 
0.559913 1.01551 
4.56452 0.185005 
0.528418 1.49225 
4.67007 0.185005 
0.826359 0.472248 
0.82588 0.619205 
0.594232 0.826526 
0.825887 0.58446 
0.560226 0.931504 
0.53003 1.38871 
0.534037 1.09125 
0.826597 0.441062 
2.31944 0.185005 
0.566046 0.90051 
2.88286 0.185005 
0.570659 0.855979 
0.825926 0.553507 
0.534038 1.04749 
0.534028 1.21512 
0.825947 0.509532 
0.826836 0.408982 
4.49259 0.185005 
0.830034 0.392056 
4.74002 0.185005 
0.534036 1.11209 
0.570604 0.874835 
1.36304 0.189359 
0.844541 0.367893 
0.639493 0.785691 
0.717158 0.770264 
1.43486 0.185005 
0.82594 0.525826 
0.53878 1.03582 
1.77821 0.185005 
1.02546 0.342385 
2.54443 0.185005 
0.534034 1.13836 
0.825857 0.652077 
1.8338 0.185005 
0.718534 0.746538 
0.994649 0.350012 
0.754125 0.737824 
0.534028 1.1775 
0.534034 1.15354 
0.534028 1.19285 
0.609951 0.806925 
1.50228 0.185005 
0.631677 0.806924 
0.867137 0.363313 
1.24348 0.32897 
1.05249 0.334111 
0.887831 0.353758 
1.13453 0.330237 
0.693701 0.779574 
0.675603 0.782575 
0.959101 0.351753 
1.10121 0.333242 
1.30516 0.32897 
1.40558 0.185026 
0.751519 0.745819 
1.16281 0.328982 
1.18565 0.32897 
1.38637 0.189212 
1.07785 0.333669 
0.913707 0.352059 
1.2154 0.32897 
0.933055 0.351802 
1.7364 0.185005 
1.74123 0.185005 
1.69681 0.185005 
1.23294 0.32897 
0.526808 2.14666 
4.77562 0.185005 
0.534029 1.25018 
2.93525 0.185005 
