1.62731 0.239226 
1.09486 0.745933 
0.592221 0.926838 
0.611713 0.917922 
0.589211 0.929793 
1.09486 0.74593 
0.575983 0.938125 
0.343204 1.57673 
0.587629 0.935075 
0.499097 1.06443 
0.498957 1.1202 
0.499038 1.06445 
0.498957 1.17143 
0.469005 1.4544 
0.799009 0.771123 
0.683567 0.888558 
0.499145 1.00637 
1.48863 0.239754 
0.593322 0.926834 
0.610984 0.919921 
0.498957 1.14889 
0.498956 1.19257 
1.29283 0.476314 
0.246236 1.64455 
0.504633 0.988171 
0.457281 1.46271 
0.498991 1.10699 
0.499103 1.02405 
0.575412 0.944465 
1.21003 0.513634 
0.509315 0.974038 
0.747388 0.771445 
0.343319 1.56251 
0.521861 0.964899 
0.77875 0.771124 
0.768179 0.77113 
0.242859 1.7932 
1.38762 0.26078 
1.09631 0.718105 
1.10437 0.634435 
0.380227 1.53534 
1.25781 0.500022 
0.696545 0.803851 
0.335537 1.58276 
0.498956 1.41006 
0.455467 1.47909 
0.534366 0.960903 
0.277193 1.58344 
1.43424 0.24153 
0.242503 3.32172 
1.20931 0.573913 
0.498956 1.32359 
1.294 0.449238 
1.20056 0.585796 
0.498956 1.31623 
0.245648 1.67277 
1.10393 0.691004 
0.498956 1.41267 
1.48661 0.239825 
1.29044 0.495174 
0.269397 1.58808 
1.55532 0.239554 
1.55487 0.239558 
0.25028 1.62887 
0.469298 1.44455 
0.559335 0.960478 
0.364192 1.5579 
0.687286 0.849598 
1.2101 0.513633 
1.44344 0.239875 
1.25488 0.500347 
0.498956 1.22276 
0.242521 1.93611 
1.40369 0.241564 
0.242503 3.24954 
0.244879 1.74241 
0.743446 0.78013 
0.705316 0.803557 
0.307285 1.5829 
0.242566 1.81063 
1.50805 0.239613 
1.38179 0.265804 
1.36679 0.364971 
0.387839 1.52637 
1.60172 0.239251 
0.683567 0.888727 
1.36118 0.375037 
0.614957 0.911605 
0.437729 1.50777 
1.10491 0.609301 
1.31741 0.437415 
1.17813 0.597781 
0.799239 0.771122 
0.935332 0.771085 
0.936212 0.771083 
1.09485 0.748769 
0.242521 1.93611 
0.242511 3.19548 
3.07334 0.23922 
0.242499 6.70949 
