5.41737 0.210252 
1.03871 0.537762 
0.38424 1.02888 
0.384237 1.26285 
0.646744 0.783162 
0.940994 0.537851 
0.79258 0.593183 
0.839205 0.539402 
0.598449 0.86463 
0.656453 0.783148 
0.542257 0.888231 
0.411223 0.984189 
0.391732 1.00728 
0.476894 0.966836 
0.806124 0.541617 
1.0231 0.537763 
0.715257 0.699401 
2.19677 0.210411 
0.466705 0.966886 
0.632183 0.783177 
0.398891 1.00715 
0.886198 0.537996 
0.388824 1.02237 
0.716167 0.659684 
0.934622 0.537896 
0.845194 0.53925 
0.819685 0.54049 
0.771467 0.596075 
0.542256 0.896554 
0.42258 0.982242 
0.621015 0.812784 
0.447208 0.96888 
0.384238 1.21564 
1.45529 0.22353 
0.721974 0.600654 
0.398936 0.986549 
0.44285 0.979396 
0.873809 0.538858 
0.73083 0.600618 
0.717123 0.622302 
0.76425 0.599449 
0.716932 0.632988 
0.630923 0.796506 
0.906512 0.537956 
0.714778 0.771064 
0.71527 0.699149 
0.715257 0.723557 
0.715836 0.659821 
0.384237 1.30426 
1.30295 0.256013 
0.384237 1.26448 
0.384237 1.34909 
0.714776 0.778601 
0.384237 1.30512 
0.541564 0.917767 
0.384237 1.24586 
0.714779 0.739159 
0.619804 0.818359 
0.487301 0.960004 
0.793559 0.59299 
1.00878 0.537763 
0.675047 0.783142 
0.541231 0.940711 
0.597776 0.864973 
0.959587 0.537843 
1.03962 0.537761 
1.43326 0.224612 
0.802875 0.55094 
0.528457 0.959954 
0.612287 0.854024 
0.547205 0.877538 
0.384237 1.34909 
0.263165 1.38583 
1.30954 0.225057 
1.38209 0.224945 
1.47193 0.223486 
0.247075 1.39295 
0.341754 1.38583 
0.190276 1.53181 
0.384239 1.21401 
0.244359 1.48963 
0.38424 1.03555 
1.57048 0.21066 
0.177579 1.86229 
0.17734 3.07405 
0.177293 3.16106 
0.178047 1.59861 
2.17536 0.210484 
1.29711 0.256095 
1.76932 0.210527 
1.11019 0.53775 
0.177055 3.37644 
0.177055 3.76361 
0.177481 1.86347 
0.177448 2.8759 
2.20599 0.210407 
3.75209 0.210367 
3.85784 0.210366 
0.177028 4.57253 
5.60727 0.210252 
