0.419091 1.45918 
1.92406 0.258693 
1.92028 0.258693 
1.38808 0.258693 
0.530406 0.988173 
0.419091 1.43202 
0.514973 1.09295 
0.419091 1.31942 
0.530406 0.923786 
0.420389 1.20483 
0.530406 0.864885 
1.08277 0.285308 
0.530406 0.951019 
1.01534 0.391075 
0.421545 1.15423 
1.0293 0.352279 
0.899 0.523953 
1.03384 0.291959 
0.543387 0.602432 
1.0154 0.364402 
0.445717 1.12954 
0.867822 0.53405 
0.813509 0.53405 
1.18163 0.258704 
0.89903 0.477 
1.11197 0.271369 
1.05582 0.29187 
0.481222 1.11881 
0.555194 0.575773 
0.532751 0.81801 
0.419332 1.22261 
1.28942 0.258693 
1.21357 0.258693 
1.32286 0.258693 
0.928973 0.438826 
1.00495 0.41652 
0.424248 1.14266 
0.530406 0.830097 
0.967569 0.4305 
0.540551 0.686862 
0.944293 0.435873 
0.459419 1.121 
0.419312 1.24606 
0.539118 0.768378 
0.541987 0.629596 
0.53944 0.733684 
0.578163 0.566761 
0.978169 0.423284 
0.899111 0.441755 
1.14105 0.258888 
0.419091 1.28932 
1.35267 0.258693 
1.12289 0.271369 
0.89903 0.477 
0.539318 0.755697 
0.541361 0.66168 
0.530406 0.855923 
1.02973 0.322385 
0.539665 0.718108 
1.23252 0.258693 
0.718961 0.536201 
0.541572 0.652758 
1.15341 0.25881 
0.754052 0.535917 
0.581532 0.550738 
0.539973 0.700154 
1.02936 0.322637 
1.25503 0.258693 
0.595949 0.548732 
0.419091 1.31113 
0.898932 0.529307 
0.638219 0.539613 
0.874374 0.53405 
0.538568 0.793605 
0.607477 0.541221 
0.419092 1.26097 
0.490309 1.10096 
0.419091 1.27438 
0.542064 0.615264 
1.38586 0.258693 
1.00442 0.422426 
1.27042 0.258693 
0.557569 0.569127 
0.419091 1.45917 
0.900313 0.441078 
0.713498 0.536225 
0.622593 0.541075 
0.78438 0.5352 
0.538571 0.793325 
0.655427 0.53767 
0.759107 0.535707 
0.506656 1.09321 
1.34021 0.258693 
0.686804 0.536691 
0.493963 1.10049 
0.79025 0.534846 
0.80779 0.534296 
0.667008 0.537098 
0.678063 0.536706 
0.421599 1.15016 
