3.25818 8.31944 0.762696 
3.53409 8.74171 0.0635177 
3.11483 7.95341 0.997154 
0.105404 18.6008 0.00139836 
7.34882 0.515436 0 
6.79005 0.00359986 3.67262 
0 0.275838 13.3245 
11.5583 0.0111413 0.0237726 
5.91472 0 4.57503 
4.08891 0.220053 3.47548 
0.45509 0.0319194 5.85653 
4.54942 0.0592356 0.132691 
0.000353113 0.0309467 9.18877 
18.1854 0.0178359 0 
0 19.2822 0.0517279 
2.29471 1.47367 3.81821 
1.1708 18.002 0 
1.32886 20.3971 0 
0.410389 0.0078263 10.0521 
0.275661 8.08386e-05 10.2919 
7.08026e-05 29.9142 0 
0.00615044 25.6996 0 
0 0.33012 16.7129 
0 22.9515 0.00305702 
9.92088 0.695837 0 
0 17.6157 0.19426 
0.396378 21.256 0 
0.521772 23.9404 0 
0.79225 10.795 0.0238092 
1.34205 10.4937 1.26472e-05 
0 6.67695 4.35429 
0.00949093 39.5058 0 
15.7922 0.0375339 0 
2.33307 19.8795 0 
0.0123776 25.6269 0 
20.3526 0 0.280647 
0.00968525 40.3146 0 
0 23.125 0.00125983 
0 34.5785 8.25051e-05 
0 36.5388 8.71824e-05 
0 40.7577 0 
0 0 16.9688 
12.8056 0 46.3607 
0 2.07096 12.384 
0 2.07096 12.384 
0 20.3769 0.0578283 
0 36.4827 0.861328 
0 4.9853 11.3853 
0 4.9853 11.3853 
0 8.41571 19.2196 
0 9.71272 22.1817 
1.93983 40.4626 0 
0 0 49.4233 
13.1937 0 49.8063 
17.3325 18.1561 0 
0 1.8559 39.5836 
0 42.2931 0 
0 13.0746 29.8594 
13.1937 0 49.8063 
25.2108 0 0 
13.6837 0 49.3163 
0 0 51.242 
49.4722 13.5278 0 
11.1796 0 51.8204 
0 0 55.068 
0 57.8523 5.14769 
0 58.4302 0 
0 63 0 
0 63 0 
0 63 0 
0 63 0 
0 148.592 0 
14.2401 48.7599 0 
0 0 61.4825 
58.2168 0 0 
58.6861 0 4.3139 
44.6514 0 18.3486 
63 0 0 
63 0 0 
45.5519 0 80.0337 
0 0 148.331 
63 0 0 
55.2172 0 5.63069 
54.3794 0 8.62059 
63 0 0 
63 0 0 
62.4939 0 2.4295 
