17.0744 0.0626675 0.0611881 
0.106663 7.84418 7.18516 
0.147656 9.05964 4.60421 
12.766 0.933471 0.000153332 
0.0374042 17.0247 6.91217 
1.92485 25.6165 0 
5.62168 0.138696 1.98763 
1.34421 25.8697 0 
0.0564716 27.4979 0.018444 
21.4637 3.96866 1.76688e-05 
0 28.6363 0.483852 
2.66995 0 11.6096 
0.0161893 1.82263 12.4579 
0.107173 9.33588 0.259166 
0.352081 0.316795 8.61756 
2.11268 0 14.3133 
0 24.3181 2.13704 
6.48338 0 7.45681 
0.173905 30.4824 1.58621e-07 
0 19.5878 6.07326 
0 0 16.7876 
33.2079 0.159863 0 
1.19582 28.0091 0 
15.3025 24.9374 0 
0 24.6849 1.75883 
0 22.1292 3.45207 
14.045 0 0.429139 
0 29.2934 5.23269 
21.3917 5.1966 0 
0.00967883 46.1275 2.38722e-07 
35.8811 0.172732 0 
31.8746 0.180311 0.00205122 
0 20.5404 5.33741 
0 22.0236 5.72283 
0.224427 39.4975 0 
38.0199 0 0 
0 15.5739 10.8704 
0 15.7824 10.6698 
0 44.8558 1.21487 
22.3414 0 0.00424006 
0 52.5706 0 
51.5252 0.0248114 0 
0.0866097 48.6909 0 
0 55.2058 0 
0 52.7521 10.2479 
0 53.6574 9.34255 
6.42253 32.114 0 
2.46216 1.98648 0.000670859 
28.1205 29.7577 0 
0 55.3455 0 
52.2711 0 0 
0 9.51014 11.3821 
0 12.2758 14.6031 
0 12.9645 15.5347 
22.3414 0 0.00424006 
33.138 24.1975 0 
36.4558 26.6202 0 
6.42253 32.114 0 
8.31417 36.6623 0 
36.5241 26.4756 0 
39.3847 0.353458 0 
0.224427 39.4975 0 
44.6696 0 0.80525 
9.7332 0 3.84633 
4.7233 58.4408 0 
15.6099 47.3901 0 
0 53.04 9.95997 
19.9504 40.7991 0 
46.3796 8.88661 0 
23.2954 30.0009 0 
61.7834 0 1.21659 
55.9716 0 7.02845 
0 53.7264 5.87225 
41.8303 11.4661 0 
0 0 19.2796 
0 0 31.4389 
20.1456 0 44.7283 
48.3449 6.92132 0 
28.9457 33.798 0 
41.8888 0 21.1112 
39.9415 0 36.2911 
0 33.621 21.4343 
49.7764 0.75468 0 
0 60.953 2.04697 
46.0163 0 16.9837 
0 20.7736 42.2264 
0 20.3377 42.6623 
0 49.5232 13.4768 
19.9987 34.1823 0 
0 55.8169 7.18312 
0 56.1455 6.85447 
53.5904 0 9.40957 
19.4936 56.3453 0 
45.7501 17.2499 0 
47.5206 15.4794 0 
42.2366 20.7634 0 
8.42361 0 54.5764 
0.466748 62.5333 0 
63 0 0 
60.0783 2.92173 0 
50.6917 12.3083 0 
50.8626 0 23.3985 
63 0 0 
63 0 0 
131.727 0.457562 0 
