0.173875 12.9871 0.000214479 
11.2706 0.0945687 0 
0.0579702 11.318 0.360899 
6.61235 0.251155 3.57668 
4.13876 5.26367 3.53008 
0.0165609 7.87372 2.98036 
13.5491 0.11633 0 
7.59851 0.000279745 0.0236659 
5.20109 0.756397 2.61775 
2.76801 6.78279 3.58579 
0 29.3152 0.143093 
0 28.6604 2.04961 
4.38048 6.07691 0 
4.8991 4.35724 1.40209 
0.388784 16.6847 0 
0.00128642 27.0643 0 
0.00131749 27.7178 0 
4.56907 5.81094 0 
15.0063 0.223255 0 
0 0 7.05504 
0.00113985 23.2405 0.0973268 
0 13.9855 2.17734 
0 30.7863 0 
0.417502 17.9171 0 
1.34277 19.6518 0 
0.0396085 22.1345 0 
0 44.2625 3.17226 
0.346387 21.8277 0 
0 28.6226 4.45614 
2.56073 2.50814 4.41081 
10.5199 0.452434 0 
10.3748 0.477342 0 
0.869443 23.1345 0 
0.139987 23.5756 0 
0 0 7.05504 
16.3987 0.155403 0 
16.8401 30.2537 0 
17.686 0 0 
0 0 22.3838 
16.657 0 46.343 
0 0 49.1833 
0 20.4553 42.5447 
0 0 51.211 
0 50.599 0 
0 33.0975 25.3086 
0 33.0649 29.9351 
0 58.8606 0 
0 60.273 2.72702 
14.0264 0 48.9736 
0 26.1916 36.8084 
0.00860114 33.241 0 
0.00912997 35.2848 0 
0 62.8471 0.152917 
0 20.4553 42.5447 
0 14.2383 48.7617 
0 24.5839 38.4161 
0 39.6268 14.3556 
0.804094 32.0157 0 
0.00912997 35.2848 0 
0.01363 52.6762 0 
0.724134 62.2759 0 
1.19049 62.137 0 
20.3604 0 0 
45.8204 15.8085 0 
0 49.3515 3.53699 
0 63 0 
0 59.2638 3.73621 
0 0 51.4981 
0 63 0 
0 38.189 24.811 
0 63 0 
2.96341 60.0366 0 
0 0 60.0699 
0 63 0 
0 44.3511 18.6489 
0 22.9104 40.0896 
7.54592 0 55.4541 
0 63 0 
0 63 0 
23.9065 0 39.0935 
16.4506 0 46.5494 
24.0928 0 38.9072 
0.826943 0 62.1731 
0 63 0 
0 0 62.1983 
0 41.0995 21.9005 
41.731 0 21.269 
58.984 0 4.01605 
51.2196 0 11.7804 
60.1517 0 0 
116.006 0 0 
