0.939969 0.543944 20.6516 
1.39899 6.13028 0.083109 
0 3.8122 13.1796 
2.48097 2.49452 4.7311 
0.000745577 3.31238 7.15433 
1.81089 0.000143502 28.3508 
40.4869 0.0869535 0.0110129 
3.12507 0.0150669 21.5696 
1.67593 1.33481 10.0951 
0.666487 24.0356 0.0377188 
9.46286 0.000676026 19.9053 
3.76342 0 35.5552 
7.37718 0 28.1551 
20.284 0 0.162251 
15.3372 0 12.8364 
16.8865 0 12.2898 
0 4.56751 15.7908 
3.91431 0 36.9808 
47.5392 0 0 
0 4.40585 15.9442 
0 5.46939 19.793 
0.160247 45.9705 0 
52.3075 0.38225 0 
2.78866 0 38.7679 
0 28.6268 0.744638 
0 44.3855 1.14115 
24.9399 2.07817 0 
25.8529 2.15425 0 
0.881567 16.6529 0 
33.208 0.0683474 0.0842164 
39.524 0 0.0895826 
36.7006 0 5.20259 
34.5752 28.4248 0 
46.8128 0.755869 0 
36.3192 26.6808 0 
15.3908 0 12.9101 
15.0829 0 13.0907 
0.836343 21.7656 0.294206 
0.508806 39.1418 0 
8.04122 0 21.1352 
49.6929 0 0.138974 
4.3965 0.0066588 9.26145 
0 46.6662 0 
39.6276 2.43321 0 
1.22941 0 40.1202 
1.31099 0 42.7825 
1.31099 0 42.7825 
0 44.0178 1.14499 
0 0.955121 26.2302 
0 26.3434 10.4987 
0 1.09335 25.505 
0 38.3484 19.2496 
0 40.2327 16.0717 
4.44725 0 34.8669 
0 41.3955 5.25899 
0 41.9058 21.0942 
54.0924 0 0 
44.7384 18.2616 0 
0.137634 0.0232014 33.5439 
20.8624 0 11.8855 
0 0.535103 48.2027 
43.5082 19.4918 0 
40.4783 22.5217 0 
34.8238 28.1762 0 
34.5365 28.4635 0 
37.7334 0 4.16974 
57.5766 0 0.44518 
38.5814 0 5.46921 
9.30624 29.944 0 
0 50.5028 0 
2.51667 54.205 0 
0 29.4047 25.4945 
43.3609 19.6391 0 
29.7611 0 14.8821 
49.1186 0 6.69498 
4.67671 4.77672 0.107501 
0 1.63438 38.1257 
1.87848 0 40.1828 
42.9326 0 24.4592 
33.3839 0 29.6161 
0 35.2893 27.7107 
0 55.9594 0 
0 58.2941 4.70591 
48.8515 6.09724 0 
36.2024 26.7976 0 
26.4945 36.5055 0 
57.1801 0 34.06 
0 0 55.2272 
53.442 9.55798 0 
6.87343 0 56.1266 
0 44.9229 18.0771 
25.4396 37.5604 0 
19.5795 43.4205 0 
41.8189 21.1811 0 
0 61.4424 0 
0 63 0 
0 63 0 
63 0 0 
0 0 62.997 
0 63 0 
0 0 63 
63 0 0 
63 0 0 
51.2482 11.7518 0 
63 0 0 
