8.92464e-06 26.8869 0 
8.55151 0.16545 6.07906 
0.122193 0.00679117 24.6868 
11.0281 0.0261518 7.70903 
24.6095 0.00128076 0 
0.0583762 0.00115301 33.8959 
0 0.0470109 26.768 
0 29.517 0.0110391 
0 8.37275 1.14783 
2.20737 0.0280244 6.24509 
0 12.362 3.46803 
0 0.22451 27.35 
9.83663 1.79295 5.19441 
0.0249221 11.1941 0 
0 15.6978 1.84321 
0 0.318027 8.47107 
0 1.29826 12.6374 
4.23904 0 12.1947 
3.35029 0 15.5754 
5.80524 0 13.5816 
9.97532e-06 30.0522 0 
0 16.5978 1.94889 
0.200674 0 24.958 
1.23698 0 30.9046 
11.4561 0.0195328 0 
9.78787 2.0102 5.20024 
3.40766 5.18878 5.91973 
1.00494e-05 12.6897 0 
0.000251582 11.2579 0 
7.2245 0 16.0663 
0.392605 0.0884939 19.8235 
2.33473e-05 11.5161 0 
2.96101e-05 11.5161 0 
3.87501e-06 32.3351 0 
0.597482 0 34.613 
35.6645 0 0 
0.150572 37.5192 0 
0.00201297 0 35.1582 
0.245195 0 35.3621 
1.26363e-05 38.0688 0 
0.660816 0.148949 19.4948 
8.5835 0 19.0616 
0 20.9023 0.0286131 
13.4406 0 0.112242 
22.327 0 3.16814e-05 
18.2932 0 1.31399 
11.7994 0.0201181 0 
10.208 0.117669 0 
15.2564 0.0260123 0 
23.2171 0.438864 0 
0.152423 23.7117 0 
0.152423 23.7117 0 
0.206257 32.0864 0 
0 20.9023 0.0286131 
0 37.4978 0.000594871 
0 1.62141 17.262 
0 7.46761 36.3455 
0 8.89993 35.74 
28.8788 0.00149827 0 
0 31.0544 12.6626 
25.1828 0 0.0101576 
19.2524 0 1.38289 
24.7795 0 1.7799 
43.9374 0 0 
51.9916 0 0 
51.9916 0 0 
1.25058 27.6292 0 
34.6206 0.00179616 0 
54.5543 0 3.77069 
0.0061938 38.076 0 
0 0 45.3256 
1.23698 0 30.9046 
1.28964e-05 38.4272 0 
0 15.4041 39.3415 
8.98268 0 21.0153 
0 22.4595 40.5405 
23.9604 0 39.0396 
0 22.1054 40.8946 
0 11.9151 51.0849 
0 51.2656 0 
0 32.0608 30.9392 
0 14.5956 48.4044 
45.792 0 17.208 
0 17.2031 45.7969 
23.328 0 39.672 
0 0 63 
0 63 0 
14.8234 48.1766 0 
30.6938 0 27.4744 
55.3263 0 0 
