8.3027 0.415121 6.45726 
4.46792 0 12.6658 
1.57795e-05 10.5128 8.50887 
0 0.000184017 18.0133 
1.62313e-05 10.8137 8.20952 
0 18.8082 1.3889 
12.7822 0.129589 9.66806 
4.99767 0.478404 11.7486 
0 14.9164 6.80466 
0 0.297882 18.8096 
0.149284 5.97868 10.9451 
0.0314354 5.00937 14.285 
0 16.4641 4.96639 
1.45082 0 15.7706 
0 14.8977 17.5524 
4.87213 0 12.4237 
3.71088 0.107304 13.4802 
29.5194 0.00309973 0 
1.03143e-07 0.000183913 18.0133 
0 21.0621 0 
0.0226344 8.22346 0 
12.2453 0.0430194 10.1776 
2.27495 2.52962 0.138424 
0 17.0196 3.93954 
33.5792 0.00352604 0 
33.5792 0.00352604 0 
42.7685 0.00418329 0 
40.2009 0.00422136 0 
0 0.000196945 19.7621 
50.3347 0 0 
17.319 1.11119 0 
16.612 1.64184 0 
0 19.4506 0.664801 
5.97225 0.748701 10.359 
3.97287 0.0908182 14.48 
4.10471 0 26.6001 
32.0764 0.0538182 0 
32.0658 19.447 0 
0 5.01692 34.5291 
0 21.0621 0 
0 21.0621 0 
0 21.0621 0 
0.0922938 0 51.7011 
0 1.84207 46.8584 
0.162396 0 46.3046 
0.173579 0 45.4798 
0 0 54.7892 
12.9146 0 0.0025564 
51.0744 0 4.01919 
51.777 0 0.870311 
58.6915 0 0 
57.4648 4.65624e-08 0 
41.1074 0.215673 0 
0.322912 20.0332 0 
49.9587 0.00525456 0 
0 21.0621 0 
0 21.0621 0 
0 21.0621 0 
0 47.8096 0 
0 48.6766 0 
6.48421 0 42.0202 
9.418 0 61.0323 
14.4808 0 17.4854 
20.3855 0 24.6152 
58.9358 0 0.271975 
0.010665 1.09393 15.2391 
0 2.16964 42.4887 
0 60.031 0 
0 63 0 
0 63 0 
5.6947 52.8419 0 
0 63 0 
0 63 0 
0 0 61.8483 
0 0 63 
0 63 0 
0 63 0 
0 63 0 
0 63 0 
0 0 63 
13.588 25.3886 0 
0 63 0 
0 0 63 
19.1303 0 43.8697 
30.0131 32.9869 0 
55.5778 2.88295 0 
0 0 63 
47.5489 49.3111 0 
0 0 63 
0 0 63 
0 0 63 
0 0 63 
0 63 0 
0 0 85.247 
44.7388 198.446 0 
52.6722 10.3278 0 
63 0 0 
63 0 0 
63 0 0 
