0.0458848 6.15551 0.809584 
1.74232 1.83464 2.98426 
2.74149 0.0578336 6.69688 
0.00022709 0.780579 23.9687 
7.17927 0.0930063 0.530633 
0.984628 12.3783 0 
21.3296 1.88539e-08 0 
8.01053 0 9.96455 
0 1.40792 5.42607 
5.61975 0.000517051 11.8489 
5.60291 1.17747e-05 11.9159 
0 15.7034 26.4882 
2.42508 5.70248 1.03559 
1.97367 0 16.9407 
0 21.228 31.12 
0.00648708 14.2566 0.468648 
18.3217 0.061886 0 
10.3756 7.23737 0 
4.04939 0.000857419 5.08444 
0.0359603 0.0378657 16.6378 
3.2335 3.26536 0.0464608 
7.42169 0 13.7359 
7.52764 0 10.8949 
0.884845 11.1239 0.0366581 
1.37314 11.9898 0 
0 22.1817 14.7333 
0.0985869 27.5053 0 
0.106377 29.6788 0 
0.00128288 15.2723 0.119631 
0.239246 0 37.1703 
11.1097 7.74945 0 
22.6803 0.0762609 0 
16.9666 0 0.184224 
14.5689 4.45939 0 
11.1097 7.74945 0 
0 16.8614 34.1455 
37.8374 0 0 
2.89825 26.0418 0 
44.7836 0.0316865 0 
0 0 37.5079 
0 36.3281 24.5059 
0 49.7986 1.22623 
0 35.5808 27.4192 
0 29.8296 29.6358 
0.257285 34.584 0 
0 38.4643 13.8694 
0 14.0343 36.8215 
46.4271 0 0 
47.4101 0 1.63895 
0 29.8296 29.6358 
0 51.4742 1.26095 
0 51.8537 0.965571 
0 12.8364 42.7572 
50.5752 0 0 
0 34.354 28.646 
0.350679 0 23.582 
0.402441 0 27.0629 
0.594212 46.4619 0 
0.594283 46.4674 0 
0 43.2567 9.81883 
0 51.6172 11.3828 
2.0111 56.2183 0 
0 43.3905 16.4624 
0.0552579 18.9253 0.0579406 
0 22.4795 29.8685 
6.00096 56.999 0 
10.4708 52.5292 0 
22.6803 0.0762609 0 
8.01053 0 9.96455 
10.7674 0 13.3939 
14.7812 0 3.19298 
25.8758 0 35.7396 
0 36.5931 19.7973 
15.4115 4.7173 0 
0.708646 0 51.0512 
0 34.3238 28.6762 
16.0933 0 52.1691 
19.9812 0 52.7851 
45.3809 0.214153 0 
25.9278 6.38172 0 
46.4535 4.945 0 
0 14.2244 41.3688 
0 7.0572 55.9428 
0 17.579 45.421 
0 19.0908 31.9274 
0 27.724 35.276 
0 6.32095 56.6791 
17.3026 45.6974 0 
0 57.1613 2.10782 
0 20.1608 42.8392 
0 35.368 106.07 
17.1554 45.881 0 
0 52.6818 10.3182 
52.6162 0 0 
55.2411 0 7.75889 
47.3138 0 15.6862 
63 0 0 
63 0 0 
0 63 0 
63 0 0 
63 0 0 
31.7039 0 19.3025 
63 0 0 
63 0 0 
57.1536 5.84644 0 
