5.79518 14.5662 8.22888 
9.03297 7.52892 13.9808 
1.03873 1.71247 24.6177 
0.264258 3.92334 21.4145 
10.5201 10.4969 3.90329 
0.00280473 2.19224 27.7962 
6.2717 4.52627 17.6822 
10.843 2.35929 14.1523 
3.23113 8.13992 12.1892 
0.560204 0.671004 26.045 
4.47705 15.1814 10.852 
14.0638 16.3646 0.197988 
7.60064 3.0122 17.379 
0.0936275 4.91227 22.7122 
0.177307 8.80717 14.7125 
1.84346 17.0171 8.80232 
11.832 15.7507 0.882394 
8.15927 2.92254 18.147 
2.9791 0 26.7574 
21.0589 0.130395 1.9715 
7.80192 7.78471 11.9696 
0 5.76445 22.0785 
0.153739 39.4344 0 
5.185 18.1101 1.20933 
22.429 0.0851395 2.92467 
5.68747 14.2954 8.67828 
34.3425 0.291482 0.000167637 
15.0509 0.160951 16.8664 
35.2981 0 1.10246 
29.7129 13.5262 0 
9.93256 9.31854 5.67672 
3.71511 0 23.3442 
30.6196 0.411159 0 
6.81341 18.5583 0 
47.5131 15.4869 0 
0 11.2529 14.3066 
10.2837 28.6492 0 
0 12.1834 13.3761 
0 22.1846 24.3564 
0.076289 1.18672 26.9092 
2.43533 0 27.3011 
0 33.6375 1.10419 
38.2469 20.3185 0 
0 17.0464 36.1381 
4.79501 34.814 0 
28.3325 0.479146 0.0871566 
10.4261 29.0458 0 
15.4728 0.165463 16.5246 
42.8432 20.1568 0 
0 30.7389 12.5347 
16.61 0 10.1829 
19.9437 0 12.2267 
14.7217 5.48976 12.0286 
20.2396 0 11.0603 
37.6358 20.9296 0 
0 46.0056 1.51019 
0 36.7016 14.9041 
0 20.7067 34.2947 
8.63963 10.6109 5.51453 
7.12707 8.50794 9.28655 
0 21.6928 32.5673 
2.21445 7.44293 18.9328 
25.0118 0 3.15166 
26.3505 0 3.32791 
0 26.3631 33.4883 
50.6226 0 2.24644 
0 17.4184 36.9268 
0 43.1786 5.15306 
9.89149 35.4233 0 
42.5147 0 4.01781 
0 27.857 31.9944 
0 10.3507 42.2274 
0 9.68261 45.239 
43.3719 20.8294 0 
17.3767 11.6292 0.256326 
0 27.591 35.409 
10.8454 0 52.1511 
0 40.4813 22.5187 
44.4195 0 18.5805 
58.1671 0 4.83291 
0 42.9176 7.38908 
20.4397 0 30.1669 
21.9508 0 32.7426 
34.953 22.5383 0 
41.5524 26.7936 0 
41.5544 26.7949 0 
0 56.8644 0.807123 
0 6.92388 48.4457 
25.0625 0 35.0817 
0 16.9787 39.3321 
0 40.7283 9.58186 
0 43.1145 7.16796 
55.1125 0 23.0534 
28.6844 0 34.3156 
19.4008 0 43.5992 
0 25.591 37.409 
52.8669 10.1331 0 
0 31.6447 31.3553 
0 45.1187 17.8813 
54.4047 8.59528 0 
0 52.6687 10.3313 
63 0 0 
63 0 0 
63 0 0 
30.1532 32.8468 0 
