0.507543 5.42702 1.39028 
4.16041 10.9783 0.121021 
13.8687 0.740259 1.46266e-05 
9.32416 14.2383 6.63163e-08 
5.27984 0.28931 3.01246 
12.5283 3.66705 0 
8.53229 8.2763 8.62532e-06 
27.398 2.5703 0 
9.87186 0.0263893 3.24049 
0.0956118 0.00535945 19.5995 
0 15.4074 6.96242 
0.000160993 1.36369 5.43529 
0 1.599 28.7164 
6.21345 0.0552764 14.4604 
4.0026 0 18.4358 
0 20.5558 6.24755 
5.98383 0 16.4546 
0 0.0242443 34.2076 
6.60344 0 19.1341 
0.0110084 6.23579e-06 42.7197 
0 22.4213 0.232811 
0.0149981 0.978437 31.5961 
24.561 3.6322 0 
14.281 17.5937 0 
7.58565e-05 38.6392 0 
0.000120219 23.6381 0 
0.000176645 34.7328 0 
22.4958 0 0.0100084 
34.4922 0 0.0562078 
1.32017 0 49.4868 
44.0888 0.0951233 0 
2.76524 0 29.9059 
0 51.0354 0 
19.1407 19.959 0 
26.0149 27.1271 0 
1.53909 0 48.9786 
2.16565 0 48.6139 
0.781954 34.1696 0 
4.44006 0 30.7009 
6.98296 0 20.2337 
7.98828 7.74861 1.07172 
25.3708 37.6244 0 
37.9694 0.213578 0 
0 0 51.2281 
33.8356 0 0.617552 
32.2389 0 0.653518 
0.319815 48.05 0 
50.6677 5.76708 0 
27.5097 8.12046 0 
45.7696 17.2304 0 
53.8885 9.11148 0 
0 33.0482 4.22528e-06 
0 18.7359 15.4387 
0 45.3304 5.79559e-06 
46.0161 0 0.932797 
48.2068 0 0.977206 
48.5988 0 2.58245 
0.0110126 1.97079e-06 42.7197 
0 27.7467 0.708684 
9.93896 0 6.93939 
1.33631 42.0892 0 
50.9838 12.0162 0 
46.004 16.996 0 
10.5276 0 54.1388 
43.1393 19.8607 0 
29.6906 0 33.3094 
35.128 0 27.872 
37.8831 0 40.5585 
0 5.67138 17.983 
51.5486 0 10.4791 
11.8714 0 46.1683 
0 2.16854 20.8797 
0 6.75787 21.4268 
19.2492 39.1098 0 
0 30.5789 2.64111 
0 36.1251 16.3246 
5.12084 0.106952 13.1944 
0 0.213139 32.7184 
0 0.0249755 35.2392 
0 38.7367 24.2633 
0 29.6197 33.3803 
0 25.4606 37.5394 
0 12.7178 50.2822 
32.4759 30.5241 0 
24.2897 38.7103 0 
0 30.1455 32.8545 
0 13.3288 49.6712 
0 30.7284 32.2716 
6.38216 42.4823 0 
20.5497 42.4503 0 
0 16.0653 46.9347 
40.4323 0 22.5677 
53.6857 9.31425 0 
0 51.6806 11.3194 
51.9895 0 11.0105 
13.6873 0 52.8911 
0 0 63 
7.61225 0 68.4901 
46.7357 16.2643 0 
52.184 10.816 0 
55.9345 0 0 
58.6471 0 4.35288 
32.8727 30.1273 0 
36.1973 26.8027 0 
53.9126 0 9.08737 
