0.0699818 10.7232 8.60227 
0.00767243 0.441536 29.4969 
2.18025 0.117611 7.58174 
5.51057 8.4046 0.114547 
0.231632 8.91946 12.2866 
0 2.2433 23.2836 
0 4.08774 15.3965 
0 12.379 6.12049 
1.35706 8.91662 5.07956 
0.836875 7.55284 6.58006 
2.78643 11.3849 0.687117 
6.79776 0 10.2972 
0.275655 0.0549748 10.9971 
3.35269 14.7564 5.59727e-07 
1.28894 0 32.4963 
10.5208 4.80174 0.000149406 
11.803 0 17.5404 
8.11851 0.446954 0.925705 
2.03235 5.54002 5.93902 
20.2901 1.59908 0.506668 
16.7274 0 13.8338 
4.06114 3.10705e-06 14.7507 
18.1635 0.00791294 1.25838 
0 1.22724 24.1255 
32.0044 14.4608 0 
2.25097 20.3151 0.169262 
0.00362265 0.805556 25.2337 
0 0.821275 27.9921 
0.246941 0.00197887 30.8171 
15.1159 27.5385 0 
25.3518 15.0143 0 
0.150278 22.1299 0.0703088 
6.38302 3.08915 6.7419 
6.29074 3.04449 6.87883 
4.30345 0 18.0166 
0 3.41647 27.6045 
26.9844 2.07789 0.00298792 
0 9.93187 12.7416 
38.6929 0 0 
0 31.6404 2.86336 
28.7596 16.44 0 
52.4016 0.45276 0 
0 6.83648 22.455 
35.7432 16.1502 0 
54.2491 8.75092 0 
54.7235 8.2765 0 
0 52.0559 0 
41.7732 13.3899 0 
54.9712 8.02878 0 
47.0799 0 15.9201 
0.525011 38.6884 0 
0.52569 19.4968 1.28456 
0 11.103 16.1955 
55.0966 0 0 
19.7215 30.9342 0 
0 6.25576 23.5624 
0 6.57743 22.7624 
20.6635 32.7909 0 
0.0626061 41.018 0 
14.6837 0 21.8215 
27.5602 17.1378 0 
44.2874 11.5256 0 
42.3575 13.5772 0 
57.0645 5.93548 0 
56.5616 6.43845 0 
20.9998 1.05357 0.0121865 
20.7707 33.4974 0 
0 52.277 0.00693091 
48.973 0 0.0671016 
5.10893 33.7478 0 
5.30178 35.0217 0 
26.0951 36.9049 0 
46.3296 16.6704 0 
0 12.379 6.12049 
34.5982 0 16.254 
52.184 0 0.0233437 
0 0 42.9959 
1.48005 0 35.9073 
0.115195 0.00388188 35.5207 
29.4024 18.2834 0 
15.5255 0 23.0724 
0.525242 38.7054 0 
0 34.5031 43.2485 
0 45.7622 17.2378 
36.7706 0 26.2294 
0 0 51.889 
48.2978 0 6.25755 
0 18.5506 44.4494 
0 54.1587 0 
45.673 17.327 0 
0 63 0 
46.9965 8.96693 0 
57.1722 0 0 
61.1709 0 1.82915 
49.7645 13.2355 0 
0 63 0 
0 0 63 
23.8497 0 39.1503 
63 0 0 
63 0 0 
44.1086 0 18.8914 
63 0 0 
63 0 0 
63 0 0 
97.0952 0 32.7721 
