1.67442 1.22587 2.00856 
0.149999 6.66355 3.1133 
8.50292 0.695517 0.539102 
0.000473919 14.7461 0.618808 
0.00411623 13.6796 1.78198 
0.000805789 32.6709 0 
9.08203 0.0281275 0.53944 
26.8582 0 0.0028001 
2.49097 6.10317 0.0584458 
2.28169 0.083041 8.21488 
0.00444013 23.3202 0 
0.0346704 0.000442411 23.6246 
0.00145888 30.3269 0 
0 26.1777 0.00144715 
0 27.5797 0.169381 
0 17.3857 0.218702 
20.8639 1.05595e-06 0 
30.4434 0 0.385397 
33.2332 0 1.04213 
0.533123 0 11.7264 
0 47.4658 0 
4.91734 0.00161458 1.51785 
7.58973 0 1.59067 
29.6696 0 7.66153 
33.7272 0 7.06859 
33.637 0 8.01919 
0 30.8377 0.00279757 
1.36764 0 10.8919 
0.664865 0 14.6242 
0.846989 0 16.3633 
2.83871 8.65001 0 
0.0130858 14.3599 0 
9.86208 0 34.6092 
25.4822 0 27.0694 
31.6153 0 31.3847 
0.086164 0.000781879 19.4909 
0 8.52985 3.09511 
0 13.099 5.10802 
0 16.1444 6.29555 
0 0 42.0934 
0.254141 11.9513 0 
31.6153 0 31.3847 
35.5556 0 27.4444 
38.0381 0 24.9619 
37.5332 0 25.4668 
38.047 0 24.953 
41.8905 0 0.892166 
0 55.722 0 
0 57.0043 0 
5.49145 16.7334 0 
29.4046 0 33.5954 
15.5163 0 47.4837 
34.2724 0 28.9964 
0 0.115698 6.85936 
0 0.230332 13.6556 
0 0.328582 19.4805 
0.00484001 0.0985364 6.12885 
0.294095 0.000113479 17.4426 
42.6992 0 0 
36.2111 0 26.7889 
36.3484 0 26.6511 
50.1219 12.8781 0 
51.1132 2.58691e-06 0 
34.8568 0 28.412 
40.1695 0 22.8305 
23.4097 0 39.5903 
47.5072 0 15.4928 
44.5872 0 18.4128 
39.9289 0 26.1872 
40.0405 0 25.898 
15.5163 0 47.4837 
51.5023 7.56889 0 
23.121 0 39.879 
21.872 0 41.128 
0.00444013 23.3202 0 
10.4245 55.8147 0 
0 0 48.0206 
0 0 58.3378 
0 10.2123 52.7836 
0 19.2502 0.245313 
44.7209 0 18.468 
2.72089 0.0685112 1.93177 
6.46721 56.5328 0 
0 63 0 
0 63 0 
34.7284 28.2716 0 
0 0 63 
27.2122 65.54 0 
48.3643 0 14.6357 
49.634 0 13.366 
32.1711 30.8289 0 
0 103.723 0 
48.4148 14.5852 0 
26.7842 0 53.5318 
0 202.576 0 
58.5413 0 0 
0 0 63 
63 0 0 
63 0 0 
35.347 0 27.653 
63 0 0 
63 0 0 
63 0 0 
63 0 0 
63 0 0 
