0.281749 0.920617 
0.280803 0.92115 
0.280775 1.19715 
0.280775 1.26042 
0.280775 1.40666 
0.280775 1.8264 
0.304455 0.907307 
0.307495 0.905447 
0.294021 0.913552 
0.293528 0.913841 
0.326524 0.893382 
0.318261 0.89871 
0.36757 0.864892 
0.351209 0.876652 
0.354389 0.874409 
0.391492 0.846734 
0.392053 0.846295 
0.37331 0.86064 
0.370387 0.862813 
0.410407 0.831566 
0.400596 0.839523 
0.434749 0.810994 
0.417833 0.825415 
0.46556 0.783254 
0.463735 0.78495 
0.442634 0.804075 
0.450684 0.796884 
0.487167 0.762668 
0.47032 0.778799 
0.512304 0.737545 
0.513165 0.736661 
0.531469 0.71754 
0.526657 0.722632 
0.522263 0.727241 
0.524296 0.725114 
0.564757 0.68105 
0.561042 0.685232 
0.587053 0.655369 
0.584427 0.658446 
0.573311 0.671314 
0.574278 0.670205 
0.59881 0.641426 
0.613627 0.623462 
0.591091 0.650612 
0.638961 0.591729 
0.635792 0.595768 
0.630869 0.602005 
0.630534 0.602427 
0.642647 0.587005 
0.659899 0.564533 
0.687006 0.528022 
0.689428 0.524689 
0.68055 0.536851 
0.680145 0.537403 
0.693437 0.519145 
0.692899 0.519891 
0.739333 0.453386 
0.737459 0.456154 
0.726011 0.472908 
0.720304 0.481162 
0.744252 0.446089 
0.748895 0.439156 
0.77065 0.406099 
0.777451 0.39557 
0.765713 0.413683 
0.765336 0.414261 
0.808887 0.345703 
0.813636 0.337996 
0.80119 0.358095 
0.80102 0.358367 
0.8027 0.355673 
0.819049 0.329159 
0.836202 0.300766 
0.852453 0.273323 
0.847162 0.282316 
0.842984 0.289378 
0.83997 0.29445 
0.884115 0.21834 
0.884254 0.218096 
0.868642 0.245461 
0.877778 0.229506 
0.87462 0.235039 
0.911428 0.169299 
0.902963 0.184658 
0.931876 0.131607 
0.933637 0.128322 
0.917329 0.158508 
0.917478 0.158234 
0.962574 0.0734517 
0.957515 0.0831657 
0.94203 0.112579 
0.942299 0.112073 
0.986232 0.0273474 
0.98663 0.0265605 
0.985202 0.0293765 
0.978473 0.0425896 
0.983263 0.033193 
1 0 
1 0 
0.997862 0.00427055 
