0.292139 0.914655 
0.28546 0.918513 
0.288073 0.917014 
0.280775 0.966397 
0.282205 0.965656 
0.280775 1.44596 
0.310884 0.903351 
0.315931 0.900187 
0.30081 0.909514 
0.338998 0.885081 
0.332559 0.889405 
0.366472 0.865698 
0.35754 0.872165 
0.346754 0.879762 
0.343324 0.882129 
0.345616 0.880549 
0.371637 0.861886 
0.374035 0.860098 
0.392467 0.845969 
0.402124 0.838296 
0.411535 0.830639 
0.441781 0.80483 
0.424672 0.819654 
0.430799 0.814412 
0.461114 0.787374 
0.449493 0.797956 
0.458933 0.78938 
0.489944 0.759955 
0.48954 0.760351 
0.467514 0.781431 
0.473013 0.776259 
0.499916 0.750084 
0.497228 0.752764 
0.527333 0.72192 
0.538597 0.709913 
0.536399 0.712276 
0.524563 0.724833 
0.520678 0.728894 
0.522726 0.726758 
0.543028 0.705121 
0.542963 0.705191 
0.580541 0.662973 
0.590664 0.651116 
0.567913 0.677474 
0.614802 0.622019 
0.602923 0.636483 
0.593197 0.648117 
0.62622 0.607848 
0.636886 0.594376 
0.654464 0.571677 
0.653985 0.572303 
0.651892 0.575037 
0.643484 0.585928 
0.652262 0.574554 
0.681784 0.535171 
0.684908 0.530901 
0.665981 0.55647 
0.70769 0.499175 
0.693263 0.519387 
0.732935 0.462807 
0.726447 0.472275 
0.717055 0.485832 
0.720625 0.4807 
0.760264 0.421999 
0.763056 0.417746 
0.749941 0.437588 
0.75553 0.429175 
0.756972 0.426994 
0.773911 0.401062 
0.767235 0.411351 
0.798382 0.362586 
0.803177 0.354907 
0.803696 0.354073 
0.83141 0.308757 
0.825955 0.317798 
0.820491 0.326795 
0.821723 0.324772 
0.856509 0.266392 
0.863349 0.254629 
0.842041 0.290967 
0.841712 0.291522 
0.885192 0.216436 
0.883409 0.219589 
0.866444 0.249275 
0.870927 0.241486 
0.912957 0.16651 
0.908732 0.174207 
0.910329 0.171301 
0.89532 0.198402 
0.893921 0.200905 
0.936255 0.123427 
0.917817 0.157612 
0.917158 0.158822 
0.950574 0.0964089 
0.946388 0.10435 
0.96429 0.0701457 
0.977538 0.0444203 
0.999881 0.000238048 
0.992022 0.0158928 
0.99999 2.03098e-05 
