0.281175 0.920941 
0.283304 0.919739 
0.280775 1.04572 
0.280779 1.01798 
0.280775 1.5782 
0.280775 2.08229 
0.280775 2.24712 
0.31744 0.899232 
0.301464 0.909119 
0.330733 0.890616 
0.339304 0.884872 
0.332773 0.889262 
0.326909 0.893131 
0.326698 0.893269 
0.345063 0.880931 
0.359781 0.870557 
0.348822 0.878323 
0.380925 0.854896 
0.380042 0.855568 
0.413394 0.829105 
0.411888 0.830348 
0.408222 0.833354 
0.432085 0.813303 
0.439696 0.806667 
0.418398 0.824943 
0.427218 0.817485 
0.464301 0.784424 
0.443409 0.803389 
0.480434 0.769183 
0.474333 0.775009 
0.482593 0.767104 
0.516254 0.733482 
0.514775 0.735006 
0.507613 0.742329 
0.494171 0.755795 
0.529752 0.719363 
0.516411 0.73332 
0.560726 0.685587 
0.547875 0.699833 
0.586672 0.655817 
0.587266 0.655119 
0.566482 0.679099 
0.578099 0.665801 
0.597429 0.643078 
0.606786 0.63181 
0.636344 0.595067 
0.631682 0.600978 
0.661271 0.562721 
0.647754 0.580415 
0.64047 0.589798 
0.645033 0.583932 
0.679801 0.53787 
0.681216 0.535945 
0.709458 0.496669 
0.709655 0.49639 
0.698555 0.512021 
0.701682 0.507643 
0.71736 0.485395 
0.718884 0.483205 
0.722308 0.478272 
0.759931 0.422505 
0.762377 0.418782 
0.753674 0.431975 
0.74493 0.445079 
0.776636 0.396837 
0.773658 0.401454 
0.810661 0.342829 
0.810213 0.343555 
0.799527 0.360757 
0.805318 0.351463 
0.796762 0.36517 
0.821471 0.325186 
0.837008 0.299418 
0.822127 0.324107 
0.858807 0.26245 
0.857179 0.265243 
0.850414 0.276796 
0.841671 0.29159 
0.844383 0.287018 
0.874383 0.235454 
0.875862 0.232866 
0.871424 0.24062 
0.907011 0.177332 
0.907896 0.175724 
0.895478 0.198119 
0.8927 0.203087 
0.890587 0.206854 
0.931726 0.131886 
0.935042 0.125696 
0.943223 0.110331 
0.950089 0.0973315 
0.938109 0.119951 
0.939179 0.117942 
0.98125 0.0371487 
0.983527 0.032675 
0.977982 0.0435517 
0.975202 0.0489812 
1 0 
0.999979 4.17078e-05 
0.99915 0.00169837 
