Algorithm:bnsga2
Number of runs:1
Number of iterations:500
Number of population:500
0.280775 0.99144 
1 2.66454e-15 
1 2.66454e-15 
1 2.66454e-15 
0.280954 0.921065 
0.280954 0.921065 
0.280954 0.921065 
0.280954 0.921065 
0.280954 0.921065 
0.280954 0.921065 
0.280954 0.921065 
0.970147 0.0588151 
0.280954 0.921065 
0.280954 0.921065 
0.606672 0.631949 
0.341307 0.88351 
0.779397 0.39254 
0.872063 0.239506 
0.784454 0.384632 
0.280954 0.921065 
0.280954 0.921065 
0.280954 0.921065 
0.808102 0.346972 
0.280954 0.921065 
0.280954 0.921065 
0.280954 0.921065 
0.596951 0.643649 
0.280954 0.921065 
0.280954 0.921065 
0.534169 0.714664 
0.90826 0.175063 
0.760104 0.422241 
0.280954 0.921065 
0.879503 0.226475 
0.280954 0.921065 
0.280954 0.921065 
0.280954 0.921065 
0.280954 0.921065 
0.394039 0.844733 
0.280954 0.921065 
0.280954 0.921065 
0.280954 0.921065 
0.280954 0.921065 
0.280954 0.921065 
0.280954 0.921065 
0.280954 0.921065 
0.280954 0.921065 
0.280954 0.921065 
0.280954 0.921065 
0.280954 0.921065 
0.280954 0.921065 
0.280954 0.921065 
0.922546 0.148908 
0.600086 0.639897 
0.328852 0.891857 
0.294478 0.913283 
0.753686 0.431957 
0.280954 0.921065 
0.501618 0.748379 
0.400867 0.839305 
0.953492 0.090853 
0.280954 0.921065 
0.280954 0.921065 
0.280954 0.921065 
0.280954 0.921065 
0.280954 0.921065 
0.324745 0.89454 
0.280954 0.921065 
0.914362 0.163942 
0.280954 0.921065 
0.398087 0.841527 
0.335574 0.88739 
0.280954 0.921065 
0.280954 0.921065 
0.811959 0.340723 
0.817925 0.330999 
0.351554 0.87641 
0.797953 0.363271 
0.803829 0.35386 
0.280962 0.92106 
0.958511 0.0812576 
0.982101 0.0354771 
0.324703 0.894568 
0.344948 0.881011 
0.949374 0.0986891 
0.280954 0.921065 
0.62362 0.611097 
0.476508 0.77294 
0.280954 0.921065 
0.740414 0.451787 
0.531653 0.717345 
0.280954 0.921065 
0.612298 0.625091 
0.633695 0.598431 
0.280954 0.921065 
0.930528 0.134117 
0.906865 0.177596 
0.579732 0.663911 
0.30199 0.908802 
0.2989 0.910659 
0.379116 0.856271 
0.460114 0.788295 
0.8288 0.313091 
0.390534 0.847483 
0.280954 0.921065 
0.41253 0.829819 
0.796016 0.366358 
0.409261 0.832506 
0.280954 0.921065 
0.280954 0.921065 
0.539209 0.709254 
0.943947 0.108964 
0.965468 0.0678712 
0.453664 0.794189 
0.845712 0.284772 
0.851121 0.275593 
0.940011 0.11638 
0.934603 0.126518 
0.826511 0.316879 
0.382977 0.853328 
0.453661 0.794192 
0.280954 0.921065 
0.338094 0.885692 
0.886918 0.213377 
0.280954 0.921065 
0.3826 0.853617 
0.280954 0.921065 
0.280954 0.921065 
0.832039 0.307711 
0.837326 0.298885 
0.29153 0.91501 
0.280954 0.921065 
0.649779 0.577787 
0.465007 0.783768 
0.523315 0.726141 
0.354425 0.874383 
0.578539 0.665293 
0.280954 0.921065 
0.364296 0.867289 
0.280954 0.921065 
0.481394 0.76826 
0.280954 0.921065 
0.280954 0.921065 
0.280954 0.921065 
0.280954 0.921065 
0.366841 0.865428 
0.584823 0.657982 
0.823398 0.322016 
0.565818 0.67985 
0.320849 0.897056 
0.280954 0.921065 
0.992399 0.0151443 
0.280954 0.921065 
0.544102 0.703953 
0.348726 0.87839 
0.280954 0.921065 
0.280954 0.921065 
0.426485 0.818111 
0.31817 0.898768 
0.956059 0.0859514 
0.280954 0.921065 
0.331849 0.889876 
0.458243 0.790013 
0.280954 0.921065 
0.742344 0.448925 
0.61997 0.615637 
0.350392 0.877226 
0.280954 0.921065 
0.97472 0.0499203 
0.280954 0.921065 
0.280954 0.921065 
0.300095 0.909943 
0.334822 0.887894 
0.415873 0.827049 
0.378043 0.857083 
0.685833 0.529633 
0.723633 0.476356 
0.280954 0.921065 
0.67018 0.550859 
0.728519 0.46926 
0.280954 0.921065 
0.389925 0.847959 
0.77101 0.405544 
0.775863 0.398036 
0.280954 0.921065 
0.358887 0.8712 
0.637636 0.59342 
0.421214 0.822579 
0.280954 0.921065 
0.680362 0.537108 
0.66464 0.558253 
0.280954 0.921065 
0.97511 0.0491612 
0.280954 0.921065 
0.447445 0.799793 
0.280954 0.921065 
0.280954 0.921065 
0.281857 0.920557 
0.280954 0.921065 
0.280954 0.921065 
0.386757 0.850419 
0.280954 0.921065 
0.714174 0.489956 
0.280954 0.921065 
0.468405 0.780596 
0.712777 0.49195 
0.280954 0.921065 
0.574562 0.669878 
0.731869 0.464368 
0.285323 0.918591 
0.280954 0.921065 
0.280954 0.921065 
0.745382 0.444405 
0.514145 0.735655 
0.592378 0.649089 
0.44955 0.797904 
0.280954 0.921065 
0.280954 0.921065 
0.280954 0.921065 
0.573926 0.670609 
0.344948 0.881011 
0.280954 0.921065 
0.347442 0.879284 
0.615478 0.621187 
0.432795 0.812689 
0.280954 0.921065 
0.280954 0.921065 
0.926871 0.140911 
0.280954 0.921065 
0.698968 0.511443 
0.703425 0.505193 
0.280954 0.921065 
0.386548 0.850581 
0.548529 0.699116 
0.30718 0.90564 
0.496088 0.753897 
0.280954 0.921065 
0.589197 0.652847 
0.280954 0.921065 
0.584107 0.658819 
0.280954 0.921065 
0.524226 0.725187 
0.280954 0.921065 
0.559545 0.68691 
0.280954 0.921065 
0.979472 0.0406352 
0.888141 0.211206 
0.895194 0.198628 
0.280962 0.92106 
0.338479 0.885432 
0.998533 0.002931 
0.994201 0.011565 
0.280954 0.921065 
0.280954 0.921065 
0.280954 0.921065 
0.698597 0.511962 
0.444175 0.802709 
0.527687 0.721546 
0.50576 0.744206 
0.792496 0.37195 
0.280954 0.921065 
0.717811 0.484747 
0.722089 0.478588 
0.674453 0.545113 
0.80389 0.353761 
0.519049 0.730588 
0.289707 0.91607 
0.539603 0.708828 
0.280954 0.921065 
0.733131 0.462519 
0.665333 0.557332 
0.669566 0.551681 
0.305599 0.906609 
0.280962 0.92106 
0.626301 0.607747 
0.630532 0.60243 
0.563752 0.682183 
0.919481 0.154554 
0.280954 0.921065 
0.902688 0.185154 
0.43785 0.808287 
0.280954 0.921065 
0.280954 0.921065 
0.280954 0.921065 
0.280954 0.921065 
0.284359 0.91914 
0.280954 0.921065 
0.675216 0.544083 
0.494899 0.755075 
0.679328 0.538513 
0.280954 0.921065 
0.280954 0.921065 
0.660557 0.563665 
0.882842 0.22059 
0.280954 0.921065 
0.280954 0.921065 
0.787693 0.37954 
0.280954 0.921065 
0.280954 0.921065 
0.791734 0.373158 
0.280954 0.921065 
0.289269 0.916323 
0.296566 0.912049 
0.309857 0.903989 
0.280954 0.921065 
0.280954 0.921065 
0.28096 0.921061 
0.280954 0.921065 
0.653223 0.5733 
0.65723 0.568049 
0.280954 0.921065 
0.280954 0.921065 
0.287872 0.91713 
0.280954 0.921065 
0.918346 0.15664 
0.914362 0.163942 
0.280954 0.921065 
0.485848 0.763951 
0.528516 0.720671 
0.491962 0.757973 
0.694642 0.517473 
0.320849 0.897056 
0.280954 0.921065 
0.300095 0.909943 
0.636362 0.595043 
0.280954 0.921065 
0.280954 0.921065 
0.280962 0.92106 
0.280954 0.921065 
0.307904 0.905195 
0.402905 0.837668 
0.764023 0.416269 
0.894662 0.199579 
0.280954 0.921065 
0.280954 0.921065 
0.570032 0.675063 
0.899021 0.191761 
0.310986 0.903288 
0.315769 0.90029 
0.54347 0.70464 
0.280954 0.921065 
0.280954 0.921065 
0.811959 0.340723 
0.280954 0.921065 
0.402905 0.837668 
0.280954 0.921065 
0.949654 0.0981568 
0.415873 0.827049 
0.280954 0.921065 
0.280954 0.921065 
0.549795 0.697725 
0.553597 0.693531 
0.280954 0.921065 
0.280954 0.921065 
0.280954 0.921065 
0.280954 0.921065 
0.280954 0.921065 
0.280954 0.921065 
0.280954 0.921065 
0.684111 0.531992 
0.943715 0.109402 
0.280954 0.921065 
0.641179 0.58889 
0.280954 0.921065 
0.736685 0.457295 
0.396025 0.843164 
0.280954 0.921065 
0.940203 0.116018 
0.854871 0.269196 
0.372935 0.86092 
0.280954 0.921065 
0.280954 0.921065 
0.375321 0.859134 
0.371585 0.861925 
0.417893 0.825365 
0.295738 0.912539 
0.30296 0.908215 
0.568838 0.676424 
0.620444 0.615049 
0.750071 0.437393 
0.281931 0.920515 
0.717449 0.485267 
0.280954 0.921065 
0.280954 0.921065 
0.840842 0.292984 
0.899677 0.190581 
0.435036 0.810744 
0.280954 0.921065 
0.964733 0.0692901 
0.488764 0.761109 
0.98524 0.0293015 
0.280954 0.921065 
0.280954 0.921065 
0.491967 0.757969 
0.394549 0.844331 
0.280954 0.921065 
0.462649 0.785956 
0.756562 0.427614 
0.29153 0.91501 
0.775863 0.398036 
0.280954 0.921065 
0.854457 0.269903 
0.767779 0.410515 
0.837879 0.29796 
0.926061 0.142411 
0.435385 0.81044 
0.28096 0.921061 
0.821425 0.325261 
0.817925 0.330999 
0.861395 0.257999 
0.305534 0.906649 
0.280954 0.921065 
0.483848 0.765891 
0.281181 0.920937 
0.651608 0.575407 
0.280954 0.921065 
0.280954 0.921065 
0.507879 0.742059 
0.644792 0.584243 
0.641375 0.588638 
0.603499 0.635789 
0.646372 0.582204 
0.736119 0.458128 
0.347545 0.879213 
0.281857 0.920557 
0.372935 0.86092 
0.89128 0.20562 
0.280954 0.921065 
0.280954 0.921065 
0.509182 0.740734 
0.961866 0.0748145 
0.726987 0.47149 
0.280962 0.92106 
0.359755 0.870576 
0.280954 0.921065 
0.851344 0.275213 
0.280962 0.92106 
0.879871 0.225827 
0.660479 0.563767 
0.472789 0.776471 
0.424426 0.819863 
0.280954 0.921065 
0.864688 0.252315 
0.858156 0.263569 
0.280962 0.92106 
0.98913 0.0216214 
0.559386 0.687087 
0.470562 0.778571 
0.375321 0.859134 
0.280954 0.921065 
0.465007 0.783768 
0.499311 0.750689 
0.65723 0.568049 
0.409127 0.832615 
0.864737 0.25223 
0.280978 0.921051 
0.832039 0.307711 
0.285323 0.918591 
0.787661 0.37959 
0.709541 0.496551 
0.280954 0.921065 
0.77101 0.405544 
0.764023 0.416269 
0.767244 0.411336 
0.424355 0.819923 
0.315769 0.90029 
0.280954 0.921065 
0.867933 0.246692 
0.280954 0.921065 
0.280954 0.921065 
0.362404 0.868663 
0.281931 0.920515 
0.406466 0.834786 
0.280954 0.921065 
0.615464 0.621204 
0.442238 0.804426 
0.68901 0.525265 
0.603499 0.635789 
0.59039 0.65144 
0.280954 0.921065 
0.612298 0.625091 
0.630749 0.602156 
0.280954 0.921065 
0.280954 0.921065 
0.280954 0.921065 
0.89128 0.20562 
0.844313 0.287135 
0.444166 0.802717 
0.556276 0.690557 
0.280954 0.921065 
0.280954 0.921065 
0.280954 0.921065 
0.746938 0.442084 
0.750037 0.437445 
0.412796 0.829599 
0.706462 0.500911 
0.709541 0.496551 
0.485848 0.763951 
0.430566 0.814613 
0.280955 0.921065 
