2.27767e-18 0.732644 0 
0.732151 1.78827e-15 0 
0 0 0.500848 
3.29653e-18 0.530187 0 
0.681896 1.66552e-15 0 
3.59623e-18 0.578389 0 
0.5086 5.02547e-15 0 
1.13806e-18 0.732148 0 
0.13446 0.305265 0.0603496 
0.226867 0.0273124 0.249109 
0.434125 0.0132035 0.0533632 
0.114425 0.378485 0.00798959 
0.0295457 0.400468 0.070385 
0.238296 0.185313 0.0953497 
0.122179 0.0475857 0.332098 
0.0216843 0.340774 0.137575 
0.269309 0.0737189 0.157156 
0.397354 0.00219615 0.103179 
0.0312169 0.329236 0.141963 
0.129567 0.294155 0.0763052 
0.189195 0.0772198 0.242867 
0.0714487 0.318502 0.110263 
0.0743469 0.416878 0.00905389 
0.161468 0.0388509 0.306714 
0.450266 0.00956462 0.04268 
1.40883e-18 0.453171 0.0492037 
0.0549261 0.356536 0.0900325 
0.0833079 0.128916 0.298434 
0.0402884 0.179597 0.280246 
0.00342296 0.0217576 0.477226 
0.143161 0.272076 0.0848025 
0.182183 0.0489944 0.269516 
0.2061 0.141626 0.153537 
0.173646 0.165427 0.162824 
0.217846 0.0253834 0.256885 
0.0444957 0.0689681 0.388339 
0.297846 0.145127 0.0660887 
0.138404 0.00420942 0.357409 
0.0883181 0.393702 0.0181217 
0.141919 0.01774 0.342001 
0.459965 0.0199901 0.0254651 
0.251574 0.0838579 0.173953 
0.0250721 0.00877475 0.467633 
0.149656 0.15528 0.195363 
0.0467021 0.00287352 0.459685 
0.0631503 0.213829 0.22505 
0.0187296 0.161336 0.32185 
7.58165e-19 0.487748 0.015153 
0.0366969 0.040427 0.42458 
6.3345e-18 0.509395 0 
0.156933 0.288246 0.0569128 
0.102681 0.216518 0.186389 
0.344551 0.120586 0.038829 
0.0108145 0.000328913 0.490583 
0.0984728 0.197158 0.205672 
0.0802804 0.131166 0.28896 
0.330315 0.0528261 0.126249 
0.410543 0.0494251 0.0401724 
0.260828 0.133885 0.108465 
0.303794 0.115668 0.0824922 
0.0541451 0.0103787 0.4377 
0.0916059 0.229713 0.181971 
0.0464833 0.22542 0.22828 
0.0972963 0.040953 0.365072 
0.12575 0.0604144 0.319905 
0.1113 0.0544854 0.350156 
0.497621 6.07717e-16 0.00261332 
0.477811 0.00733155 0.0150858 
0.0141716 0.00170612 0.484695 
0.279108 0.0532596 0.167653 
0.33461 0.148734 0.0187329 
0.373597 0.0113626 0.115212 
1.48122e-19 0.0952911 0.404871 
0.31255 1.23532e-14 0.190528 
0.420331 0.091023 0 
0.119027 0.23797 0.145688 
0.318833 0.0903963 0.105678 
0.215459 0.25688 0.0314241 
0.0689475 0.00233285 0.431138 
0.0897335 0.260372 0.149987 
0.10959 0.0175263 0.373105 
0.060009 0.205601 0.235017 
0.0612801 0.024523 0.414273 
0.198553 0.0882569 0.215669 
0.240781 0.245107 0.0210713 
0.0193734 0.279403 0.201241 
0.0383898 0.0168294 0.444949 
1.47053e-18 0.473017 0.029438 
0.152649 0.0554338 0.29261 
0.0903074 0.0982151 0.312764 
5.73198e-19 0.368754 0.132281 
0.159386 0.13715 0.209822 
0.0273416 0.442825 0.0413487 
0.356561 0.122985 0.0298443 
0.00759341 0.241737 0.263328 
0.00839682 0.0402837 0.451385 
0.0582799 0.0319487 0.410305 
0.0202207 0.209223 0.275645 
0.0898115 0.0314323 0.379821 
0.248985 0.248633 0.00261331 
0.285795 3.49026e-16 0.215796 
0.47115 0.0287155 0.000362126 
0.0401962 0.432822 0.0270252 
0.00657698 0.106521 0.392636 
0.147395 0.23285 0.120046 
0.369694 0.101198 0.033071 
0.360034 0.0643056 0.079921 
0.193865 0.112125 0.201941 
0.169106 0.169106 0.170248 
0.105864 5.17146e-16 0.395701 
0.386354 0.0836651 0.0413357 
0.0948777 0.172504 0.23706 
0.363967 0.0438178 0.0923677 
0.291234 0.172494 0.0362896 
1.4449e-18 0.464771 0.0387985 
0.487024 0.0137646 0 
0.170134 0.191481 0.138569 
0.00738549 0.362761 0.129878 
0.0757669 0.42484 0 
0.38114 1.86186e-15 0.122393 
