0 0 0.504624 
0.505015 0 0 
0 0.500832 0 
0.133922 0.378431 0.00713645 
0.012056 0.392249 0.102197 
0.0321086 0.0900536 0.386472 
0.441847 0.0367152 0.0427869 
0.244857 0.286096 0 
0.0367564 0.401852 0.0694173 
0.125144 0.0482487 0.333848 
0.201369 0.274964 0.0323749 
0.179991 0.250045 0.0836112 
0.192028 0.224369 0.0907194 
0.23738 0.104078 0.179193 
0.108049 0.0943925 0.300639 
0.0240822 0.337275 0.1504 
0.103282 0.262442 0.155626 
0.00652094 0.212163 0.28438 
0.0143249 0.466069 0.0326509 
0 0.488624 0.026018 
0.0658911 0.0658911 0.372414 
0.262944 0.0298797 0.215925 
0.329663 0.152946 0.0188679 
0.406425 0.0621819 0.0469837 
0.38939 0.0708631 0.0627444 
0.0247363 0.0188943 0.465154 
0.0996091 0.0953631 0.308862 
0.0739007 0.16924 0.258996 
0.310375 0.155597 0.0516844 
0.0699711 0.450471 0 
0 0.307657 0.199089 
0.138447 0.321727 0.055209 
0.0126635 0.412016 0.0763805 
0.269471 0.0994786 0.133694 
0.454707 0.0255747 0.0243959 
0.156282 0.111111 0.23472 
0.420749 0.0402974 0.0406104 
0.39684 0.0121896 0.0949044 
0.172719 0.13877 0.190848 
0.0158047 0.0576735 0.454822 
0.0649605 0.422411 0.0155135 
0.0485137 0.0331062 0.421206 
0.381097 0.115794 0.00894244 
0.190473 0.190473 0.120704 
0.484376 0.0164221 0 
0.292051 0.200821 0.00954616 
0.258143 0.131625 0.114422 
0.300381 0.0331196 0.170935 
0.148408 0.257136 0.107016 
0.063764 0.346356 0.0969527 
0.043895 0.298117 0.167591 
0.0955555 0.0754944 0.3419 
0.317271 0 0.184378 
0.0553945 0.0873054 0.358216 
0 0.239786 0.267103 
0.0275989 0.478832 0 
0.214465 0.234809 0.0711054 
0.0283274 0.0132938 0.474977 
0.114964 0.324862 0.0799923 
0.0395718 0.432632 0.0363358 
0.0961987 0.0832943 0.322023 
0.462552 0.0260159 0.0201209 
0.276041 0.1958 0.0336745 
0.0033024 0.107446 0.391209 
0.473214 0.0140526 0.01905 
0.196158 0.168719 0.141289 
0.228431 0.0272273 0.246626 
0.167668 0.20785 0.125653 
0.0037628 0.079883 0.435456 
0.010154 0.330367 0.160783 
0.348726 0.160603 0 
0.00826519 0.268914 0.227469 
0.143756 0.362435 0 
0.496864 0 0.0128297 
0.163548 0.145138 0.204772 
0.0796724 0.00209225 0.427302 
0.0193826 0.00314558 0.484891 
0.0148785 0.126048 0.365696 
0.045762 0.293203 0.163906 
0.0804232 0.18067 0.242535 
0.0851728 0.310807 0.128747 
0.286119 0.023775 0.20845 
0 0.189293 0.317926 
0.434067 0.0694579 0.00372326 
0.0912281 0.0222296 0.401657 
0.366016 0.141116 0 
0.118035 0.312697 0.0734647 
0.0938565 0.00696029 0.406743 
0.0367934 0.119757 0.354502 
0.0181978 0.0664063 0.441937 
0.0905064 0.171519 0.250139 
0.147882 0.127797 0.226647 
0.15279 0.101809 0.27835 
0.04053 0.113673 0.349187 
0.22415 0.0428878 0.23877 
0.059271 0 0.450422 
0.176923 0.0497813 0.294809 
0.222813 0.245126 0.0329397 
0.20795 0.179316 0.117026 
0.211531 0.00383064 0.289511 
0.128833 0.341302 0.0352186 
0.252768 0.252768 0 
0.370623 0 0.138888 
0.264037 0.0509029 0.203801 
0.123255 0 0.41284 
0.340187 0.165024 0 
0.414834 0.0854579 0.012978 
0.092823 0.229046 0.186613 
0.282118 0.172842 0.0545834 
0 0.445008 0.061505 
0.355054 0.134731 0.0141681 
0.0134915 0.438956 0.0493477 
0.358008 0.149065 0 
0.337118 0 0.172789 
0 0.369638 0.139003 
0.1216 0.355085 0.0323987 
0.0054298 0.0153434 0.491126 
0.121222 0.104961 0.275139 
0 0.0605652 0.498055 
0.430495 0.0242129 0.0539813 
