0.509149 0 0 
0.0418088 0.469543 0 
0 0 0.501291 
0 0.509388 0 
0 0.35868 0.160918 
0.20035 0.158697 0.17931 
0.0232329 0.322357 0.168057 
0.0287993 0.225321 0.274818 
0.497519 0 0.0194064 
0.321673 0.173646 0.016638 
0.223307 0.252664 0.0419902 
0.395491 0.0710354 0.038977 
0.0147652 0.483844 0.00561951 
0.0176082 0.0216498 0.46759 
0.3338 0.0172586 0.156455 
0.0209092 0.334024 0.152564 
0.0350606 0.395553 0.0862571 
0.128578 0.377171 0.00448185 
0.264909 0.165114 0.0745871 
0.216837 0.18479 0.110054 
0.282105 0.206141 0.0239436 
0.0661749 0.312606 0.124016 
0.245764 0.0622683 0.199309 
0 0.406206 0.116923 
0.0488455 0.0304448 0.429543 
0.0953785 0.299799 0.113749 
0.00199796 0.0261726 0.484178 
0.0905289 0.0144233 0.434466 
0.0754187 0.234312 0.211392 
0.110401 0.0198695 0.378325 
0.00458522 0.416871 0.0844228 
0.0542421 0.349888 0.103393 
0.0286036 0.464419 0.00967591 
0.305172 0.067966 0.136089 
0.0822254 0.34148 0.102572 
0.230344 0.143571 0.132507 
0.314947 0.118409 0.0699118 
0.00639819 0.0469536 0.455239 
0.104762 0.104762 0.308943 
0.0604613 0.278456 0.185565 
0.170512 0.0140512 0.326071 
0.373527 0.0496857 0.0915628 
0.176395 0.0758987 0.256234 
0.0277011 0.453535 0.0501613 
0.205975 0.0539303 0.281074 
0.191176 0.191176 0.126643 
0.346822 0 0.189893 
0.0142661 0.493864 0 
0.0767262 0.428948 0 
0.483111 0.0431154 0 
0 0.269843 0.24484 
0.112825 0 0.447321 
0.274219 0 0.233591 
0.146822 0.012099 0.361672 
0.439759 0.0654856 0 
0.294591 0.213958 0 
0.266799 0.21151 0.0291022 
0.252079 0.0403689 0.224346 
0.00542716 0.187878 0.316381 
0.359838 0.0811729 0.0604597 
0.152749 0.259258 0.0970597 
0.0249898 0.0026284 0.474685 
0.166043 0.00543233 0.344275 
0.140753 0.140753 0.240555 
0.188605 0.262531 0.0638762 
0.181938 0.123726 0.205774 
0.420583 0.0510249 0.046173 
0.0511639 0.389776 0.078046 
0.158593 0.115185 0.22871 
0 0.106354 0.403546 
0.0367108 0.385501 0.12153 
0.354133 0.100526 0.0506617 
0.425926 0.0765021 0 
0.288828 0.0877768 0.146413 
0.255355 0 0.250632 
0 0.244607 0.293413 
0.137749 0.0600863 0.304292 
0.0546837 0.169892 0.299355 
0.18615 0.22081 0.0996558 
0.111877 0.365288 0.0328202 
0.100017 0.00920634 0.414435 
0.00921522 0.150875 0.357282 
0.124487 0.11388 0.263312 
0.242105 0.287184 0 
0.0632439 0.239913 0.215271 
0.209825 0.292068 0.0349008 
0.365715 0.11374 0.0322854 
0.0582986 0.444129 0 
0.13236 0.125141 0.26088 
0.0120814 0.134234 0.369817 
0.280776 0.0683096 0.174409 
0.449145 0.0565294 0 
0.467024 0 0.0357005 
0.384969 0 0.143495 
0.151193 0.0942365 0.288276 
0.456733 0.0462938 0.00188696 
0.163768 0.194261 0.147984 
0.319554 0.199174 0.0398988 
0 0.028609 0.491713 
0.0216706 0.304512 0.184741 
0.341503 0.0350059 0.137318 
0.407681 0.0335954 0.0704129 
0.0705822 0.043993 0.396897 
0.0138631 0.181602 0.33824 
0.386394 0.0333759 0.084085 
0.150397 0.138854 0.220934 
0.116826 0.0652179 0.330927 
0.072152 0.436507 0 
0.0397446 0.0949959 0.368606 
0 0.101414 0.419821 
0.0127349 0.148167 0.350089 
0.234304 0.290357 0.00281713 
0.371403 0.0827165 0.0551082 
0.0637468 0.0637468 0.386554 
0.120801 0 0.4125 
0.0878301 0.0547434 0.391132 
0.33969 0.121969 0.056269 
0.474884 0.045799 0 
0.410478 0.0497989 0.0474896 
0.0245621 0.129851 0.354603 
