4.74019e-08 0.500009 0 
0.173607 0 0.326393 
0.500008 1.33229e-15 0 
1.13664e-28 3.06935e-19 0.5 
0.42349 0.0765105 0 
2.01153e-14 0 0.5 
0.382144 0.106956 0.0109004 
0.139762 0.324797 0.0354417 
0.0714068 0.422875 0.00571785 
0.0259186 0.433652 0.0404292 
0.320538 0.100512 0.0789497 
0.391746 0.0427112 0.0655433 
0.205237 0.112413 0.18235 
0.211399 0.214003 0.0745982 
0.274978 0.0564143 0.168608 
0.0504052 0.380412 0.0691829 
0.287721 0.0114458 0.200833 
0.467315 0.0326852 0 
0.346541 0.0255749 0.127884 
0.361774 0.0874 0.050826 
0.0755155 0.366907 0.0575779 
0.432898 0.0640789 0.00302328 
0.0363617 0.338777 0.124861 
0.0781194 0.273781 0.1481 
0.217352 0.181816 0.100832 
0.442755 0.00524641 0.0519984 
0.228626 0.243538 0.0278362 
1.5923e-05 0.150318 0.349666 
0.0035551 0.471158 0.0252872 
0.353503 0.131152 0.0153447 
0.290894 0.189306 0.0198007 
0.0655305 0.313314 0.121155 
0.0590564 0.283567 0.157377 
0.107565 0.0595724 0.332863 
0.257843 0.197846 0.0443103 
0.0927048 0.0927048 0.31459 
0.153631 0.155928 0.190441 
0.0621651 0.219747 0.218088 
1.95171e-08 0.411745 0.0882554 
0.165829 0.249511 0.0846606 
0.0966844 0.266817 0.136499 
0.450845 0.0491547 0 
0.328313 0.0382764 0.13341 
0.0159779 0.228335 0.255687 
0.136403 0.136402 0.227195 
0.0174894 0.0542311 0.42828 
0.480871 0.0191295 0 
0.0375137 0.34951 0.112976 
0.0454201 0.00335203 0.451228 
0.00343918 0.00794141 0.488619 
0.020972 0.358 0.121028 
0.182468 0.0942917 0.22324 
1.08611e-10 0.29329 0.20671 
0.0444152 0.0983032 0.357282 
0.0390175 0.460983 0 
0.101847 0 0.398153 
0.306376 0.162416 0.0312083 
0.122319 0.33093 0.0467514 
0.373851 0.0664129 0.0597364 
0.0866322 0.120843 0.292525 
0.198599 0.129243 0.172157 
0.0437527 0.280484 0.175763 
0.00990833 0.0713559 0.418736 
0.0956604 0.0159664 0.388373 
0.161064 0.126099 0.212837 
0.125214 0.1442 0.230586 
0.406244 0.0937559 0 
0.0308157 0.0267341 0.44245 
0.222013 0.170045 0.107942 
0.246702 0.0034668 0.249831 
0.416939 0.0810914 0.00196977 
0.011798 0.482752 0.00545019 
0.458076 0.0364739 0.00545019 
0.0187039 0.0197064 0.46159 
0.106296 0.0200008 0.373703 
0.00176086 0.233366 0.264873 
0.0522129 0.176506 0.271281 
0.170084 0.238293 0.0916222 
0.0322094 0.373264 0.0945269 
0.233276 0.0790652 0.187659 
0.112591 0.0683022 0.319107 
2.73836e-05 0.25851 0.241463 
0.15035 0.113794 0.235856 
0.492642 0.00735829 0 
0.265141 0.0834039 0.151455 
1.84167e-08 0.388529 0.111471 
0.0145563 0.0141267 0.471317 
0.117667 0.000950041 0.381383 
0.186067 0.018608 0.295325 
0.0364253 0.123136 0.340439 
0.0642107 0.305709 0.130081 
0.298415 0.201585 0 
0.14536 0.159431 0.195208 
0.131353 0.000810228 0.367837 
0.0543511 0.445649 0 
0.240018 0 0.259982 
0.0694334 0.399143 0.0314235 
0.00748895 0.492511 0 
0.334682 0.165318 0 
0.0819996 0.254265 0.163736 
0.00479693 0.0834612 0.411742 
0.39356 0.00242761 0.104013 
0.0259448 0.45141 0.0226453 
0.314778 0.0258313 0.159391 
0.0269114 0.0684522 0.404636 
0.269988 0.133362 0.0966502 
0.0616051 0.29932 0.139075 
0.368804 0.0293657 0.10183 
0.0222829 0.000179913 0.477537 
0.252521 0.00203886 0.24544 
0.00319644 0.210214 0.286589 
0.120068 0.0728377 0.307095 
0.0239179 0.172247 0.303835 
0.0540319 0.0106853 0.435283 
0.191356 0.166308 0.142337 
0.1308 0.205212 0.163988 
0.106864 0.117112 0.276024 
0.191999 0.191999 0.116002 
0.012785 0.400873 0.0863419 
0.0245777 0.193097 0.282325 
