0 0 0.5 
0.500005 1.383e-10 0 
1.06694e-09 0.500005 0 
0.16427 0.33573 0 
0.367708 0.0237946 0.108497 
0.208715 0.204714 0.0865716 
0.284682 0.181854 0.0334638 
0.0743918 0.251622 0.173986 
0.0166515 0.474757 0.0085914 
0.0908488 0.372768 0.036383 
0.0418018 0.277414 0.180785 
0.147527 0.0771308 0.275343 
0.352884 0.127736 0.0193799 
0.100928 0.29653 0.102542 
0.40286 0.0316368 0.0655035 
0.418493 0.0322693 0.0492374 
0.025303 0.41478 0.0599171 
0.220256 0.222107 0.0576374 
0.140968 0.0667953 0.292237 
0.255324 0.0602171 0.184459 
5.20609e-10 0.487952 0.0120478 
0.0268704 0.462784 0.0103451 
0.215772 0.170733 0.113495 
0.294066 0.139839 0.066095 
0.180757 0.227094 0.0921496 
0.0417975 0.434776 0.0234262 
0.127581 0.243622 0.128797 
0.331209 0.09813 0.0706606 
0.153408 0.092417 0.254175 
0.274126 0.0787722 0.147101 
0.466882 0.016837 0.0162815 
0.093062 0.163655 0.243283 
0.198612 0.0183229 0.283065 
0.308846 0.0380481 0.153106 
0.0494678 0.122731 0.327801 
0.439761 0.0178064 0.0424328 
0.202779 0.0857257 0.211496 
0.45678 0.0358712 0.00734867 
0.0319541 0.423301 0.0447451 
0.323655 0.100817 0.0755274 
0.107618 0.269607 0.122775 
0.0294958 0.0574385 0.413066 
0.250634 0.0472459 0.20212 
0.0954832 0.265052 0.139465 
0.00532786 0.00518732 0.489485 
0.00314116 0.106124 0.390735 
0.0547609 0.107456 0.337783 
0.0690344 0.28592 0.145045 
0.0179978 0.403162 0.0788404 
0.39497 0.0520822 0.0529482 
0.193152 0.188578 0.11827 
0.490271 0.00972884 0 
0.0860464 0.315604 0.0983498 
0.429449 0.0194805 0.0510709 
0.0703997 0.19378 0.235821 
0.029247 0.302928 0.167825 
0.176427 0.017461 0.306112 
0.47839 6.61605e-11 0.0216104 
0.116548 0.020493 0.362959 
0.340975 0.155942 0.00308266 
0.0642621 0.214919 0.220819 
0.10562 0.323072 0.0713076 
0.00930485 0.0442872 0.446408 
0.00652029 0.0709276 0.422552 
0.0266288 0.0946839 0.378687 
0.0462117 0.0132446 0.440544 
0.136515 0.0649176 0.298567 
1.16953e-11 0.0219233 0.478077 
0.186434 0.0883388 0.225227 
0.0652492 0.239323 0.195428 
0.449222 0.0313466 0.0194317 
0.0515473 0.444639 0.00381407 
0.135608 0.364272 0.00012045 
0.244911 0.119902 0.135187 
0.0114858 0.0266592 0.461855 
0.300974 0.11435 0.0846766 
0.0525448 0.0415068 0.405948 
0.169517 0.308131 0.0223528 
0.374596 0.110984 0.0144199 
0.231887 0.00836246 0.259751 
0.22625 0.0658808 0.20787 
0.316077 0.0248217 0.159101 
0.269017 0.073836 0.157147 
2.40907e-10 0.451591 0.0484088 
0.0462306 0.291527 0.162242 
0.0199303 0.13632 0.34375 
0.0405811 0.147107 0.312312 
0.379558 0.0400849 0.0803571 
0.24045 0.0696828 0.189867 
0.0604817 0.387392 0.0521264 
0.054371 0.0154102 0.430219 
0.159924 0.340076 0 
0.0241102 0.380226 0.0956637 
0.235862 0.0141376 0.25 
0.0361715 0.232037 0.231792 
0.110184 0.0327545 0.357061 
0.0239049 0.260037 0.216058 
0.190314 0.21056 0.0991255 
0.122769 0.00442736 0.372804 
0.0525307 0.0515236 0.395946 
0.263627 0.236373 0 
0.167849 0.329368 0.00278307 
9.44571e-11 0.177064 0.322936 
0.348953 0.151047 0 
0.0772009 0.15778 0.265019 
0.387435 0.0689425 0.0436229 
0.0323019 0.351379 0.116319 
0.0383794 0.00629843 0.455322 
0.0135203 0.257428 0.229052 
0.0378304 0.144064 0.318105 
0.0198662 0.13184 0.348294 
0.120169 0.358221 0.0216104 
0.0190547 0.346623 0.134323 
0.0247194 0.00721613 0.468064 
0.0827573 0.0470664 0.370176 
0.0763024 0.395155 0.0285426 
0.302183 0.197817 0 
0.280685 0.167189 0.0521264 
0.0795768 0.391881 0.0285426 
0.130043 0.0157647 0.354192 
