0 0 0.502903 
0.503961 0 0 
0.195414 0.338123 0 
0.301981 0 0.215092 
1.5191e-24 0.662953 0 
5.0719e-24 0.55336 0 
2.78688e-24 0.608114 0 
2.78688e-24 0.608114 0 
0.0315704 0.471111 0.0142643 
5.99972e-25 0.523671 0 
0.26588 0.181146 0.0639157 
0.00440268 0.240877 0.310432 
0.019356 0.136619 0.347072 
0.0809057 0.377325 0.0735151 
1.15134e-24 0.50246 0 
0.0221186 0.365066 0.128856 
0.135064 0.147367 0.243372 
0.159257 0.0437089 0.317365 
0.438766 0.0678503 0.00507361 
0.072501 0.216445 0.250676 
0.152299 0.263522 0.097522 
0.273977 0.187247 0.0460462 
0.366532 0.0565872 0.140815 
0.210089 0.0324347 0.283617 
0.372491 0.0520072 0.0832856 
0.481695 0.0240841 0 
0.0691219 0.119601 0.335327 
0.254423 0 0.273194 
0.0492506 0.327821 0.150618 
0.144369 0.0767813 0.296543 
0.124365 0.00296332 0.419871 
0.0366484 0.00565798 0.467941 
0.057317 0.0527589 0.409833 
0.292266 0.034874 0.199585 
0.470182 0.0132272 0.0246029 
0.0412882 0.409776 0.0762929 
0.495248 0 0.0179384 
0.285664 0.227669 0.00267596 
0.237333 0.157902 0.116627 
0.315545 0.0996323 0.10221 
5.5154e-25 0.481398 0.0281484 
0.1877 0.257999 0.0677735 
0.0275128 0.454096 0.0318395 
0.0603687 0.418829 0.0499802 
0.114504 0.0176777 0.384731 
0.0978141 0.251233 0.165409 
0.348799 0.112879 0.0548488 
0.0958386 0.00397066 0.446012 
0.321099 0.0630068 0.14547 
0.00957684 0.316524 0.197271 
0.418086 0.0645464 0.026481 
0.391076 0.0695662 0.0547258 
0.0253959 0.44072 0.0597801 
0.167706 0.0919922 0.253933 
0.104156 0.431098 0 
0.304972 0.0470833 0.169766 
0.122422 0.351425 0.0516528 
0.430232 0.123755 0 
0.246211 0.0380114 0.247294 
0.202069 0.271614 0.0294018 
0.0528637 0.000808753 0.487379 
0.340239 0 0.178566 
0.00974708 0.0119745 0.483413 
0.179944 0.011137 0.353942 
0.33048 0.0316466 0.17533 
0.090517 0.387493 0.0392796 
0.0487067 0.0594466 0.402674 
0.378285 0 0.126221 
0.173388 0.173388 0.181996 
0.130588 0.0270238 0.359528 
0.0827835 0.291851 0.161229 
0.128171 0.0856125 0.289875 
0.165807 0.154314 0.205825 
0.224289 0 0.330456 
0.0620638 0.0209974 0.434358 
0.461446 0 0.070168 
0.218956 0.0338036 0.262555 
0.118201 0.162257 0.264146 
0.00954111 0.00091365 0.499011 
0.23371 0.166236 0.107948 
0.230119 0.280861 0.00386434 
0.0398731 0.0879995 0.395669 
0.183446 0.00437108 0.323906 
0.0444475 0.278332 0.185498 
0.0359512 0.39545 0.0906547 
0.109801 0.189988 0.221992 
0.100395 0.299719 0.113187 
0.358412 0.0159696 0.160356 
0.213882 0.132433 0.156287 
0.163345 0.128384 0.231841 
0.0623909 0.00528806 0.452118 
0.0673099 0.448027 0.0218421 
0.0845069 0.198671 0.235772 
0.0241354 0.0174882 0.460389 
0.353334 0.073855 0.112184 
0.248237 0.234652 0.0210178 
0.0859979 0.401073 0.0197663 
0.0344238 0.122776 0.364377 
0.0291043 0.205424 0.272066 
0.015281 0.12953 0.389814 
0.395915 0 0.121589 
0.447352 0 0.0944181 
0.401083 0.0829995 0.0307619 
0.282822 0 0.23732 
0.138847 0 0.373761 
0.41091 0.109296 0 
0.037016 0.0640483 0.430361 
0.142458 0.171486 0.22606 
0.0183547 0.211511 0.3018 
0.034868 0.103704 0.373021 
0.31088 0.168988 0.043108 
0.110686 0.360482 0.0370654 
0.332028 0.0955068 0.126453 
0.176745 0.305819 0.0361415 
0.453405 0 0.0648279 
0.367213 0 0.189176 
0.108909 0.307898 0.0926963 
0.012573 0.207516 0.305538 
0.0907412 0.268335 0.153801 
0.12108 0.209504 0.209969 
