0 0 0.5 
0.428197 0.071803 0 
0.500001 2.22356e-09 0 
7.88535e-10 0.5 0 
0.415506 0.0236609 0.060833 
0.156043 0.0531951 0.290762 
0.0111296 0.111497 0.377373 
0.341791 0.0809464 0.0772627 
0.0475689 0.0315393 0.420892 
0.402837 0.0887412 0.00842136 
0.19071 0.0659234 0.243366 
0.148108 0.0411518 0.31074 
0.0803937 0.0986495 0.320957 
0.170859 0.29493 0.0342107 
0.141455 0.0752027 0.283343 
0.0238749 0.341493 0.134632 
0.137565 0.0594686 0.302966 
0.363094 0.130478 0.00642807 
0.462895 0.00670507 0.0303999 
0.257127 0.173793 0.0690801 
0.183548 0.223848 0.0926043 
0.452157 0.0273883 0.0204543 
0.0916603 0.0404079 0.367932 
0.351067 0.118878 0.0300545 
0.0128478 0.37269 0.114462 
0.0273907 0.367095 0.105514 
0.297994 0.148604 0.0534019 
0.333369 0.140609 0.0260219 
0.131573 0.160808 0.207619 
0.0830272 0.00864486 0.408328 
0.0430042 0.280227 0.176769 
0.315143 0.0123767 0.17248 
0.239399 0.106242 0.154359 
0.0980836 0.360384 0.0415322 
0.125767 0.255279 0.118954 
0.0372828 0.121548 0.341169 
0.0873394 0.155494 0.257166 
0.202417 0.259531 0.038053 
0.00123127 0.0344456 0.464323 
0.267841 0.184623 0.0475362 
0.246936 0.152752 0.100313 
0.110465 0.0378727 0.351662 
0.250858 0.165781 0.0833608 
0.162847 0.136528 0.200625 
0.274389 0.0956899 0.129921 
3.18239e-10 0.403583 0.0964174 
0.0635138 0.00323113 0.433255 
0.322918 0.177082 0 
0.00354662 0.0497681 0.446685 
0.228802 0.0779985 0.1932 
0.395236 0.083889 0.0208746 
0.150537 0.0209234 0.32854 
0.219817 0.227922 0.0522617 
0.0946702 0.0165575 0.388772 
0.00321567 0.0199406 0.476844 
0.210258 0.126616 0.163126 
0.472943 1.05161e-09 0.0270568 
0.387817 0.0455807 0.0666024 
0.0403455 0.302081 0.157573 
0.371561 0.128439 0 
0.12114 0.37886 0 
0.0222483 0.352574 0.125178 
0.0424867 0.288483 0.169031 
0.034717 0.465283 0 
0.213376 0.144221 0.142403 
0.0765068 0.0225838 0.400909 
0.235221 0.0476676 0.217111 
0.0332253 0.45571 0.0110644 
0.30252 0.182176 0.015304 
0.194236 0.116968 0.188796 
0.38013 0.11547 0.00439957 
0.0191388 0.393553 0.0873081 
0.118018 0.216858 0.165124 
0.003736 0.137727 0.358537 
0.308911 0.191089 0 
0.0605699 0.43943 0 
0.029201 0.322284 0.148515 
0.133131 0.103598 0.263271 
0.49319 0.00269262 0.00411765 
1.878e-10 0.476326 0.0236742 
0.197731 0.245471 0.0567979 
0.17821 0.314964 0.00682517 
0.278777 0.206606 0.014617 
0.0549327 0.232191 0.212876 
0.0567605 0.210453 0.232786 
0.224891 0.262934 0.0121746 
0.0324421 0.240838 0.22672 
0.0265966 0.199138 0.274265 
0.114086 0.237012 0.148901 
0.263023 0.000303155 0.236674 
0.138944 0.0921231 0.268933 
0.436442 0.0635581 0 
0.0149918 0.308279 0.176729 
0.48424 0.0157598 0 
0.110174 0.389826 0 
0.0480502 0.20195 0.25 
0.13487 0.0287881 0.336342 
0.0173585 0.482642 0 
0.0834063 0.351265 0.0653291 
0.00661214 0.493388 0 
0.103815 0.00305175 0.393133 
0.0074111 0.000647693 0.491941 
0.0677433 0.420082 0.0121746 
0.00138494 0.0152852 0.48333 
3.25422e-10 0.412692 0.0873081 
0.00830342 0.0549293 0.436767 
0.0297827 0.247676 0.222541 
0.0527789 0.195231 0.25199 
0.443549 0.0564512 0 
0.0264179 0.0164916 0.45709 
0.167253 0.332747 0 
0.0392596 0.270305 0.190435 
0.28675 0.21325 0 
0.045256 0.252899 0.201845 
0.101946 0.318832 0.0792216 
0.0694339 0.430566 0 
0.0248942 0.333636 0.141469 
0.285151 0.169771 0.0450787 
0.180755 0.27477 0.044475 
0.053104 0.446896 0 
