0 1 
0 1 
0 1 
0 1 
0 1 
0 1 
0 1 
0 1 
0 1 
0 1 
0 1 
0 1 
0 1 
0 1 
0 1 
0 1 
0 1 
0 1 
0 1 
0 1 
0 1 
0 1 
0 1 
0 1 
0 1 
0 1 
0 1 
0.381315 0.948542 
0.377292 0.965571 
0.370686 0.977047 
0.36738 0.983768 
0.365228 0.990293 
0.28134 0.990733 
0.492261 0.897236 
0.46722 0.899406 
0.495636 0.892272 
0.4578 0.917832 
0.416422 0.935583 
0.407298 0.937646 
0.451833 0.931783 
0.455844 0.924991 
0.60634 0.797804 
0.58895 0.808063 
0.567604 0.8166 
0.56151 0.820269 
0.589845 0.805727 
0.551296 0.839983 
0.553296 0.8394 
0.550387 0.850528 
0.541121 0.854408 
0.522308 0.865785 
0.526476 0.86418 
0.536867 0.85922 
0.501689 0.873038 
0.720953 0.725093 
0.696299 0.735797 
0.687616 0.749887 
0.69144 0.743199 
0.658489 0.763882 
0.677172 0.762508 
0.645708 0.783186 
0.640996 0.785683 
0.634751 0.788624 
0.616809 0.793009 
0.613423 0.794267 
0.663108 0.762542 
0.813134 0.691581 
0.803618 0.695994 
0.786412 0.700096 
0.763707 0.701688 
0.76106 0.705632 
0.813679 0.68604 
0.74557 0.718424 
0.750858 0.712007 
0.897566 0.663833 
0.87703 0.671745 
0.904003 0.648599 
0.837445 0.682999 
0.843041 0.681519 
0.84957 0.676011 
1 0 
1 0 
1 0 
1 0 
1 0 
1 0 
1 0 
1 0 
1 0 
1 0 
1 0 
