2.59187 0.152155 
2.98136 0.0747138 
2.56696 0.158266 
0.929389 1.0732 
1.51818 0.589599 
2.1803 0.273965 
1.86861 0.400724 
1.8407 0.413802 
1.54652 0.572153 
0.909738 1.09453 
2.21656 0.261312 
0.566335 1.55613 
2.62941 0.143228 
0.209989 2.37701 
1.48777 0.608804 
2.38104 0.208793 
2.25643 0.247864 
0.547677 1.58747 
2.8774 0.0922389 
1.21224 0.808165 
2.33997 0.221187 
2.29686 0.234701 
1.90694 0.383258 
0.953676 1.04742 
0.587188 1.52206 
1.65269 0.510412 
1.58009 0.552022 
2.67737 0.132303 
1.61789 0.530039 
2.4224 0.196777 
1.24322 0.783227 
0.70668 1.34411 
0.880996 1.12654 
0.609316 1.48697 
1.18276 0.832573 
0.730993 1.31107 
1.27606 0.757547 
0.0755072 2.97636 
1.45316 0.631276 
0.158911 2.56436 
2.14576 0.286393 
0.170607 2.51842 
0.68287 1.37743 
0.197626 2.41942 
2.72247 0.122506 
2.83009 0.100941 
0.221956 2.33747 
1.30968 0.732028 
0.632606 1.45114 
2.92245 0.0843798 
0.373695 1.92847 
1.0457 0.955324 
0.0931897 2.87211 
0.0841215 2.92397 
0.14698 2.61346 
1.34483 0.706156 
0.392588 1.88631 
0.269153 2.19395 
0.253554 2.23939 
2.51943 0.170344 
1.38046 0.680738 
1.41656 0.655789 
0.285219 2.14898 
0.411938 1.84464 
1.01469 0.985415 
1.14904 0.861312 
0.983774 1.01636 
0.301881 2.10413 
1.94529 0.366344 
2.47009 0.183483 
0.319015 2.05976 
0.35545 1.97066 
0.657456 1.41411 
0.756929 1.27686 
0.135513 2.66303 
0.102717 2.82074 
0.336766 2.0155 
0.526276 1.62448 
0.123962 2.71563 
0.183483 2.47008 
0.113332 2.76674 
2.77648 0.111371 
0.238419 2.28529 
0.432032 1.80287 
0.455335 1.75619 
0.785171 1.24078 
0.47678 1.71481 
2.09346 0.305942 
1.07686 0.925987 
1.11682 0.889629 
0.502182 1.66759 
1.69017 0.489908 
2.04756 0.323839 
0.855883 1.15533 
1.80265 0.432139 
1.99285 0.346115 
0.816089 1.20258 
1.74386 0.461651 
8.67362e-13 4 
4.00002 2.48632e-11 
