8.67362e-13 4 
4.00002 2.48632e-11 
0.501161 1.66945 
0.740893 1.29789 
0.599764 1.50199 
3.8147 0.00219718 
2.12027 0.295809 
3.719 0.00511626 
1.34483 0.706156 
3.91264 0.000482212 
0.635763 1.44637 
0.000440078 3.91653 
1.84749 0.410592 
0.0371164 3.26649 
1.40302 0.665053 
3.62935 0.00900858 
0.112871 2.76902 
0.466127 1.73519 
1.15904 0.852694 
2.97518 0.0756955 
0.784306 1.24186 
1.29175 0.745546 
0.0464578 3.1843 
0.00218657 3.81514 
1.78004 0.443316 
0.16024 2.55904 
3.39481 0.0248063 
2.5183 0.170639 
0.559117 1.56815 
0.277253 2.17106 
1.73062 0.4685 
3.3215 0.0315067 
3.24238 0.039736 
0.141691 2.63601 
1.67009 0.500812 
2.58513 0.153794 
2.90618 0.0871717 
1.11052 0.895274 
2.83362 0.100276 
2.28202 0.239477 
0.097885 2.84642 
0.0559495 3.1098 
2.4488 0.189344 
0.391394 1.88893 
0.30175 2.10448 
0.128581 2.69425 
0.953676 1.04742 
3.48021 0.0180813 
2.65187 0.138044 
1.4533 0.631187 
0.698847 1.35496 
0.366044 1.94598 
0.0287062 3.35099 
0.536443 1.60675 
3.06046 0.0627915 
3.54456 0.0137594 
0.819141 1.19888 
2.01063 0.338764 
0.994931 1.00508 
1.207 0.812461 
2.39034 0.206052 
0.673568 1.39072 
0.238419 2.28529 
0.0754376 2.9768 
0.257425 2.22794 
1.07169 0.930793 
0.0869279 2.90759 
2.0574 0.319944 
0.0102974 3.60439 
0.0658124 3.03966 
0.343086 2.00014 
1.24431 0.782363 
1.03134 0.969148 
1.94633 0.365891 
0.00420562 3.7448 
0.416926 1.83413 
0.439211 1.78829 
0.00704328 3.67135 
0.321581 2.05326 
3.17113 0.0480635 
0.855769 1.15546 
1.9053 0.383997 
0.0149014 3.52662 
0.219928 2.34407 
0.91632 1.08734 
0.204774 2.3947 
2.32868 0.224673 
2.76745 0.113187 
2.71574 0.123939 
1.49952 0.601322 
1.5375 0.577661 
1.58433 0.549523 
1.623 0.527122 
0.176088 2.49757 
0.187903 2.45399 
0.88547 1.12149 
0.0233562 3.41205 
3.11327 0.055485 
0.0188606 3.46953 
2.20201 0.26634 
