1.05133 0.949954 
1.24076 0.785186 
0.666424 1.40103 
0.905419 1.09928 
0.999246 1.00075 
0.430505 1.80599 
1.10852 0.897072 
0.953676 1.04742 
1.8133 0.426946 
0.269153 2.19395 
0.712102 1.33666 
0.294599 2.12352 
1.57598 0.554458 
0.461454 1.74424 
1.30967 0.732034 
0.397705 1.87515 
0.492755 1.6849 
0.858591 1.15218 
0.559028 1.5683 
1.74626 0.460416 
1.63078 0.522701 
0.594909 1.50969 
0.345114 1.99526 
0.628925 1.45673 
0.319285 2.05907 
1.69243 0.488691 
0.0978477 2.84662 
0.37253 1.93112 
0.165081 2.53987 
0.783244 1.2432 
2.58533 0.153746 
2.33129 0.223865 
2.39714 0.204061 
0.0132067 3.55352 
1.87299 0.398699 
2.26664 0.244495 
2.66568 0.134916 
0.82051 1.19723 
0.182744 2.4728 
2.46223 0.185631 
0.74455 1.29306 
2.7925 0.108191 
1.5152 0.591463 
0.218404 2.34906 
0.113012 2.76832 
0.147784 2.61008 
1.15246 0.858355 
0.200538 2.40928 
2.20491 0.265334 
2.99059 0.0732607 
1.92807 0.37387 
2.90848 0.086774 
1.98239 0.350494 
0.00909512 3.62762 
2.03819 0.327583 
3.8147 0.00219718 
2.52739 0.168284 
1.39289 0.672062 
2.72124 0.122767 
0.0646706 3.04745 
2.09323 0.306031 
2.14866 0.285336 
0.076489 2.97022 
0.0188636 3.46948 
3.10539 0.056543 
3.48095 0.0180283 
3.17802 0.0472187 
0.0854579 2.91613 
1.34487 0.706131 
0.0433426 3.21059 
3.41075 0.0234638 
3.61078 0.00995915 
3.5512 0.0133487 
2.85668 0.095993 
0.00575374 3.70234 
3.72766 0.00480047 
3.04521 0.0649977 
3.23873 0.0401418 
0.0349451 3.2872 
3.87885 0.000931473 
0.134114 2.66925 
3.35278 0.0285409 
3.29539 0.0341067 
0.0232879 3.41287 
3.9392 0.000232849 
0.00209556 3.81899 
0.245928 2.26228 
3.68239 0.00656818 
0.000262874 3.93541 
0.0037254 3.75958 
0.124554 2.71287 
0.000931379 3.87886 
0.0493247 3.16096 
0.0282579 3.35585 
0.525741 1.62542 
1.19534 0.822073 
1.43562 0.642926 
0.0567959 3.10352 
4 3.61964e-13 
8.67362e-13 4 
