8.67362e-13 4 
4 3.61964e-13 
1.34231 0.707986 
0.784986 1.24101 
0.240286 2.27953 
2.19354 0.269298 
1.28416 0.751331 
0.512827 1.64835 
0.547686 1.58745 
3.72653 0.00484108 
0.743339 1.29465 
2.11011 0.299625 
1.4039 0.664448 
0.834676 1.18025 
0.704314 1.34738 
0.163895 2.54454 
0.266747 2.20085 
0.480528 1.70772 
1.06219 0.939688 
0.18254 2.47355 
1.45113 0.632614 
2.31705 0.228308 
2.44644 0.190001 
1.01428 0.985822 
2.90955 0.0865886 
1.77522 0.445723 
1.50971 0.5949 
1.94612 0.365985 
1.71394 0.477238 
3.20504 0.0439893 
0.0266398 3.37377 
1.66248 0.504992 
1.88861 0.391541 
1.23578 0.789153 
3.13298 0.0528897 
2.83907 0.0992531 
0.201334 2.40652 
2.98711 0.0738062 
2.38161 0.208623 
1.82923 0.419267 
0.667711 1.39917 
3.63416 0.0087708 
3.05497 0.0635809 
1.604 0.538035 
3.48701 0.0175952 
0.220382 2.34259 
0.402366 1.86507 
0.0199892 3.45446 
0.582078 1.53032 
2.24867 0.250445 
2.76728 0.113223 
3.28675 0.0349916 
0.374429 1.92681 
0.0338925 3.2975 
1.18976 0.826713 
1.10475 0.90047 
0.330162 2.03177 
0.0102441 3.60539 
2.6389 0.141023 
0.0149014 3.52662 
0.451247 1.76425 
0.938833 1.0631 
1.14733 0.862789 
2.5183 0.170639 
0.305972 2.09338 
2.00887 0.339486 
3.8147 0.00219718 
2.70247 0.126793 
3.56723 0.012385 
0.14618 2.61684 
0.0415179 3.22648 
0.974099 1.02624 
1.55709 0.565752 
0.896808 1.10881 
0.0978477 2.84662 
2.57193 0.157035 
0.119535 2.73658 
0.426708 1.81379 
0.352317 1.97807 
0.0847071 2.92053 
0.286264 2.14612 
0.134111 2.66926 
0.00666824 3.68003 
3.41213 0.0233492 
0.63603 1.44597 
0.0494372 3.16006 
2.0579 0.319748 
0.00420562 3.7448 
0.610279 1.48546 
0.00219721 3.8147 
3.35276 0.0285422 
0.867266 1.14218 
0.108018 2.79337 
3.87886 0.000931359 
0.0680347 3.0247 
0.000364402 3.92401 
3.93919 0.000232906 
0.0759634 2.9735 
0.000931379 3.87886 
0.0573655 3.09932 
