8.67362e-13 4 
4 3.61964e-13 
0.717285 1.32958 
1.09258 0.911518 
0.669539 1.39652 
1.159 0.852729 
0.763096 1.26888 
0.94822 1.05316 
0.89799 1.1075 
0.810468 1.20943 
0.281759 2.15852 
0.629576 1.45574 
1.40015 0.667032 
1.00083 0.999171 
0.176071 2.49764 
0.852592 1.15916 
1.4666 0.622469 
0.493403 1.6837 
0.403808 1.86197 
0.591389 1.51532 
2.65171 0.138081 
2.14596 0.286323 
0.526406 1.62425 
1.20701 0.812448 
1.04517 0.95583 
2.21335 0.262418 
0.305955 2.09343 
0.238419 2.28529 
0.435644 1.79551 
2.56755 0.15812 
0.211567 2.37171 
0.559028 1.5683 
1.69696 0.486264 
1.25781 0.771724 
0.331094 2.02946 
0.253554 2.23939 
0.461064 1.745 
2.27909 0.240428 
2.07982 0.311188 
3.04786 0.0646117 
0.157387 2.57051 
1.34981 0.702555 
1.86515 0.402332 
0.0543425 3.12188 
1.80304 0.431946 
0.197816 2.41876 
1.30348 0.736676 
1.75617 0.45535 
0.0323274 3.31313 
2.83655 0.0997255 
0.377201 1.92053 
3.11598 0.0551249 
2.02392 0.333339 
1.51379 0.592346 
2.34096 0.220882 
2.71594 0.123897 
2.91408 0.0858088 
1.96764 0.356735 
0.355026 1.97166 
2.96949 0.0766063 
0.0250199 3.39231 
0.128726 2.69359 
0.115041 2.75833 
0.142617 2.63203 
3.18727 0.0460994 
2.39868 0.20361 
1.64283 0.515915 
3.25125 0.0387611 
1.91484 0.379731 
2.78036 0.110596 
2.45823 0.186732 
3.54845 0.013518 
3.6233 0.00931307 
0.0456344 3.19115 
0.0199229 3.45533 
1.56285 0.562291 
0.102679 2.82094 
3.68367 0.00651425 
3.75744 0.0037932 
2.51184 0.172325 
3.32114 0.0315418 
0.0151351 3.52304 
0.0391502 3.24769 
0.0754376 2.9768 
0.0925505 2.87567 
3.48906 0.0174498 
0.0115142 3.5823 
3.81843 0.00210868 
3.87886 0.000931359 
3.43094 0.0218216 
0.00842579 3.64126 
3.93921 0.000232735 
0.00210871 3.81843 
3.37547 0.0264891 
0.0058939 3.69881 
0.000232859 3.93919 
0.0646858 3.04735 
0.0834993 2.92765 
0.000931379 3.87886 
0.00372631 3.75955 
