8.67362e-13 4 
4.00024 3.70463e-09 
3.24206 0.039771 
3.1331 0.0528743 
0.342877 2.00065 
0.00218361 3.81527 
0.452374 1.76202 
1.53297 0.580442 
1.61015 0.53448 
1.49012 0.607302 
1.41881 0.654254 
2.90112 0.0880505 
0.000278564 3.93352 
0.105827 2.80459 
0.544204 1.5934 
1.75029 0.458348 
3.54988 0.0134302 
0.123356 2.71847 
3.7148 0.0052736 
2.37511 0.210554 
0.314293 2.07182 
0.37253 1.93112 
3.8147 0.00219718 
1.29444 0.743502 
0.49288 1.68466 
3.4659 0.019129 
3.05343 0.0638037 
2.03038 0.330723 
2.97828 0.0752023 
0.642004 1.437 
0.953676 1.04742 
0.0456479 3.19103 
3.63827 0.00856996 
0.902851 1.10211 
0.21215 2.36976 
0.238423 2.28528 
0.0931328 2.87243 
0.397379 1.87586 
1.81505 0.426097 
0.743258 1.29476 
0.426761 1.81368 
0.0354763 3.28207 
0.0796868 2.95053 
2.30531 0.232011 
0.00736707 3.66404 
2.69168 0.129143 
0.582132 1.53023 
0.163988 2.54417 
2.44511 0.190372 
1.86422 0.402765 
2.82046 0.102771 
0.184764 2.4654 
2.09577 0.305059 
3.32882 0.0307979 
0.00433023 3.74111 
1.24102 0.784975 
0.677757 1.38472 
0.706057 1.34497 
2.76349 0.113991 
2.50322 0.174592 
2.62575 0.144084 
0.779033 1.24852 
0.607076 1.49047 
2.56696 0.158266 
1.92697 0.374358 
0.292039 2.13041 
1.12969 0.878211 
0.137671 2.65351 
3.38489 0.025662 
1.69381 0.487954 
1.96965 0.355881 
0.273375 2.18196 
1.34275 0.707669 
2.24753 0.250824 
0.0116131 3.58056 
3.88957 0.000772872 
1.02191 0.978327 
1.17164 0.841951 
0.514367 1.64559 
0.0537026 3.12675 
0.253674 2.23903 
2.14577 0.286391 
0.019387 3.46244 
0.988609 1.01146 
2.19638 0.268305 
0.151166 2.59596 
0.0692822 3.01642 
1.06182 0.940039 
0.810911 1.20889 
0.871125 1.13776 
0.839905 1.17405 
1.65332 0.510061 
1.0915 0.9125 
0.0244621 3.39885 
1.37877 0.681925 
0.0294679 3.34282 
1.207 0.812461 
0.061719 3.06799 
0.0149014 3.52662 
0.198128 2.41767 
