0.0756014 2.97577 
0.213434 2.36548 
1.97171 0.355008 
0.204342 2.39617 
0.249726 2.25082 
2.57007 0.157496 
0.261301 2.2166 
2.54167 0.164624 
1.09693 0.907557 
2.20246 0.266187 
0.273188 2.18249 
1.07661 0.926216 
0.238419 2.28529 
1.99748 0.344189 
0.170639 2.5183 
1.18437 0.831221 
0.224819 2.32822 
0.180219 2.48213 
2.23604 0.254684 
1.15845 0.8532 
2.0816 0.310501 
0.561881 1.56353 
1.49537 0.603957 
2.16457 0.27958 
0.193289 2.4347 
0.542046 1.5971 
0.28716 2.14367 
1.27957 0.754849 
1.93494 0.370854 
1.52816 0.583411 
2.12199 0.295168 
1.31217 0.730171 
0.582499 1.52963 
1.8133 0.426948 
1.24834 0.779177 
0.336209 2.01687 
1.12698 0.880607 
1.2154 0.805595 
0.302831 2.10163 
1.85178 0.408575 
0.521375 1.63312 
2.61521 0.146565 
2.04421 0.325174 
1.34484 0.706153 
0.319289 2.05906 
1.77442 0.446126 
0.65399 1.4192 
0.0832594 2.92907 
1.89285 0.389613 
0.605406 1.49309 
1.56556 0.560669 
0.678184 1.38411 
2.32831 0.22479 
0.134155 2.66907 
1.01421 0.985888 
1.60396 0.538059 
1.04523 0.955772 
0.98377 1.01636 
0.352717 1.97712 
0.123258 2.71893 
2.28203 0.239475 
0.102679 2.82094 
0.629573 1.45575 
0.112731 2.76972 
1.38063 0.680621 
0.703911 1.34793 
0.391389 1.88894 
0.884209 1.12291 
1.64286 0.515899 
0.159113 2.56355 
2.37486 0.210627 
0.499746 1.67204 
0.730362 1.31191 
0.411677 1.84519 
0.37253 1.93112 
0.0931328 2.87243 
0.431985 1.80296 
2.66527 0.135009 
0.787298 1.23811 
1.46134 0.625903 
2.71986 0.123061 
0.145568 2.61943 
0.757995 1.27548 
0.453808 1.7592 
0.476737 1.71489 
1.41731 0.655279 
1.73413 0.466676 
1.68472 0.492848 
0.814942 1.20398 
0.911057 1.09308 
2.49383 0.177084 
0.953676 1.04742 
2.92063 0.0846896 
0.852141 1.15968 
2.7725 0.11217 
2.42566 0.195847 
2.84568 0.0980223 
2.97379 0.0759181 
8.67362e-13 4 
4 3.61964e-13 
