4 3.61964e-13 
8.67362e-13 4 
1.20753 0.812025 
1.28841 0.748086 
0.162794 2.54888 
0.742006 1.29641 
0.875093 1.13324 
0.59936 1.50263 
0.641741 1.43739 
0.795048 1.22843 
0.502087 1.66776 
0.925128 1.07779 
1.60397 0.538051 
0.142077 2.63435 
1.1574 0.854095 
0.420561 1.82653 
1.43737 0.641755 
1.54092 0.57557 
1.66271 0.504867 
1.38046 0.680744 
0.391389 1.88894 
0.968665 1.03183 
0.010814 3.59485 
1.10852 0.897072 
1.82715 0.420266 
0.829538 1.18638 
3.36325 0.0275837 
2.93573 0.0821408 
0.00587561 3.69927 
0.238419 2.28529 
0.184628 2.46589 
3.28352 0.0353262 
1.88478 0.393286 
1.49012 0.607302 
0.536443 1.60675 
0.215769 2.35773 
3.72398 0.00493353 
0.363572 1.9517 
0.563314 1.56114 
3.01805 0.0690351 
2.06072 0.318639 
0.112691 2.76991 
1.94382 0.366982 
2.00033 0.34301 
0.126303 2.70474 
3.44353 0.0208299 
0.0985294 2.84295 
1.33023 0.716809 
3.20833 0.043605 
1.76484 0.450951 
3.8147 0.00219718 
1.72202 0.472991 
2.74444 0.1179 
0.340682 2.00596 
2.23199 0.256052 
0.277128 2.17141 
2.40016 0.20318 
0.678936 1.38303 
0.257432 2.22792 
0.297703 2.11522 
2.17108 0.277247 
0.318746 2.06044 
2.11949 0.296101 
3.65263 0.00788782 
2.33124 0.223879 
0.704327 1.34736 
2.81354 0.104096 
0.0308563 3.32822 
0.466921 1.73366 
2.50526 0.174054 
2.56707 0.158239 
0.0244621 3.39885 
0.0374913 3.26298 
3.5801 0.0116392 
2.68442 0.130741 
3.51365 0.0157573 
3.14174 0.0517581 
2.6242 0.144447 
2.86931 0.0936951 
0.0452421 3.19443 
3.07975 0.0600633 
0.0872082 2.90597 
0.199222 2.41385 
0.0681863 3.02369 
0.450791 1.76515 
0.0149014 3.52662 
1.0627 0.939204 
0.0191894 3.46509 
1.01469 0.985415 
0.0778135 2.96201 
2.44937 0.189184 
2.28529 0.238421 
0.0596051 3.08304 
3.87698 0.000960691 
0.0524044 3.13672 
3.93872 0.000236501 
0.000935021 3.87862 
0.000262874 3.93541 
0.00219721 3.8147 
0.0037254 3.75958 
