0.245928 2.26228 
0.487538 1.69458 
0.280379 2.16235 
0.892544 1.11356 
1.32219 0.722731 
0.776743 1.25142 
1.14661 0.863412 
0.525498 1.62585 
0.62871 1.45706 
0.450774 1.76519 
1.38028 0.680867 
1.6047 0.53763 
1.43485 0.643443 
1.09765 0.906901 
3.6579 0.00764521 
2.76284 0.114122 
0.372535 1.93111 
0.585357 1.52501 
2.06087 0.31858 
2.12901 0.292558 
0.172524 2.51109 
0.662564 1.40664 
0.730566 1.31164 
0.345701 1.99385 
2.68419 0.130791 
1.88593 0.392763 
0.225591 2.32573 
0.821533 1.19599 
1.66309 0.504658 
1.82508 0.421259 
2.49854 0.175832 
2.42818 0.195133 
1.99969 0.343274 
0.15404 2.58412 
1.77102 0.447832 
2.19071 0.27029 
1.71472 0.476826 
3.33341 0.0303589 
1.94325 0.36723 
0.700864 1.35216 
1.05067 0.950578 
0.0978477 2.84662 
3.76306 0.0036168 
0.559028 1.5683 
0.0293536 3.34404 
2.25152 0.249495 
0.401192 1.8676 
2.83557 0.0999091 
0.32065 2.05561 
2.36852 0.212522 
2.30931 0.230744 
0.854009 1.1575 
0.109544 2.78565 
0.205236 2.39312 
0.422353 1.8228 
0.0843237 2.92278 
2.56162 0.159596 
1.26104 0.769199 
2.61976 0.145491 
0.0375324 3.2626 
0.190809 2.44354 
0.301158 2.10604 
1.54201 0.574901 
3.01841 0.0689813 
3.40941 0.0235746 
2.95396 0.079125 
3.13894 0.0521189 
3.58778 0.0112056 
3.26027 0.0377824 
0.123301 2.71873 
0.0520451 3.13951 
2.89508 0.089106 
0.0437047 3.20748 
3.0797 0.0600697 
0.0235845 3.4093 
3.20562 0.0439222 
3.52395 0.0150755 
1.49012 0.607302 
0.0596051 3.08304 
0.953676 1.04742 
3.87829 0.000940248 
1.01423 0.985873 
3.466 0.0191213 
0.0676601 3.0272 
0.00838207 3.64217 
3.93862 0.000237304 
0.0114328 3.58374 
0.00582091 3.70064 
0.0037254 3.75958 
0.00209556 3.81899 
0.0755687 2.97598 
1.207 0.812461 
3.81476 0.00219578 
0.0188595 3.46954 
0.000931607 3.87884 
0.139766 2.64436 
0.000232859 3.93919 
0.0149014 3.52662 
3.99942 2.12833e-08 
8.67362e-13 4 
