4 3.61964e-13 
0.54771 1.58741 
0.593789 1.51148 
1.66979 0.500978 
1.73645 0.465473 
1.18048 0.834485 
1.23773 0.787601 
0.0840546 2.92437 
1.49012 0.607302 
1.60354 0.538302 
0.629587 1.45573 
3.618 0.00958356 
1.12874 0.879049 
0.668393 1.39818 
1.29169 0.745591 
0.910182 1.09404 
2.16836 0.278221 
1.91636 0.379054 
1.08086 0.922288 
0.262288 2.21372 
2.0423 0.325939 
1.55014 0.569957 
0.86484 1.14497 
0.743268 1.29475 
0.285605 2.14793 
1.96995 0.355752 
1.43378 0.644157 
0.705941 1.34513 
0.381386 1.91113 
0.154763 2.58117 
0.134846 2.66599 
1.03352 0.96703 
2.78977 0.108729 
0.35529 1.97104 
0.0682837 3.02304 
2.1002 0.303374 
0.483365 1.70239 
0.238885 2.28385 
3.51885 0.0154108 
2.23611 0.254659 
0.953676 1.04742 
1.84322 0.412609 
0.202325 2.4031 
0.0966812 2.85294 
2.54163 0.164633 
0.991441 1.0086 
2.2951 0.235265 
2.48025 0.180727 
1.80342 0.431762 
3.18723 0.0461042 
3.11501 0.0552536 
1.34388 0.706845 
2.41552 0.198743 
0.31019 2.0824 
2.35751 0.215836 
0.453808 1.7592 
0.329084 2.03445 
0.220256 2.343 
2.86385 0.094684 
0.109493 2.7859 
0.183413 2.47034 
2.71713 0.123642 
1.38298 0.678975 
3.25672 0.0381664 
0.783251 1.24319 
2.60896 0.14805 
3.45725 0.0197774 
2.9862 0.07395 
3.04721 0.0647055 
0.121971 2.725 
3.38054 0.0260424 
2.91975 0.0848392 
3.6969 0.00597017 
0.169398 2.52308 
0.410333 1.84804 
3.32488 0.0311783 
2.66364 0.135376 
3.87883 0.000931814 
3.8147 0.00219718 
0.0457507 3.19017 
0.0151356 3.52303 
0.0114396 3.58362 
0.0393487 3.24589 
0.00838548 3.6421 
0.0191636 3.46543 
3.93931 0.00023194 
0.00582205 3.70061 
0.000990967 3.87507 
3.75533 0.00386049 
0.0528316 3.13343 
0.826016 1.1906 
0.00219721 3.8147 
0.0335389 3.30099 
0.00372722 3.75952 
0.0235799 3.40935 
0.000267546 3.93484 
0.514249 1.6458 
0.0605419 3.07633 
0.0281541 3.35699 
8.67362e-13 4 
