4 3.61964e-13 
0.955773 1.04523 
0.541341 1.59831 
0.900325 1.10491 
1.01228 0.987794 
0.735864 1.30456 
1.69042 0.489775 
0.283679 2.15322 
0.360917 1.95786 
1.62368 0.52673 
0.582604 1.52946 
1.20713 0.812354 
1.26236 0.768167 
0.450764 1.76521 
1.42139 0.652505 
2.04109 0.32642 
0.663417 1.4054 
0.391506 1.88869 
2.10684 0.300856 
1.15726 0.854219 
0.85475 1.15664 
1.36278 0.693253 
1.97328 0.354342 
0.418686 1.83045 
1.56588 0.560477 
0.0931328 2.87243 
0.776641 1.25155 
0.107677 2.79511 
0.257826 2.22676 
0.151667 2.59389 
2.17501 0.275842 
1.31432 0.72857 
0.310455 2.08171 
0.332244 2.02662 
0.690765 1.36627 
0.815514 1.20328 
0.202697 2.40182 
1.75321 0.456857 
2.71642 0.123795 
2.37575 0.210364 
1.91241 0.380813 
0.0363858 3.27338 
2.23618 0.254637 
2.79334 0.108024 
0.07999 2.94869 
0.502034 1.66786 
2.53099 0.167356 
2.92208 0.0844436 
2.9928 0.0729153 
0.122416 2.7229 
1.85593 0.40663 
0.135517 2.66301 
1.10852 0.897065 
3.06053 0.0627821 
3.48744 0.0175646 
1.80448 0.431241 
0.0282373 3.35608 
0.0442422 3.20289 
2.8556 0.0961916 
0.182561 2.47348 
0.221389 2.33931 
2.60161 0.149807 
0.169865 2.52128 
0.0694706 3.01518 
3.56542 0.0124922 
0.238419 2.28529 
0.48204 1.70488 
3.12958 0.0533327 
1.50997 0.594734 
1.47515 0.616917 
2.65312 0.13776 
3.62904 0.00902415 
0.0523873 3.13686 
0.0600726 3.07968 
3.42195 0.0225446 
3.19165 0.0455738 
3.69791 0.00592965 
3.36356 0.0275552 
3.24904 0.0390028 
3.30573 0.0330636 
2.43566 0.19302 
0.0232879 3.41287 
0.0188595 3.46954 
3.93931 0.000231997 
0.000931379 3.87886 
0.0020959 3.81897 
0.0114089 3.58416 
0.0149014 3.52662 
2.47375 0.182487 
3.75661 0.0038194 
0.00838207 3.64217 
0.615903 1.47672 
3.8788 0.000932269 
2.30489 0.232145 
1.058 0.943632 
0.00582119 3.70063 
3.8147 0.00219718 
0.0037254 3.75958 
0.000232859 3.93919 
8.67362e-13 4 
