0.676109 1.38708 
1.21539 0.805599 
0.812203 1.20731 
0.736833 1.30327 
2.15696 0.282323 
0.866007 1.14363 
1.15397 0.857048 
2.08481 0.309263 
1.10851 0.897079 
1.70806 0.480349 
2.01596 0.33658 
1.9504 0.364131 
0.904788 1.09997 
1.88718 0.392194 
0.605385 1.49312 
0.399966 1.87025 
1.49012 0.607302 
1.43476 0.643499 
1.38228 0.679463 
0.953676 1.04742 
1.05348 0.947911 
2.68443 0.130738 
0.640411 1.43938 
2.32541 0.225693 
0.18254 2.47355 
1.64379 0.515377 
1.82457 0.421506 
2.76406 0.113875 
1.76857 0.449067 
0.323339 2.04882 
0.297965 2.11452 
0.569359 1.55112 
0.767851 1.26277 
0.373069 1.92989 
3.16838 0.0484031 
2.49866 0.175799 
0.0432232 3.21162 
0.34764 1.9892 
2.89468 0.0891761 
0.481073 1.7067 
0.508745 1.65569 
0.540095 1.60045 
0.163429 2.54637 
0.200855 2.40818 
0.275506 2.17596 
3.09035 0.0585934 
0.219031 2.347 
0.0338843 3.29758 
0.0978523 2.8466 
0.430979 1.80502 
2.83007 0.100944 
2.97302 0.0760403 
3.50278 0.0164938 
0.111421 2.77623 
3.24194 0.0397851 
0.238419 2.28529 
2.56698 0.15826 
0.450706 1.76532 
0.255721 2.23297 
3.43098 0.0218178 
2.6184 0.145811 
0.0512695 3.14556 
0.149019 2.6049 
3.57443 0.011965 
0.0869147 2.90766 
0.135535 2.66293 
3.3673 0.027218 
3.30405 0.0332318 
0.0770174 2.96694 
0.123281 2.71883 
0.0596051 3.08304 
3.02711 0.0676726 
0.0677852 3.02636 
2.37531 0.210492 
3.63798 0.0085841 
1.5458 0.57259 
0.000945989 3.87792 
0.991768 1.00827 
0.00842579 3.64126 
0.0282542 3.3559 
0.00219721 3.8147 
1.32967 0.717219 
3.69765 0.00594027 
0.0188641 3.46948 
3.87886 0.000931359 
3.9392 0.000232849 
0.0116413 3.58006 
3.75718 0.00380123 
0.00585735 3.69972 
1.59524 0.543129 
0.00384273 3.75588 
0.00023377 3.93908 
2.24118 0.252951 
2.43277 0.193835 
3.81899 0.00209553 
0.0233562 3.41205 
0.0149032 3.52659 
1.27552 0.757962 
4 3.61964e-13 
8.67362e-13 4 
