8.67362e-13 4 
4 3.61964e-13 
0.78388 1.2424 
0.10268 2.82093 
0.924855 1.07808 
0.873035 1.13558 
0.536443 1.60675 
1.52094 0.587881 
0.286396 2.14576 
0.828425 1.18771 
1.58471 0.549302 
0.26041 2.21919 
0.119846 2.73509 
1.12465 0.882671 
1.64286 0.515899 
0.497365 1.6764 
0.313393 2.07413 
0.974511 1.02582 
0.730798 1.31133 
1.25995 0.770049 
0.413651 1.84102 
0.0846897 2.92063 
1.31062 0.73133 
0.669639 1.39638 
1.36288 0.693181 
1.46239 0.62522 
0.444714 1.77724 
1.96299 0.35872 
0.570675 1.54895 
0.0269459 3.37034 
3.4655 0.0191589 
2.51852 0.170581 
0.633009 1.45053 
1.70209 0.483522 
0.184173 2.46756 
2.28208 0.239459 
1.89368 0.389239 
0.337402 2.01395 
0.0196938 3.45836 
0.166654 2.53372 
1.41399 0.65754 
0.149921 2.60114 
0.386677 1.89934 
0.134396 2.66799 
0.238419 2.28529 
0.362138 1.95502 
3.37721 0.0263353 
0.049175 3.16216 
0.601632 1.49903 
0.203051 2.4006 
2.71574 0.123939 
2.59377 0.151696 
3.11263 0.055571 
0.0336222 3.30017 
2.77905 0.110857 
2.90958 0.0865831 
1.17377 0.84014 
1.2091 0.810736 
2.21805 0.260804 
2.98089 0.0747891 
3.68201 0.00658419 
2.84695 0.0977869 
2.3458 0.219397 
0.041436 3.2272 
0.471504 1.72486 
3.60017 0.0105246 
1.75379 0.45656 
2.16598 0.279072 
3.04335 0.0652705 
2.4581 0.186769 
0.22027 2.34295 
0.0596051 3.08304 
3.18326 0.046583 
2.64693 0.139174 
1.07661 0.926216 
2.10683 0.30086 
3.24629 0.039305 
0.705666 1.34551 
1.01421 0.985888 
2.40018 0.203173 
3.31538 0.032106 
3.53683 0.0142452 
1.80304 0.431946 
3.74863 0.00407852 
2.01454 0.337161 
0.0114902 3.58272 
1.84703 0.410812 
0.0149305 3.52617 
3.8147 0.00219718 
2.05866 0.319447 
0.000931379 3.87886 
0.0758639 2.97413 
3.93724 0.000248098 
0.0672895 3.02968 
3.8751 0.000990478 
0.00784558 3.65354 
0.000232916 3.93919 
0.00219721 3.8147 
1.04738 0.953719 
0.0037254 3.75958 
