8.67362e-13 4 
4.00002 2.48632e-11 
0.0672885 3.02969 
0.0528325 3.13342 
0.917251 1.08632 
0.0840524 2.92438 
0.976159 1.02413 
3.90473 0.000574072 
0.04098 3.23124 
3.09542 0.0578975 
3.57559 0.0118978 
3.19063 0.0456964 
2.27483 0.241813 
1.36259 0.693392 
1.0925 0.91159 
3.34411 0.0293471 
1.26102 0.769212 
2.2021 0.26631 
1.31077 0.731212 
0.277391 2.17068 
0.179806 2.48366 
2.47168 0.183049 
0.0263101 3.37749 
0.217091 2.35337 
3.67193 0.00701761 
2.80776 0.105212 
1.73613 0.465641 
0.160431 2.55828 
2.39572 0.204474 
3.25886 0.0379353 
2.88368 0.09112 
2.73776 0.11929 
0.197662 2.41929 
2.60163 0.149803 
0.391389 1.88894 
2.66804 0.134387 
2.95173 0.0794901 
3.8147 0.00219718 
1.6822 0.494212 
2.03275 0.32977 
3.0262 0.0678093 
0.302012 2.10379 
3.42386 0.0223899 
2.5335 0.166712 
3.4962 0.0169485 
0.784118 1.2421 
0.033528 3.3011 
0.019387 3.46244 
2.14284 0.287465 
1.62883 0.523803 
0.42117 1.82527 
2.33997 0.221187 
0.238419 2.28529 
1.41654 0.655798 
0.344012 1.99791 
1.79609 0.435358 
0.368795 1.93966 
0.493027 1.68439 
1.14088 0.868401 
1.20989 0.810092 
0.521092 1.63362 
0.255486 2.23366 
0.0149014 3.52662 
0.690647 1.36644 
1.9674 0.356837 
0.096658 2.85306 
0.0101741 3.60671 
1.04622 0.954822 
2.08511 0.309147 
0.576996 1.53859 
0.606339 1.49163 
0.00420562 3.7448 
0.548472 1.58612 
0.107652 2.79524 
0.322569 2.05076 
0.466402 1.73466 
3.74263 0.00427861 
1.58054 0.551756 
0.145523 2.61963 
0.876111 1.13208 
0.00704328 3.67135 
0.121023 2.72949 
0.636119 1.44584 
0.817921 1.20036 
1.01421 0.985888 
1.53709 0.57791 
0.00213118 3.81747 
0.442476 1.78172 
0.132555 2.67623 
0.663408 1.40541 
1.49478 0.604333 
0.727382 1.31591 
0.746599 1.29036 
1.45633 0.629188 
1.84101 0.413658 
1.17526 0.838881 
0.848812 1.16357 
0.000931379 3.87886 
1.88272 0.394228 
0.000232916 3.93919 
