0 1 
0 1 
0.998432 0.000784449 
0.0304893 0.825388 
0.0202367 0.857744 
0.00342163 0.941505 
0.484181 0.304169 
0.0087776 0.906311 
0.271653 0.478796 
0.00342163 0.941505 
0.368425 0.39302 
0.359078 0.400769 
0.382278 0.381713 
0.59249 0.230266 
0.476082 0.310013 
0.933064 0.0340474 
0.729346 0.145982 
0.86844 0.0680986 
0.919152 0.0412759 
0.279915 0.470931 
0.130288 0.639046 
0.390656 0.374975 
0.601925 0.224162 
0.835934 0.0857057 
0 1 
0.416704 0.354474 
0.95029 0.0251717 
0.454663 0.325713 
0.680897 0.174835 
0.688744 0.170094 
0.844357 0.0811108 
0.967642 0.0163121 
0.585569 0.234775 
0.776591 0.118756 
0.852318 0.0767894 
0.720557 0.151144 
0.138073 0.628419 
0.861054 0.0720699 
0.0797971 0.717516 
0.284751 0.466379 
0.291702 0.459906 
0.741896 0.138666 
0.749066 0.134514 
0.940231 0.0303451 
0.542776 0.263267 
0.736773 0.141645 
0.409873 0.359787 
0.0597157 0.755632 
0.0539713 0.767683 
0.926164 0.0376257 
0.903834 0.0492979 
0.931238 0.0349935 
0.943386 0.0287196 
0.667311 0.183109 
0.674066 0.178985 
0.114453 0.661692 
0.80322 0.103775 
0.352658 0.40615 
0.266293 0.483964 
0.879646 0.0621056 
0.886074 0.0586851 
0.0512589 0.773596 
0.718366 0.152436 
0.613838 0.216522 
0.548844 0.25916 
0.261017 0.489102 
0.25528 0.494747 
0.119801 0.653877 
0.973374 0.0134027 
0.381407 0.382419 
0.495994 0.295731 
0.908113 0.0470503 
0.532353 0.270375 
0.09726 0.688135 
0.358953 0.400873 
0.573167 0.242922 
0.846564 0.0799108 
0.66164 0.186588 
0.667311 0.183109 
0.627436 0.207891 
0.0438443 0.79061 
0.528818 0.272801 
0.233964 0.516302 
0.300619 0.451713 
0.261017 0.489102 
0.0316611 0.822064 
0.566717 0.247194 
0.165102 0.593673 
0.29529 0.456594 
0.698578 0.16419 
0.825109 0.091645 
0.819817 0.0945624 
0.463426 0.319246 
0.0133052 0.884652 
0.0168033 0.870372 
0.247223 0.502784 
0.345778 0.411971 
0.725768 0.14808 
0.578848 0.239179 
0.194444 0.559042 
0.199264 0.55361 
0.695461 0.166057 
0.601925 0.224162 
0.318297 0.435822 
0.714298 0.154839 
0.372786 0.389438 
0.409873 0.359787 
0.376489 0.386413 
0.886074 0.0586851 
0.891181 0.055976 
0.457636 0.323512 
0.103618 0.678103 
0.0991972 0.685044 
0.926164 0.0376257 
0.169503 0.588292 
0.638536 0.200916 
0.643486 0.197824 
0.436881 0.33903 
0.44174 0.335365 
0.449806 0.329324 
0.0651257 0.744803 
0.796593 0.107479 
0.0756222 0.725005 
0.618662 0.213449 
0.772458 0.121104 
0.784886 0.114062 
0.00911161 0.904545 
0.094088 0.693262 
0.60662 0.221142 
0.780034 0.116805 
0.270054 0.480333 
0.501125 0.292098 
0.427822 0.345919 
0.42334 0.349354 
0.0931207 0.694843 
0.163834 0.595235 
0.252176 0.497829 
0.404934 0.363656 
0.222593 0.528202 
0.368425 0.39302 
0.0847373 0.708903 
0.322309 0.432278 
0.326611 0.428501 
0.567938 0.246383 
0.710278 0.15722 
0.0726989 0.730373 
0.06878 0.737741 
0.534789 0.268707 
0.515752 0.281841 
0.768499 0.123359 
0.173385 0.583604 
0.562542 0.249972 
0.49143 0.298979 
0.218365 0.532705 
0.79904 0.10611 
0.635473 0.202834 
0.631371 0.205411 
0.200771 0.551926 
0.589635 0.232123 
0.487302 0.30193 
0.829232 0.0893784 
0.825109 0.091645 
0.314367 0.439316 
0.538826 0.265952 
0.808668 0.10074 
0.646544 0.19592 
0.764254 0.125784 
0.431787 0.342895 
0.552301 0.25683 
0.349683 0.40866 
0.142359 0.622695 
0.0646656 0.745706 
0.713256 0.155455 
0.790083 0.111134 
0.706801 0.159285 
0.209291 0.542517 
0.873797 0.065229 
0.631371 0.205411 
0.832625 0.087517 
0.230254 0.520152 
0.459613 0.322052 
0.702275 0.161982 
0.329888 0.425641 
0.333663 0.422365 
0.302433 0.450061 
0.854096 0.075827 
0.562002 0.250332 
0.106287 0.673984 
0.872313 0.0660231 
0.813764 0.0979115 
0.216386 0.534827 
0.212806 0.538691 
0.475288 0.310589 
0.678914 0.176038 
0.344637 0.412942 
0.417784 0.353638 
0.122206 0.65042 
0.209291 0.542517 
0.212806 0.538691 
0.514192 0.282928 
0.291702 0.459906 
0.954042 0.0232492 
0.205583 0.546587 
0.333663 0.422365 
0.235514 0.514702 
0.794115 0.108869 
0.691795 0.168258 
0.506622 0.288226 
0.427822 0.345919 
0.0185969 0.86363 
0.625757 0.208952 
0.109714 0.668769 
0.034675 0.813788 
0.727901 0.146829 
0.651559 0.192808 
0.655112 0.19061 
0.337221 0.419293 
0.503132 0.290682 
0.755423 0.130849 
0.578848 0.239179 
0.279915 0.470931 
0.283251 0.467786 
0.548844 0.25916 
0.66164 0.186588 
0.168779 0.589172 
0.175578 0.58098 
0.178792 0.577162 
0.552846 0.256464 
0.751873 0.132894 
0.708813 0.15809 
0.0901025 0.699829 
0.582123 0.23703 
0.470046 0.314401 
0.817727 0.0957172 
0.814259 0.097637 
0.0742517 0.727508 
0.238138 0.512006 
0.125572 0.645638 
0.154736 0.606635 
0.157854 0.602691 
0.241379 0.508696 
0.326892 0.428255 
0.472326 0.31274 
0.495256 0.296256 
0.49191 0.298637 
0.913908 0.0440145 
0.91734 0.0422211 
0.159094 0.601134 
0.831772 0.0879847 
0.182771 0.572483 
0.185875 0.568867 
0.558678 0.252552 
0.146009 0.617889 
0.0539713 0.767683 
0.446795 0.331573 
0.225083 0.525571 
0.87631 0.0638859 
0.241379 0.508696 
0.582123 0.23703 
0.466644 0.316887 
0.29529 0.456594 
0.252176 0.497829 
0.25528 0.494747 
0.244473 0.505558 
0.127346 0.643144 
0.130272 0.639068 
0.736773 0.141645 
0.06177 0.751464 
0.376489 0.386413 
0.373348 0.388978 
0.958484 0.0209779 
0.961765 0.0193036 
0.810398 0.0997792 
0.571118 0.244277 
0.521528 0.277831 
0.518375 0.280017 
0.658158 0.188731 
0.034675 0.813788 
0.160949 0.598816 
0.780034 0.116805 
0.0874528 0.704276 
0.194444 0.559042 
0.191531 0.562357 
0 1 
0.319306 0.434929 
0.404933 0.363657 
0.401894 0.366049 
0.940231 0.0303451 
0.943386 0.0287196 
0.394643 0.371794 
0.329888 0.425641 
0.623614 0.210308 
0.466644 0.316887 
0.835754 0.0858044 
0.658158 0.188731 
0.188667 0.565642 
0.349683 0.40866 
0.352658 0.40615 
0.449806 0.329324 
0.638352 0.201031 
0.539913 0.265212 
0.643486 0.197824 
0.089772 0.70038 
0.311451 0.441922 
0.655112 0.19061 
0.689077 0.169893 
0.879646 0.0621056 
0.106287 0.673984 
0.103618 0.678103 
0.806307 0.102054 
0.420632 0.351439 
0.52679 0.274197 
0.26719 0.483096 
0.185875 0.568867 
0.188667 0.565642 
0.048826 0.779034 
0.113811 0.662641 
0.790083 0.111134 
0.787087 0.112821 
0.555744 0.254518 
0.397673 0.369387 
0.759031 0.128776 
0.762002 0.127073 
0.523813 0.276251 
0.046456 0.784463 
0.048826 0.779034 
0.225699 0.524922 
0.555744 0.254518 
0.203087 0.549348 
0.420396 0.35162 
0.247223 0.502784 
0.244473 0.505558 
0.676972 0.177217 
0.674066 0.178985 
0.635473 0.202834 
0.589635 0.232123 
0.59249 0.230266 
0.434201 0.34106 
0.739654 0.139969 
0.751873 0.132894 
0.620773 0.212109 
0.487302 0.30193 
0.891181 0.055976 
0.861054 0.0720699 
0.858207 0.0736053 
0.182771 0.572483 
0.749066 0.134514 
0.0368359 0.808073 
0.390773 0.374882 
0.42334 0.349354 
0.322309 0.432278 
0.434597 0.34076 
0.0121 0.89 
0.512047 0.284425 
0.691795 0.168258 
0.138073 0.628419 
0.306604 0.446281 
0.122206 0.65042 
0.119801 0.653877 
0.06177 0.751464 
0.610112 0.218903 
0.558678 0.252552 
0.0874528 0.704276 
0.203493 0.548898 
0.844357 0.0811108 
0.150104 0.612567 
0.393359 0.372816 
0.518375 0.280017 
0.109714 0.668769 
0.896556 0.0531334 
0.899238 0.0517183 
0.222593 0.528202 
0.50891 0.286621 
0.339579 0.417266 
0.342111 0.415098 
0.894051 0.0544572 
0.901184 0.0506928 
0.342111 0.415098 
0.191531 0.562357 
0.0168033 0.870372 
0.444209 0.33351 
0.180184 0.575519 
0.337221 0.419293 
0.401894 0.366049 
0.399368 0.368044 
0.794115 0.108869 
0.230254 0.520152 
0.07055 0.734388 
0.702508 0.161843 
0.227844 0.52267 
0.44174 0.335365 
0.829232 0.0893784 
0.87631 0.0638859 
0.896556 0.0531334 
0.894051 0.0544572 
0.431787 0.342895 
0.534602 0.268835 
0.0597319 0.755599 
0.146009 0.617889 
0.649981 0.193786 
0.647537 0.195303 
0.339579 0.417266 
0.951567 0.0245171 
0.79904 0.10611 
0.154736 0.606635 
0.152531 0.609448 
0.139369 0.626678 
0.141551 0.623768 
0.444288 0.333451 
0.80563 0.102431 
0.869903 0.0673142 
0.046456 0.784463 
0.14794 0.615371 
0.150104 0.612567 
0.175578 0.58098 
0.173385 0.583604 
0.511502 0.284807 
0.0419666 0.795142 
0.309189 0.443953 
0.309189 0.443953 
0.111799 0.665636 
0.304358 0.448314 
0.306604 0.446281 
0.0192888 0.861116 
0.314367 0.439316 
0.312121 0.441322 
0.436881 0.33903 
0.756703 0.130113 
0.759031 0.128776 
0.521528 0.277831 
0.0818572 0.713893 
0.125572 0.645638 
0.0419666 0.795142 
0.0401638 0.799591 
0.607843 0.220357 
0.973696 0.0132395 
0.704809 0.160471 
0.111799 0.665636 
0.762002 0.127073 
0.739654 0.139969 
0.741896 0.138666 
0.152531 0.609448 
0.0991972 0.685044 
0.50891 0.286621 
0.506729 0.288151 
0.784886 0.114062 
0.787087 0.112821 
0.846564 0.0799108 
0.0401638 0.799591 
0.0384553 0.8039 
0.771724 0.121522 
0.76955 0.12276 
0.623867 0.210147 
0.856253 0.0746604 
0.725768 0.14808 
0.14794 0.615371 
0.620773 0.212109 
0.618662 0.213449 
0.216386 0.534827 
0.446562 0.331747 
0.06878 0.737741 
0.07055 0.734388 
0.523813 0.276251 
0.0121 0.89 
0.0818572 0.713893 
0.0368359 0.808073 
0.0384553 0.8039 
0.817727 0.0957172 
0.571118 0.244277 
0.573167 0.242922 
0.764254 0.125784 
0.52679 0.274197 
0.237437 0.512725 
0.503132 0.290682 
0.160949 0.598816 
0.704809 0.160471 
0.911877 0.0450776 
0.909838 0.046146 
0.958484 0.0209779 
0.956448 0.0220185 
0.304358 0.448314 
0.913908 0.0440145 
0.911877 0.0450776 
0.0835719 0.710912 
0.680781 0.174905 
0.127346 0.643144 
0.461489 0.32067 
0.965653 0.0173234 
0.227844 0.52267 
0.610512 0.218647 
0.676972 0.177217 
0.470046 0.314401 
0.471948 0.313015 
0.857429 0.0740256 
0.963695 0.0183205 
0.965653 0.0173234 
0.899238 0.0517183 
0.901184 0.0506928 
0.461489 0.32067 
0.819817 0.0945624 
