1.00008 0.00869547 
5.46531e-06 1.00921 
1.54186e-06 1.01458 
1 0.0174722 
0.0011544 1.00247 
1 0.0235484 
0.808098 0.463179 
1.00085 4.89223e-06 
0.463274 0.809895 
2.30779e-07 1.02345 
0.0130869 1 
0.0137411 1 
0.0109371 1.00036 
0.0397225 1 
0.463576 0.80965 
0.0397225 1 
0.00587474 1.00158 
1.01682 2.53963e-06 
1.09354e-07 1.03631 
1.01924 2.44019e-06 
0.0656234 1 
1.09343e-07 1.05968 
0.813573 0.463174 
0.464063 0.801885 
0.796822 0.470325 
1 0.030165 
0.509061 0.796211 
0.0671997 1 
0.478899 0.796213 
0.796249 0.471429 
1 0.0355378 
0.0462202 1 
0.46307 0.817323 
1 0.0321714 
0.463068 0.826068 
0.800328 0.463953 
0.00709606 1.00076 
1 0.0460807 
0.47224 0.796234 
0.00107646 1.00783 
0.463095 0.812118 
0.463068 0.826068 
0.829321 0.463131 
0.795903 0.501077 
0.804324 0.463346 
0.464185 0.796264 
1.00043 0.00679234 
1.04093 1.24333e-06 
1.04093 1.24333e-06 
0.796043 0.490745 
0.795857 0.501247 
0.795836 0.511353 
1.06456e-07 1.07219 
0.795836 0.511353 
0.832143 0.46313 
1.08186 1.24304e-06 
0.612824 0.698503 
0.796013 0.494142 
0.614603 0.698503 
0.60493 0.702829 
0.509833 0.796209 
1.08275 1.22948e-06 
1.04578e-07 1.08671 
0.661582 0.698473 
0.614603 0.698503 
0.463064 0.829918 
0.463064 0.854365 
1 0.0556671 
0.463064 0.854365 
0.60493 0.702829 
0.902988 0.46313 
0.0816063 1 
0.555039 0.796204 
1 0.0818092 
1.04578e-07 1.09075 
0.463063 0.918051 
0.522352 0.796205 
0.67255 0.698463 
1.04578e-07 1.09075 
0.82 0.463158 
0.604934 0.698504 
0.0100066 1.0004 
1.09614 1.21226e-06 
1.04578e-07 1.0883 
0.463063 0.917994 
0.902988 0.46313 
0.463063 0.918051 
0.463063 0.917994 
1.12583 1.21217e-06 
1.04578e-07 1.1248 
1 0.0870103 
1.04578e-07 1.1248 
1 0.206775 
1 0.12183 
0.0835548 1 
0.0827158 1 
0.795747 0.515046 
0.67255 0.698463 
