0.660329 0.584308 
0.654933 0.587428 
0.654913 0.591467 
0.661008 0.583349 
0.210036 0.809011 
0.209824 0.809389 
0.672703 0.583184 
0.672703 0.583184 
0.672704 0.583184 
1.0017 0.269349 
1.00174 0.268779 
0.672704 0.583184 
0.654729 0.594808 
0.673343 0.583184 
0.673343 0.583184 
0.67896 0.583172 
0.665351 0.583252 
0.67896 0.583172 
0.678961 0.583172 
0.68239 0.583047 
0.68239 0.583047 
0.208746 0.809864 
0.690566 0.583047 
0.690566 0.583047 
0.208746 0.809853 
0.655138 0.586022 
0.215967 0.803771 
0.651233 0.640012 
0.651233 0.655413 
0.652109 0.632655 
0.698212 0.582994 
0.651393 0.638728 
0.704642 0.582953 
0.212832 0.804718 
1.00215 0.267965 
0.708681 0.582804 
0.655561 0.585197 
1.00273 0.266728 
0.723238 0.582801 
0.64493 0.664735 
0.652958 0.63158 
0.642245 0.685548 
0.210416 0.805087 
0.72863 0.582801 
0.215732 0.804567 
0.207143 0.821964 
0.757623 0.582761 
0.207203 0.812883 
0.757623 0.582761 
0.225797 0.802888 
0.22366 0.803447 
0.207086 0.822043 
0.207086 0.822043 
0.225797 0.802888 
0.207086 0.822122 
1.00261 0.266807 
0.225797 0.802966 
0.242614 0.802887 
1.00642 0.266726 
1.00642 0.266726 
0.207086 0.83198 
0.207086 0.832242 
1.01038 0.266724 
0.642136 0.685766 
0.642136 0.685766 
0.761997 0.582757 
0.654729 0.594808 
1.01038 0.266724 
1.01038 0.266724 
1.01038 0.266724 
0.242614 0.802887 
0.242614 0.802887 
0.761997 0.582757 
0.645443 0.659611 
0.207074 0.927688 
1.01038 0.266724 
1.01052 0.266724 
0.642136 0.694619 
0.480823 0.802645 
0.354942 0.802887 
0.207074 0.928251 
1.01052 0.266724 
1.01052 0.266724 
1.01248 0.266724 
0.207074 0.928251 
0.207074 0.928251 
0.999292 0.441271 
0.99968 0.271409 
0.480823 0.802645 
