0.626442 0.674351 
0.893147 0.280064 
0.626123 0.677481 
0.625791 0.677497 
0.62704 0.673377 
0.890502 0.282053 
0.62721 0.673321 
0.894733 0.275268 
0.627074 0.673344 
0.627242 0.67312 
0.627239 0.673217 
0.627401 0.67312 
0.626476 0.674003 
0.627401 0.67312 
0.625712 0.679537 
0.628934 0.673112 
0.629504 0.673112 
0.895418 0.275095 
0.629504 0.673112 
0.895386 0.275101 
0.894473 0.279215 
0.625727 0.67827 
0.625716 0.679414 
0.889649 0.283001 
0.889648 0.286582 
0.889648 0.286688 
0.898935 0.2748 
0.898935 0.2748 
0.630294 0.673085 
0.625721 0.679244 
0.895673 0.274842 
0.633589 0.673084 
0.891429 0.281088 
0.20384 0.917343 
0.206863 0.917207 
0.203837 0.917569 
0.888876 0.297112 
0.20377 0.918139 
0.62571 0.679625 
0.634609 0.673081 
0.203731 0.920819 
0.900022 0.274763 
0.203722 0.920876 
0.208409 0.917136 
0.207208 0.917145 
0.20826 0.917138 
0.203704 0.921039 
0.203704 0.921039 
0.62571 0.680056 
0.62571 0.680066 
0.62571 0.680188 
0.900952 0.274756 
0.62571 0.681927 
0.212027 0.917106 
0.886772 0.298306 
0.62571 0.681927 
0.885189 0.30162 
0.635292 0.673075 
0.625623 0.710103 
0.88519 0.301541 
0.625602 0.804302 
0.625602 0.711212 
0.885173 0.302661 
0.900952 0.274756 
0.625602 0.804302 
0.625602 0.80647 
0.203686 0.92436 
0.90482 0.274632 
0.885166 0.325954 
0.885173 0.302661 
0.625602 0.711233 
0.905137 0.27463 
0.905137 0.27463 
0.885166 0.325954 
0.636767 0.673074 
0.203675 0.933839 
0.636767 0.673074 
0.885155 0.327557 
0.625602 0.81607 
0.216372 0.916997 
0.203675 0.933839 
0.885147 0.329408 
0.885155 0.327557 
0.952995 0.274627 
0.885146 0.345133 
0.95281 0.274629 
0.203675 0.937317 
0.8826 0.387044 
0.90543 0.274629 
0.625623 0.69861 
0.203675 0.937317 
0.625602 0.818478 
0.8826 0.387044 
0.625602 0.720727 
0.636767 0.673074 
0.95303 0.274627 
1.08349 0.274627 
0.951969 0.274629 
