0.713024 0.546698 
0.712979 0.546869 
0.712969 0.547421 
0.712967 0.547549 
0.713038 0.546449 
0.712953 0.551293 
0.712959 0.550602 
0.712944 0.552045 
0.712944 0.55207 
0.712928 0.553061 
0.721388 0.546106 
0.712925 0.555427 
0.713481 0.546146 
0.725336 0.546081 
0.721182 0.546107 
0.725408 0.546081 
0.250032 0.750166 
0.721953 0.546103 
0.250031 0.75032 
0.713456 0.546184 
0.720296 0.546131 
0.250118 0.750029 
0.250031 0.750832 
0.250031 0.750832 
0.71097 0.561524 
0.250031 0.752168 
0.710904 0.587245 
0.710904 0.587245 
0.710914 0.568122 
0.758288 0.545918 
0.731374 0.546004 
0.758148 0.545956 
0.762599 0.545139 
0.255443 0.750027 
0.255443 0.750027 
0.261979 0.750027 
0.262324 0.750027 
0.262539 0.750027 
0.769297 0.54507 
0.707987 0.607383 
0.707857 0.608398 
0.707917 0.607399 
0.79141 0.54489 
0.71133 0.556346 
0.79141 0.54489 
0.7074 0.611869 
0.707014 0.656366 
1.04016 0.209272 
0.707411 0.611869 
1.04016 0.208968 
0.808981 0.544472 
0.707087 0.648862 
0.704551 0.687972 
0.863992 0.542189 
0.708854 0.602398 
0.863992 0.542189 
1.04016 0.20922 
1.04016 0.210845 
1.04016 0.210277 
1.04016 0.210845 
1.04016 0.237217 
0.704046 0.709074 
1.04249 0.208967 
0.865194 0.542189 
0.865194 0.542189 
0.709959 0.601799 
0.818657 0.542748 
0.857522 0.542443 
0.823282 0.542737 
1.04016 0.238985 
1.04016 0.241508 
1.04016 0.212208 
1.04016 0.266838 
1.04016 0.241508 
1.04016 0.266838 
1.04016 0.272289 
0.270712 0.750027 
0.703463 0.70933 
1.04016 0.259541 
1.04016 0.272289 
1.04016 0.286721 
1.04249 0.208967 
1.04016 0.286947 
0.471235 0.750027 
0.703463 0.70933 
0.270766 0.750027 
0.250031 0.752441 
0.250031 0.752441 
1.04249 0.208967 
0.896175 0.541642 
1.04016 0.286947 
0.560397 0.750027 
0.250031 0.752441 
0.250031 0.752441 
1.04249 0.208967 
1.04016 0.354912 
1.04016 0.272514 
1.04016 0.257607 
0.250031 0.752441 
0.275267 0.750027 
