0.181216 1.0528 
0.181219 1.05279 
0.853978 0.407153 
0.195957 1.05279 
0.853857 0.42898 
0.853863 0.425895 
0.853857 0.42898 
0.200884 1.05279 
0.181203 1.05971 
0.181203 1.06728 
0.181203 1.06728 
0.181203 1.06731 
0.181203 1.06731 
0.181203 1.05282 
0.181203 1.06751 
0.402362 0.600057 
0.181206 1.0528 
0.403256 0.600051 
0.404717 0.600051 
0.1812 1.08117 
0.40219 0.60011 
0.853979 0.407087 
0.253895 1.04793 
0.203139 1.05279 
0.401765 0.600135 
0.253895 1.04793 
0.401762 0.626278 
0.181197 1.0813 
0.401679 0.634721 
0.853848 0.429058 
0.401679 0.634721 
0.22664 1.04901 
0.405081 0.600049 
0.181061 1.09563 
0.401781 0.600134 
0.181061 1.09587 
0.181061 1.09587 
0.181061 1.10369 
0.401569 0.643608 
0.181061 1.10369 
0.181061 1.12438 
0.402184 0.600134 
0.213005 1.05241 
0.853835 0.43766 
0.853835 0.43766 
0.428319 0.600049 
0.260489 1.0474 
0.43502 0.600049 
0.40157 0.640356 
0.853997 0.380257 
0.893085 0.380199 
0.902939 0.380199 
0.854796 0.3802 
0.400953 0.67295 
0.400953 0.67295 
0.180974 1.13013 
0.913251 0.375675 
0.226139 1.05097 
0.400953 0.674737 
0.401001 0.656812 
0.928729 0.375595 
0.435137 0.600029 
0.273866 1.04716 
0.400957 0.657667 
0.180965 1.14588 
0.400825 0.822276 
0.435137 0.600029 
0.180965 1.14588 
0.180965 1.14588 
0.43541 0.600029 
0.400825 0.822594 
0.273866 1.04716 
0.921826 0.375605 
0.180965 1.14588 
0.180965 1.14588 
0.853819 0.453979 
0.180965 1.14588 
0.400825 0.822594 
0.400934 0.74333 
1.12755 0.373914 
0.180965 1.14588 
0.180965 1.14588 
0.853819 0.453979 
0.273866 1.04716 
0.180965 1.14588 
0.180965 1.14588 
0.853819 0.453979 
0.43541 0.600029 
0.400825 0.822594 
1.12755 0.373914 
1.12755 0.373914 
0.180965 1.14588 
0.400825 0.822594 
0.440227 0.600029 
0.964918 0.374887 
0.400826 0.743464 
