1.00349 0.000295693 
0.00219457 1.00062 
0.0119698 1 
0.00866933 1.0002 
1.00314 0.000636728 
0.463548 0.796359 
0.0294441 1 
0.798406 0.463212 
0.00816069 1.00058 
0.800538 0.462849 
1.00542 0.000242717 
0.80164 0.462767 
0.800553 0.46277 
0.00942147 1.00004 
0.464417 0.795005 
0.468424 0.794858 
0.0301673 1 
0.0301808 1 
0.0382663 1 
0.0382663 1 
1.00564 3.32263e-05 
1.01102 2.12181e-06 
0.0474503 1 
0.464772 0.79489 
0.490468 0.794837 
1 0.00223807 
0.490468 0.794837 
0.824857 0.462692 
0.807242 0.46275 
0.503575 0.794834 
0.824099 0.462694 
0.821015 0.462705 
0.503575 0.794834 
0.0139381 1 
0.0561396 1 
0.0480851 1 
0.812944 0.46271 
0.833613 0.462692 
0.833613 0.462692 
1.00001 0.00126458 
1.01585 7.3287e-08 
0.46286 0.800471 
0.835077 0.462692 
1.02621 5.88999e-08 
1.02621 5.88999e-08 
0.511901 0.794834 
0.511901 0.794834 
0.462904 0.796465 
0.06313 1 
0.533204 0.794834 
0.535991 0.794834 
0.794958 0.481996 
0.794958 0.463286 
1.00104 0.000886878 
4.47755e-05 1.00127 
1 0.00218552 
5.65074e-07 1.00141 
0.462883 0.797725 
0.0668309 1 
0.583641 0.794782 
1.03014 3.46085e-08 
1.03014 3.46085e-08 
0.462851 0.804482 
0.794874 0.621032 
0.123986 1 
0.794874 0.621032 
0.794879 0.502695 
0.000446227 1.00115 
0.794874 0.622115 
1.05464 3.46083e-08 
0.794878 0.538703 
0.0917519 1 
0.462849 0.94436 
0.144148 1 
0.462849 0.94436 
0.583641 0.794782 
0.794874 0.622878 
0.794874 0.622878 
0.713689 0.794782 
0.149147 1 
0.7743 0.794768 
0.794878 0.538996 
0.149147 1 
0.794874 0.694736 
0.794878 0.596454 
7.03916e-05 1.00117 
0.462849 0.954569 
0.864549 0.46264 
0.462849 0.804689 
1.05427 3.46083e-08 
5.4317e-08 1.00212 
1.11065 3.46081e-08 
0.864549 0.46264 
0.149147 1 
1 0.00226881 
