0.955886 0.262163 
0.951683 0.27258 
0.951055 0.273605 
0.955163 0.26497 
0.954327 0.268465 
0.269517 0.85357 
0.692498 0.624293 
0.695502 0.62116 
0.697413 0.62107 
0.703381 0.621059 
0.706208 0.620949 
0.956674 0.255311 
0.282457 0.83674 
0.949435 0.278554 
0.947806 0.282491 
0.71441 0.616353 
0.677333 0.629736 
0.261264 0.853852 
0.716414 0.616262 
0.961969 0.238836 
0.726108 0.616259 
0.244993 0.855596 
0.727449 0.616221 
0.729833 0.616221 
0.947666 0.283479 
0.968546 0.236183 
0.278038 0.837731 
0.946849 0.286706 
0.675603 0.633457 
0.946849 0.284252 
0.963364 0.236351 
0.675756 0.630203 
0.675641 0.631366 
0.946819 0.289169 
0.675601 0.639646 
0.713813 0.616701 
0.732805 0.616217 
0.94681 0.292389 
0.675601 0.633838 
0.244841 0.855635 
0.961448 0.239043 
0.257414 0.853941 
0.276084 0.843189 
0.94681 0.315423 
0.96057 0.248307 
0.957723 0.251001 
0.94681 0.295051 
0.257068 0.854535 
0.960715 0.24563 
0.94681 0.355838 
0.293501 0.812323 
0.94681 0.355988 
0.94681 0.35987 
0.970195 0.23607 
0.305431 0.811779 
0.708805 0.617312 
0.305437 0.811779 
0.679586 0.628061 
0.6756 0.639868 
0.94681 0.357235 
0.978541 0.235831 
0.2874 0.813286 
0.277395 0.839194 
0.269861 0.850368 
0.317107 0.805462 
0.984653 0.235738 
0.988013 0.235735 
0.317558 0.805334 
0.996662 0.235735 
0.236811 0.929103 
0.317558 0.805334 
0.236845 0.913833 
0.735732 0.616207 
0.236813 0.919016 
0.236811 0.957941 
0.675683 0.630819 
0.318083 0.805334 
0.236811 0.957941 
0.407108 0.805248 
0.318083 0.805334 
0.394397 0.805334 
0.407108 0.805248 
0.675594 0.640408 
0.675594 0.640408 
0.735835 0.616207 
0.236716 0.984552 
0.944822 0.360653 
0.394397 0.805334 
0.237138 0.907377 
0.94483 0.360653 
0.316924 0.805725 
0.236777 0.963546 
0.236716 0.984552 
0.23671 1.13029 
1.00754 0.235651 
0.736255 0.616207 
0.491429 0.805247 
0.406972 0.805329 
0.409611 0.805248 
0.237489 0.855989 
