0.900047 0.109225 
0.695787 0.566153 
0.695725 0.567869 
0.900883 0.100515 
0.900048 0.104475 
0.902793 0.100044 
0.901256 0.100044 
0.901011 0.10048 
0.904565 0.100044 
0.903991 0.100044 
0.90702 0.100044 
0.696225 0.564093 
0.696482 0.563079 
0.900047 0.117605 
0.900047 0.117858 
0.908261 0.100043 
0.908536 0.100043 
0.695883 0.56606 
0.911294 0.100043 
0.911294 0.100043 
0.912176 0.100043 
0.695201 0.605227 
0.912926 0.100043 
0.912926 0.100043 
0.900046 0.122355 
0.69518 0.608344 
0.900163 0.100619 
0.900046 0.126934 
0.900046 0.127167 
0.900046 0.127184 
0.900135 0.104463 
0.69521 0.575282 
0.69524 0.567877 
0.900046 0.180327 
0.900046 0.180327 
0.698683 0.563072 
0.900046 0.180474 
0.900046 0.180474 
0.362282 0.89507 
0.701836 0.563053 
0.900046 0.180474 
0.695175 0.631877 
0.900046 0.182039 
0.701836 0.563053 
0.701836 0.563053 
0.698724 0.563072 
0.900046 0.182039 
0.695177 0.611885 
0.695175 0.631877 
0.363112 0.89503 
0.701836 0.563053 
0.363125 0.89503 
0.362567 0.895031 
0.900046 0.182039 
0.695196 0.605775 
0.695175 0.631877 
0.363125 0.89503 
0.900046 0.182039 
0.701836 0.563053 
0.70187 0.563053 
0.917383 0.100043 
0.917383 0.100043 
0.917383 0.100043 
0.493841 0.895029 
0.702785 0.563053 
0.900046 0.182039 
0.695175 0.67625 
0.917383 0.100043 
0.917383 0.100043 
0.493841 0.895029 
0.917383 0.100043 
0.900046 0.179113 
0.362259 1.12875 
0.900046 0.182039 
0.702785 0.563053 
0.917383 0.100043 
0.362262 0.935179 
0.71816 0.563053 
0.900046 0.182039 
0.527333 0.895029 
