0.277892 1.03064 
0.274049 1.03523 
0.280934 1.02617 
0.272825 1.03813 
0.277998 1.03031 
0.275264 1.03484 
0.282917 1.02561 
0.288546 1.0256 
0.316006 1.0256 
0.319867 1.02559 
0.314004 1.0256 
0.288855 1.0256 
0.322956 1.02559 
0.272564 1.04036 
0.272562 1.04663 
0.325737 1.02559 
0.873884 0.298807 
0.325737 1.02559 
0.325737 1.02559 
0.334295 1.02559 
0.873771 0.300195 
0.873699 0.300443 
0.334295 1.02559 
0.873922 0.295143 
0.873693 0.306908 
0.334295 1.02559 
0.873693 0.326965 
0.334295 1.02559 
0.873807 0.299717 
0.472512 0.639416 
0.334295 1.02559 
0.266937 1.06155 
0.337084 1.02559 
0.3372 1.02559 
0.472512 0.639416 
0.877009 0.287091 
0.339498 1.02559 
0.459667 0.647088 
0.873517 0.328365 
0.454592 0.673039 
0.873582 0.327669 
0.888517 0.28694 
0.886155 0.286941 
0.339498 1.02559 
0.888517 0.28694 
0.873517 0.328365 
0.487053 0.563942 
0.311617 1.0256 
0.249753 1.12036 
0.487053 0.563942 
0.486391 0.564844 
0.873517 0.328365 
0.24971 1.13592 
0.888878 0.286888 
0.249679 1.16291 
0.24968 1.16288 
0.487054 0.563888 
0.873512 0.328578 
0.249679 1.27219 
0.873511 0.328615 
0.873512 0.328578 
0.485525 0.614667 
0.454469 0.673051 
0.454466 0.726701 
0.454469 0.673051 
0.249679 1.27849 
0.249608 1.34351 
0.930153 0.286853 
0.925242 0.286887 
0.487054 0.563888 
0.873511 0.328615 
0.873492 0.331428 
0.454377 0.727452 
0.250267 1.07477 
0.455231 0.655365 
