0.83226 0.417362 
0.832579 0.417351 
0.832113 0.417391 
0.832184 0.417363 
0.832113 0.417532 
0.832113 0.417532 
0.831986 0.417636 
0.831969 0.417669 
0.834521 0.416605 
0.834543 0.416588 
0.829336 0.4244 
0.829407 0.424297 
0.829336 0.424399 
0.829619 0.41793 
0.837916 0.416116 
0.829307 0.425535 
0.84146 0.4156 
0.84146 0.4156 
0.841743 0.415338 
0.842944 0.415338 
0.843002 0.415098 
0.830537 0.417918 
0.832582 0.417136 
0.843278 0.414946 
0.843278 0.414946 
0.843278 0.414946 
0.834789 0.416125 
0.843278 0.414946 
0.843278 0.414946 
0.843278 0.414946 
0.843278 0.414946 
0.826398 0.429681 
0.827199 0.429471 
0.82743 0.428461 
0.858861 0.414887 
0.860068 0.414697 
0.827389 0.429444 
0.85163 0.414898 
0.823796 0.45355 
0.822927 0.454335 
0.819599 0.516318 
0.819875 0.516318 
0.819875 0.516318 
0.38067 0.846832 
0.869931 0.414532 
1.21029 0.414345 
0.38067 0.846832 
0.372996 0.846832 
0.874343 0.414405 
0.822215 0.481939 
1.21029 0.414345 
1.21029 0.414345 
1.21029 0.414345 
1.21029 0.414345 
0.372995 0.846832 
0.817246 0.653436 
0.818212 0.653436 
0.818212 0.653436 
0.38067 0.846832 
0.478353 0.846832 
0.818212 0.653436 
1.01052 0.41438 
1.07172 0.414377 
0.820436 0.515758 
0.820834 0.511393 
0.824173 0.433028 
