1.72481e-05 1.01499 
0.00012173 1.0105 
1.00002 0.0158993 
1.54058e-05 1.01629 
2.13942e-05 1.01272 
1.41776e-05 1.01791 
7.84954e-06 1.01932 
0.795755 0.463742 
1.58145e-06 1.02116 
0.464233 0.795845 
0.796731 0.462888 
0.795727 0.472273 
0.799424 0.46273 
0.795722 0.472824 
0.80145 0.462728 
0.463423 0.795865 
0.000534797 1.00601 
1 0.018015 
1 0.0360734 
2.51775e-07 1.02691 
2.26541e-07 1.03656 
2.26475e-07 1.0506 
1 0.0360734 
2.26475e-07 1.05456 
1 0.0418606 
2.26448e-07 1.05457 
0.805344 0.462701 
1.00037 0.00147836 
1 0.0473326 
0.807943 0.462701 
2.26447e-07 1.06804 
1 0.055444 
1 0.0865152 
0.804958 0.462701 
0.00081819 1.00001 
0.470489 0.795788 
1.00003 0.00452026 
0.476346 0.795783 
0.00164999 1 
0.463058 0.796033 
0.462823 0.796471 
0.000643826 1.00031 
0.462805 0.799089 
0.795718 0.480066 
1 0.0805493 
1 0.0879005 
1 0.0879005 
2.26447e-07 1.0688 
1 0.0904699 
0.808486 0.462685 
0.808486 0.462685 
1 0.138379 
1 0.138379 
1.00072 3.55874e-06 
0.808486 0.462685 
0.462803 0.825614 
0.00285278 1 
1.00238 3.44121e-07 
0.00243083 1 
1 0.17845 
0.000154353 1.00828 
1.00248 3.16331e-07 
0.00285278 1 
0.797272 0.462772 
1.00248 3.16331e-07 
0.0156418 1 
0.795711 0.482197 
2.06338e-07 1.08733 
2.05145e-07 1.08903 
1.00248 3.16331e-07 
2.05144e-07 1.18351 
0.480307 0.795763 
1 0.215382 
1.00248 3.16331e-07 
1.00248 3.16331e-07 
0.462792 0.832246 
0.462792 0.834937 
1 0.269528 
0.795711 0.482201 
0.810667 0.462683 
1.00038 3.95002e-05 
1.00248 3.16331e-07 
2.03562e-07 1.19534 
0.462792 0.837913 
0.0347078 1 
0.0795523 1 
0.481482 0.795763 
1 0.383038 
0.795711 0.482201 
1 0.269528 
1.00248 3.16331e-07 
2.03562e-07 1.19534 
2.03562e-07 1.19534 
2.03562e-07 1.19534 
2.03776e-07 1.18991 
0.0929952 1 
0.462792 0.837913 
1 0.264793 
1.00248 3.16331e-07 
