0.5203 0.529065 
0.5203 0.529065 
0.5203 0.529065 
0.5203 0.529065 
0.5203 0.529065 
0.5203 0.529065 
0.5203 0.529065 
0.5203 0.529065 
0.5203 0.529065 
0.5203 0.529065 
0.5203 0.529065 
0.5203 0.529065 
0.5203 0.529065 
0.5203 0.529065 
0.5203 0.529065 
0.5203 0.529065 
0.5203 0.529065 
0.5203 0.529065 
0.5203 0.529065 
0.5203 0.529065 
0.5203 0.529065 
0.5203 0.529065 
0.5203 0.529065 
0.5203 0.529065 
0.5203 0.529065 
0.5203 0.529065 
0.5203 0.529065 
0.5203 0.529065 
0.5203 0.529065 
0.5203 0.529065 
0.5203 0.529065 
0.5203 0.529065 
0.5203 0.529065 
0.5203 0.529065 
