1 0 0 
2.97847e-09 0 1 
5.45502e-22 7.44625e-10 1 
2.38048e-11 1 0 
0.730157 0 0.683279 
0.269138 0.963102 0 
0.506217 0.74636 0.432077 
0.339622 0.794588 0.503277 
0.419114 0.88035 0.222097 
0.257824 0.949984 0.176229 
0.206633 0.38947 0.897561 
0.481767 0.677654 0.555595 
0.750871 0 0.660449 
0.235104 0.940505 0.24531 
0.18354 0.833321 0.521431 
0.676476 0.0683322 0.733288 
0.0310648 0.414109 0.909697 
0.0954522 0.140734 0.985435 
0.537224 0.841881 0.0512523 
0.98744 0.0914997 0.1288 
0.774076 0.540436 0.329751 
0.698661 0.715386 0.00979283 
0.739683 0.629508 0.237885 
0.474387 0.270387 0.837763 
0.790178 0.611713 0.0377662 
0.661138 0.485015 0.572413 
0.618889 0.501627 0.604439 
0.061746 0.994905 0.0796935 
0.592603 0.11654 0.79702 
0.548056 0.204743 0.810996 
0.819557 0.477231 0.317138 
0.409122 0.910346 0.0623631 
0.870676 0.490797 0.0322828 
0.580616 0.284973 0.762677 
0.435342 0.370498 0.820493 
0.513274 0.858225 6.99636e-319 
0.338322 0.346421 0.874946 
0.763571 0.581226 0.281312 
0.167026 0.337213 0.926493 
0.911191 0 0.411984 
0.0249397 0.221314 0.974884 
0.935925 0.183952 0.300345 
1.47843e-10 0.776476 0.630147 
0.220919 0.456054 0.862096 
0.893743 0.44858 6.10807e-140 
0.109127 0.603304 0.79001 
0.968229 0.189341 0.163346 
0.373641 0.754351 0.539765 
0.98107 0.191852 0.0263456 
0.161636 0.981941 0.0983112 
0.831276 0.209035 0.515058 
0.94834 0.317257 0 
0.931307 0.102854 0.34941 
0.128643 0.0584323 0.989968 
0.613666 0.35734 0.704075 
0.854068 0.124714 0.50499 
0.137257 0.528501 0.837763 
0.962673 0 0.270666 
0.117031 0.418794 0.900508 
0.801972 0.157624 0.576191 
0.349523 0.869337 0.34941 
0.0646653 0.236392 0.969503 
1.26807e-10 0.665993 0.745958 
0.174276 0.245137 0.953696 
0.429158 0.901446 0.05674 
0.285327 0.576053 0.765997 
0.315036 0.871001 0.376975 
0.219008 0.290289 0.93154 
0.24491 0.559344 0.79193 
0.844309 0.523659 0.11368 
0.902184 0.177321 0.393219 
0.989036 1.22555e-30 0.147674 
0.463863 0.322455 0.825139 
0.814057 0.56955 0.11368 
0.321402 0.170097 0.93154 
0.00207904 0.809277 0.587424 
0.779325 0.00647069 0.626587 
0.451452 0.890113 0.0623631 
0.210064 0.774006 0.597318 
0.0057961 0.699088 0.715012 
0.746424 0.658878 0.0934387 
0.0407526 0.816299 0.576191 
0.0735885 0.263334 0.961894 
0.251843 0.652176 0.715012 
0.0131591 0.0215195 0.999682 
0.954729 0.0651255 0.290261 
0.638639 0.000294454 0.769506 
0.308208 0.636252 0.707242 
0.0498562 0.998647 0.0147687 
0.0377213 0.0792337 0.996142 
0.684371 0.72827 0.0354899 
0.715879 0.698224 0.000673404 
0.716724 0.0049925 0.697339 
0.389869 0.469945 0.79193 
0.62462 0 0.780929 
0.156307 0.322674 0.933515 
0.0105367 0.434711 0.900508 
0.705519 0.0452914 0.707242 
0.149108 0.286543 0.946393 
0.998709 0.00806314 0.0501588 
0.0847746 0.178069 0.980359 
0.393024 0.919528 0 
0.558534 0.829482 1.24138e-30 
0.570007 0.0434047 0.820493 
0.446123 2.17991e-205 0.894972 
0.929709 0 0.368295 
0.858242 0.513246 0 
0.484221 0 0.874946 
0.298038 0.457522 0.837763 
0.647835 0.761781 0 
0.35701 0.0330818 0.933515 
0.361855 0.760076 0.539765 
0.60227 0.798292 2.93812e-100 
0.8063 0.591507 7.77752e-07 
0.175449 0.262737 0.948782 
0.920221 0 0.391399 
0.265029 0.948401 0.174057 
0.226554 0.973999 0 
0.367256 0.93012 0 
8.68424e-12 0.730157 0.683279 
