8.9718e-13 0 1.02884 
3.74941e-33 6.12325e-17 1 
7.79528e-09 1.0209 0 
1.00128 0 0 
0.703091 0.51605 0.490195 
0.290789 0.955798 0.0714669 
0.78726 0.390087 0.477563 
0.764911 0.446873 0.46397 
0.0922501 0.980552 0.173232 
0.336839 0.875405 0.346728 
0.506136 0.0668092 0.859865 
0.244519 0.915011 0.328337 
0.310935 0.37833 0.871887 
0.302543 0.0946632 0.948425 
0.471491 0.861584 0.188067 
0.880064 0.407598 0.276546 
0.644969 0.316176 0.695742 
0.143259 0.265821 0.956729 
0.988855 0.00912798 0.149002 
0.428461 0.463186 0.775809 
0.955091 0.130978 0.266153 
0.569946 0.645869 0.508305 
0.464741 0.0402576 0.884532 
0.148027 0.899604 0.414171 
0.543896 0.114443 0.831313 
0.318873 0.232203 0.91926 
0.614852 0.696757 0.370529 
0.865407 0.458293 0.202579 
0.752595 0.60988 0.248306 
0.126341 0.15731 0.979524 
0.947312 0.0325782 0.318654 
0.0167087 0.251183 0.967807 
0.530408 0.639843 0.556505 
0.887892 0.43099 0.161008 
0.331995 0.786147 0.521305 
0.801031 0.168547 0.574406 
0.630109 0.766995 0.125395 
0.349622 0.908627 0.228391 
0.65128 0.618614 0.450224 
0.923273 0.0485666 0.381147 
0.661878 0.750048 0.0170155 
0.494589 0.620517 0.61569 
0.391811 0.746936 0.537752 
0.113318 0.731192 0.672707 
0.720627 0.683463 0.116517 
0.635396 0.217993 0.741085 
0.453064 0.295132 0.841373 
0.161329 0.808134 0.566646 
0.376112 0.188504 0.90732 
0.445278 0.894405 0.0423098 
0.587297 0.487197 0.646313 
0.1926 0.971314 0.139822 
0.862145 0.329181 0.385158 
0.563831 0.534753 0.629397 
0.690592 0.275647 0.669088 
0.440173 0.847126 0.297701 
0.844233 0.530743 0.0842914 
0.253524 0.948707 0.216251 
0.130674 0.925345 0.356026 
0.272719 0.506782 0.817839 
0.516255 0.628154 0.582155 
0.216254 0.933101 0.287328 
0.914729 0.40087 0.0519244 
0.00741716 0.442359 0.896821 
0.966684 0.206406 0.15189 
0.100573 0.299269 0.948857 
0.678416 0.363365 0.681051 
0.0645429 0.0826403 0.994499 
0.0610181 0.144488 0.988246 
0.581071 0.658477 0.479197 
0.218572 0.568043 0.795882 
0.201504 0.944189 0.260894 
0.62224 0.780669 0.10108 
0.0492976 0.523998 0.850482 
0.0400729 0.828517 0.559376 
0.409451 0.498199 0.764296 
0.477991 0.581595 0.658234 
0.732725 0.606343 0.309107 
0.206943 0.537031 0.817868 
0.911072 0.19703 0.363699 
0.023202 0.356553 0.934105 
0.573858 0.71864 0.400334 
0.0844416 0.897553 0.432744 
0.832829 0.553532 0 
0.932796 0.348525 0.0926333 
0.37045 0.712942 0.597422 
0.489096 0.840617 0.236381 
0.915884 0.0217424 0.403621 
0.0720016 0.99765 0.00890664 
0.282411 0.601 0.751002 
0.744117 0.668025 0.00608144 
0.601108 0.799204 0 
0.226167 0.816567 0.531157 
0.518807 0.854572 0.0239433 
0.175728 0.685861 0.706235 
0.23301 0.283515 0.930236 
0.81834 0.575757 1.24594e-61 
0.592385 0.47604 0.650002 
0.030541 0.994736 0.0981587 
0.682796 0.730248 0.0328899 
0.553668 0.420069 0.719102 
0.67919 0.110976 0.725629 
0.259274 0.761456 0.594135 
0.412972 0.319135 0.853006 
0.973181 0.240288 0 
0.538963 0.834939 0.111357 
0.180459 0.675292 0.716363 
0.900304 0 0.435937 
0.169934 0.597002 0.785551 
0.338258 0.557174 0.758414 
0.364799 0.180849 0.913406 
0.402562 0.435188 0.80533 
0.85304 0.418144 0.312215 
0.803953 0.594737 0.00100784 
0.0727284 0.366781 0.927819 
0.502805 0.451389 0.737183 
0.930033 0.341402 0.141423 
0.358225 0.469634 0.807225 
0.188295 0.139294 0.972204 
0.480683 0.705043 0.527925 
