1.00001 0 0 
6.12326e-17 1 0 
5.22207e-13 3.59728e-14 1.00047 
3.20369e-29 5.23202e-13 1.00001 
0.758826 0.531048 0.377069 
0.751225 0.51654 0.410925 
0.599529 0.755948 0.262901 
0.500448 0.728902 0.467305 
0.574312 0.246891 0.78052 
0.609898 0.789097 0.0749557 
0.856067 0.343372 0.386322 
0.630048 0.746644 0.213534 
0.511172 0.807435 0.294987 
0.12299 0.653037 0.747274 
0.0609618 0.0961607 0.993497 
0.282568 0.773038 0.567957 
0.689394 0.21357 0.692194 
0.552804 0.833311 0.00117329 
0.238489 0.454253 0.858359 
0.523211 0.676941 0.517713 
0.79005 0.0593501 0.610165 
0.308345 0.950952 0.024785 
0.985014 0.122226 0.121796 
0.330293 0.427339 0.841615 
0.292021 0.687452 0.664931 
0.417095 0.892991 0.169114 
0.392909 0.193274 0.899039 
0.456243 0.887983 0.0576989 
0.670107 0.166217 0.723414 
0.025168 0.942968 0.33193 
0.355796 0.864785 0.354338 
0.147631 0.203734 0.967831 
0.430148 0.797236 0.423545 
0.644704 0.763217 0.0431061 
0.317469 0.48687 0.813739 
0.65285 0.0123268 0.757391 
0.731874 0.413606 0.541586 
0.362313 0.926056 0.105671 
0.272874 0.540351 0.79597 
0.465277 0.669484 0.579058 
0.0172323 0.325332 0.94545 
0.843791 0.360609 0.397465 
0.486727 0.269027 0.831097 
0.863361 0.504537 0.00773373 
0.47309 0.876825 0.0858078 
0.919181 0.275556 0.28139 
0.904575 0.386586 0.179715 
0.981984 0.111069 0.152984 
0.736553 0.0183549 0.676132 
0.0747561 0.289987 0.95411 
0.807077 0.0825416 0.58468 
0.962487 0.00377214 0.271301 
0.0834129 0.966717 0.241871 
0.0531687 0.819823 0.570143 
0.206269 0.303476 0.930247 
0.535625 0.466138 0.704146 
0.109488 0.406639 0.907017 
0.619971 0.436676 0.651886 
0.131089 0.696044 0.70594 
0.481097 0.606616 0.632908 
0.928054 0.136437 0.346566 
0.640441 0.225451 0.734179 
0.820079 0.254055 0.512812 
0.376672 0.495969 0.782393 
0.0457614 0.863938 0.501523 
0.439027 0.317673 0.84044 
0.447748 0.707251 0.54713 
0.356982 0.912432 0.200116 
0.251989 0.230472 0.939969 
0.895981 0.0301314 0.44307 
0.265708 0.0520449 0.962648 
0.99285 0.0699316 0.0967558 
0.503956 0.15266 0.850132 
0.768418 0.609595 0.194778 
0.801772 0.564727 0.195577 
0.0100532 0.987952 0.159939 
0.557329 0.571938 0.601902 
0.662541 0.374423 0.648848 
0.936589 0.12905 0.325802 
0.947813 0.0270271 0.317681 
0.974511 0 0.224692 
0.702992 8.46937e-44 0.711198 
0.101093 0.396999 0.91224 
0.836792 0.139606 0.529423 
0.56488 0.295685 0.770378 
0.190533 0.44298 0.876063 
0.910599 0.38916 0.139161 
0.379323 0.545805 0.747135 
0.539198 0.636369 0.551836 
0.886933 0.175256 0.427367 
0.224215 0.631664 0.742111 
0.179831 0.706445 0.684542 
0.169619 0.900627 0.400127 
0.197387 0.978982 0.0514145 
0.342768 0.179421 0.922128 
0.0375005 0.996007 0.0816417 
0.873283 0 0.487213 
0.152769 0.955735 0.251474 
0.297217 0.853828 0.427365 
0.405222 0.583072 0.704146 
0.214167 0.281996 0.935213 
0.88963 0.0758284 0.450343 
0.16066 0.980882 0.109814 
3.62424e-17 0.591883 0.806029 
0.817433 0.575759 0.0175263 
0.0914005 0.144706 0.985244 
0.0952747 0.188665 0.977425 
0.719575 0 0.694417 
0.481431 0.615061 0.624446 
0.498347 0.0384635 0.866135 
0.256395 0.375508 0.890654 
0.673996 0.352802 0.649046 
0.231493 0.962326 0.142622 
0.829318 0.0738008 0.553883 
0.564725 0.0389018 0.824417 
0.783419 0.621496 0 
0.952317 0 0.305153 
0.343346 0.735096 0.584592 
0.257714 0.934956 0.243847 
2.94144e-17 0.480374 0.877067 
