0.294078 0.955781 0 
0.0267416 0 1.00754 
1.5672e-05 1.04648 0 
1.43284e-23 6.12323e-17 1 
1.003 0 0 
0.64673 0.532006 0.54689 
0.501317 0.8555 0.129619 
0.153258 0.987999 0.0192437 
0.693959 0.544126 0.471539 
0.748604 0.617464 0.241516 
0.256487 0.881668 0.396077 
0.323511 0.416471 0.849643 
0.913028 0.222052 0.342577 
0.311436 0.792304 0.524656 
0.0513353 0.942715 0.329626 
0.782145 0.55237 0.288333 
0.964968 0.249512 0.112179 
0.377752 0.897045 0.22938 
0.864379 0.501862 0.0361921 
0.395326 0.674626 0.623747 
0.537095 0.836628 0.10762 
0.351226 0.89353 0.279724 
0.940198 0.296039 0.168495 
0.897387 0.0625527 0.436787 
0.123428 0.798347 0.589413 
0.672947 0.37999 0.634626 
0.403555 0.512289 0.758092 
0.000119908 1.00087 0 
0.768879 0.567011 0.295515 
0.216443 0.785874 0.579271 
0.280418 0.0280144 0.959469 
0.24601 0.397705 0.883917 
0.563662 0.469529 0.67958 
0.583285 0.750892 0.309758 
0.191331 0.694696 0.69339 
0.873071 0.175891 0.454764 
0.202641 0.117654 0.972244 
0.0432012 0.71312 0.699709 
0.442833 0.31067 0.841061 
0.715385 0.653183 0.248203 
0.975555 0.155202 0.155578 
0.821279 0.0597346 0.567401 
0.52334 0.403641 0.750459 
0.336918 0.930426 0.144197 
0.06077 0.202214 0.977454 
0.805037 0.585934 0.0927248 
0.48596 0.358373 0.797128 
0.70915 0.59072 0.38491 
0.628764 0.732056 0.262205 
0.601221 0.773981 0.199125 
0.180445 0.770325 0.611782 
0.683848 0.699881 0.206201 
0.843668 0.431086 0.319991 
0.90691 0.0973315 0.409928 
0.458825 0.764189 0.453316 
0.47004 0.605105 0.64258 
0.338955 0.436353 0.83349 
0.767646 0.639447 0.042756 
0.304859 0.0221735 0.952144 
0.509644 0.272758 0.816006 
0.66219 0.174882 0.728871 
0.740184 0.233061 0.630722 
0.968783 0.127572 0.212568 
0.0976675 0.629627 0.770734 
0.0124136 0.080026 0.996715 
0.465306 0.14651 0.872941 
0.088521 0.321407 0.942794 
0.88647 0.279697 0.368701 
0.0405152 0.263841 0.963715 
0.956387 0.134773 0.268374 
0.720444 0.600128 0.347571 
0.611721 0.0700808 0.787963 
0.611845 0.787658 0.072386 
0.192956 0.370513 0.912229 
0.108145 0.353411 0.929196 
0.830196 0.362225 0.423755 
0.16591 0.167063 0.971887 
0.65646 0.728795 0.194725 
0.0260572 0.868306 0.495399 
0.577661 0.816262 0.00485281 
0.477159 0.451718 0.753837 
0.365267 0.92925 0.0554673 
0.0797997 0.664282 0.744243 
0.431291 0.826571 0.36162 
0.416956 0.804102 0.423755 
0.26595 0.963979 0.00389416 
0.111393 0.737734 0.665838 
0.735559 0.163093 0.657536 
0.73048 0.478491 0.487283 
0.925938 0.0093819 0.377559 
0.851173 0.523636 0.036195 
0.566582 0.0105185 0.823938 
0.388082 0.0416497 0.920683 
0.0298463 0.997716 0.0606023 
0.952706 0.299977 0.0486356 
0.553807 0.811662 0.185748 
0.636053 0.281437 0.718491 
0.085819 0.192074 0.977621 
0.133945 0.485583 0.863868 
0.450366 0.000174743 0.892844 
0.550599 0.424665 0.718679 
0.147417 0.0906897 0.984908 
0.226043 0.666184 0.710706 
0.816171 0.5764 0.0403575 
0.0188975 0.629723 0.776674 
0.79828 0.334594 0.500795 
0.228827 0.829419 0.50961 
0.0737624 0.338276 0.938152 
0.430541 0.0462065 0.901388 
0.930924 0.355131 0.0852229 
0.0713656 0.460068 0.885011 
0.795264 1.60257e-05 0.606264 
0.995047 0.0994076 0 
0.139885 0.0533638 0.988729 
0.23269 0.844864 0.481726 
0.422141 0.90653 0 
0.585573 0 0.81062 
0.112471 0.487709 0.865731 
0.984253 0 0.176764 
0.233222 0.972423 5.80816e-144 
