3.7499e-33 6.12405e-17 1.00013 
1.03099 0 0 
6.20501e-17 0 1.01335 
0.671229 0 0.786175 
6.25083e-17 1.02084 0 
0.403899 0.891373 0.205717 
0.981662 0.065318 0.179322 
0.858352 0.176404 0.482278 
0.801597 0.164739 0.575268 
0.877035 0.415382 0.241386 
0.911059 0.140749 0.387507 
0.713556 0.247035 0.6556 
0.251254 0.747133 0.618753 
0.227468 0.310613 0.922918 
0.641504 0.723934 0.253756 
0.34553 0.930908 0.118403 
0.549299 0.768368 0.328453 
0.161567 0.986475 0.0276195 
0.996051 0.0884669 0.00753403 
0.573776 0.796766 0.189593 
0.337963 0.778696 0.552905 
0.243167 0.230281 0.942253 
0.287453 0.951874 0.106337 
0.267743 0.616902 0.740841 
0.936475 0.194955 0.291968 
0.0156218 0.203391 0.978973 
0.155212 0.947677 0.278959 
0.377013 0.463524 0.805912 
0.946011 0.0971707 0.31365 
0.313107 0.881639 0.35728 
0.893138 0.446212 0.061176 
0.509448 0.789612 0.342016 
0.661946 0.687086 0.299567 
0.83983 0.535021 0.0918862 
0.365167 0.873544 0.321828 
0.80744 0.323366 0.495393 
0.629693 0.401152 0.665254 
0.956706 0.258667 0.133433 
0.650405 0.480118 0.588609 
0.589452 0.804911 0.0682946 
0.516102 0.847673 0.122839 
0.413696 0.340154 0.846644 
0.602974 0.680453 0.41642 
0.778675 0.598779 0.222875 
1.00713 0 0.0107918 
0.320491 0.574736 0.75297 
0.0403459 0.695946 0.71696 
0.559433 0.0244902 0.829396 
0.530898 0.114417 0.839676 
0.691979 0.58341 0.427971 
0.4933 0.629614 0.60047 
0.480646 0.432444 0.765908 
0.753055 0.656571 0.0428748 
0.176997 0.972063 0.154208 
0.739533 0.474803 0.477154 
0.729459 0.292136 0.63563 
0.079774 0.151371 0.988933 
0.354323 0.362301 0.862086 
0.169078 0.54949 0.818213 
0.104463 0.26648 0.958247 
0.118112 0.239741 0.965756 
0.0256523 0.106902 0.99468 
0.0481731 0.998915 0 
0.138987 0.388265 0.911007 
0.963734 0.0450768 0.263035 
0.0621923 0.838798 0.540879 
0.442418 0.0100008 0.896754 
0.609309 0.486472 0.62617 
0.621685 0.635683 0.457618 
0.092832 0.509831 0.855251 
0.456364 0.542397 0.705364 
0.581843 0.373561 0.722473 
0.792376 0.31765 0.530268 
0.749076 0.28219 0.599378 
0.43105 0.42748 0.798874 
0.385707 0.831438 0.39993 
0.926343 0.0371313 0.374848 
0.528452 0.518429 0.673725 
0.0991773 0.914252 0.393018 
0.14977 0.822531 0.548646 
0.277795 0.960634 0.0034981 
0.0727583 0.344917 0.935878 
0.395244 0.607959 0.690044 
0.819002 0.525824 0.22966 
0.971388 0.0568598 0.248741 
0.755739 0.407399 0.522686 
0.82928 0.532423 0.169836 
0.823946 0.350341 0.445392 
0.782788 0.502574 0.407643 
0.198023 0.980213 6.50046e-12 
0.682508 0.715672 0.153425 
0.489126 0.704935 0.51365 
0.740966 0.666657 0.0808522 
0.219911 0.215482 0.951501 
0.436463 0.45304 0.777338 
0.122306 0.671701 0.730657 
0.696522 0.712206 0.0872913 
0.892076 0.0183399 0.45734 
0.468298 0.298333 0.831681 
0.967429 0.216138 0.142505 
0.129217 0.752353 0.649207 
0.301463 0.812185 0.499476 
0.768314 0.640269 0 
0.212564 0.174777 0.961425 
0.301239 0.653907 0.695872 
5.27617e-17 0.861664 0.507565 
0.0449569 0.133685 0.990311 
0.329975 0.354205 0.876568 
0.504405 0.530475 0.68298 
0.185985 0.0415159 0.981813 
0.25894 0.382974 0.886952 
0.540637 0.555743 0.637011 
0.329207 0.839792 0.432018 
0.424136 0.0345931 0.904937 
0.453831 0.55797 0.69517 
0.47021 0.600143 0.647131 
0.1345 0.43744 0.889403 
0.256546 0.569834 0.780688 
0.422383 0.906574 0 
3.03505e-17 0.495661 0.868685 
