3.04344e-28 6.12323e-17 1 
1.00783 2.57253e-40 0 
1.27319e-09 1.00143 0 
6.12469e-17 0 1.00024 
0.488471 0.527306 0.695425 
0.75004 0.638774 0.171486 
0.130528 0.229664 0.964479 
0.715469 0.157807 0.680632 
0.364935 0.410888 0.83546 
0.680467 0.0400008 0.731785 
0.849293 0.26934 0.454179 
0.784288 0.337857 0.520332 
0.797191 0.587151 0.140516 
0.617574 0.00642199 0.7865 
0.719018 0.536013 0.442383 
0.657584 0.478264 0.582106 
0.16958 0.952958 0.251223 
0.351746 0.86402 0.3602 
0.860238 0.508202 0.0414979 
0.233866 0.931067 0.280357 
0.410509 0.831211 0.374927 
0.249538 0.783022 0.569744 
0.286175 0.319697 0.903271 
0.189101 0.752851 0.630497 
0.445774 0.387995 0.809271 
0.50049 0.396916 0.769945 
0.887977 0.302958 0.345996 
0.633676 0.649916 0.419599 
0.929417 0.214059 0.300897 
0.911311 0.310919 0.269895 
0.143668 0.775338 0.614988 
0.667602 0.568565 0.480668 
0.565845 0.0332628 0.823893 
0.977329 0.200288 0.0686562 
0.0163527 0.0820444 0.996495 
0.472352 0.0544481 0.879785 
0.464088 0.707175 0.533412 
0.957844 0.239157 0.159182 
0.437066 0.617117 0.654325 
0.949457 0.117755 0.291036 
0.806385 0.427453 0.408715 
0.578918 0.144545 0.802472 
0.178169 0.847535 0.499945 
0.553702 0.439116 0.709483 
0.198113 0.286811 0.937278 
0.227361 0.0180087 0.973644 
0.172072 0.966963 0.188079 
0.740247 0.0918084 0.666133 
0.991832 0.065998 0.109192 
0.531567 0.693556 0.486228 
0.120717 0.365835 0.922853 
0.344338 0.605866 0.717235 
0.933307 0.279425 0.22552 
0.877583 0.0572739 0.476 
0.694596 0.712397 0.100137 
0.10505 0.298529 0.948602 
0.300846 0.418536 0.856925 
0.269976 0.424308 0.864354 
0.775466 0.626114 0.0814466 
0.328887 0.578055 0.746784 
0.420003 0.660098 0.623012 
0.258388 0.254856 0.93182 
0.332917 0.941318 0.0555672 
0.77199 0.554211 0.31131 
0.403091 0.689295 0.601989 
0.378272 0.133239 0.916055 
0.460905 0.886821 0.0333913 
0.70621 0.0264185 0.70751 
0.925675 0.175395 0.335205 
0.0971866 0.471633 0.876423 
0.903798 0.355139 0.238809 
0.206365 0.597319 0.775045 
0.293899 0.34682 0.890696 
0.739581 0.489995 0.461442 
0.517002 0.458495 0.722835 
0.0425601 0.802717 0.59484 
0.320272 0.924129 0.208353 
0.830026 0.549918 0.0930286 
0.53024 0.375762 0.760033 
0.309554 0.875259 0.371616 
0.822555 0.107329 0.558465 
0.611743 0.450563 0.650233 
0.393651 0.910459 0.126936 
0.897591 0.180959 0.401976 
0.379931 0.668492 0.639442 
0.218414 0.384302 0.896999 
0.0665973 0.815387 0.575073 
0.605196 0.76493 0.220501 
0.158463 0.887689 0.432316 
0.0371752 0.859922 0.50907 
0.570349 0.793467 0.212397 
0.163277 0.975255 0.149071 
0.602074 0.169772 0.780182 
0.643623 0.145501 0.751384 
0.384592 0.74065 0.550933 
0.310748 0.894488 0.321846 
0.972614 0.199322 0.119553 
0.508023 0.180609 0.842195 
0.114949 0.985677 0.123404 
0.688696 0.725051 0 
0.915001 0.0975663 0.391476 
0.0908617 0.995736 0.0159675 
0.545101 0.838305 0.0105743 
0.639622 0.742735 0.198069 
0.0807264 0.944852 0.318464 
0.281103 0.0985203 0.954739 
0.967098 0.253462 0.0218582 
0.819296 0.245291 0.518253 
0.14843 0.116056 0.982089 
0.733082 0.68014 0 
0.867169 0.498001 0.00358454 
0.0273541 0.0704996 0.997137 
0.427219 0.904123 0.00677845 
0.0514676 0.970718 0.234645 
0.520879 0.852317 0.0473537 
0.589544 0.807736 0.00112536 
0.76127 0.648339 0.0111421 
0.0706085 0.915152 0.396877 
0.0607278 0.128747 0.989816 
0.988374 0.125681 0.0855593 
