1.14945 0 0 
1.03128 0 1.70785e-243 
1.00952 0.00761437 0 
7.82767e-17 1.98756e-10 1 
5.04943e-05 1.00168 0 
5.08819e-08 0 1.00001 
0.391222 0.752506 0.529826 
0.906091 0.423019 0.00734419 
0.795664 0.43599 0.420742 
0.569446 0.579211 0.583306 
0.190211 0.97016 0.150379 
0.595273 0.356644 0.720038 
0.41624 0.876257 0.24273 
0.395328 0.643775 0.664067 
0.278726 0.959746 0.034628 
0.986404 0.110162 0.121954 
0.120622 0.925755 0.358372 
0.920982 0.255686 0.29758 
0.137044 0.503916 0.852816 
0.954709 0.275997 0.113625 
0.497971 0.836069 0.230247 
0.745964 0.446926 0.493758 
0.350583 0.936234 0.0236079 
0.296977 0.780553 0.550041 
0.730918 0.526628 0.434075 
0.0748845 0.981133 0.178243 
0.699576 0.711573 0.0652572 
0.836729 0.538176 0.10127 
0.709462 0 0.704744 
0.805155 0.561834 0.189919 
0.382256 0.0708857 0.921335 
0.846351 0.29132 0.445917 
0.202088 0.531153 0.822823 
0.467425 0.76686 0.439819 
0.606279 0.616676 0.502137 
0.666475 0.480175 0.570301 
0.329466 0.865945 0.376287 
0.887056 0.040226 0.460207 
0.0872079 0.669305 0.737852 
0.165564 0.2207 0.963361 
0.778685 0.000232891 0.627415 
0.759916 0.515717 0.395683 
0.881553 0.0330984 0.470923 
0.52567 0.845716 0.0918494 
0.365767 0.549986 0.75082 
0.230624 0.606155 0.761353 
0.686343 0.698113 0.203901 
0.406966 0.685348 0.603885 
0.215235 0.913403 0.345498 
0.45445 0.887562 0.0755967 
0.0417083 0.212731 0.976378 
0.548332 0.568727 0.613092 
0.73955 0.187309 0.646514 
0.649935 0.152815 0.744468 
0.484338 0.815646 0.316451 
0.534755 0.125733 0.835601 
0.507565 0.377479 0.777459 
0.641038 0.401007 0.654419 
0.99837 0.0236862 0.0519255 
0.295788 0.348246 0.889514 
0.371326 0.792225 0.484249 
0.256574 0.943435 0.210044 
0.801851 0.596341 0.0376203 
0.0999108 0.985266 0.138814 
0.074243 0.732144 0.677091 
0.42914 0.85943 0.277884 
0.027308 0.801477 0.597401 
0.182619 0.628819 0.755802 
0.871621 0.300018 0.387646 
0.948163 0.0576218 0.312517 
0.68132 0.462378 0.567707 
0.179051 0.470604 0.863999 
0.57489 0.659031 0.484953 
0.688424 0.723713 0.0480822 
0.816624 0.281088 0.504101 
0.125494 0.246786 0.96091 
0.769634 0.0414708 0.637137 
0.0126898 0.0830532 0.996464 
0.0675835 0.142841 0.987436 
0.856252 0.513003 0.0605055 
0.628269 0.101545 0.771341 
0.0921319 0.908555 0.407479 
0.225013 0.827384 0.514706 
0.450385 0.851435 0.268731 
0.426072 0.900521 0.0867453 
0.55297 0.805416 0.218525 
0.0810718 0.406719 0.909949 
0.254238 0.260785 0.931319 
0.93922 0.10639 0.326414 
0.939191 0.0103784 0.34324 
0.338685 0.90446 0.259317 
0.620947 0.739716 0.259317 
0.948228 0.12962 0.289936 
0.540695 0.0158435 0.841156 
0.244538 0.197077 0.949402 
0.47564 0.679609 0.558498 
0.869943 0.493153 0.000270069 
0.0511791 0.176227 0.983018 
0.151039 0.988528 0 
0.592635 0.171325 0.78738 
0.313748 0.317981 0.89468 
0.973436 0.228958 6.61296e-199 
0.621319 0.372248 0.689488 
0.826231 0.0507057 0.561047 
0.582561 0.158718 0.79714 
0.32595 0.48294 0.812727 
0.190565 0.233523 0.95361 
0.0460801 0.329738 0.942947 
0.559371 0.828787 0.0146973 
0.439924 0.214353 0.872078 
0.582656 0.094173 0.807245 
0.111195 0.382881 0.917081 
0.457788 0.198251 0.866675 
0.315673 0.165886 0.934255 
0.30384 0.30905 0.901207 
0.328464 0.334097 0.883454 
0.303675 0.370974 0.877588 
0.0260715 0.0897728 0.995621 
0.062812 0.82296 0.564616 
0.10596 0.392837 0.913486 
