3.7494e-33 6.12323e-17 1 
0.895574 0.444913 0 
0.947739 0 0.319046 
6.12323e-17 1 0 
3.83754e-13 0 1 
1.00245 0 0 
0.43516 0.896733 0.0806635 
0.99236 0 0.123379 
1.46301e-12 0.964224 0.265089 
0.979956 1.15706e-90 0.199213 
0.685152 0.550195 0.477338 
0.614471 0.735936 0.284294 
0.824732 0.11059 0.554606 
0.922121 0 0.386902 
0.844745 0.02632 0.534522 
0.349759 0.830639 0.433252 
0.302769 0.454697 0.837605 
0.910434 0.0283667 0.412681 
0.715245 0.23663 0.657594 
0.961575 0.226915 0.15454 
0.304958 0.520742 0.797388 
0.207654 0.751203 0.626557 
0.981808 0.0845083 0.170034 
0.65476 0.0220015 0.755517 
0.383064 0.270152 0.883335 
0.368162 0.011471 0.929691 
0.28011 0.901377 0.330239 
0.0491191 0.425745 0.903509 
0.683543 0.318641 0.656686 
0.731198 0.680162 0.0522439 
0.739337 0.565674 0.365231 
0.396632 0.917978 0 
0.0816723 0.040574 0.995833 
0.0367724 0.485273 0.873589 
0.862704 0.285415 0.417469 
0.116854 0.13222 0.984308 
0.252937 0.96676 0.0373859 
0.199625 0.41439 0.887936 
0.142688 0.214288 0.966292 
0.860652 0.106291 0.497976 
0.312581 0.710406 0.630568 
0.87872 2.24314e-262 0.477338 
0.789849 0.613302 0 
0.483439 0.577803 0.657594 
0.452912 0.503299 0.735908 
0.175317 0.378077 0.909022 
0.398542 0.598527 0.694932 
0.0219562 0.0557801 0.998202 
0.808065 0.287681 0.514072 
0.590471 0.806865 0.0176726 
0.535248 0.844689 0.0032778 
0.677432 0.113661 0.726751 
0.13248 0.149901 0.979785 
0.0692293 0.600053 0.796959 
0.26575 0.462176 0.846032 
0.826659 0.558835 0.0658592 
0.626144 0.779707 0 
0.33356 0.942729 0 
0.238331 0.296782 0.924726 
0.46378 0.6965 0.547536 
0.583963 0.72718 0.360827 
0.166014 0.34462 0.923946 
0.457638 0.53305 0.711635 
0.0533015 0.192822 0.979785 
0.601227 0.42401 0.677304 
0.26973 0.405078 0.873589 
0.80151 0 0.597982 
0.696467 0.717589 0 
0.296692 0.954738 0.0212051 
0.411463 0.528911 0.742261 
0.0564255 0.865353 0.497976 
0.0980857 0.203611 0.974126 
0.755666 0.636464 0.15454 
0.51979 0.44739 0.727778 
0.150804 0.252166 0.955861 
0.420185 0.245535 0.873589 
0.10422 0.994513 0.00908575 
0.0125785 0.32845 0.944438 
0.12598 0.691161 0.711635 
0.33221 0.656426 0.677304 
0.772331 0.635218 0.00161084 
0.569171 0.822219 1.02117e-07 
0.9392 0 0.34337 
0.970659 0.229058 0.073166 
0.544056 0.81706 0.19083 
0.225068 0.164206 0.960407 
0.284162 0.958301 0.0301927 
0.805095 0.591484 0.0443772 
0.582604 0.629526 0.514072 
0.6167 0 0.787198 
2.38231e-17 0.389061 0.921212 
0.185927 0.980768 0.059374 
0.642112 0 0.766611 
0.473682 0.880696 0 
0.110878 0.166515 0.979785 
0.15803 0.0785078 0.984308 
0.64486 0.764301 0 
0.191257 0.0950147 0.97693 
0.634721 0.703329 0.32009 
0.606481 0.795098 2.52421e-40 
0.0899152 0.259942 0.961429 
0.80151 0 0.597982 
0.330107 0.838643 0.433252 
0.499677 0 0.866212 
0.747447 0.664322 0 
0.314551 0.355915 0.87999 
0.128349 0.304814 0.943724 
0.405628 0.874753 0.265089 
0.343999 0.873935 0.34337 
0.128532 0.0638536 0.989648 
0.670628 0.741794 0 
0.320227 0.366466 0.873589 
3.1406e-17 0.512899 0.858449 
0.361845 0.857715 0.365231 
0.217877 0.641068 0.735908 
0.508415 0.859526 0.0522439 
0.262756 0.624018 0.735908 
6.01071e-17 0.981623 0.19083 
0.206894 0.49135 0.846032 
0.554242 0.832356 0 
