1.00002 0 0 
3.7494e-33 6.12323e-17 1 
8.29027e-17 0 1.3539 
8.29027e-17 0 1.3539 
6.1761e-17 1.00863 0 
3.52237e-14 0 1.00863 
0.723067 0.0354644 0.689867 
0.102359 0.664464 0.747095 
0.886457 0.322937 0.33152 
0.955411 0.283331 0.0831446 
0.482185 0.752628 0.448384 
0.935712 0.347688 0.0596348 
0.44019 0.219759 0.870597 
0.616676 0.112508 0.779136 
0.82904 0.540663 0.142746 
0.393566 0.0193033 0.919094 
0.853351 0.504815 0.130209 
0.736521 0.676083 0.0211513 
0.0415497 0.254738 0.966186 
0.338342 0.847685 0.408602 
0.188625 0.917006 0.351455 
0.172553 0.433718 0.884372 
0.649699 0.192671 0.73537 
0.523692 0.241846 0.816858 
0.895407 0.388798 0.216987 
0.279252 0.146786 0.950131 
0.290085 0.72678 0.622609 
0.597292 0.619915 0.508868 
0.629034 0.778283 1.24001e-30 
0.755547 0.454197 0.472074 
0.784195 0.600344 0.156923 
0.813224 0.295374 0.501438 
0.667583 0.566923 0.48263 
0.457978 0.659141 0.596481 
0.802348 0.589614 0.0926974 
0.198206 0.676092 0.709747 
0.129091 0.627582 0.767774 
0.0659058 0.206654 0.976192 
0.0553272 0.269032 0.96204 
0.415922 0.305644 0.856499 
0.693145 0.719399 0.0449002 
0.0896814 0.951151 0.29556 
0.026115 0.979987 0.197403 
0.868775 0.377234 0.320818 
0.529492 0.692619 0.489813 
0.162782 0.968958 0.186068 
0.183364 0.94728 0.262752 
0.0783108 0.991527 0.113548 
0.679526 0.408497 0.609405 
0.42895 0 0.903392 
0.0526848 0.874783 0.481641 
0.642431 0.418964 0.642044 
0.124909 0.743039 0.657488 
0.230623 0.900961 0.367535 
0.118644 0.827536 0.548741 
0.40562 0.829449 0.38404 
0.354834 0.889004 0.28942 
0.675466 0.70105 0.228639 
0.539428 0.841978 0.00951719 
0.824444 0.357985 0.438336 
0.931535 0.0507375 0.360094 
0.0955727 0.128754 0.98706 
0.155239 0.801984 0.576822 
0.0735816 0.580092 0.81122 
0.70833 0.471699 0.525261 
0.303328 0.401157 0.864329 
0.34924 0.90562 0.240592 
0.248582 0.926428 0.282734 
0.502036 0.162762 0.849449 
0.496513 0.515319 0.698514 
0.579502 0.766401 0.27714 
0.32581 0.52286 0.791988 
0.555539 0.480208 0.678806 
0.790919 0.526697 0.311718 
0.976007 0.178065 0.125309 
0.322161 0.461932 0.826336 
0.373921 2.18378e-202 0.928678 
0.838504 0.152189 0.540001 
0.562057 0.485843 0.669364 
0.607336 0.794445 0.000727763 
0.965366 0.201251 0.166029 
0.510076 0.185821 0.839818 
0.919591 0.101812 0.379455 
0.31028 0.612093 0.727371 
0.362202 0.315266 0.877353 
0.258996 0.965239 0.0351606 
0.767438 0.636962 0.0729221 
0.240434 0.734048 0.63511 
0.708802 0.426096 0.562176 
0.221798 0.935931 0.273741 
0.313727 0.445514 0.838506 
0.57249 0.812976 0.106424 
0.841116 0.497577 0.211995 
0.384556 0.334723 0.861014 
0.545599 0.552139 0.630723 
0.793462 0.172729 0.583594 
0.262657 0.645734 0.716965 
0.993972 0.0713286 0.0832521 
0.586178 0.808474 0.0525798 
0.222701 0.230168 0.952289 
0.466679 0.0870353 0.880153 
0.0326159 0.137631 0.989995 
0.473333 0.0554676 0.88107 
0.754411 0.65665 0.00243427 
0.9103 0.331623 0.24775 
0.211675 0.58379 0.783826 
0.91576 0.00552942 0.401729 
0.137352 0.817582 0.55919 
0.142896 0.369355 0.918417 
0.267401 0.55662 0.786556 
0.905176 0 0.425037 
0.771075 0.636038 0.0299959 
0.0142618 1.00002 0 
0.81988 0.414062 0.395409 
0.488395 0.858153 0.158449 
0.144745 0.861041 0.487502 
0.703003 0.71143 0 
0.0047914 0.074719 0.997193 
0.985646 0 0.172003 
0.0227986 0.0962045 0.995212 
