4.8839e-09 0 1.00027 
3.63059e-29 5.9292e-13 1 
6.12325e-17 1 0 
1.00597 2.42894e-311 0 
0.409344 0.261857 0.874016 
0.809687 0.48245 0.334138 
0.695079 0.319431 0.644107 
0.942977 0.276215 0.18579 
0.512438 0.407667 0.755788 
0.683817 0.37685 0.624804 
0.383282 0.910525 0.155047 
0.88617 0.235541 0.399029 
0.245003 0.872972 0.421775 
0.0612747 0.553178 0.830807 
0.923873 0.146891 0.353402 
0.607576 0.290284 0.739315 
0.0137309 0.993414 0.113797 
0.0349478 0.59998 0.799251 
0.4737 0.822001 0.316189 
0.494017 0.853906 0.165427 
0.957685 0.0964421 0.271179 
0.770814 0.52376 0.362658 
0.855856 0.0179408 0.516903 
0.256285 0.577801 0.775046 
0.539762 0.346618 0.767146 
0.156802 0.302443 0.940182 
0.967399 0.0457027 0.249098 
0.74802 0.445706 0.491744 
0.846676 0.225043 0.482178 
0.524187 0.726355 0.444563 
0.102695 0.538056 0.83663 
0.670269 0.109237 0.734034 
0.356769 0.883523 0.303483 
0.338237 0.652402 0.678209 
0.0947377 0.0313081 0.995565 
0.710289 0.486995 0.508258 
0.292994 0 0.956114 
0.612463 0.393304 0.685712 
0.477548 0.175405 0.860919 
0.763617 0.121411 0.634152 
0.796588 0.193612 0.572679 
0.119851 0.833676 0.539092 
0.653639 0.750646 0.0963868 
0.829377 0.201582 0.521056 
0.424371 0.781779 0.456871 
0.205264 0.335128 0.919541 
0.363025 0.906436 0.21584 
0.502607 0.640955 0.580141 
0.444052 0.895844 0.0167851 
0.228772 0.363226 0.903179 
0.221535 0.971672 0.0823186 
0.901627 0.426941 0.0692202 
0.664376 0.745037 0.0593725 
0.272429 0.92136 0.277269 
0.73646 0.633414 0.23949 
0.531925 0.760343 0.37274 
0.193738 0.137763 0.971333 
0.977663 0.155443 0.141473 
0.873527 0.212312 0.438035 
0.620723 0.774201 0.123754 
0.996463 0.0628441 0.055795 
0.0417477 0.97292 0.227343 
0.451894 0.71748 0.530108 
0.643824 0.250465 0.72302 
0.246308 0.702707 0.667485 
0.281217 0.937882 0.203586 
0.214457 0.725296 0.654182 
0.788898 0.614494 0.00615033 
0.327799 0.943696 0.0445674 
0.41969 0.451457 0.787431 
0.175973 0.502044 0.84675 
0.910468 0.167279 0.378259 
0.146683 0.0523874 0.987795 
0.618718 0.668608 0.412495 
0.0243721 0.454552 0.890387 
0.933953 0.248241 0.257115 
0.129104 0.688752 0.714346 
0.270466 0.374779 0.886786 
0.306692 0.951809 0 
0.351721 0.709571 0.610575 
0.555142 0.130807 0.82141 
0.572967 0.0910987 0.814501 
0.807574 0.585954 0.0670108 
0.0829386 0.400197 0.912668 
0.236246 0.798988 0.552999 
0.310775 0.770104 0.56228 
0.0744342 0.359162 0.930302 
0.637289 0.497291 0.588697 
0.1132 0.78741 0.605947 
0.0803299 0.512007 0.855358 
0.928826 0.312764 0.198649 
0.436257 0.566071 0.69946 
0.184892 0.847087 0.498256 
0.933438 0.218074 0.284845 
0.728477 0.499465 0.468889 
0.881255 0.436177 0.182042 
0.824367 0.56521 0.0309356 
0.987892 0.117833 0.100919 
0.717985 0.696004 0.00863765 
0.585195 0.810893 2.15815e-51 
0.138492 0.981306 0.133635 
0.59666 0.787681 0.155086 
0.982638 0.183605 0.0266954 
0.577004 0.662638 0.477471 
0.200589 0.678396 0.706783 
0.344746 0.853747 0.390213 
0.870473 0.460554 0.173684 
0.198829 0.0820094 0.976597 
0.562544 0.825737 0.0412668 
0.371851 0.0737497 0.925358 
0.168196 0.568841 0.805065 
0.281561 0.469866 0.83663 
0.549603 0.63117 0.547322 
0.318025 0.160631 0.934376 
0.46006 0.887378 0.0303838 
0.780575 0.623663 0.0417999 
0.132229 0.797139 0.589139 
0.163128 0.983418 0.0792338 
0.864767 0.0727413 0.498271 
0.0515193 0.0555721 0.997125 
