0.763711 0 0.646299 
3.51537e-26 5.74103e-10 1 
0.337443 0.941346 0 
1.35009e-11 1.0002 0 
1 0 0 
2.29638e-09 0 1 
0.544866 0.466469 0.696798 
0.681498 0.126929 0.720729 
0.615447 0.603588 0.50686 
0.578681 0.809301 0.100955 
0.963224 0.223994 0.148526 
0.947509 0.319726 0.00106953 
0.0725317 0.793515 0.604213 
0.782185 0.621993 0.0448603 
0.28108 0.909771 0.305467 
0.557731 0.639666 0.528927 
0.798747 0.207684 0.564686 
0.449558 0.893212 0.00838572 
0.0157776 0.754772 0.655798 
0.811124 0.0359091 0.583771 
0.903112 0.334144 0.269697 
0.732009 0.583835 0.351151 
0.0504482 0.29855 0.95306 
0.65338 0.739249 0.163135 
0.208343 0.705914 0.676963 
0.406526 0.674199 0.616598 
0.669309 0.714839 0.203185 
0.903223 0.408812 0.13062 
0.143388 0.86688 0.477451 
0.220388 0.917356 0.33155 
0.250391 0.875359 0.413584 
0.721853 0.167864 0.671382 
0.245739 0.395132 0.885146 
0.445814 0.381669 0.809678 
0.607273 0.696486 0.382265 
0.474972 0.729991 0.491441 
0.891671 0 0.452683 
0.507845 0.842231 0.180986 
0.745336 0.536018 0.396432 
0.262407 0.855956 0.445512 
0.956545 0.0698781 0.283089 
0.148505 0.988742 0.0182985 
0.495749 0.0960701 0.863136 
0.0395388 0.948292 0.314927 
0.174025 0.345765 0.922042 
0.82206 0.0135623 0.569239 
0.703372 0.431737 0.564686 
0.734306 0.52819 0.429625 
0.163424 0.83527 0.524992 
0.0065796 0.420689 0.907181 
0.489921 0.23154 0.840456 
0.368696 0.183709 0.911221 
0.460329 0.682118 0.568165 
0.585161 0.594427 0.551582 
0.266384 0.963364 0.031126 
0.113923 0.666572 0.736684 
0.596713 0.74722 0.292572 
0.847613 0.525416 0.0740924 
0.691802 0.477169 0.541959 
0.92435 0.17216 0.340497 
0.430413 0.489734 0.758225 
0.486433 0.0215348 0.873452 
0.928716 0.041115 0.368507 
0.878892 0.27127 0.392379 
0.02905 0.627653 0.777951 
0.0448418 0.968852 0.243547 
0.393477 0.451281 0.80095 
0.759071 0.649853 0.0387574 
0.439582 0.350601 0.826956 
0.132914 0.139727 0.981229 
0.0568312 0.926215 0.372687 
0.122229 0.260104 0.957813 
0.389586 0.282643 0.876548 
0.278544 0.553428 0.78494 
0.231718 0.953791 0.191283 
0.103634 0.199843 0.974332 
0.867172 0.0806065 0.491441 
0.774251 0 0.632879 
0.862405 0.499421 0.082688 
0.657369 0.440929 0.611103 
0.24905 0.366335 0.896534 
0.167339 0.979111 0.115497 
0.182377 0.824189 0.536146 
0.417849 0.14707 0.896534 
0.4344 0.863093 0.257618 
0.321319 0.0637427 0.944823 
0.105353 0.245313 0.963702 
0.972922 0.0522768 0.225143 
0.383783 0.709106 0.591506 
0.350712 0.594734 0.729036 
0.527338 0 0.849655 
0.992614 0.105725 0.0594966 
3.86548e-12 0.572739 0.819738 
0.196606 0.817084 0.541959 
0.598652 0.773574 0.207843 
0.834814 0.550532 2.85785e-160 
0.0935631 0.0861847 0.992202 
0.374101 0.523191 0.765715 
0.357168 0.00674559 0.934016 
0.643201 0.731849 0.225143 
0.238235 0.250448 0.93836 
0.189508 0.974175 0.122761 
0.64019 0.765128 0.091532 
0.330522 0.462244 0.822852 
0.913317 0 0.40725 
3.54842e-11 0.65721 0.753707 
0.0649899 0.162682 0.984536 
0.15405 0.151692 0.976357 
0.316825 0.920355 0.229276 
0.311288 0.516253 0.79787 
0.982247 0.000920211 0.187592 
0.363465 0.846326 0.389391 
0.115221 0.113001 0.986892 
0.636528 0.768883 0.0604195 
0.516248 0.000148774 0.856439 
0.29934 0.869561 0.392759 
0.0861273 0.106492 0.990576 
0.626529 0.779398 0 
0.628987 0.0417725 0.776293 
0.302375 0.533837 0.789676 
