0.958727 0 0.284327 
6.35503e-06 0 1 
1.43981e-06 1 0 
0.64797 0.761666 0 
1.14375e-12 1.58876e-06 1 
1.00117 0 0 
0.108972 0.303074 0.946716 
0.218363 0.160706 0.962544 
0.809349 0.324256 0.489706 
0.912583 0.222464 0.343078 
0.667012 0.720189 0.190845 
0.862673 0.398934 0.31088 
0.94305 0.185785 0.275935 
0.591578 0.694171 0.410076 
0.759259 0.616734 0.207762 
0.487933 0.748033 0.449854 
0.329362 0.868307 0.370931 
0.889781 0.433038 0.144109 
0.967088 0.0441028 0.250591 
0.927811 0.371717 0.0315339 
0.447477 0.234535 0.862994 
0.0821229 0.961596 0.261893 
0.749481 0.174421 0.638636 
0.0335817 0.830666 0.555757 
0.264919 0.736796 0.622053 
0.507002 0.246747 0.825872 
0.852412 0.499591 0.154288 
0.600256 0.0708266 0.796666 
0.177073 0.0518062 0.982833 
0.304096 0.147997 0.941075 
0.414545 0.20175 0.887384 
0.877498 0.0834212 0.47227 
0.986029 0.0180637 0.165591 
0.09451 0.579027 0.809812 
0.83317 0.385291 0.39671 
0.192239 0.384558 0.902862 
0.187134 0.349211 0.918168 
0.202313 0.130944 0.970527 
0.580223 0.813194 0.0453471 
0.83875 0.408815 0.359679 
0.462647 0.855155 0.233813 
0.64206 0.0292803 0.766095 
0.403996 0.455379 0.793358 
0.983018 4.83073e-06 0.183509 
0.527598 0.51737 0.673772 
0.725606 0.534014 0.433964 
0.899533 0.430519 0.0741206 
0.556639 0.628128 0.543699 
0.843268 0.337846 0.418042 
0.0419436 0.524613 0.850307 
0.0172364 0.992305 0.122609 
0.672623 0.659583 0.335453 
0.0605355 0.112274 0.991832 
0.426694 0.674049 0.602985 
0.316603 0.838396 0.443683 
0.71103 0.09686 0.696459 
0.693118 0.228275 0.683724 
0.29168 0.544306 0.786545 
0.625135 0.0123779 0.780419 
0.513971 0.726242 0.456515 
0.252922 0.283977 0.924872 
0.567233 0.640083 0.518209 
0.3659 0.0166864 0.930505 
0.400148 0.91447 0.0602145 
0.245572 0.923759 0.293876 
0.44313 0.886445 0.13361 
0.122425 0.988115 0.0930564 
0.519748 0.847131 0.110596 
0.278887 0.470868 0.836962 
0.728215 0.490243 0.47892 
0.686141 0.0887085 0.722124 
0.0690515 0.557329 0.827424 
0.080731 0.651596 0.754283 
0.589662 0.309058 0.746178 
0.718388 0.332211 0.611191 
0.47007 0.882181 0.0281078 
0.164392 0.757125 0.632248 
0.501562 0.644783 0.576793 
0.0453248 0.121196 0.991593 
0.160561 0.983693 0.0810455 
0.224373 0.974473 0.00772274 
0.146537 0.907365 0.393973 
0.546266 0.782377 0.29913 
0.784483 0.182566 0.592668 
0.392044 0.898668 0.196717 
0.581013 0.0610053 0.811605 
0.382876 0.28178 0.879776 
0.150802 0.933772 0.324543 
0.55381 0.797164 0.240466 
0.933972 0.282985 0.218213 
0.744501 0.547921 0.381447 
0.0274329 0.863509 0.503587 
0.631024 0.768786 0.103816 
0.428123 0.564509 0.70572 
0.614969 0.603047 0.508083 
0.738725 0.359522 0.570113 
0.805172 0.592572 0.0235692 
0.798553 0.47147 0.374205 
0.347521 0.636108 0.688909 
0.00506143 0.859828 0.527479 
0.127883 0.465468 0.875777 
0.134833 0.805686 0.576793 
0.544554 0.418709 0.726735 
0.870004 0.099105 0.482982 
0.14921 0.686052 0.712088 
0.530845 0.421508 0.735211 
0.963272 0.268081 0.0155028 
0.432283 0.210383 0.876853 
0.271858 0.58267 0.765891 
0.735409 0.133622 0.664318 
0.7772 0.275321 0.565825 
0.613936 0.789246 0.0132039 
0.00792761 0.943824 0.330353 
0.350285 0.936643 3.51345e-163 
0.775005 0.629849 0.0515463 
0.792637 0.60946 0.0168545 
0.229221 0.770192 0.595199 
0.749163 0.015517 0.662204 
0.309012 0.950643 0.0281078 
0.416876 0.896378 0.150732 
