0.697759 0.168617 
0.448146 0.331362 
0.734872 0.145138 
0.307425 0.44645 
0.0559529 0.764357 
0.0504258 0.778203 
0.0874063 0.706172 
0.289614 0.464387 
0.298292 0.455849 
0.893738 0.0556244 
0.129291 0.641682 
0.400706 0.368706 
0.747243 0.13771 
0.389119 0.377395 
0.268707 0.48187 
0.316926 0.437553 
0.411641 0.359237 
0.278914 0.473424 
0.596102 0.228541 
0.0437985 0.790884 
0.792569 0.109921 
0.482535 0.305621 
0.608743 0.221902 
0.855225 0.0773915 
0.528907 0.275011 
0.137162 0.629781 
0.326629 0.430798 
0.228748 0.523411 
0.0622567 0.751603 
0.0742837 0.729389 
0.248175 0.502038 
0.516566 0.282506 
0.70945 0.16012 
0.988947 0.00597249 
0.815584 0.0972882 
0.0953597 0.694248 
0.368895 0.394229 
0.842763 0.0834246 
0.907029 0.048576 
0.358125 0.403217 
0.257819 0.492697 
0.672274 0.181122 
0.436724 0.339556 
0.348335 0.411738 
0.458976 0.323313 
0.782958 0.118162 
0.659538 0.189279 
0.208155 0.54482 
0.378234 0.386325 
0.551617 0.259109 
0.61956 0.214167 
0.238358 0.513153 
0.757388 0.131061 
0.977233 0.0116988 
0.867796 0.0692347 
0.952189 0.0251527 
0.829008 0.0911736 
0.155969 0.605696 
0.10199 0.681258 
0.540561 0.266138 
0.684589 0.174473 
0.218287 0.534139 
0.576101 0.244062 
0.00226733 0.953492 
0.16543 0.593443 
0.0795754 0.718375 
0.769395 0.123567 
0.00707829 0.91606 
0.18688 0.567952 
0.176118 0.580763 
0.879238 0.062628 
0.337504 0.421043 
0.723474 0.152684 
0.631872 0.205871 
0.804525 0.103875 
0.965219 0.0182185 
1 3.63718e-05 
0.0202046 0.858574 
0.0148958 0.878222 
0.0254245 0.840928 
0.921725 0.0410311 
0.0108609 0.895898 
0.0371527 0.807478 
0.936793 0.032389 
0.0311248 0.823813 
0.0668969 0.741534 
0.120438 0.654067 
0.424073 0.348856 
0.110518 0.667891 
0.198223 0.55492 
0.00441316 0.934776 
0.644778 0.197685 
0 1.00068 
0.146992 0.617863 
0.191472 0.56589 
0.493734 0.299142 
0.585632 0.236674 
0.472094 0.315947 
0.563887 0.251508 
0.506797 0.29103 
