0.979527 0.0146754 
0.792969 0.113049 
0.721593 0.155787 
0.229051 0.526873 
0.429331 0.349422 
0.017489 0.872193 
0.0542693 0.773718 
0.990385 0.00710317 
0.209356 0.544762 
0.0878262 0.709256 
0.218707 0.536516 
0.544465 0.269684 
0.280851 0.480836 
0.858043 0.0788084 
0.535555 0.277874 
0.420028 0.357602 
0.339917 0.422449 
0.350697 0.413318 
0.0285075 0.842828 
0.287645 0.469221 
0.841511 0.0864955 
0.0383195 0.809298 
0.176483 0.583526 
0.0609908 0.756229 
0.156719 0.609476 
0.267856 0.486947 
0.192433 0.565315 
0.391426 0.386799 
0.410733 0.364511 
0.444834 0.344232 
0.968656 0.0212608 
1 0.000737881 
0.00789626 0.917388 
0.778698 0.122219 
0.137823 0.631794 
0.00352027 0.945567 
0.456337 0.332147 
0.0440718 0.79424 
0.0105829 0.902637 
0.00584079 0.929936 
0.186529 0.575772 
0.112976 0.670829 
0.467823 0.32718 
0.476442 0.318305 
0.201619 0.560036 
0.766947 0.129164 
0.891479 0.0580896 
0.641536 0.20322 
0.74749 0.140795 
0.693939 0.168302 
0.591603 0.235171 
0.922069 0.0433465 
0.365538 0.403771 
0.146832 0.620032 
0.103993 0.684531 
0.128712 0.643331 
0.238056 0.519275 
0.399704 0.375198 
0.880206 0.0660359 
0.755867 0.133254 
0.68254 0.178298 
0.735897 0.147966 
0.37312 0.390826 
0.607265 0.223782 
0.624577 0.212441 
0.940452 0.035219 
0.826969 0.0942691 
0.570578 0.249608 
0.0135256 0.887849 
0.0645466 0.751284 
0.0319923 0.825318 
0.120885 0.658165 
0.581018 0.241424 
0.56034 0.254696 
0.552409 0.262701 
0.708509 0.160019 
0.95489 0.0249487 
0.00117621 0.968816 
0.300505 0.456831 
0.802571 0.105911 
0.314962 0.447307 
0.655643 0.19287 
0.51918 0.285253 
0.0752795 0.7325 
0.327193 0.430427 
0.906276 0.0496336 
0.168585 0.596907 
0.258967 0.498773 
0.047775 0.784026 
0.0948541 0.697999 
0 1.00273 
0.0829425 0.715498 
0.0228755 0.857734 
0.243277 0.511619 
0.00213635 0.963737 
0.488697 0.306057 
0.503882 0.295374 
0.603983 0.227813 
0.868217 0.0709399 
0.671301 0.182886 
