0.577061 0.245399 
0.554794 0.260738 
0.890153 0.05902 
0.31054 0.450101 
0.297519 0.4572 
0.761194 0.128787 
0.877026 0.065665 
0.527909 0.275292 
0.330511 0.428066 
0.448802 0.330821 
0.598126 0.22769 
0.429473 0.346507 
0.787099 0.117877 
0.986966 0.0071957 
0.0373366 0.808908 
0.108278 0.673807 
0.853725 0.0798442 
0.928183 0.0380811 
0.0321273 0.821792 
0.220491 0.531855 
0.362863 0.400001 
0.463469 0.324297 
0.609075 0.221898 
0.64666 0.196977 
0.134023 0.634756 
0.230483 0.523721 
0.541349 0.269067 
0.353029 0.40937 
0.340632 0.419527 
0.0277248 0.835725 
0.622201 0.213902 
0.249471 0.502231 
0.116722 0.660676 
0.213321 0.541304 
0.240556 0.512591 
0.773786 0.122792 
0.86454 0.0719305 
0.90286 0.0502759 
0.698175 0.165663 
0.0424518 0.795339 
0.685422 0.173416 
0.0547053 0.76785 
0.319161 0.439451 
0.483377 0.306369 
0.563472 0.253703 
0.797299 0.108996 
0.162102 0.599783 
0.170125 0.588673 
0.0486005 0.78178 
0.472922 0.314931 
0.420754 0.357162 
0.748845 0.136099 
0.661114 0.190488 
0.811397 0.100586 
0.0770829 0.72578 
0.286698 0.468262 
0.710124 0.160237 
0.439614 0.339488 
0.10147 0.684318 
0.124997 0.647898 
0.58839 0.235927 
0.00603082 0.924405 
0.39739 0.370566 
0.143281 0.623598 
0.278422 0.478442 
0.20265 0.551307 
0.515381 0.284112 
0.387021 0.379342 
0.26042 0.49404 
0.97307 0.014583 
0.0922962 0.697197 
0.191501 0.563096 
0.0176137 0.86956 
0.722527 0.151327 
0.268509 0.487589 
0.494116 0.298287 
0.504633 0.291099 
0.40942 0.36411 
0.736979 0.144635 
0.943613 0.0296179 
0.0614588 0.754039 
0.959073 0.0217585 
0.374349 0.390933 
0.152293 0.612514 
0.63516 0.205116 
1 0.000280867 
0.0126252 0.888738 
0.91521 0.0441559 
0.181964 0.575089 
0.00335859 0.94538 
0.8249 0.0934536 
0.00141023 0.965573 
0.0235492 0.850524 
0.0692252 0.740067 
0.082045 0.716959 
0.00919731 0.907508 
0 1.00212 
0.18034 0.582891 
0.838921 0.0882511 
0.672353 0.181115 
