0.403254 0.367381 
0.434559 0.34302 
0.661736 0.18673 
0.424078 0.350672 
0.69931 0.164278 
0.480144 0.309338 
0.929679 0.0368448 
0.752392 0.133523 
0.342273 0.416422 
0.220141 0.531964 
0.503534 0.29168 
0.976915 0.0116761 
0.143547 0.622215 
0.600459 0.227485 
0.0238749 0.846207 
0.98837 0.00586808 
0.13527 0.633575 
0.040307 0.800104 
0.0823473 0.714322 
0.0902541 0.700811 
0.285362 0.467172 
0.274723 0.477537 
0.818511 0.0960715 
0.491443 0.299364 
0.0347218 0.816021 
0.889409 0.0576189 
0.38115 0.383718 
0.516226 0.282914 
0.777604 0.119367 
0.902338 0.0505356 
0.46766 0.317682 
0.371112 0.39206 
0.675336 0.179312 
0.916285 0.0437779 
0.611393 0.21833 
0.444722 0.335059 
0.539068 0.26733 
0.45498 0.326736 
0.125985 0.64567 
0.105683 0.675807 
0.210188 0.542644 
0.940341 0.0304611 
0.392641 0.375489 
0.68671 0.171544 
0.189443 0.565824 
0.0747531 0.72781 
0.831747 0.0889004 
0.180188 0.575996 
0.739389 0.140484 
0.711209 0.157589 
0.330949 0.425085 
0.0600288 0.755659 
0.118894 0.656387 
0.55086 0.259814 
0.0291234 0.830155 
0.637664 0.201517 
0.625016 0.209965 
0.573995 0.246333 
0.349692 0.409037 
0.561608 0.251028 
1 2.94657e-05 
0.0161507 0.874055 
0.586307 0.234713 
0.00284496 0.947893 
0.0201724 0.858979 
0.0672892 0.741862 
0.171662 0.586946 
0.262988 0.488022 
0.96551 0.0181435 
0.000536968 0.977224 
0.00795203 0.912052 
0.153352 0.609968 
0.307413 0.445914 
0.875063 0.0650529 
0.320269 0.434992 
0.765012 0.126372 
0.230666 0.52018 
0.163512 0.597418 
0.00576409 0.925934 
0.650721 0.195231 
0.00139748 0.963857 
0.011881 0.89169 
0.726453 0.148482 
0.860527 0.0726683 
0.845521 0.0812196 
0.0531668 0.769963 
0.240919 0.509225 
0.199694 0.554239 
0.791119 0.111129 
0.297022 0.455922 
0.25255 0.498071 
0.0471141 0.784563 
0.114126 0.664071 
0.36012 0.400855 
0.0981559 0.688171 
0 1.00085 
0.411209 0.359402 
0.528344 0.274591 
0.805104 0.103417 
0.952169 0.0243285 
