0.319028 0.440388 
0.641115 0.202234 
0.373938 0.392414 
0.309705 0.44801 
0.440792 0.338956 
0.29862 0.457124 
0.289174 0.467417 
0.511336 0.288222 
0.522765 0.279162 
0.430548 0.348683 
0.664107 0.188323 
0.27948 0.477007 
0.158019 0.607231 
0.53507 0.273866 
0.491764 0.302236 
0.150333 0.618259 
0.0911099 0.703029 
0.542987 0.266942 
0.242501 0.509215 
0.103571 0.680135 
0.0770894 0.72551 
0.122723 0.652243 
0.139345 0.629657 
0.197505 0.563266 
0.826612 0.0925858 
0.628698 0.207856 
0.0844497 0.714768 
0.204323 0.552022 
0.767873 0.124535 
0.677568 0.178701 
0.791222 0.111394 
0.712879 0.157946 
0.689214 0.171451 
0.0651425 0.750546 
0.854277 0.0769931 
0.325064 0.431742 
0.841077 0.0841532 
0.13069 0.641413 
0.467456 0.320512 
0.65175 0.195214 
0.700854 0.16645 
0.929063 0.0370391 
0.726375 0.149267 
0.916344 0.0436424 
0.0710716 0.736975 
0.98696 0.00747294 
0.0256457 0.848254 
0.805547 0.107294 
0.782535 0.117341 
0.81553 0.100565 
0.0514577 0.7779 
0.0966558 0.691251 
0.407586 0.369211 
0.0020803 0.956362 
1 0.000302869 
0.421428 0.35419 
0.211044 0.541482 
0.362708 0.401786 
0.501034 0.294475 
0.907011 0.0495997 
0.940876 0.0315753 
0.892187 0.0559361 
0.0136304 0.888788 
0.0182316 0.869636 
0.254257 0.497773 
0.956547 0.0242023 
0.5694 0.24738 
0.17678 0.581698 
0.75367 0.132364 
0.601489 0.225761 
0.00954379 0.904024 
0.0575738 0.764087 
0.111082 0.672064 
0.116175 0.663379 
0.0465545 0.793476 
0.382052 0.382474 
0.47744 0.311196 
0.585027 0.237836 
0.185497 0.570026 
0.0389537 0.803937 
0.00638875 0.920788 
0.0321482 0.823249 
0.264738 0.487343 
0.349677 0.409498 
0.97132 0.0147541 
0.335362 0.422588 
0.222709 0.529855 
0.616048 0.218227 
0.556209 0.25563 
0.453029 0.329048 
0.165342 0.596283 
0 1.00411 
0.0007075 0.98295 
0.0284613 0.836755 
0.23192 0.521672 
0.739388 0.14111 
0.393456 0.375326 
0.597141 0.230655 
0.867802 0.0713492 
0.879613 0.0633595 
