0.100738 0.684254 
0.0651336 0.747553 
0.380917 0.383896 
0.0931915 0.696529 
0.415991 0.356994 
0.91801 0.0432419 
0.34879 0.41235 
0.517679 0.28196 
0.495341 0.298676 
0.0720689 0.733848 
0.541184 0.265737 
0.931747 0.0361541 
0.437648 0.340948 
0.865677 0.0706437 
0.506388 0.291065 
0.890761 0.0564996 
0.679564 0.175711 
0.751351 0.134693 
0.189792 0.568463 
0.404919 0.36545 
0.337276 0.420781 
0.692261 0.169165 
0.552026 0.25865 
0.803725 0.104672 
0.359316 0.402081 
0.108211 0.673534 
0.853231 0.0774335 
0.44915 0.332282 
0.483617 0.30568 
0.716276 0.155595 
0.370546 0.392515 
0.841488 0.0844735 
0.254201 0.497146 
0.473477 0.313968 
0.274512 0.477481 
0.295194 0.459506 
0.326625 0.430533 
0.5644 0.250577 
0.726224 0.14831 
0.815292 0.0972849 
0.943881 0.0297428 
0.737532 0.14165 
0.141969 0.624287 
0.0219163 0.853268 
0.0171964 0.869514 
0.263487 0.487358 
0.215065 0.540183 
0.529197 0.274013 
0.133269 0.635463 
0.086009 0.708512 
0.285804 0.468367 
0.904694 0.0503609 
0.791656 0.111248 
0.306323 0.448165 
0.223946 0.528142 
0.180285 0.576245 
0.601002 0.226497 
0.0788925 0.720774 
0.666299 0.184076 
0.124383 0.648263 
0.971179 0.0147336 
0.0519061 0.772944 
0.117129 0.659979 
0.878239 0.0633678 
0.160943 0.599244 
0.151562 0.612426 
0.651983 0.192761 
0.638852 0.200961 
0.243682 0.506922 
0.233983 0.517086 
0.0585211 0.75975 
0.198374 0.55654 
0.206126 0.549015 
0.704451 0.161902 
0.00188404 0.958111 
0.00458553 0.933199 
0.00904028 0.905776 
0.0459317 0.787743 
0.612437 0.217909 
0.461098 0.322549 
0.00770118 0.913469 
0.392819 0.374554 
0.957444 0.0216715 
0.0382258 0.805868 
0.0270607 0.8372 
0.316099 0.440139 
0.425678 0.348034 
0.574871 0.243684 
1 0.000105535 
0.0131297 0.886295 
0.587869 0.234307 
0.985049 0.00762925 
0.764242 0.126609 
0.778374 0.118425 
0.62636 0.209073 
0.0323354 0.821496 
0.000221996 0.987335 
0.171764 0.587033 
0 1.00572 
0.828141 0.091056 
