0.56616 0.248626 
0.261654 0.489847 
0.795022 0.109926 
0.0329989 0.822048 
0.393174 0.376103 
0.0743923 0.731341 
0.0961537 0.692224 
0.817647 0.0983799 
0.22109 0.531675 
0.131001 0.639737 
0.175751 0.583 
0.939706 0.0327773 
0.855585 0.0758594 
0.404189 0.366251 
0.950305 0.0262716 
0.0272012 0.836692 
0.0149641 0.879498 
0.903839 0.0508544 
0.975757 0.0140418 
0.201786 0.553225 
0.113627 0.665799 
0.61304 0.219615 
0.599603 0.22651 
0.1843 0.572523 
0.468488 0.317097 
0.915392 0.0445455 
0.62619 0.211092 
0.880176 0.063751 
0.927838 0.0391152 
0.527959 0.274701 
0.869241 0.0702867 
0.272805 0.480777 
0.515625 0.283764 
0.830136 0.0902269 
0.0107679 0.897112 
0.481098 0.307698 
0.8928 0.0573644 
0.588149 0.234221 
0.250186 0.501502 
0.192572 0.563019 
0.721437 0.151227 
0.665972 0.184929 
0.781541 0.116801 
0.00763179 0.913172 
0.652667 0.193107 
0.0681247 0.741614 
0.147027 0.61829 
0.7341 0.144786 
0.80621 0.103578 
0.769038 0.124066 
0.427828 0.347398 
0.577144 0.241626 
0.0495302 0.780754 
0.212596 0.542434 
0.167179 0.594589 
0.13893 0.628763 
0.232573 0.523812 
0.0819088 0.717043 
0.693752 0.168308 
0.00295572 0.94822 
0.00533413 0.929768 
0.0189456 0.865188 
0.120358 0.653699 
0.240256 0.510801 
0.0884793 0.703993 
0.539878 0.266369 
0.963152 0.0198636 
0.318468 0.437148 
0.552953 0.257877 
0.104402 0.678363 
0.0440549 0.793285 
0.0626848 0.753944 
0.504643 0.292877 
0.055061 0.766404 
0.33066 0.426061 
0.343344 0.415257 
0.3806 0.385507 
0.679615 0.176127 
0.0382463 0.807752 
0.415742 0.356773 
0.0226547 0.852309 
0.493888 0.299396 
0.839941 0.0838926 
0.757349 0.130588 
0.986939 0.00763715 
1 0.000308102 
0 1.0003 
0.00115596 0.967078 
0.708661 0.159467 
0.455131 0.325722 
0.3679 0.395186 
0.638999 0.201483 
0.355288 0.404767 
0.294884 0.4577 
0.305809 0.448231 
0.156864 0.606818 
0.440929 0.337177 
0.283719 0.468964 
0.45308 0.329031 
0.746331 0.138001 
