0.531988 0.280572 
0.735176 0.145463 
0.565156 0.254749 
0.179062 0.578512 
0.279951 0.477218 
0.187541 0.56937 
0.311986 0.450638 
0.539955 0.269517 
0.867043 0.0711067 
0.437952 0.342316 
0.405623 0.367687 
0.0418034 0.800355 
0.955669 0.0236748 
0.486694 0.308004 
0.0218022 0.854595 
0.447701 0.333752 
0.929867 0.0366143 
0.0264387 0.83968 
0.57751 0.246731 
0.590562 0.235696 
0.120459 0.655741 
0.14541 0.623342 
0.601037 0.227732 
0.28963 0.463863 
0.831208 0.0891909 
0.267455 0.483663 
0.301997 0.457762 
0.722895 0.152321 
0.0311023 0.825539 
0.966931 0.0169689 
0.685625 0.175412 
0.941424 0.0304598 
0.842862 0.0832773 
0.414461 0.359115 
0.232347 0.522161 
0.696364 0.166769 
0.113366 0.668237 
0.24148 0.514447 
1 0.00013322 
0.610713 0.219269 
0.662986 0.188833 
0.0770731 0.724491 
0.22141 0.532847 
0.516809 0.286317 
0.710795 0.160344 
0.749224 0.139101 
0.633431 0.206209 
0.891069 0.0571762 
0.170958 0.590906 
0.21448 0.543834 
0.495335 0.300412 
0.55275 0.262618 
0.906474 0.0518054 
0.85566 0.0777177 
0.673809 0.181304 
0.980379 0.0111245 
0.160821 0.603132 
0.0175615 0.870862 
0.422424 0.352173 
0.801302 0.106818 
0.0700514 0.7393 
0.136145 0.632309 
0.349119 0.413364 
0.47127 0.314862 
0.505234 0.289933 
0.151866 0.613526 
0.383625 0.385417 
0.624187 0.214557 
0.880086 0.0644214 
0.00281829 0.94886 
0.0604133 0.755969 
0.816277 0.0980558 
0.458028 0.32346 
0.00875216 0.907017 
0.00101629 0.970213 
0.012774 0.888207 
0.251502 0.501583 
0.036775 0.81163 
0.394276 0.3752 
0.917424 0.0433311 
0.755975 0.132015 
0.992268 0.00757235 
0.200317 0.555355 
0.322244 0.434493 
0.0854904 0.709272 
0.335024 0.422895 
0.00554058 0.927348 
0.647933 0.195955 
0.786529 0.115191 
0.365423 0.395882 
0.362679 0.401986 
0.0545666 0.770956 
0.095516 0.694103 
0.046231 0.789457 
8.90647e-05 0.997115 
0.103952 0.681492 
0.125621 0.646246 
0 1.01301 
0.25858 0.493572 
0.770448 0.123655 
