0.781111 0.263957 
0.794162 0.256474 
0.125769 0.85773 
0.873059 0.208549 
0.861201 0.214257 
0.132155 0.846103 
0.807133 0.247397 
0.952144 0.160765 
0.884932 0.199928 
0.769914 0.27095 
0.84803 0.22323 
0.819176 0.24073 
0.938643 0.167201 
0.243937 0.702481 
0.925199 0.17661 
0.835404 0.233073 
0.139231 0.839588 
0.848881 0.2231 
0.905735 0.189557 
0.785444 0.261061 
0.879478 0.203677 
0.914476 0.181164 
0.969954 0.0199554 
0.485391 0.30608 
0.485391 0.306375 
0.492987 0.300155 
0.485391 0.306499 
0.474644 0.319073 
0.00769452 0.925125 
0.303881 0.454293 
0.136513 0.845065 
0.161122 0.712325 
0.805574 0.248449 
0.92064 0.178787 
0.896352 0.192376 
0.926062 0.176364 
0.809883 0.245791 
0.981023 0.011236 
0.981023 0.0115481 
0.492987 0.301283 
0.82569 0.234483 
0.802528 0.250291 
0.856037 0.21798 
0.90953 0.185145 
0.891258 0.197432 
0.00107263 0.991767 
0 1.00606 
0.332392 0.428627 
0.252574 0.502679 
0.31745 0.441888 
0.492987 0.301307 
0.492987 0.303281 
0.00230797 0.962072 
0.461184 0.328965 
0.305805 0.452267 
0.140313 0.724982 
0.933916 0.171153 
0 1.01023 
0.995809 0.00568091 
0.995809 0.00580004 
0.995809 0.00580004 
0.995809 0.00580004 
0.995809 0.00580004 
0.992333 0.00754939 
0.995809 0.00580004 
0.995809 0.00586464 
0.961089 0.02327 
0.988823 0.00891835 
0.517574 0.288684 
0.53202 0.279074 
0.987652 0.010236 
0.461184 0.331999 
0.017574 0.884294 
0.0185306 0.870318 
0.243937 0.71209 
0 1.01247 
0.245664 0.645119 
0 1.11181 
0 3.57696 
0 8.01205 
0 8.49221 
0.935334 0.170224 
0 12.5705 
0 19.5927 
