0.127599 0.645624 
0.36051 0.401229 
0.29739 0.456235 
0.757639 0.133238 
0.349706 0.409228 
0.809496 0.102158 
0.906606 0.0484681 
0.15235 0.612776 
0.328148 0.429618 
0.734016 0.145684 
0.53937 0.266978 
0.476055 0.311235 
0.634496 0.204552 
0.708336 0.160288 
0.465162 0.3199 
0.835548 0.0870776 
0.859935 0.0741586 
0.440583 0.336633 
0.286926 0.464969 
0.0863414 0.707832 
0.239655 0.512167 
0.0500022 0.776732 
0.258472 0.493908 
0.39494 0.374828 
0.268007 0.483178 
0.744162 0.138458 
0.928171 0.0374646 
0.277659 0.473306 
0.695689 0.166526 
0.59906 0.226821 
1 5.81322e-05 
0.499264 0.29377 
0.487804 0.301854 
0.338598 0.419126 
0.383114 0.384968 
0.646145 0.198723 
0.955685 0.0226646 
0.220828 0.530866 
0.159728 0.603059 
0.577006 0.241382 
0.120279 0.656128 
0.551692 0.258326 
0.611825 0.21853 
0.0574695 0.763441 
0.720434 0.151462 
0.0704096 0.736376 
0.143579 0.622646 
0.307892 0.445933 
0.247436 0.503393 
0.134812 0.633071 
0.78328 0.115849 
0.451886 0.328374 
0.770161 0.124116 
0.66927 0.182774 
0.0375419 0.806718 
0.0439568 0.790985 
0.317574 0.439483 
0.370172 0.391975 
0.587388 0.234719 
0.658261 0.191839 
0.868782 0.0682267 
0.00111007 0.968615 
0.42805 0.346088 
0.513162 0.28404 
0.111104 0.667623 
0.969604 0.0155961 
0.0643773 0.749365 
0.168663 0.589862 
0.88131 0.0622135 
0 1.00042 
0.0208967 0.857517 
0.210255 0.542211 
0.230624 0.520277 
0.0263484 0.838992 
0.178063 0.581862 
0.821667 0.094328 
0.410508 0.36165 
0.564635 0.249294 
0.847803 0.0802377 
0.623766 0.212184 
0.000657554 0.975118 
0.00462443 0.934589 
0.199164 0.553878 
0.185076 0.570513 
0.916612 0.0429557 
0.00794202 0.911381 
0.0117703 0.891834 
0.983298 0.00887771 
0.102686 0.679867 
0.0785353 0.721939 
0.0938741 0.694953 
0.0319112 0.822162 
0.0159943 0.874108 
0.526455 0.275076 
0.4204 0.353553 
0.682462 0.174245 
0.797248 0.109222 
0.941867 0.0302132 
0.894423 0.0561077 
0.991918 0.00456777 
