0 4 
0 4 
4.09261 0.000529891 
2.57944 0.155186 
1.45646 0.629103 
0.608865 1.48767 
0.143553 2.62802 
0.411313 1.84596 
0.0771982 2.96582 
0.00548036 3.70936 
1.27093 0.76151 
2.60611 0.148731 
1.27093 0.76151 
3.18521 0.0463475 
3.67492 0.00688785 
4.09261 0.000529891 
0.0771982 2.96582 
0.143553 2.62802 
0.00548036 3.70936 
1.45646 0.629103 
0 4 
0.411313 1.84596 
0.515045 1.64438 
0.608865 1.48767 
3.29668 0.0339749 
3.50633 0.016251 
3.18521 0.0463475 
0.515045 1.64438 
0.411313 1.84596 
1.27093 0.76151 
1.27093 0.76151 
3.29668 0.0339749 
3.67164 0.00703034 
3.56793 0.0123437 
0.515045 1.64438 
3.51447 0.015702 
3.56793 0.0123437 
2.57944 0.155186 
2.60611 0.148731 
3.18521 0.0463475 
3.50633 0.016251 
3.51447 0.015702 
0.00548036 3.70936 
0 4 
3.56793 0.0123437 
3.67492 0.00688785 
3.67164 0.00703034 
0 4 
0 4 
0 4 
0 4 
0 4 
0 4 
0 4 
0 4 
0 4 
0 4 
0 4 
0 4 
0 4 
0 4 
0 4 
0 4 
0 4 
0 4 
0 4 
0 4 
0 4 
0 4 
0 4 
0 4 
0 4 
0 4 
0 4 
0 4 
0 4 
0 4 
0 4 
0 4 
0 4 
0 4 
0 4 
0 4 
0 4 
0 4 
0 4 
0 4 
0 4 
0 4 
0 4 
0 4 
0 4 
0 4 
0 4 
0 4 
0 4 
0 4 
0 4 
0 4 
0 4 
0 4 
0 4 
0 4 
0 4 
0 4 
0 4 
0 4 
0 4 
0 4 
0 4 
0 4 
0 4 
0 4 
0 4 
0 4 
0 4 
0 4 
0 4 
0 4 
0 4 
0 4 
0 4 
0 4 
0 4 
0 4 
0 4 
0 4 
0 4 
0 4 
0 4 
0 4 
0 4 
0 4 
0 4 
0 4 
0 4 
0 4 
0 4 
0 4 
0 4 
0 4 
0 4 
0 4 
0 4 
0 4 
0 4 
0 4 
0 4 
0 4 
0 4 
0 4 
0 4 
0 4 
0 4 
0 4 
0 4 
0 4 
0 4 
0 4 
0 4 
0 4 
0 4 
0 4 
0 4 
0 4 
0 4 
0 4 
0 4 
0 4 
0 4 
0 4 
0 4 
0 4 
0 4 
0 4 
0 4 
0 4 
0 4 
0 4 
0 4 
0 4 
0 4 
0 4 
0 4 
0 4 
0 4 
0 4 
0 4 
0 4 
0 4 
0 4 
0 4 
0 4 
0 4 
0 4 
0 4 
0 4 
0 4 
0 4 
0 4 
0 4 
0 4 
0 4 
0 4 
0 4 
0 4 
0 4 
0 4 
0 4 
0 4 
0 4 
0 4 
0 4 
0 4 
0 4 
0 4 
0 4 
0 4 
0 4 
0 4 
0 4 
0 4 
0 4 
0 4 
0 4 
0 4 
0 4 
0 4 
0 4 
0 4 
0 4 
0 4 
0 4 
0 4 
0 4 
0 4 
0 4 
0 4 
0 4 
0 4 
0 4 
0 4 
0 4 
0 4 
0 4 
0 4 
0 4 
0 4 
0 4 
0 4 
0 4 
0 4 
0 4 
0 4 
0 4 
0 4 
0 4 
0 4 
0 4 
0 4 
0 4 
0 4 
0 4 
0 4 
0 4 
0 4 
0 4 
0 4 
0 4 
0 4 
0 4 
0 4 
0 4 
0 4 
0 4 
0 4 
0 4 
0 4 
0 4 
0 4 
0 4 
0 4 
0 4 
0 4 
0 4 
0 4 
0 4 
0 4 
0 4 
0 4 
0 4 
0 4 
0 4 
0 4 
0 4 
0 4 
0 4 
0 4 
0 4 
0 4 
0 4 
0 4 
0 4 
0 4 
0 4 
0 4 
0 4 
0 4 
0 4 
0 4 
0 4 
0 4 
0 4 
0 4 
0 4 
0 4 
0 4 
0 4 
0 4 
0 4 
0 4 
0 4 
0 4 
0 4 
0 4 
0 4 
0 4 
0 4 
0 4 
0 4 
0 4 
0 4 
0 4 
0 4 
0 4 
0 4 
0 4 
0 4 
0 4 
0 4 
0 4 
0 4 
0 4 
0 4 
0 4 
0 4 
0 4 
0 4 
0 4 
0 4 
0 4 
0 4 
0 4 
0 4 
0 4 
0 4 
0 4 
0 4 
0 4 
0 4 
0 4 
0 4 
0 4 
0 4 
0 4 
0 4 
0 4 
0 4 
0 4 
0 4 
0 4 
0 4 
0 4 
0 4 
0 4 
0 4 
0 4 
0 4 
0 4 
0 4 
0 4 
0 4 
0 4 
0 4 
0 4 
0 4 
0 4 
0 4 
0 4 
0 4 
0 4 
0 4 
0 4 
0 4 
0 4 
0 4 
0 4 
0 4 
0 4 
0 4 
0 4 
0 4 
0 4 
0 4 
0 4 
0 4 
0 4 
0 4 
0 4 
0 4 
0 4 
0 4 
0 4 
0 4 
0 4 
0 4 
0 4 
0 4 
0 4 
0 4 
0 4 
0 4 
0 4 
0 4 
0 4 
0 4 
0 4 
0 4 
0 4 
0 4 
0 4 
0 4 
0 4 
0 4 
0 4 
0 4 
0 4 
0 4 
0 4 
0 4 
0 4 
0 4 
0 4 
0 4 
0 4 
0 4 
0 4 
0 4 
0 4 
0 4 
0 4 
0 4 
0 4 
0 4 
0 4 
0 4 
0 4 
0 4 
0 4 
0 4 
0 4 
0 4 
0 4 
0 4 
0 4 
0 4 
0 4 
0 4 
0 4 
0 4 
0 4 
0 4 
0 4 
0 4 
0 4 
0 4 
0 4 
0 4 
0 4 
0 4 
0 4 
0 4 
0 4 
0 4 
0 4 
0 4 
0 4 
0 4 
0 4 
0 4 
0 4 
0 4 
0 4 
0 4 
0 4 
0 4 
0 4 
0 4 
0 4 
0 4 
