4.0422 0.000110711 
0 4 
0 4 
2.05362 0.321437 
0.0412335 3.22899 
0.211212 2.3729 
0.547854 1.58717 
0.194176 2.43156 
0 4 
1.83028 0.418768 
1.38811 0.675388 
0.909814 1.09445 
0.844966 1.16808 
0.670654 1.39492 
1.83028 0.418768 
2.05362 0.321437 
4.0422 0.000110711 
0.547854 1.58717 
1.22168 0.800495 
1.22168 0.800495 
1.37373 0.685484 
1.22168 0.800495 
0.670654 1.39492 
0.194176 2.43156 
0.844966 1.16808 
0.909814 1.09445 
0.670654 1.39492 
0.211212 2.3729 
0.194176 2.43156 
0 4 
1.37373 0.685484 
1.38518 0.677436 
1.38518 0.677436 
1.38811 0.675388 
0 4 
0 4 
0 4 
0 4 
0 4 
0 4 
0 4 
0 4 
0 4 
0 4 
0 4 
0 4 
0 4 
0 4 
0 4 
0 4 
0 4 
0 4 
0 4 
0 4 
0 4 
0 4 
0 4 
0 4 
0 4 
0 4 
0 4 
0 4 
0 4 
0 4 
0 4 
0 4 
0 4 
0 4 
0 4 
0 4 
0 4 
0 4 
0 4 
0 4 
0 4 
0 4 
0 4 
0 4 
0 4 
0 4 
0 4 
0 4 
0 4 
0 4 
0 4 
0 4 
0 4 
0 4 
0 4 
0 4 
0 4 
0 4 
0 4 
0 4 
0 4 
0 4 
0 4 
0 4 
0 4 
0 4 
0 4 
0 4 
0 4 
0 4 
0 4 
0 4 
0 4 
0 4 
0 4 
0 4 
0 4 
0 4 
0 4 
0 4 
0 4 
0 4 
0 4 
0 4 
0 4 
0 4 
0 4 
0 4 
0 4 
0 4 
0 4 
0 4 
0 4 
0 4 
0 4 
0 4 
0 4 
0 4 
0 4 
0 4 
0 4 
0 4 
0 4 
0 4 
0 4 
0 4 
0 4 
0 4 
0 4 
0 4 
0 4 
0 4 
0 4 
0 4 
0 4 
0 4 
0 4 
0 4 
0 4 
0 4 
0 4 
0 4 
0 4 
0 4 
0 4 
0 4 
0 4 
0 4 
0 4 
0 4 
0 4 
2.05362 0.321437 
0 4 
0 4 
0 4 
0 4 
0 4 
0 4 
0 4 
0 4 
0 4 
0 4 
0 4 
0 4 
0 4 
0 4 
0 4 
0 4 
0 4 
0 4 
0 4 
0 4 
0 4 
0 4 
0 4 
0 4 
0 4 
0 4 
0 4 
0 4 
0 4 
0 4 
0 4 
0 4 
0 4 
0 4 
0 4 
0 4 
0 4 
0 4 
0 4 
0 4 
0 4 
0 4 
0 4 
0 4 
0 4 
0 4 
0 4 
0 4 
0 4 
0 4 
0 4 
0 4 
0 4 
0 4 
0 4 
0 4 
0 4 
0 4 
0 4 
0 4 
0 4 
0 4 
0 4 
0 4 
0 4 
0 4 
0 4 
0 4 
0 4 
0 4 
0 4 
0 4 
0 4 
0 4 
0 4 
0 4 
0 4 
0 4 
0 4 
0 4 
0 4 
0 4 
0 4 
0 4 
0 4 
0 4 
0 4 
0 4 
0 4 
0 4 
0 4 
0 4 
0 4 
0 4 
0 4 
0 4 
0 4 
0 4 
0 4 
0 4 
0 4 
0 4 
0 4 
0 4 
0 4 
0 4 
0 4 
0 4 
0 4 
0 4 
0 4 
0 4 
0 4 
0 4 
0 4 
0 4 
0 4 
0 4 
0 4 
0 4 
0 4 
0 4 
0 4 
0 4 
0 4 
0 4 
0 4 
0 4 
0 4 
0 4 
0 4 
0 4 
0 4 
0 4 
0 4 
0 4 
0 4 
0 4 
0 4 
0 4 
0 4 
0 4 
1.83028 0.418768 
0 4 
0 4 
0 4 
0 4 
0 4 
0 4 
0 4 
0 4 
0 4 
0 4 
0 4 
0 4 
0 4 
0 4 
0 4 
0 4 
0 4 
0 4 
0 4 
0 4 
0 4 
0 4 
0 4 
0 4 
0 4 
0 4 
0 4 
0 4 
0 4 
0 4 
0 4 
0 4 
0 4 
0 4 
0 4 
0 4 
0 4 
0 4 
0 4 
0 4 
0 4 
0 4 
0 4 
0 4 
0 4 
0 4 
0 4 
0 4 
0 4 
0 4 
0 4 
0 4 
0 4 
0 4 
0 4 
0 4 
0 4 
0 4 
0 4 
0 4 
0 4 
0 4 
0 4 
0 4 
0 4 
0 4 
0 4 
0 4 
0 4 
0 4 
0 4 
0 4 
0 4 
0 4 
0 4 
0 4 
0 4 
0 4 
0 4 
0 4 
0 4 
0 4 
0 4 
0 4 
0 4 
0 4 
0 4 
0 4 
0 4 
0 4 
0 4 
0 4 
0 4 
0 4 
0 4 
0 4 
0 4 
0 4 
0 4 
0 4 
0 4 
0 4 
0 4 
0 4 
0 4 
0 4 
0 4 
0 4 
0 4 
0 4 
0 4 
0 4 
0 4 
0 4 
0 4 
0 4 
0 4 
0 4 
0 4 
0 4 
0 4 
0 4 
0 4 
0 4 
0 4 
0 4 
0 4 
0 4 
0 4 
0 4 
0 4 
0 4 
0 4 
0 4 
0 4 
0 4 
0 4 
0 4 
0 4 
0 4 
0 4 
0 4 
0 4 
0 4 
0 4 
0 4 
0 4 
0 4 
0 4 
0 4 
0 4 
0 4 
0 4 
0 4 
0 4 
0 4 
0 4 
0 4 
0 4 
0 4 
0 4 
0 4 
0 4 
0 4 
0 4 
0 4 
0 4 
0 4 
0 4 
0 4 
0 4 
0 4 
0 4 
0 4 
0 4 
0 4 
0 4 
0 4 
0 4 
0 4 
0 4 
0 4 
0 4 
0 4 
0 4 
0 4 
0 4 
0 4 
0 4 
0 4 
0 4 
