0.0425523 0.959824 
0.0155987 0.974274 
0.010239 0.986373 
0.0531538 0.956149 
0.0372765 0.964289 
0.0277831 0.968252 
0.0709488 0.950833 
0.070596 0.951939 
0.126959 0.930394 
0.0957958 0.944008 
0.102197 0.943771 
0.140748 0.925733 
0.156701 0.920052 
0.165704 0.919288 
0.176978 0.914166 
0.210465 0.90098 
0.198018 0.90889 
0.240949 0.889075 
0.246965 0.887665 
0.24739 0.886419 
0.265312 0.878638 
0.278517 0.870149 
0.318085 0.854374 
0.301061 0.864224 
0.300367 0.869872 
0.346776 0.840734 
0.345014 0.844337 
0.381171 0.822912 
0.377548 0.830792 
0.382391 0.819473 
0.429498 0.793516 
0.404486 0.808056 
0.41867 0.803004 
0.45481 0.792697 
0.480754 0.760018 
0.491879 0.756345 
0.47499 0.762275 
0.465927 0.774683 
0.52049 0.735622 
0.508053 0.738843 
0.548776 0.716193 
0.538003 0.727841 
0.55329 0.711344 
0.571527 0.688781 
0.57614 0.684185 
0.597033 0.680478 
0.622013 0.645648 
0.614357 0.6646 
0.619994 0.664215 
0.640322 0.624307 
0.635363 0.632266 
0.661368 0.605481 
0.649675 0.619901 
0.696985 0.561851 
0.685484 0.575812 
0.673969 0.587995 
0.684671 0.578618 
0.732325 0.518947 
0.707272 0.555909 
0.754402 0.486968 
0.754024 0.490527 
0.750968 0.501498 
0.743437 0.51047 
0.796379 0.424115 
0.801973 0.411447 
0.799414 0.419008 
0.778039 0.458829 
0.773954 0.466947 
0.770323 0.486015 
0.835644 0.350807 
0.828207 0.367933 
0.82719 0.376715 
0.822025 0.383278 
0.815651 0.392905 
0.811706 0.400936 
0.866756 0.290297 
0.861198 0.302761 
0.857355 0.306157 
0.855415 0.31258 
0.84496 0.332521 
0.89725 0.216276 
0.895366 0.222386 
0.889579 0.239777 
0.878705 0.259235 
0.87365 0.279938 
0.870299 0.289936 
0.935033 0.125214 
0.928215 0.136897 
0.925533 0.146755 
0.931748 0.129319 
0.924017 0.175555 
0.907865 0.194504 
0.905754 0.19925 
0.957677 0.0609498 
0.957963 0.0607399 
0.945905 0.0896657 
0.943259 0.0912597 
0.977405 0.0151715 
0.972041 0.0152752 
0.987439 0.0112633 
