0.0459877 0.958429 
0.00548013 0.976303 
0.0477403 0.957921 
0.0542766 0.955664 
0.0278581 0.96519 
0.0240208 0.96868 
0.0727563 0.949324 
0.0966669 0.944685 
0.122486 0.934594 
0.14656 0.923978 
0.142303 0.930941 
0.132178 0.934357 
0.16634 0.916339 
0.170588 0.915268 
0.189489 0.913176 
0.20112 0.903409 
0.21487 0.902537 
0.251484 0.88373 
0.236116 0.889361 
0.225334 0.894227 
0.277887 0.878228 
0.285953 0.867836 
0.307873 0.857581 
0.293654 0.865971 
0.300113 0.864483 
0.32825 0.849504 
0.327107 0.856351 
0.390215 0.821031 
0.383067 0.822112 
0.361995 0.840101 
0.372535 0.832473 
0.427149 0.796681 
0.398626 0.815893 
0.438055 0.786539 
0.430471 0.793263 
0.428665 0.793345 
0.485773 0.754625 
0.472332 0.765502 
0.469966 0.785672 
0.527429 0.728294 
0.500528 0.745922 
0.545983 0.710232 
0.544721 0.718301 
0.54817 0.708612 
0.574783 0.686274 
0.594917 0.673962 
0.566295 0.702164 
0.572981 0.699133 
0.614427 0.651611 
0.614112 0.654185 
0.604719 0.666293 
0.663035 0.602888 
0.65722 0.607282 
0.633684 0.634362 
0.651271 0.625767 
0.686332 0.576402 
0.674705 0.589207 
0.678052 0.58882 
0.67166 0.597718 
0.673649 0.593065 
0.732481 0.521014 
0.71244 0.543555 
0.719457 0.535954 
0.702081 0.562854 
0.753813 0.487701 
0.765813 0.476295 
0.752217 0.497759 
0.749742 0.512046 
0.779383 0.45621 
0.7929 0.427002 
0.769325 0.467723 
0.81858 0.381811 
0.81405 0.390208 
0.826642 0.381625 
0.810702 0.405768 
0.851532 0.3187 
0.867673 0.295816 
0.842601 0.354347 
0.844473 0.333443 
0.839626 0.365527 
0.898877 0.213482 
0.893383 0.230226 
0.885594 0.254809 
0.868376 0.287667 
0.868207 0.288091 
0.923469 0.14971 
0.924728 0.145086 
0.917651 0.173102 
0.907846 0.190281 
0.903514 0.205854 
0.962043 0.0518872 
0.955735 0.0535905 
0.955009 0.063244 
0.946643 0.0870894 
0.939638 0.100291 
0.937239 0.113408 
0.935933 0.129386 
0.983909 0.00705969 
0.986228 0.00696159 
0.98172 0.0487733 
