0.75575 0.530139 0.130989 
0.535386 0.966477 0.351554 
0.550744 1.54088 0.31805 
0.665911 0.793546 0.171117 
0.0545708 1.04646 0.961776 
1.04878 0.15384 0.610198 
1.03382 0.243163 0.234164 
0.267187 0.91009 0.667337 
0.516287 1.62431 0.364939 
0.412794 0.563022 0.484075 
0.987793 0.343234 0.0137067 
0.876365 0.189735 0.439651 
0.256028 1.48223 0.704186 
0.277626 0.670661 0.673775 
0.5947 1.27946 0.252483 
1.07098 0.217629 0.31015 
1.01664 0.301779 0.098144 
0.20978 1.5077 0.74531 
0.156944 1.61248 0.825878 
0.661836 1.12477 0.157604 
0.302842 1.15734 0.64826 
0.622636 2.14251 0.212307 
0.784914 1.35108 0.0114024 
0.400081 0.0662727 1.02583 
0.730625 0.944359 0.114449 
0.16606 1.58809 0.811264 
0.418537 0.689036 0.459972 
0.68022 1.86538 0.138871 
0.639089 1.2472 0.194935 
0.491922 0.353817 0.377047 
0.907858 0.160839 0.691863 
0.420418 0.400701 0.488982 
0.578305 2.04213 0.295763 
0.208346 1.64379 0.74649 
0.193629 0.533305 0.765398 
0.169671 0.887837 0.804085 
0.791966 0.606343 0.0284679 
0.375882 1.01564 0.53629 
0.705167 1.66445 0.123545 
0.525773 1.53072 0.361226 
0.899436 0.249363 0.229871 
0.653664 0.746942 0.224607 
0.386878 0.73362 0.510681 
0.310269 0.51109 0.638644 
0.963227 0.342566 0.0139088 
0.606923 0.990343 0.238745 
0.864793 0.204912 0.383757 
0.726775 2.09804 0.0996196 
0.734995 0.623033 0.0668211 
0.83501 0.77782 0.019206 
0.469096 0.437154 0.405068 
0.342351 1.02957 0.584733 
0.569404 1.43495 0.325492 
0.76929 1.38015 0.0536483 
0.50105 0.274209 0.506807 
0.00316895 0.492024 1.0459 
0.862184 0.202683 0.430804 
0.808115 0.428177 0.034858 
0.0299994 0.041715 1.03888 
0.448382 0.376457 0.525523 
0.240173 1.13681 0.712442 
0.0673626 1.07937 0.935762 
0.327121 0.703167 0.597983 
0.355101 0.467691 0.619151 
0.930788 0.174996 0.529213 
0.0788754 0.958021 0.913024 
0.182349 1.30089 0.78407 
0.722815 0.441278 0.1401 
0.937805 0.322213 0.0370456 
0.88528 0.378153 0.068161 
0.112905 1.70052 0.869656 
0.363815 0.871259 0.559883 
0.0133445 0.170765 1.02367 
0.5803 0.715333 0.258232 
0.209676 0.104413 0.858373 
0.552871 0.0894537 0.994439 
0.00667691 0.180756 1.06268 
0.637048 1.24906 0.204919 
0.222132 0.811295 0.732786 
0.0986808 1.91206 0.886688 
0.469096 0.437154 0.405068 
0.560623 2.04227 0.302491 
0.19088 0.329499 0.923459 
0.278663 0.387434 0.725823 
0.292391 0.764465 0.655623 
0.586764 0.509018 0.32966 
3.0852e-07 0.574847 1.03812 
0.00740417 1.43328 1.03241 
0.43466 1.37552e-07 1.10698 
0.410152 0.0040809 1.07859 
1.0725 1.37511 1.51538e-06 
0.145598 1.94688 0.843693 
0.0402219 2.07432 0.965059 
0.641841 1.11867 0.194288 
0.101182 1.71783 0.886225 
0.0986174 1.19335 0.888006 
0.114968 1.05906 0.897455 
0.093856 0.295024 0.969822 
0.0652358 1.17551 0.950695 
0.10325 0.52109 0.90164 
0.133217 0.367138 0.871162 
0.769379 1.87375 0.0393536 
0.432132 0.185526 0.573772 
0.554947 0.263261 0.399273 
0.808264 0.887936 0.0151399 
