0.834474 0.664207 0.159484 
0.754225 0.712912 0.121456 
0.619938 0.144722 0.857853 
0.680723 0.705749 0.145918 
0.550846 0.763358 0.032993 
0.243765 0.977911 0.23516 
0.89067 0.496684 0.366413 
0.343753 0.279737 0.7637 
1.02412 0.118957 0.883311 
1.14825 0.393363 0.536566 
0.135938 0.189867 0.860346 
0.387401 0.4583 0.435152 
0.402417 0.782331 0.022182 
1.11909 0.382684 0.551751 
0.979127 0.127705 0.890489 
0.0637229 1.06065 0.915758 
0.436971 0.34848 0.601936 
0.168933 0.152278 0.830252 
0.996435 0.12542 0.901383 
0.272096 0.503328 0.619925 
0.464798 0.397617 0.566922 
1.09475 0.306148 0.632802 
0.256971 0.839227 0.0661164 
0.490274 0.0702714 0.99971 
0.532159 0.291602 0.648009 
0.709917 0.446091 0.455494 
0.00366643 0.886055 1.1606 
0.845142 0.00958811 1.08613 
1.18549 0.0159982 1.02417 
0.966149 0.213607 0.79416 
0.954583 0.420892 0.478512 
0.282261 1.00137 0.0484924 
1.05376 0.00141286 1.05703 
0.15514 0.912105 0.666309 
1.25983 0.230813 0.725901 
0.0718922 0.223467 0.929712 
0.225822 0.36887 0.745268 
0.211116 0.585952 0.504972 
1.23738 0.000818445 1.02341 
0.729411 0.0740798 0.961788 
0.803338 0.189245 0.816012 
1.03332 0.690823 0.137716 
0.31656 0.83086 0.0987069 
0.875972 0.0564554 0.980671 
0.909407 0.523226 0.333645 
1.07334 0.33649 0.58848 
1.21718e-08 1.10429 1.30117 
0.0313202 0.802515 1.04116 
0.420006 0.319519 0.746586 
1.25786 0.756191 0.0874404 
0.295619 0.932225 0.0541829 
0.30799 0.735342 0.186052 
1.29903 0.275091 0.685117 
0.865 0.425069 0.469201 
0.0089295 1.05737 1.13921 
3.58752e-05 0.784998 1.31511 
0.0957092 1.52838e-07 1.25136 
0.945327 0.559634 0.312117 
0.0883718 1.1971e-05 1.11275 
0.519946 0.243784 0.804219 
0.117118 0.195285 1.03267 
0.592308 0.60139 0.255548 
0.216949 0.617031 0.304899 
0.740504 0.273032 0.770258 
0.0770604 5.19307e-05 1.18558 
0.116265 1.52838e-07 1.22942 
0.000545017 1.04611 1.21488 
0.0546631 0.0502652 1.27975 
0.78191 0.534524 0.380614 
0.0979211 0.185941 1.06271 
1.14106 0.0430813 1.02081 
0.630473 0.715464 0.175505 
0.501514 1.22377 0.00552844 
0.496634 1.46298 0.00926136 
1.3862 1.74819 2.08019e-06 
0.200433 0.559047 0.692313 
0.784994 0.752856 0.119442 
0.69521 0.651053 0.194185 
1.11681 0.256142 0.718101 
1.46502 1.3171 2.10238e-06 
0.245568 1.17453 0.2144 
0.655238 1.19862 0.00243203 
0.501071 1.26249 0.00546554 
0.531105 0.537751 0.387816 
0.815686 0.121437 0.950725 
0.925436 0.380589 0.575814 
1.52869 1.5876 1.94581e-06 
1.5491 1.67132 1.83407e-06 
0.523012 1.85414 1.69964e-06 
1.17591e-08 1.09526 1.38388 
1.52623 1.31749 1.94704e-06 
1.45961 1.32313 9.65197e-05 
0.556651 1.43917 2.55691e-06 
0.36242 1.71337 0.0180919 
0.360973 1.55603 0.0440428 
0.257356 1.36619 0.0640767 
0.186159 0.906746 0.666791 
0.329301 0.0912418 1.08922 
0.162509 0.48726 0.709337 
0.413652 0.641516 0.283287 
0.648228 0.0409787 1.09936 
0.559035 0.248386 0.793006 
0.577346 0.498198 0.419306 
0.750983 0.577186 0.264124 
1.28202 0.0256062 1.02198 
