2.11265 0.375976 0.516221 
1.9698 0.497743 0.386097 
0.9315 0.745008 0.0759758 
1.27721 0.654855 0.178322 
1.76904 0.533405 0.312007 
0.422319 0.00773076 1.11201 
1.517 0.383799 0.528793 
2.17624 0.360858 0.542555 
0.874657 0.460291 0.444463 
1.91888 0.451107 0.435259 
0.242038 0.406641 0.500682 
1.12779 0.706526 0.118024 
1.79954 0.181376 0.794421 
1.68458 0.647994 0.169154 
1.0939 0.0898218 0.935441 
1.94735 0.134941 0.858824 
2.3674 0.526867 0.326701 
0.790673 0.690165 0.153859 
0.498544 0.785938 0.0173623 
1.05739 0.576199 0.276623 
1.74493 0.543789 0.318944 
0.994963 0.100404 0.953196 
0.107775 0.0761484 0.980347 
2.00525 0.615238 0.227929 
0.919778 0.628442 0.191301 
0.0367135 0.0401998 0.998778 
1.23857 0.55584 0.305399 
0.711152 0.634966 0.262796 
1.4385 0.321965 0.62186 
0.774939 0.121662 0.903894 
1.65279 0.160965 0.847117 
1.61332 0.0559107 0.954929 
1.56737 0.553213 0.290981 
2.02833 0.476493 0.407499 
0.650505 0.18814 0.817815 
0.26518 0.0292275 1.02305 
0.301182 0.854837 0.104374 
0.140721 0.163757 0.865924 
0.793331 0.717391 0.141353 
2.2119 0.229153 0.72661 
0.395034 0.754104 0.208942 
0.761461 0.721368 0.0814788 
1.58549 0.410346 0.491498 
1.6328 0.770257 0.05325 
2.46174 0.48831 0.394202 
2.13582 0.380618 0.512021 
2.32872 0.228096 0.721528 
0.310009 0.814727 0.239027 
1.29763 0.782568 0.038074 
0.839156 0.248537 0.76223 
0.719447 0.587364 0.279673 
0.599539 0.823058 0.00639233 
1.46199 0.316405 0.633165 
0.652018 0.657228 0.259206 
0.610665 0.266839 0.685893 
0.395857 0.284555 0.63905 
0.384353 0.327835 0.662012 
1.09174 0.0964015 0.918945 
2.52445 0.427926 0.469735 
0.536767 0.676201 0.228567 
0.466818 0.00100186 1.12567 
1.56115 0.235209 0.744011 
0.0859616 0.0910554 0.989107 
0.128159 0.0697292 0.966571 
0.681095 0.362465 0.559349 
0.330585 0.30215 0.776175 
0.191378 0.14992 0.875271 
0.846876 0.395232 0.537813 
1.11698 0.779777 0.0631295 
2.06076 0.518706 0.328783 
5.83289e-08 0.349546 1.08437 
0.0391386 0.0275653 1.04199 
0.00985144 0.113335 1.00638 
1.03845 0.56908 0.339802 
1.36732 0.492834 0.412014 
2.07809 0.51205 0.381928 
3.01678 0.503699 0.370044 
1.16311 0.469786 0.43279 
0.447855 0.016431 1.05061 
0.297218 0.433368 0.476913 
1.24273 0.0658871 0.979862 
1.00081 0.134819 0.876048 
1.48264 0.206769 0.797725 
2.69291 0.28342 0.671595 
0.589085 0.199407 0.823962 
0.814241 0.254443 0.731948 
2.27156 0.612994 0.245174 
2.50575 0.590213 0.244064 
0.506656 0.33607 0.580631 
0.319295 0.341954 0.646292 
0.33595 0.786026 0.0113975 
1.88147 0.0197403 1.02745 
1.36813 0.485662 0.429609 
0.0348761 0.0328397 1.07284 
0.763847 5.08756e-08 1.14864 
1.62741 0.870556 3.95503e-06 
2.6761 0.281192 0.683551 
0.943167 0.703176 0.121133 
0.446433 0.273971 0.703885 
0.542095 0.672321 0.218253 
0.588856 0.210852 0.80462 
0.556929 0.406318 0.569391 
0.693014 0.700434 0.184765 
1.59276 0.35568 0.572357 
1.17235 0.541599 0.377363 
