0.230588 0.409942 0.714682 
0.709787 0.383819 0.0887125 
0.39808 0.729226 0.495634 
0.259429 0.204821 0.679397 
0.287261 0.31101 0.665937 
0.574141 0.357344 0.332395 
0.200942 0.102681 0.766675 
0.212466 0.896986 0.752068 
0.0473244 0.031992 1.07527 
0.246336 0.115105 0.702394 
0.387784 1.14569 0.513418 
0.321185 0.234606 0.618971 
0.358422 0.971926 0.56145 
0.169002 0.096949 0.909037 
0.657468 0.276887 0.278417 
0.12115 0.162154 0.931706 
0.422439 0.720762 0.477998 
0.0189692 0.135507 1.00899 
0.54118 1.1194 0.319655 
0.369106 1.26795 0.551608 
0.0703492 0.722037 0.943613 
0.189742 1.12868 0.791226 
0.731946 1.1923 0.0624182 
0.588378 0.680273 0.254266 
0.182556 0.0170872 1.0341 
0.59492 0.899751 0.243835 
0.479338 0.74723 0.381966 
0.104629 0.701724 0.898489 
0.724946 1.16705 0.0766064 
0.543727 0.693398 0.318015 
0.52344 0.932097 0.346157 
0.192504 0.0551394 0.96962 
0.63022 0.39974 0.218271 
0.351848 0.175038 0.586216 
0.0550329 0.488597 0.959856 
0.493533 0.262653 0.393098 
0.275606 1.00197 0.673143 
0.669389 0.57616 0.179961 
0.448315 0.776717 0.457023 
0.684413 0.560503 0.130206 
0.677518 1.04618 0.141394 
0.506668 1.02398 0.360119 
0.22307 0.10952 0.747204 
0.4342 0.837362 0.440213 
0.342095 0.205541 0.572065 
0.588239 0.492718 0.299697 
0.304519 1.07045 0.641466 
0.747398 0.367361 0.0522316 
0.191381 1.10241 0.793608 
0.237605 0.154584 0.735922 
0.8388 0.37448 0.0223065 
0.441374 0.760932 0.472345 
0.721079 0.291455 0.106116 
0.668184 0.454835 0.195586 
0.567878 0.552411 0.266604 
0.0119037 0.132645 1.01178 
0.149065 0.958964 0.840689 
0.61191 0.888208 0.232113 
0.245822 0.185887 0.71782 
0.118183 0.535454 0.872336 
0.64723 0.60462 0.162021 
0.150191 1.18325 0.838639 
0.335642 0.305755 0.601099 
0.176889 0.743449 0.818923 
0.696341 0.434118 0.115391 
0.0760469 0.00150206 1.08919 
0.0627789 1.8508e-08 1.19071 
2.55043e-08 0.916297 1.11994 
0.0453652 0.59577 0.987963 
0.140634 1.00525 0.847877 
0.460666 0.85229 0.427895 
0.250573 0.836684 0.688847 
0.767034 0.705607 0.0259309 
0.790595 0.509058 0.0409379 
0.533248 0.465442 0.37538 
0.12846 0.0938497 0.916463 
0.697228 0.264728 0.212822 
0.811011 0.470264 0.0291221 
2.55043e-08 0.917031 1.12582 
0.633694 0.813111 0.200048 
0.296988 1.04825 0.662928 
0.124969 0.525761 0.879556 
0.326841 0.198475 0.611327 
0.510254 0.990083 0.351774 
0.413509 0.972885 0.470692 
0.390453 0.238166 0.526937 
0.551945 0.683256 0.282781 
0.47109 0.298764 0.422869 
0.764548 0.784028 0.040667 
0.797742 0.617834 0.015517 
0.826126 0.914957 1.61913e-05 
0.848725 0.87444 2.82611e-06 
0.408227 1.20975 0.490569 
0.627474 0.636406 0.257966 
0.58244 0.646256 0.255582 
0.785507 0.294505 0.0904603 
0.0254683 0.0403749 1.00038 
0.0915792 1.28259 0.92277 
0.135043 0.419881 0.911792 
0.181573 0.252304 0.816186 
0.306863 0.96857 0.626306 
0.384716 0.33876 0.541683 
0.682941 0.930971 0.146428 
0.565575 0.473796 0.363333 
0.809975 0.303089 0.0709505 
