0.683828 0.242519 0.376255 
0.717044 0.115881 0.393256 
0.878203 0.614265 0.171794 
0.108287 0.981253 0.0720196 
0.601114 0.875365 0.208689 
0.320926 0.0941963 0.846924 
0.504875 0.283143 0.557364 
0.920024 0.231955 0.110925 
0.0532301 0.384775 0.734328 
0.0315096 0.446667 0.928251 
0.761515 0.186476 0.276998 
0.24023 0.819681 0.264089 
0.550463 0.829615 0.243821 
0.349824 0.0734936 0.820934 
0.288622 0.55192 0.498148 
0.10845 0.407574 0.715703 
0.0334681 0.387178 0.931086 
0.41325 0.85145 0.247075 
0.657356 0.936071 0.122533 
0.825059 0.172368 0.287521 
0.586645 0.0809707 0.472618 
0.634137 0.0546041 0.399897 
0.249279 0.72107 0.339279 
0.232933 0.0355572 0.854148 
0.192816 0.420309 0.707859 
0.380119 0.780497 0.314511 
0.0174199 0.12952 1.08502 
0.182814 0.357551 0.74214 
0.478618 0.620786 0.461429 
0.543297 0.0423419 0.781736 
0.847583 0.08598 0.277298 
0.185623 0.798174 0.343014 
0.0579322 0.771018 0.429897 
0.730967 0.121769 0.367256 
0.521799 0.221151 0.587342 
0.803163 0.172374 0.265488 
0.36878 0.479327 0.607932 
0.0465338 0.254335 1.0336 
0.158625 0.134463 0.94976 
0.935826 0.0478187 0.37918 
0.309459 0.00192579 1.09642 
0.434151 0.887002 0.205524 
0.0716072 0.109711 1.03759 
0.0813153 0.335715 0.765291 
0.0986594 0.437044 0.640179 
0.186759 0.539899 0.564124 
0.781606 0.0641278 0.356267 
0.0854868 0.307528 0.807778 
0.207692 0.754259 0.326211 
0.74456 0.269169 0.302221 
0.175758 0.925451 0.222872 
0.150023 0.0697016 1.01618 
0.198814 0.0742792 0.885065 
0.00380718 0.514637 1.06285 
0.465721 0.225536 0.686735 
0.0800619 0.736589 0.407376 
0.1661 0.0627908 0.966563 
0.297613 2.76775e-06 1.11025 
0.349715 0.0278042 1.0748 
0.0283787 0.902345 0.571179 
0.00907481 0.488056 1.05114 
0.897103 0.0547902 0.157929 
0.0611074 0.281349 0.893599 
0.487961 0.37075 0.622672 
0.447289 0.321375 0.647554 
0.260845 0.610025 0.473602 
0.363063 0.910143 0.213014 
0.398653 0.0169278 0.958426 
0.450192 0.272482 0.669238 
0.493175 0.167012 0.756081 
0.891018 0.145901 0.250043 
1.2277e-07 0.457458 1.15726 
0.232589 0.754259 0.32632 
0.0516236 0.671613 0.486341 
0.126668 0.663467 0.528098 
0.339181 0.478073 0.613348 
0.956875 0.100921 0.12134 
0.124888 0.973622 0.200649 
0.122351 0.712271 0.447563 
0.313404 0.96108 0.13362 
0.128342 0.299131 0.809977 
0.425047 0.313707 0.690041 
0.68513 0.0493063 0.415026 
0.871997 0.198312 0.176623 
0.928962 0.160912 0.0900606 
0.000879108 0.438997 1.14168 
0.452813 0.926019 0.154442 
0.861797 0.203228 0.216156 
0.077001 0.992508 0.296729 
0.287236 0.637899 0.436413 
0.611729 0.0979506 0.439346 
0.404728 3.54561e-07 1.11916 
0.530684 1.01474 1.99885e-06 
0.441359 0.939464 0.0903445 
0.521837 1.00276 0.0289235 
0.00716524 0.492019 1.03038 
0.115369 0.593568 0.542152 
0.0406356 0.647822 0.537654 
0.573636 0.236265 0.551611 
0.54153 0.214939 0.597079 
1.05363 0.341244 0.0127714 
0.99293 0.100074 0.129323 
1.04128 0.226147 0.0761167 
1.06625 0.174666 0.0398034 
1.02144 0.144269 0.0921971 
