0.233928 0.950829 0.722003 
0.349603 0.588988 0.590638 
0.438921 0.910848 0.44954 
0.733328 1.22418 0.0832576 
0.398768 0.690046 0.551264 
0.820865 0.163951 0.390773 
0.22216 0.574023 0.772642 
0.358485 1.07956 0.576674 
0.774112 1.01524 0.0159151 
0.143691 1.18996 0.849591 
0.925785 0.240077 0.14262 
0.86167 0.287503 0.098594 
0.448247 0.0531738 1.02176 
0.511138 0.276891 0.524418 
0.954463 0.179013 0.378981 
0.718671 0.555567 0.130393 
0.945695 0.185922 0.198769 
0.189053 0.431561 0.820768 
0.261397 0.221528 0.701652 
0.68435 0.594046 0.217311 
0.608884 0.827283 0.273809 
0.501871 1.20909 0.348167 
0.653344 0.702616 0.188598 
0.178146 1.06143 0.801777 
0.174631 0.475674 0.828397 
0.277382 1.11285 0.689199 
0.703512 0.0805717 0.813366 
0.486311 1.13893 0.371338 
0.257911 0.150525 0.874514 
0.462521 0.832402 0.411796 
0.879916 0.271845 0.139444 
1.00779 0.228768 0.0601345 
0.593717 1.48983 0.304309 
0.667545 0.606397 0.256383 
0.453865 1.04252 0.438077 
0.500188 0.3099 0.490598 
0.382361 0.93103 0.560947 
0.0598005 0.996401 0.999336 
0.0653314 0.786016 1.01324 
0.868065 0.837528 0.0233616 
0.648276 0.973704 0.203646 
0.133423 0.351703 0.885635 
0.0994037 0.392419 0.950362 
0.709918 0.724663 0.15371 
0.995048 0.111636 0.649895 
0.376937 0.0348466 1.06196 
0.119945 1.02453 0.896336 
0.155557 1.17889 0.840915 
0.248335 1.43648 0.719363 
0.297648 1.24199 0.657321 
0.242896 0.41442 0.735656 
0.163241 0.365183 0.858495 
0.758052 0.634248 0.104063 
0.903793 0.26558 0.03498 
0.584288 0.0396286 1.05292 
0.573246 1.41012 0.306485 
0.800566 0.211032 0.242067 
0.571269 1.697 0.315733 
0.0412648 0.204188 1.02962 
0.772946 1.54355 0.0474517 
0.543983 0.171502 0.474738 
0.814919 0.144891 0.521987 
0.599278 1.74503 0.289174 
0.122786 0.0675279 0.972586 
0.285014 1.72366 0.670977 
0.612157 0.544396 0.333624 
0.979879 0.105357 0.74812 
0.578034 1.66909 0.297067 
0.203105 1.37868 0.786064 
0.207649 1.16977 0.759369 
0.0699102 0.568578 0.957101 
0.794648 0.519382 0.0743145 
0.855209 0.245838 0.161979 
0.321856 0.319226 0.620716 
0.0907496 0.802062 0.921316 
0.411109 0.925058 0.536721 
0.59235 1.28693 0.325852 
1.01859 0.123698 0.50348 
0.524222 0.656267 0.329586 
0.569834 1.74084 0.315806 
0.681232 1.20465 0.175916 
0.290155 0.436047 0.672506 
0.477755 0.421287 0.421573 
0.749259 0.0199378 0.992578 
0.804918 8.05079e-07 0.892907 
0.704852 0.0497692 0.928429 
1.05466 1.2392 2.41298e-06 
1.0392 0.123698 0.50348 
0.201784 1.54446 0.790284 
0.338093 1.10436 0.603683 
0.415091 0.311551 0.537215 
0.764478 0.663742 0.0533233 
0.640235 0.783543 0.251718 
0.966361 0.247846 0.0231747 
2.15467e-07 0.523178 1.07032 
0.0151185 0.5252 1.02422 
0.362014 0.263836 0.647313 
0.491618 1.13893 0.371338 
0.530373 0.198319 0.471753 
0.113145 1.10334 0.911991 
0.559646 0.349368 0.361766 
0.791614 0.625693 0.0791911 
0.836516 0.660211 0.0580838 
0.89651 0.456507 0.0936771 
0.980022 0.240269 0.0246748 
