0.301164 0.864573 0.221947 
0.0260222 0.815289 0.291485 
0.478984 0.906986 0.0518348 
0.68232 0.246302 0.367566 
0.697337 0.0840392 0.338746 
0.718419 0.0769468 0.326943 
0.897886 0.75843 0.141041 
0.433912 0.219295 0.627917 
0.754198 0.894192 0.0850944 
0.764444 0.115672 0.300591 
0.00894541 0.446552 0.962391 
0.0186629 0.595222 0.56422 
0.872722 0.399986 0.149285 
0.102119 0.603662 0.496039 
0.807177 0.130978 0.255307 
0.537807 0.260235 0.536974 
0.780831 0.154952 0.258019 
0.0371963 0.708923 0.446228 
0.731623 0.0455493 0.379752 
0.928013 0.109614 0.132914 
0.0584137 0.98435 0.165314 
0.171849 0.968291 0.17941 
0.607465 0.0591718 0.478953 
0.11638 0.379413 0.741019 
0.402415 0.360496 0.676367 
0.491677 0.945551 0.00766524 
0.635153 0.430116 0.40986 
0.220293 0.59095 0.584205 
0.189457 0.00655153 0.996897 
0.849203 0.234294 0.191755 
0.074586 0.127294 1.03232 
0.878246 0.163174 0.188424 
0.891757 0.0666543 0.244697 
0.158793 0.784076 0.275455 
0.0387016 0.538286 0.692611 
0.121261 0.97626 0.108298 
0.13407 0.621917 0.455174 
0.573565 0.232164 0.516058 
0.15657 0.804009 0.284946 
0.229638 0.193639 0.84445 
0.742055 0.040473 0.333482 
0.621723 0.49153 0.476568 
0.395671 0.486596 0.665428 
0.793705 0.0794306 0.311299 
0.239181 0.00329581 0.909595 
0.246149 0.143673 0.829089 
0.506254 0.948005 0.0054182 
0.27624 0.279359 0.796614 
0.0519087 0.761773 0.347594 
0.96414 0.210061 0.0992872 
0.258527 0.0155197 0.87455 
0.207875 0.000103594 0.94804 
0.287861 0.11077 0.807288 
0.323561 0.214177 0.783601 
0.401316 0.522862 0.598464 
0.514389 0.157829 0.552435 
1.01227 0.639352 0.0295948 
0.0837783 0.144493 1.01108 
0.158591 0.294151 0.934602 
0.0996507 0.666233 0.395793 
0.911545 0.417462 0.120376 
0.6571 0.429045 0.407631 
0.180288 0.368747 0.769227 
0.535132 0.106478 0.613041 
0.557851 0.102406 0.625612 
0.576815 0.462741 0.488963 
5.64915e-07 0.448035 1.0639 
0.138689 0.681663 0.395537 
0.306955 0.731836 0.382735 
0.381217 0.17622 0.732869 
0.10925 0.356815 0.906469 
0.23443 0.923509 0.222911 
0.486247 0.181024 0.712514 
0.953986 0.313708 0.0906428 
0.99684 0.0945001 0.126068 
0.000245997 0.389648 1.05069 
0.976189 0.329637 0.0707948 
0.82741 0.136557 0.203029 
0.826295 0.186072 0.212967 
0.659353 0.348956 0.388592 
0.0876893 0.49776 0.660146 
0.150745 0.887555 0.272513 
0.674188 0.173664 0.398006 
0.444743 0.984503 1.13325e-06 
0.07286 0.467984 0.850994 
0.324209 0.826656 0.23776 
0.272564 0.027974 0.862566 
0.254869 0.130119 0.886622 
0.0440731 0.707147 0.458741 
0.0337875 0.739652 0.483928 
0.639106 0.158559 0.427082 
0.924243 0.267009 0.173332 
0.225862 6.43641e-07 0.976895 
0.422265 0.98436 0.0488457 
1.02193 0.58867 0.033142 
0.371979 0.731945 0.357215 
0.324659 0.160815 0.763676 
0.362039 0.924235 0.155141 
0.151701 0.305036 0.990862 
0.0784287 0.562183 0.639776 
0.460126 0.934019 0.018242 
0.598431 0.0623374 0.705621 
0.949577 0.414936 0.109693 
0.588099 0.13889 0.519476 
0.988581 0.128255 0.0707747 
