0.577872 1.00893 0.281958 
0.0142842 0.0444993 1.03424 
0.854333 0.279541 0.134259 
0.808035 0.358831 0.119638 
0.83363 0.249911 0.163083 
0.138031 0.520659 0.859336 
0.0581598 1.04257 0.973647 
0.204403 0.151292 0.822743 
0.495081 0.118327 0.720883 
0.736922 0.405635 0.0943441 
0.190673 0.164534 0.873664 
0.053264 0.0279418 1.06369 
0.0291596 0.538524 1.01322 
0.876565 0.140829 0.239432 
0.425002 0.994423 0.49322 
0.363372 0.5111 0.598955 
0.510301 0.556643 0.413147 
0.762753 0.230142 0.293345 
0.163449 0.389141 0.884629 
0.411286 0.799878 0.51427 
0.0690285 0.209446 0.940723 
0.387075 0.0626408 0.951914 
0.751156 1.2294 0.0780889 
0.642407 1.06361 0.232656 
0.217926 1.11723 0.785472 
0.266102 0.659936 0.700701 
0.486304 1.18674 0.389309 
0.174851 0.31285 0.799549 
0.145719 0.632166 0.843438 
0.327899 0.593878 0.672329 
0.19287 0.302398 0.809879 
0.793423 0.58479 0.054145 
0.436721 0.959321 0.479797 
0.606896 0.451647 0.332169 
0.725809 0.349611 0.190874 
0.443306 0.722923 0.472299 
0.655705 0.890724 0.216049 
0.703369 0.496854 0.147375 
0.0473732 0.814489 0.995455 
0.50019 0.620215 0.423233 
0.418199 0.566658 0.588504 
0.674267 1.08837 0.175856 
0.475681 0.369891 0.628974 
0.518999 1.13827 0.369018 
0.332311 0.0136138 1.13887 
0.432401 1.30531 0.447578 
0.336732 1.02915e-05 1.10202 
0.423877 1.24321 0.461281 
0.841601 0.0030384 1.08456 
0.284916 0.0168399 1.0499 
0.819273 0.338262 0.221762 
0.897748 0.493076 0.0208506 
0.106186 0.614796 0.920497 
0.0787884 0.0718937 0.948658 
0.785141 1.68761 0.0307637 
0.539702 1.76383 0.348442 
0.227652 0.930299 0.777445 
0.0985374 1.08105 0.934024 
0.453652 0.0789208 0.806983 
0.248462 1.58284 0.768999 
0.774961 1.6272 0.0779297 
0.0107685 0.414607 1.18057 
0.00285923 0.41386 1.20072 
0.35102 1.48449 0.565269 
0.807573 0.467572 0.035863 
0.350015 1.71309 0.568918 
0.261874 1.03575 0.707114 
0.377262 1.2635 0.573955 
0.390233 1.35946 0.508273 
1.05468 0.101201 0.749847 
0.727615 0.635459 0.101305 
0.278208 1.33667 0.687783 
0.715444 1.65377 0.131595 
0.978559 0.154078 0.0258154 
0.553728 0.844585 0.304783 
0.0156795 0.44096 1.02288 
0.186716 0.769158 0.793462 
0.525958 0.935953 0.374111 
0.692426 0.54424 0.21574 
0.914219 0.551658 0.00165302 
0.248796 1.29358 0.767582 
0.260875 1.60655 0.740184 
0.292006 1.18859 0.664496 
0.303368 0.912613 0.652589 
0.592142 1.18375 0.275318 
0.631169 1.39073 0.237511 
0.537707 0.826756 0.399763 
0.683852 1.45226 0.169537 
0.650487 0.267376 0.634691 
0.459435 0.435815 0.649521 
0.942979 0.154087 0.0251454 
0.358801 0.688765 0.611841 
0.111271 0.752333 0.905162 
0.77745 1.37589 0.0686409 
0.559027 0.712642 0.306804 
1.03501 0.12715 0.155487 
1.9188e-07 0.419468 1.22196 
0.387936 3.13172e-06 1.15313 
1.04112 0.487219 6.80675e-06 
0.400856 1.12341 0.539807 
0.149268 0.391728 0.896956 
0.618375 0.777566 0.254223 
0.865973 0.191504 0.26205 
0.366909 1.44772 0.553599 
0.798963 0.612121 0.0414523 
