0.872056 0.586407 0.0928494 
0.84159 0.246935 0.19211 
0.379289 0.853563 0.21136 
0.0554139 0.780972 0.408598 
0.0417263 0.624834 0.632031 
0.760486 0.762527 0.287706 
0.355495 0.162085 0.752528 
0.701095 0.366211 0.320477 
0.984512 0.755291 0.0117295 
2.9561e-07 0.0965696 1.43079 
0.0770133 0.326464 0.735761 
0.0572018 0.6173 0.691941 
0.350516 0.81953 0.225427 
0.00827107 0.0167599 1.39155 
0.557914 0.0619314 0.711495 
1.04238 0.157697 0.179133 
0.0698087 0.635313 0.604024 
0.959227 0.41823 0.113353 
0.581626 0.017897 0.903889 
0.745568 0.205628 0.431396 
0.620544 0.124696 0.545364 
0.17063 0.729632 0.386387 
0.732857 0.214679 0.37217 
0.110516 0.151307 0.978704 
0.310415 0.594098 0.525514 
0.493058 0.0823797 0.819309 
0.504447 8.143e-07 1.11115 
0.532852 0.0434638 0.837977 
0.000430739 0.0388396 1.49903 
0.14636 0.246262 0.88818 
0.935966 0.138974 0.298673 
1.06753 0.0867511 0.156998 
0.0550169 0.842595 0.267022 
0.676083 0.558433 0.467825 
0.801656 0.230247 0.358469 
0.0988297 0.00558266 1.13 
0.0251364 0.00617989 1.25751 
0.723763 0.284675 0.461714 
0.00012201 0.0780122 1.36386 
0.0575512 0.00564595 1.16657 
0.900429 0.571863 0.113181 
1.12089 0.0725706 0.329826 
0.0147731 0.0118492 1.40909 
0.00827108 0.0480127 1.33018 
0.139841 0.808166 0.306159 
0.430686 0.0209302 0.860502 
3.62002e-08 0.16725 1.47478 
0.342818 0.92538 0.149815 
1.17281 0.31095 0.0246549 
0.0501275 0.797092 0.362839 
0.519273 0.126345 0.747336 
0.717177 0.120225 0.542898 
0.923406 0.269738 0.119967 
0.611944 0.0171374 0.935292 
0.0705036 0.38511 0.792098 
0.0186198 0.0234805 1.23233 
0.875625 0.116973 0.482546 
0.0601756 0.102465 1.00554 
0.26653 8.33059e-07 1.2859 
0.235173 0.293955 0.835082 
0.898965 0.134129 0.310165 
0.554044 0.000649388 1.07988 
0.289915 0.935078 0.147426 
0.490223 0.188674 0.725339 
0.682165 0.338098 0.446305 
0.988718 0.341052 5.05356e-06 
0.974003 0.725903 0.0359658 
0.278844 8.30585e-07 1.30516 
0.155971 0.00261656 1.20744 
0.037789 0.359135 0.97734 
0.0575055 0.467421 0.606411 
0.363159 0.0602746 1.00783 
0.849998 0.199963 0.36966 
0.695256 0.648098 0.395072 
0.419908 0.952959 0.130349 
0.336583 0.00855361 1.04712 
0.0801824 0.741016 0.405284 
0.418526 0.995793 0.044008 
0.442857 0.246003 0.688356 
0.828819 0.644424 0.270072 
0.649804 8.0186e-07 1.09186 
0.157955 0.501046 0.584444 
0.251768 0.854676 0.246374 
0.397879 0.870029 0.200025 
0.663931 0.463194 0.472457 
0.622187 0.0189701 0.903395 
0.155798 0.442173 0.703119 
0.269271 0.424763 0.658399 
0.792874 0.12302 0.506424 
0.0377138 0.147493 1.14606 
0.309124 0.0303778 1.06646 
0.466809 0.90864 0.142828 
0.132668 0.400445 0.734631 
0.318823 0.067513 0.964196 
0.201617 0.993887 0.146146 
3.62002e-08 0.164576 1.51813 
0.912999 0.398155 0.122279 
0.157955 0.501046 0.584444 
1.08543 0.0728296 0.287483 
0.452031 0.718157 0.462058 
1.09506 0.0855646 0.0825065 
0.249758 0.458958 0.657762 
0.0846334 0.980899 0.230381 
0.783323 0.130167 0.484446 
1.00208 0.218729 0.202151 
