0.569801 0.253727 0.338871 
0.28524 0.627558 0.665355 
0.597779 0.3063 0.229433 
0.594489 0.778034 0.26598 
0.175425 0.203678 0.856723 
0.576377 0.421393 0.28356 
0.62172 0.784339 0.210103 
0.271186 0.441901 0.678097 
0.266342 0.46538 0.688994 
0.559437 0.605629 0.296322 
0.737269 0.821342 0.0859944 
0.373437 0.497966 0.547169 
0.11325 0.183985 0.897516 
0.528914 0.815399 0.347272 
0.756957 0.272232 0.25041 
0.309143 0.797606 0.641598 
0.0752614 0.0287412 1.02361 
0.100186 1.09946 0.921615 
0.146315 0.478094 0.887613 
0.785214 0.910517 0.0115021 
0.69249 0.330131 0.146951 
0.28949 0.146783 0.795725 
0.761752 1.04832 0.0402385 
0.244271 0.538171 0.727724 
0.298915 0.0129635 0.979993 
0.171942 1.26899 0.815527 
0.370163 0.585863 0.531513 
0.457582 1.52091 0.428755 
0.164699 0.946207 0.825989 
0.0186334 0.0919625 1.00142 
0.388663 0.758386 0.521304 
0.395976 0.98117 0.511014 
0.610316 1.39405 0.223289 
0.484495 0.847508 0.39778 
0.705603 1.48063 0.120709 
0.21623 1.01753 0.752048 
0.162996 0.925278 0.828234 
0.726115 1.51171 0.0801846 
0.41454 1.4642 0.480966 
0.633738 0.664392 0.22553 
0.134955 1.36515 0.862703 
0.105664 1.10921 0.908744 
0.272399 1.08288 0.667788 
0.229628 0.69421 0.74424 
0.339696 1.21292 0.59517 
0.540899 0.542997 0.359554 
0.650958 0.332775 0.216634 
0.13292 1.18748 0.876621 
0.743225 0.677538 0.0899598 
0.0519541 0.0701188 1.01783 
0.503947 1.4459 0.344145 
0.750743 0.507798 0.100819 
0.677854 1.53863 0.137522 
0.115292 0.110242 0.938219 
0.314387 0.697022 0.638321 
0.10911 0.0492916 0.955807 
0.495419 1.21089 0.36962 
0.192302 0.893345 0.770379 
0.659299 1.26829 0.194052 
0.437264 0.742151 0.462259 
0.824943 0.293819 0.0618905 
0.405645 1.37597 0.501886 
0.0329065 0.213716 0.927156 
0.187854 1.10801 0.792725 
0.31309 1.25094 0.612602 
0.764616 0.965624 0.051319 
0.363224 1.04203 0.578953 
0.51023 0.637392 0.416144 
0.701625 0.309783 0.16168 
0.0168298 0.618358 0.964181 
0.80036 0.575435 0.029773 
0.900978 0.454304 4.4599e-06 
0.248802 9.57831e-06 1.06516 
0.519483 0.556066 0.380577 
0.574819 1.49701 0.283511 
0.809785 0.362804 0.0730422 
0.00162759 0.0319467 1.07209 
0.0946847 0.0764642 0.991807 
0.455669 0.650407 0.450039 
0.685642 0.533447 0.176935 
5.92832e-08 0.137345 1.16651 
0.521985 0.857949 0.361162 
0.226558 0.149853 0.879484 
0.844858 0.278938 0.0790597 
0.000894895 0.0517593 1.03309 
0.867626 0.387246 0.0190259 
0.891002 0.398147 0.0179075 
0.713108 1.46462 0.120709 
0.328446 0.720736 0.615408 
0.424101 0.921727 0.458878 
0.34775 0.571521 0.615473 
0.433633 0.271792 0.565272 
0.812761 0.373105 0.0573747 
0.441426 5.14842e-07 1.20955 
3.86989e-06 0.0998259 1.17011 
0.00395488 0.0315297 1.13365 
0.0281375 0.025215 1.10549 
0.207472 0.892553 0.757161 
0.25 1.13577 0.70321 
0.470006 1.29257 0.403311 
0.384609 1.45578 0.527829 
0.545523 1.16332 0.299243 
0.531419 2.19175 0.338006 
0.234887 0.178028 0.840677 
0.838904 0.280369 0.150661 
