0.360567 0.241637 0.574474 
0.489741 0.657588 0.39668 
0.397683 0.859724 0.516731 
0.447174 0.253307 0.531895 
0.641034 0.496819 0.245552 
0.270888 1.05566 0.705576 
0.523164 0.995559 0.345623 
0.847056 1.19043 0.000138664 
0.749076 1.21925 0.0897461 
0.404526 0.61287 0.511019 
0.426147 1.28478 0.477204 
0.65072 1.07531 0.191943 
0.280953 0.165289 0.738722 
0.744225 1.51505 0.0598191 
0.15135 1.16543 0.830901 
0.219552 1.30932 0.75879 
0.478871 1.38953 0.404869 
0.338345 0.806836 0.620285 
0.314573 0.752617 0.655475 
0.149502 0.137028 0.922426 
0.137065 1.03261 0.894789 
0.291141 1.12597 0.64627 
0.687554 1.18324 0.150661 
0.0235393 6.13988e-05 1.43682 
0.00223712 0.188911 1.25055 
0.51139 0.775116 0.360302 
0.166226 0.442398 0.862875 
0.73389 0.787331 0.0957464 
0.437787 0.419014 0.492391 
0.459286 0.528074 0.460062 
0.830412 0.56009 0.0188636 
0.626552 1.40292 0.220693 
0.376425 1.53622 0.550922 
0.247383 1.57144 0.727004 
0.298536 0.556895 0.685993 
0.0586944 1.3388 1.00644 
0.541772 1.46445 0.342513 
0.548045 0.483153 0.327666 
0.602739 0.638541 0.280875 
0.609007 0.656166 0.265204 
0.108047 0.290708 0.937735 
0.128719 1.09757 0.874012 
0.182817 0.382467 0.853974 
0.237427 0.574349 0.754345 
0.69875 1.42047 0.134385 
0.332162 0.953309 0.594814 
0.661485 1.14486 0.178651 
0.71381 0.273046 0.139434 
0.00281232 1.47115 1.06985 
0.0501753 1.59094 1.00466 
0.464486 1.68493 0.425579 
0.781948 1.41486 0.0370817 
0.757809 0.167897 0.553089 
0.000123187 1.36359 1.20098 
0.0979339 0.0858649 0.990397 
0.190762 2.11605 0.798423 
0.120412 1.98335 0.89829 
0.584471 0.71668 0.294026 
0.333979 0.592176 0.62044 
0.693343 1.48929 0.124984 
0.50493 1.19613 0.365796 
0.76917 0.818395 0.0679089 
0.370462 4.90944e-05 1.29973 
0.258864 0.0828373 1.01795 
0.120412 1.98455 0.89829 
0.0501937 1.63991 0.980233 
0.0190998 0.0240859 1.21113 
0.794377 1.05545 0.0663169 
0.618929 0.910666 0.236008 
0.390276 0.893372 0.562648 
0.672464 0.315015 0.417476 
0.419535 0.387302 0.571746 
0.593716 0.403976 0.313917 
0.712629 0.620295 0.229108 
0.674819 0.223112 0.678191 
9.6989e-08 0.986104 1.5097 
0.20898 1.25391 0.780002 
0.654927 1.02066 0.20058 
0.115892 0.124686 0.967139 
0.0735676 0.193228 0.999438 
0.0320221 0.866705 1.04479 
0.68217 1.55965 0.165364 
0.565708 0.5163 0.309732 
0.352898 0.370088 0.66863 
0.807697 0.458111 0.0738868 
0.0352493 0.290829 1.02494 
0.0840274 0.548892 0.954367 
0.122284 1.8772 0.904553 
9.69936e-08 0.967028 1.38682 
0.00723326 0.0414085 1.16813 
0.226899 0.287445 0.818981 
0.818517 0.345103 0.134159 
0.424171 2.51152e-08 1.29234 
3.46452e-06 0.955857 1.40639 
0.00216686 0.235227 1.47975 
0.859282 1.23494 1.28622e-06 
0.467379 0.926925 0.420395 
0.00855943 0.0252585 1.08264 
0.00318684 0.801704 1.13395 
0.0150757 0.00234622 1.36881 
0.138018 0.699261 0.882955 
0.171122 0.329168 0.884741 
0.483248 0.742395 0.427326 
0.843513 0.401879 0.112229 
0.824585 0.42904 0.0532959 
