0.0447472 0.694495 0.379436 
0.291222 0.0603171 0.777109 
0.936911 0.39296 0.0865487 
0.00970429 0.596283 0.835704 
0.0757974 0.504596 0.562359 
0.316276 0.792187 0.279707 
0.858979 0.015704 0.390487 
0.0996623 0.29306 0.804075 
0.221032 0.445667 0.599856 
0.836573 0.264768 0.220977 
0.356699 0.423669 0.671942 
0.571902 0.36711 0.506339 
0.0369048 0.721037 0.586138 
0.64806 0.566511 0.413435 
0.723479 0.305889 0.320437 
0.330548 0.0958638 0.769461 
0.141212 0.769313 0.289729 
0.250046 0.382522 0.71547 
0.083235 0.40574 0.702276 
0.308583 0.805653 0.269793 
0.367928 0.350692 0.754118 
0.633823 0.939266 0.105643 
0.5609 0.162279 0.515069 
0.895465 0.273545 0.188825 
0.152539 0.640162 0.407089 
0.183066 0.568753 0.465157 
0.428436 0.208972 0.652708 
0.98348 0.0623999 0.149274 
0.417755 0.179878 0.69063 
0.208212 0.49079 0.604686 
0.000193847 0.518413 0.85455 
0.105151 0.911602 0.138776 
0.455298 0.988583 0.0558945 
0.0481303 0.747362 0.29835 
0.0979909 0.942311 0.111824 
0.467301 0.352416 0.640357 
0.751823 0.0221429 0.344476 
0.0471982 0.705653 0.367753 
0.513669 0.0104544 0.680144 
0.950131 0.173394 0.0762664 
1.02111 0.128229 0.00299634 
0.522817 0.0728736 0.557779 
0.0814158 0.433907 0.621662 
0.378297 0.185275 0.759628 
0.918136 0.0813381 0.131514 
0.643812 0.0523107 0.659712 
0.999158 0.119073 0.014045 
0.733479 0.0266367 0.333119 
0.274234 0.918396 0.123634 
0.0922216 0.683646 0.39688 
0.954399 0.0892614 0.0760966 
0.899662 0.112926 0.162433 
0.765189 0.231541 0.299013 
0.667311 0.240892 0.357301 
0.0339946 0.880197 0.586477 
0.230609 0.887925 0.171814 
0.473449 1.01044 0.0295682 
0.7152 0.335581 0.332215 
0.35759 0.618151 0.450101 
0.796484 0.899292 0.154782 
0.276479 0.102937 0.833818 
0.400861 0.0376229 0.729567 
0.599142 0.243751 0.507678 
7.97333e-07 0.537281 0.864986 
0.0679799 0.816971 0.214745 
0.0507754 0.816146 0.246626 
0.654537 0.528556 0.456885 
0.703691 1.0008 0.0447227 
0.348498 0.960351 0.0953703 
0.172093 0.959579 0.0986095 
0.190881 0.978194 0.0700519 
0.130737 0.849941 0.202851 
0.0118238 0.866376 0.794999 
0.866757 0.0665712 0.265264 
0.0432728 0.844827 0.364902 
0.386064 0.610046 0.453973 
0.494968 0.212244 0.579804 
0.496424 0.21817 0.566354 
0.214852 0.483342 0.619507 
0.231586 0.926538 0.128975 
0.750672 0.414538 0.313096 
0.7901 0.539517 0.283132 
0.812823 0.193899 0.236423 
0.0274611 0.464874 0.863274 
0.0715288 0.6274 0.441149 
0.0621063 0.640834 0.422132 
0.532037 0.0667565 0.542113 
0.0203508 0.665582 0.818879 
0.256563 0.144778 0.96296 
0.0839774 0.344725 0.847098 
0.573847 0.263822 0.473052 
0.887179 0.448612 0.177208 
1.0358 0.110403 1.68315e-06 
0.688199 0.0026968 0.608458 
0.686113 7.25834e-07 0.643922 
0.404946 0.0371105 0.744964 
0.110822 0.252234 0.967076 
0.206078 0.433429 0.649523 
0.14409 0.524444 0.553022 
0.287035 0.666397 0.397912 
0.424082 0.875493 0.169267 
0.662024 0.18693 0.477677 
0.827606 0.090975 0.239359 
0.885415 0.265225 0.213111 
0.787477 0.425222 0.298536 
