0.512542 0.598487 0.258386 
0.17294 0.21699 0.796552 
1.43355 0.134899 0.874297 
1.23757 0.633623 0.187508 
0.781985 0.313793 0.651655 
0.632781 0.641109 0.203253 
0.281671 0.823736 0.0213149 
1.13239 0.486164 0.37415 
0.293627 0.696983 0.150154 
0.395088 0.887938 0.00618802 
0.199987 0.410968 0.519634 
1.04523 0.55354 0.306475 
0.847241 0.326477 0.599399 
0.53036 0.451404 0.441171 
0.12126 0.259832 0.756359 
0.644077 0.426729 0.484847 
0.911568 0.461796 0.426263 
0.458384 0.648552 0.243037 
0.808615 0.506608 0.342967 
0.680464 0.583853 0.277575 
1.29521 0.778738 0.0149853 
1.21213 0.0821212 0.950812 
0.0970717 0.163859 0.972612 
0.226263 0.146831 0.851559 
0.540232 0.468026 0.394946 
0.0376842 0.307434 1.03853 
1.05504 0.338514 0.567335 
0.555025 0.0490756 0.991217 
0.740552 0.636389 0.223896 
1.49331 0.18752 0.796293 
1.32051 0.497527 0.366916 
0.306837 0.807625 0.109181 
0.471067 0.789003 0.0301564 
0.946952 0.592397 0.268783 
1.52548 0.39614 0.504007 
1.3323 0.271701 0.68722 
1.60084 0.764103 0.039434 
1.4111 0.209208 0.772692 
0.559958 0.121037 0.884876 
1.63162 0.232657 0.730411 
0.251143 0.245371 0.717491 
1.12064 0.293444 0.678099 
0.160321 0.250005 0.772132 
0.364759 0.379749 0.606538 
1.22615 0.415138 0.471789 
1.68898 0.715676 0.0940425 
0.183575 0.226238 0.784526 
0.655345 0.370847 0.542955 
0.269838 0.101822 0.937398 
1.17111 0.726491 0.115947 
0.571423 0.0862642 0.961319 
0.984082 0.271502 0.702264 
0.266197 0.865673 0.0441806 
1.09193 0.166651 0.821656 
0.506209 0.665876 0.132668 
1.65144 0.656251 0.159174 
0.146342 3.30498e-07 1.0514 
0.252583 0.834642 0.109468 
0.554438 0.350496 0.580869 
1.14274 0.305077 0.624865 
0.440318 0.617447 0.302742 
1.4517 0.440234 0.420218 
0.40768 0.667514 0.16593 
1.01964 0.4255 0.455098 
1.61642 0.755715 0.0591783 
0.605317 0.899695 3.25849e-06 
0.594444 0.887852 0.0061068 
0.439246 0.856526 0.0209562 
0.189664 0.316705 0.641736 
0.35622 0.152565 0.844285 
0.545979 0.0346229 1.02066 
0.905492 0.703658 0.127995 
0.832118 0.23344 0.743911 
1.35785 0.11575 0.914151 
1.07433 0.607667 0.21001 
1.446 0.68808 0.113033 
0.963116 0.739654 0.0789434 
0.0110531 0.334628 1.04429 
1.48058 0.396354 0.506597 
0.481723 0.0214299 1.02669 
0.71349 0.0552145 0.983999 
0.0729271 0.0690482 1.70075 
0.688124 0.523965 0.342116 
0.76115 0.520218 0.346024 
1.16034 0.406775 0.521152 
0.754134 0.178419 0.804209 
0.998797 0.171109 0.82824 
0.365648 0.542927 0.315682 
8.09554e-08 0.312423 1.08184 
0.000195039 0.112892 1.08215 
0.308495 0.00462092 1.04714 
0.334683 4.86237e-07 1.03622 
1.57681 0.363629 0.540841 
0.980672 0.289418 0.696456 
0.367088 0.794485 0.123759 
1.51105 0.770046 0.0505459 
1.68195 0.656087 0.158605 
0.847326 0.56579 0.28394 
1.19781 0.756202 0.068255 
0.0806257 0.0138836 1.05304 
0.26165 0.568707 0.407894 
0.630738 0.0936666 0.921529 
1.27448 0.146623 0.870428 
1.35708 0.656773 0.174756 
1.39912 0.367064 0.541114 
