0.528497 0.159443 0.589717 
0.575585 0.0743623 0.567992 
0.318435 0.844924 0.219408 
0.18575 0.317926 0.747551 
0.0440859 0.47521 0.790363 
0.0546639 0.521501 0.700486 
0.416493 0.778351 0.273171 
0.622665 0.189607 0.487179 
0.00859773 0.0475539 1.114 
0.641275 0.417544 0.445037 
0.205263 0.581215 0.596148 
0.698523 0.166448 0.426776 
0.372035 0.665164 0.40205 
0.0263242 0.328794 0.814659 
0.0657999 0.380944 0.797928 
0.839925 0.595156 0.207367 
0.0834435 0.710187 0.496563 
0.174209 0.35242 0.774949 
0.349521 0.69692 0.39586 
0.734843 0.622423 0.360788 
0.875488 0.512641 0.189565 
0.921641 0.74877 0.12952 
0.549704 0.261789 0.574763 
0.292844 0.549747 0.469656 
0.773659 0.0946125 0.338782 
0.0743324 0.43119 0.625721 
0.129156 0.377716 0.754568 
0.139962 0.771014 0.304881 
0.151211 0.882503 0.199241 
0.00429046 0.0766782 1.07243 
0.683258 0.449153 0.434252 
0.613656 0.033158 0.669045 
0.407897 0.130731 0.72901 
0.766972 0.177451 0.379076 
0.241393 0.501032 0.536726 
0.453554 0.674372 0.374034 
0.283767 0.73153 0.348135 
0.0225572 0.343853 0.81367 
0.864936 0.0227871 0.210781 
0.226156 0.982476 0.0474574 
0.70794 0.453748 0.407156 
0.165639 0.859725 0.236826 
0.420878 1.01864 0.0302255 
0.383112 0.168935 0.762999 
0.449718 0.116835 0.67841 
0.650781 0.827196 0.234717 
0.590874 0.972447 0.0805885 
0.822989 0.634507 0.222947 
0.651741 0.073399 0.552012 
0.471423 0.0862651 0.785332 
0.512978 1.02497 0.0205797 
0.436767 0.992127 0.0471546 
0.188582 0.405565 0.647404 
0.0597144 0.280304 0.871497 
0.0278166 0.286317 0.858613 
0.0379458 0.277085 0.885797 
0.301077 0.0366491 0.849626 
0.360547 0.835927 0.251997 
0.744212 0.00583093 1.01746 
0.0908859 0.209391 0.989442 
0.171276 0.642723 0.470756 
0.231779 0.200811 0.896307 
0.752726 0.0595811 0.65544 
0.756988 0.567045 0.28999 
0.109458 0.933908 0.105942 
0.282075 0.538407 0.513161 
0.254853 0.801431 0.281903 
0.16234 0.953689 0.0846449 
0.244584 0.768703 0.326675 
0.123832 0.817189 0.262768 
0.189643 1.01197 0.0362752 
0.33704 0.0159812 1.09328 
0.462851 0.0111927 1.06396 
0.233016 0.051379 1.10102 
0.991342 0.102784 0.136994 
0.640026 0.437103 0.445999 
0.792845 0.100954 0.330966 
0.391975 0.143268 0.832805 
0.994982 0.494397 0.0609085 
1.84318e-07 0.0712032 1.13098 
0.520945 1.03164 7.16737e-07 
0.940339 0.198693 0.140044 
0.0681737 0.956817 0.150196 
1.01311 0.220753 0.111044 
0.017212 0.239991 0.914913 
0.853948 0.138698 0.239342 
0.540756 0.11286 0.739198 
0.91108 0.245879 0.184208 
0.206663 0.557819 0.530988 
0.583964 0.913272 0.145883 
0.975416 0.852423 0.127833 
0.89295 0.0958701 0.204741 
0.493016 2.84645e-06 1.04044 
0.48392 0.0122237 1.05202 
0.0299617 0.232095 0.974645 
0.215294 0.160709 0.96296 
0.112694 0.888713 0.167114 
0.123709 0.93809 0.101056 
0.822316 0.600179 0.241668 
0.953369 0.150066 0.141893 
0.105916 0.854109 0.32079 
0.18867 0.606875 0.521323 
0.262897 0.0494707 0.937698 
0.557721 0.102166 0.630152 
0.904739 0.504758 0.179641 
