0.0134993 0 
0.0134993 0 
0.0134993 0 
0.0134993 0 
0.0134993 0 
0.0134993 0 
0.0134993 0 
0.0134993 0 
0.0134993 0 
0.0134993 0 
0.0134993 0 
0.0134993 0 
0.0134993 0 
0.0134993 0 
0.0134993 0 
0.0134993 0 
0.0134993 0 
0.0134993 0 
0.0134993 0 
0.0134993 0 
0.0134993 0 
0.0134993 0 
0.0134993 0 
0.0134993 0 
0.0134993 0 
0.0134993 0 
0.0134993 0 
0.0134993 0 
0.0134993 0 
0.0134993 0 
0.0134993 0 
0.0134993 1.16872 
0.0134993 0 
0.0134993 0 
0.0134993 0 
0.0134994 0 
0.0134994 0 
0.0134994 0 
0.0134994 0 
0.0134994 0 
0.0134994 0 
0.0134994 0 
0.0134994 0 
0.0134994 0 
0.0134994 0 
0.0134994 0 
0.0134994 0 
0.0134994 0 
0.0134994 0 
0.0134994 0 
0.0134994 0 
0.0134994 0 
0.0134994 0 
0.0134994 0 
0.0134994 0 
0.0134994 0 
0.0134994 0 
0.0134994 0 
0.0134994 0 
0.0134994 0 
0.0134994 0 
0.0134994 0 
0.0134994 0 
0.0134994 0 
0.0134994 0 
0.0134994 0 
0.0134994 0 
0.0134994 0 
0.0134994 0 
0.0134994 0 
0.0134994 0 
0.0134994 0 
0.0134994 0 
0.0134994 0 
0.0134994 0 
0.0134994 0 
0.0134994 0 
0.0134994 0 
0.0134994 0 
0.0134994 0 
0.0134994 0 
0.0134994 0 
0.0134994 0 
0.0134994 0 
0.0134994 0 
0.0134994 0 
0.0134994 0 
0.0134994 0 
0.0134994 0 
0.0134994 0 
0.0134994 0 
0.0134994 0 
0.0134994 0 
0.0134994 0 
0.0134994 0 
0.0134994 0 
0.0134994 0 
0.0134994 0 
0.0134994 0 
0.0134994 0 
