0.0292121 0 
0.0292121 0 
0.0292121 0 
0.0292121 0 
0.0292121 0 
0.0292121 0 
0.0292121 0 
0.0292121 0 
0.0292121 0 
0.0292121 0 
0.0292121 0 
0.0292121 0 
0.0292121 0 
0.0292121 0 
0.0292121 0 
0.0292121 0 
0.0292121 0 
0.0292121 0 
0.0292121 0 
0.0292121 0 
0.0292121 0 
0.0292121 0 
0.0292121 0 
0.0292121 0 
0.0292121 0 
0.0292121 0 
0.0292121 0 
0.0292121 0 
0.0292121 0 
0.0292121 0 
0.0292121 0 
0.0292121 1.15962 
0.0292121 0 
0.0292121 0 
0.0292121 0 
0.0292121 0 
0.0292121 0 
0.0292121 0 
0.0292121 0 
0.0292121 0 
0.0292121 0 
0.0292121 0 
0.0292121 0 
0.0292121 0 
0.0292121 0 
0.0292121 0 
0.0292121 0 
0.0292121 0 
0.0292121 0 
0.0292121 0 
0.0292121 0 
0.0292121 0 
0.0292121 0 
0.0292121 0 
0.0292121 0 
0.0292121 0 
0.0292121 0 
0.0292121 0 
0.0292121 0 
0.0292121 0 
0.0292121 0 
0.0292121 0 
0.0292121 0 
0.0292121 0 
0.0292121 0 
0.0292121 0 
0.0292121 0 
0.0292121 0 
0.0292121 0 
0.0292121 0 
0.0292121 0 
0.0292121 0 
0.0292121 0 
0.0292121 0 
0.0292121 0 
0.0292121 0 
0.0292121 0 
0.0292121 0 
0.0292121 0 
0.0292121 0 
0.0292121 0 
0.0292121 0 
0.0292121 0 
0.0292121 0 
0.0292121 0 
0.0292121 0 
0.0292121 0 
0.0292121 0 
0.0292121 0 
0.0292121 0 
0.0292121 0 
0.0292121 0 
0.0292121 0 
0.0292121 0 
0.0292121 0 
0.0292121 0 
0.0292121 0 
0.0292121 0 
0.0292121 0 
0.0292121 0 
