0.0201978 0 
0.0201978 0 
0.0201978 0 
0.0201978 0 
0.0201978 0 
0.0201978 0 
0.0201978 0 
0.0201978 0 
0.0201978 0 
0.0201978 0 
0.0201978 0 
0.0201978 0 
0.0201978 0 
0.0201978 0 
0.0201978 0 
0.0201978 0 
0.0201978 0 
0.0201978 0 
0.0201978 0 
0.0201978 0 
0.0201978 0 
0.0201978 0 
0.0201978 0 
0.0201978 0 
0.0201978 0 
0.0201978 0 
0.0201978 0 
0.0201978 0 
0.0201978 0 
0.0201978 0 
0.0201978 0 
0.0201978 1.12898 
0.0201978 0 
0.0201978 0 
0.0201978 0 
0.0201978 0 
0.0201978 0 
0.0201978 0 
0.0201978 0 
0.0201978 0 
0.0201978 0 
0.0201978 0 
0.0201978 0 
0.0201978 0 
0.0201978 0 
0.0201978 0 
0.0201978 0 
0.0201978 0 
0.0201978 0 
0.0201978 0 
0.0201978 0 
0.0201978 0 
0.0201978 0 
0.0201978 0 
0.0201978 0 
0.0201978 0 
0.0201978 0 
0.0201978 0 
0.0201978 0 
0.0201978 0 
0.0201978 0 
0.0201978 0 
0.0201978 0 
0.0201978 0 
0.0201978 0 
0.0201978 0 
0.0201978 0 
0.0201978 0 
0.0201978 0 
0.0201978 0 
0.0201978 0 
0.0201978 0 
0.0201978 0 
0.0201978 0 
0.0201978 0 
0.0201978 0 
0.0201978 0 
0.0201978 0 
0.0201978 0 
0.0201978 0 
0.0201978 0 
0.0201978 0 
0.0201978 0 
0.0201978 0 
0.0201978 0 
0.0201978 0 
0.0201978 0 
0.0201978 0 
0.0201978 0 
0.0201978 0 
0.0201978 0 
0.0201978 0 
0.0201978 0 
0.0201978 0 
0.0201978 0 
0.0201978 0 
0.0201978 0 
0.0201978 0 
0.0201978 0 
0.0201978 0 
