0.0308949 0 
0.0308949 0 
0.0308949 0 
0.0308949 0 
0.0308949 0 
0.0308949 0 
0.0308949 0 
0.0308949 0 
0.0308949 0 
0.0308949 0 
0.0308949 0 
0.0308949 0 
0.0308949 0 
0.0308949 0 
0.0308949 0 
0.0308949 0 
0.0308949 0 
0.0308949 0 
0.0308949 0 
0.0308949 0 
0.0308949 0 
0.0308949 0 
0.0308949 0 
0.0308949 0 
0.0308949 0 
0.0308949 0 
0.0308949 0 
0.0308949 0 
0.0308949 0 
0.0308949 0 
0.0308949 0 
0.0308949 1.18088 
0.0308949 0 
0.0308949 0 
0.0308949 0 
0.0308949 0 
0.0308949 0 
0.0308949 0 
0.0308949 0 
0.0308949 0 
0.0308949 0 
0.0308949 0 
0.0308949 0 
0.0308949 0 
0.0308949 0 
0.0308949 0 
0.0308949 0 
0.0308949 0 
0.0308949 0 
0.0308949 0 
0.0308949 0 
0.0308949 0 
0.0308949 0 
0.0308949 0 
0.0308949 0 
0.0308949 0 
0.0308949 0 
0.0308949 0 
0.0308949 0 
0.0308949 0 
0.0308949 0 
0.0308949 0 
0.0308949 0 
0.0308949 0 
0.0308949 0 
0.0308949 0 
0.0308949 0 
0.0308949 0 
0.0308949 0 
0.0308949 0 
0.0308949 0 
0.0308949 0 
0.0308949 0 
0.0308949 0 
0.0308949 0 
0.0308949 0 
0.0308949 0 
0.0308949 0 
0.0308949 0 
0.0308949 0 
0.0308949 0 
0.0308949 0 
0.0308949 0 
0.0308949 0 
0.0308949 0 
0.0308949 0 
0.0308949 0 
0.0308949 0 
0.0308949 0 
0.0308949 0 
0.0308949 0 
0.0308949 0 
0.0308949 0 
0.0308949 0 
0.0308949 0 
0.0308949 0 
0.0308949 0 
0.0308949 0 
0.0308949 0 
0.0308949 0 
