0.892023 0 0.45199 
0.539875 0 0.841745 
0.00573005 0 0.999984 
1 0 0 
0.00573005 0 0.999984 
1 0 0 
0.476998 0 0.878904 
0.303613 0 0.952795 
0.524191 0 0.851601 
0.945619 0 0.325276 
0.288752 0 0.957404 
0.535996 0 0.84422 
0.82287 0 0.568229 
0.87227 0 0.489024 
0.866225 0 0.499654 
0.951906 0 0.306391 
0.461306 0 0.887241 
0.951906 0 0.306391 
0.937987 0 0.346671 
0.33757 0 0.9413 
0.673679 0 0.739024 
0.665232 0 0.746637 
0.427498 0 0.904016 
0.591449 0 0.806342 
0.576629 0 0.817006 
0.945619 0 0.325276 
0.828993 0 0.55926 
0.305695 0 0.952129 
0.816594 0 0.577213 
0.903622 0 0.42833 
0.554439 0 0.832224 
0.546112 0 0.837712 
0.591449 0 0.806342 
0.707518 0 0.706695 
0.700632 0 0.713523 
0.955313 0 0.295598 
0.256011 0 0.966674 
0.351041 0 0.93636 
0.969702 0 0.244292 
0.0891443 0 0.996019 
0.608021 0 0.793921 
0.615296 0 0.788296 
0.250893 0 0.968015 
0.94248 0 0.334261 
0.570627 0 0.82121 
0.848425 0 0.529315 
0.119633 0 0.992818 
0.71094 0 0.703253 
0.783806 0 0.621006 
0.887023 0 0.461726 
0.147365 0 0.989082 
0.984179 0 0.177175 
0.998825 0 0.0484589 
0.999352 0 0.0359883 
0.724104 0 0.689691 
0.628005 0 0.778209 
0.762126 0 0.647429 
0.314476 0 0.949265 
0.725263 0 0.688472 
0.73101 0 0.682367 
0.419232 0 0.907879 
0.894715 0 0.446638 
0.898693 0 0.438579 
0.781994 0 0.623286 
0.997406 0 0.0719777 
0.810554 0 0.585664 
0.136458 0 0.990646 
0.684367 0 0.729138 
0.678407 0 0.734686 
0.356208 0 0.934407 
0.364198 0 0.931321 
0.392407 0 0.919792 
0.860292 0 0.509801 
0.837622 0 0.54625 
0.0151824 0 0.999885 
0.0255509 0 0.999674 
0.385406 0 0.922747 
0.759381 0 0.650646 
0.746156 0 0.665772 
0.819337 0 0.573313 
0.746156 0 0.665772 
0.911606 0 0.411065 
0.992644 0 0.121068 
0.103516 0 0.994628 
0.0941986 0 0.995553 
0.921152 0 0.389203 
0.317469 0 0.948268 
0.384718 0 0.923034 
0.461117 0 0.88734 
0.540406 0 0.841405 
0.877242 0 0.480048 
0.245076 0 0.969504 
0.237082 0 0.97149 
0.576587 0 0.817036 
0.84209 0 0.539337 
0.99135 0 0.131241 
0.62236 0 0.782731 
0.959944 0 0.28019 
0.0151824 0 0.999885 
0.454548 0 0.890722 
0.798835 0 0.60155 
0.560413 0 0.828213 
0.554439 0 0.832224 
0.3781 0 0.925765 
0.792452 0 0.609935 
0.792452 0 0.609935 
0.985749 0 0.168221 
0.872917 0 0.487868 
0.84209 0 0.539337 
0.642467 0 0.766314 
0.637052 0 0.770821 
0.576629 0 0.817006 
0.684367 0 0.729138 
0.0828121 0 0.996565 
0.0805093 0 0.996754 
0.787533 0 0.616273 
0.111224 0 0.993795 
0.346797 0 0.93794 
0.650073 0 0.759872 
0.719295 0 0.694705 
0.326638 0 0.945149 
0.434615 0 0.900616 
0.787533 0 0.616273 
0.502462 0 0.864599 
0.633195 0 0.773992 
0.901615 0 0.432539 
0.546112 0 0.837712 
0.629062 0 0.777355 
0.335131 0 0.942171 
0.919403 0 0.393316 
0.773575 0 0.633705 
0.512109 0 0.85892 
0.0255509 0 0.999674 
0.0339254 0 0.999424 
0.517809 0 0.855496 
0.199681 0 0.979861 
0.983507 0 0.180871 
0.693934 0 0.720039 
0.103516 0 0.994628 
0.111224 0 0.993795 
0.882456 0 0.470394 
0.754315 0 0.656513 
0.192523 0 0.981292 
0.963536 0 0.26758 
0.21624 0 0.97634 
0.964426 0 0.264355 
0.774871 0 0.632119 
0.739581 0 0.673067 
0.615296 0 0.788296 
0.620205 0 0.784439 
0.070215 0 0.997532 
0.691958 0 0.721938 
0.439199 0 0.89839 
0.739581 0 0.673067 
0.934562 0 0.3558 
0.900455 0 0.434949 
0.996198 0 0.0871151 
0.7501 0 0.661324 
0.600096 0 0.799928 
0.595169 0 0.803601 
0.7501 0 0.661324 
0.440382 0 0.89781 
0.400463 0 0.916313 
0.0594185 0 0.998233 
0.0517512 0 0.99866 
0.600096 0 0.799928 
0.480211 0 0.877153 
0.993437 0 0.114385 
0.875921 0 0.482454 
0.929092 0 0.369848 
0.446036 0 0.895015 
0.967962 0 0.251096 
0.988818 0 0.149127 
0.845672 0 0.533704 
0.906303 0 0.422628 
0.777602 0 0.628756 
0.650017 0 0.759919 
0.889858 0 0.456238 
0.700632 0 0.713523 
0.696547 0 0.717512 
0.434615 0 0.900616 
0.645685 0 0.763604 
0.461306 0 0.887241 
0.408826 0 0.912612 
0.845672 0 0.533704 
0.810554 0 0.585664 
0.988974 0 0.148086 
0.877242 0 0.480048 
0.909183 0 0.416396 
0.566432 0 0.824108 
0.689458 0 0.724326 
0.981173 0 0.193129 
0.446036 0 0.895015 
0.246081 0 0.969249 
0.910093 0 0.414403 
0.986884 0 0.161432 
0.985749 0 0.168221 
0.832039 0 0.554717 
0.828993 0 0.55926 
0.392407 0 0.919792 
0.516669 0 0.856185 
0.796368 0 0.604812 
0.979495 0 0.20147 
0.999854 0 0.0170963 
0.999957 0 0.00930291 
0.998505 0 0.0546523 
0.356208 0 0.934407 
0.990028 0 0.140868 
0.261127 0 0.965304 
0.522257 0 0.852788 
0.803364 0 0.595489 
0.806472 0 0.591272 
0.999778 0 0.0210768 
0.561139 0 0.827722 
0.796368 0 0.604812 
0.966552 0 0.256472 
0.935501 0 0.353323 
0.997897 0 0.0648178 
0.450719 0 0.892666 
0.42402 0 0.905653 
0.569183 0 0.822211 
0.961491 0 0.274836 
0.506563 0 0.862203 
0.689458 0 0.724326 
0.0741382 0 0.997248 
0.862958 0 0.505276 
0.860292 0 0.509801 
0.732954 0 0.680278 
0.982344 0 0.187084 
0.987825 0 0.155567 
0.737742 0 0.675083 
0.154533 0 0.987988 
0.131837 0 0.991271 
0.932028 0 0.362387 
0.732954 0 0.680278 
0.130617 0 0.991433 
0.484779 0 0.874637 
0.160276 0 0.987072 
0.709935 0 0.704267 
0.659608 0 0.75161 
0.234319 0 0.97216 
0.966399 0 0.257047 
0.737742 0 0.675083 
0.961491 0 0.274836 
0.855979 0 0.517011 
0.604935 0 0.796275 
0.89233 0 0.451383 
0.209853 0 0.977733 
0.993572 0 0.113203 
0.502926 0 0.86433 
0.956889 0 0.290455 
0.192523 0 0.981292 
0.833973 0 0.551805 
0.595169 0 0.803601 
0.187247 0 0.982313 
0.967962 0 0.251096 
0.27745 0 0.96074 
0.955313 0 0.295598 
0.986884 0 0.161432 
0.716122 0 0.697975 
0.187247 0 0.982313 
0.995169 0 0.0981769 
0.995755 0 0.0920391 
0.99135 0 0.131241 
0.272569 0 0.962136 
0.766855 0 0.641821 
0.973041 0 0.230631 
0.182186 0 0.983264 
0.889858 0 0.456238 
0.22115 0 0.97524 
0.913589 0 0.406638 
0.992644 0 0.121068 
0.973041 0 0.230631 
0.766855 0 0.641821 
0.147365 0 0.989082 
0.407539 0 0.913188 
0.998436 0 0.0559066 
0.377765 0 0.925902 
0.404676 0 0.91446 
0.990633 0 0.136554 
0.998825 0 0.0484589 
0.317469 0 0.948268 
0.165081 0 0.98628 
0.170037 0 0.985438 
0.971755 0 0.235992 
0.975589 0 0.219604 
0.803364 0 0.595489 
0.346797 0 0.93794 
0.202971 0 0.979185 
0.564661 0 0.825323 
0.330839 0 0.943687 
0.645685 0 0.763604 
0.929092 0 0.369848 
0.489028 0 0.872268 
0.496933 0 0.867789 
0.450719 0 0.892666 
0.974253 0 0.225457 
0.165081 0 0.98628 
0.506563 0 0.862203 
0.330839 0 0.943687 
0.272569 0 0.962136 
0.0388415 0 0.999245 
0.852854 0 0.522149 
0.0941986 0 0.995553 
0.182186 0 0.983264 
0.994141 0 0.108093 
0.865629 0 0.500686 
0.914865 0 0.403761 
0.536391 0 0.84397 
0.173601 0 0.984816 
0.412888 0 0.910782 
0.976852 0 0.213915 
0.999995 0 0.003251 
0.999957 0 0.00930291 
0.850594 0 0.525823 
0.177487 0 0.984123 
0.982344 0 0.187084 
0.754315 0 0.656513 
0.756939 0 0.653486 
0.956918 0 0.290357 
0.655328 0 0.755344 
0.882456 0 0.470394 
0.916679 0 0.399625 
0.716122 0 0.697975 
0.608021 0 0.793921 
0.268317 0 0.963331 
0.932028 0 0.362387 
0.987825 0 0.155567 
0.933006 0 0.35986 
0.21414 0 0.976803 
0.126039 0 0.992025 
0.940117 0 0.340851 
0.662368 0 0.749179 
0.665232 0 0.746637 
0.678407 0 0.734686 
0.924842 0 0.380351 
0.979903 0 0.199477 
0.0376498 0 0.999291 
0.367816 0 0.929899 
0.371555 0 0.928411 
0.510991 0 0.859586 
0.916679 0 0.399625 
0.800758 0 0.598987 
0.974253 0 0.225457 
0.898693 0 0.438579 
0.756939 0 0.653486 
0.42402 0 0.905653 
0.806472 0 0.591272 
0.852855 0 0.522148 
0.662368 0 0.749179 
0.926462 0 0.376389 
0.367816 0 0.929899 
0.364198 0 0.931321 
0.971755 0 0.235992 
0.837591 0 0.546297 
0.604935 0 0.796275 
0.696547 0 0.717512 
0.833973 0 0.551805 
0.764958 0 0.64408 
0.160276 0 0.987072 
0.977807 0 0.20951 
0.978576 0 0.205886 
0.918259 0 0.395981 
0.995169 0 0.0981769 
0.97524 0 0.221147 
0.922695 0 0.385531 
0.994676 0 0.103052 
0.479431 0 0.87758 
0.0474792 0 0.998872 
0.489028 0 0.872268 
0.778558 0 0.627573 
0.958236 0 0.285977 
0.042935 0 0.999078 
0.926462 0 0.376389 
0.634327 0 0.773065 
0.637052 0 0.770821 
0.998148 0 0.0608252 
0.121846 0 0.992549 
0.90758 0 0.41988 
0.491666 0 0.870784 
0.976741 0 0.214422 
0.885523 0 0.464596 
0.177487 0 0.984123 
0.206938 0 0.978354 
0.970754 0 0.240076 
0.136458 0 0.990646 
0.821383 0 0.570377 
0.716122 0 0.697975 
0.416169 0 0.909287 
0.264626 0 0.964351 
0.484779 0 0.874637 
0.707518 0 0.706695 
0.994676 0 0.103052 
0.922695 0 0.385531 
0.924842 0 0.380351 
0.22115 0 0.97524 
0.224922 0 0.974377 
0.990028 0 0.140868 
0.832039 0 0.554717 
0.778558 0 0.627573 
0.0517512 0 0.99866 
0.0474792 0 0.998872 
0.999359 0 0.0358041 
0.151774 0 0.988415 
0.990581 0 0.136928 
0.0741382 0 0.997248 
0.27745 0 0.96074 
0.675588 0 0.737279 
0.261558 0 0.965188 
0.855979 0 0.517011 
0.495014 0 0.868885 
0.995755 0 0.0920391 
0.491666 0 0.870784 
0.416169 0 0.909287 
0.655328 0 0.755344 
0.927879 0 0.372881 
0.042935 0 0.999078 
0.999516 0 0.0311155 
0.996504 0 0.0835423 
0.996866 0 0.0791143 
0.997075 0 0.0764323 
0.883778 0 0.467906 
0.94065 0 0.339379 
0.280915 0 0.959733 
0.326638 0 0.945149 
0.126039 0 0.992025 
0.675588 0 0.737279 
0.400527 0 0.916285 
0.172832 0 0.984951 
0.806472 0 0.591272 
0.810554 0 0.585664 
0.927879 0 0.372881 
0.0663656 0 0.997795 
0.994186 0 0.107677 
0.770677 0 0.637226 
0.885523 0 0.464596 
0.942157 0 0.335171 
0.854863 0 0.518853 
0.404676 0 0.91446 
0.655328 0 0.755344 
0.978576 0 0.205886 
0.977807 0 0.20951 
0.883778 0 0.467906 
0.373857 0 0.927486 
0.983831 0 0.179102 
0.231173 0 0.972913 
0.958236 0 0.285977 
0.314476 0 0.949265 
0.0339254 0 0.999424 
0.894307 0 0.447454 
0.227957 0 0.973671 
0.454548 0 0.890722 
0.770677 0 0.637226 
0.231804 0 0.972763 
0.264626 0 0.964351 
0.914865 0 0.403761 
0.73101 0 0.682367 
0.199784 0 0.97984 
0.280915 0 0.959733 
0.998143 0 0.0609062 
0.963536 0 0.26758 
0.227957 0 0.973671 
0.268317 0 0.963331 
0.0663656 0 0.997795 
0.999696 0 0.0246742 
0.970754 0 0.240076 
0.90758 0 0.41988 
0.906303 0 0.422628 
0.999585 0 0.0287988 
0.0629047 0 0.99802 
0.0594185 0 0.998233 
0.997897 0 0.0648178 
0.837591 0 0.546297 
0.0629047 0 0.99802 
0.224922 0 0.974377 
0.62236 0 0.782731 
0.620205 0 0.784439 
0.283787 0 0.958887 
0.283787 0 0.958887 
0.854863 0 0.518853 
0.495014 0 0.868885 
0.999854 0 0.0170963 
0.882456 0 0.470394 
0.539875 0 0.841745 
0.918259 0 0.395981 
0.208914 0 0.977934 
0.286693 0 0.958022 
0.673679 0 0.739024 
0.996504 0 0.0835423 
0.875921 0 0.482454 
0.951906 0 0.306391 
0.959103 0 0.283056 
0.959103 0 0.283056 
0.816768 0 0.576966 
0.821383 0 0.570377 
0.237082 0 0.97149 
0.151774 0 0.988415 
0.412888 0 0.910782 
0.659608 0 0.75161 
0.655328 0 0.755344 
