0.531155 0 0.847275 
0.00363391 0 0.999993 
0.00363391 0 0.999993 
1 0 0 
1 0 0 
0.876096 0 0.482136 
0.293136 0 0.956071 
0.91158 0 0.411122 
0.920088 0 0.391712 
0.481491 0 0.876451 
0.230757 0 0.973011 
0.932493 0 0.361188 
0.906381 0 0.422461 
0.761332 0 0.648362 
0.39707 0 0.917788 
0.309121 0 0.951023 
0.507879 0 0.861428 
0.750823 0 0.660504 
0.660506 0 0.750821 
0.57181 0 0.820386 
0.562971 0 0.826477 
0.15553 0 0.987831 
0.168156 0 0.98576 
0.996324 0 0.0856601 
0.997436 0 0.0715602 
0.407228 0 0.913327 
0.739036 0 0.673666 
0.739036 0 0.673666 
0.531155 0 0.847275 
0.837251 0 0.546819 
0.926093 0 0.377295 
0.927335 0 0.374233 
0.366719 0 0.930332 
0.994709 0 0.102729 
0.364238 0 0.931306 
0.948183 0 0.317725 
0.87221 0 0.489131 
0.996013 0 0.0892055 
0.667595 0 0.744525 
0.804892 0 0.593422 
0.441917 0 0.897056 
0.867464 0 0.4975 
0.902761 0 0.430142 
0.746287 0 0.665625 
0.472481 0 0.881341 
0.887525 0 0.46076 
0.210413 0 0.977613 
0.200181 0 0.979759 
0.240688 0 0.970602 
0.0685932 0 0.997645 
0.0574238 0 0.99835 
0.189115 0 0.981955 
0.840185 0 0.5423 
0.698915 0 0.715205 
0.627219 0 0.778843 
0.620594 0 0.784132 
0.854654 0 0.519198 
0.461933 0 0.886915 
0.938797 0 0.34447 
0.99172 0 0.128418 
0.935924 0 0.352201 
0.850448 0 0.526059 
0.753551 0 0.65739 
0.962693 0 0.270597 
0.965225 0 0.261419 
0.728593 0 0.684947 
0.794227 0 0.607622 
0.799133 0 0.601154 
0.698915 0 0.715205 
0.413784 0 0.910375 
0.862649 0 0.505803 
0.485239 0 0.874381 
0.653634 0 0.756811 
0.753551 0 0.65739 
0.728593 0 0.684947 
0.728593 0 0.684947 
0.976696 0 0.214626 
0.689437 0 0.724346 
0.31701 0 0.948422 
0.58155 0 0.813511 
0.423917 0 0.905701 
0.89109 0 0.453828 
0.887525 0 0.46076 
0.0916056 0 0.995795 
0.981695 0 0.190459 
0.945558 0 0.325453 
0.465833 0 0.884873 
0.433234 0 0.901281 
0.955307 0 0.295617 
0.290816 0 0.956779 
0.544713 0 0.838623 
0.70798 0 0.706233 
0.0347064 0 0.999398 
0.981092 0 0.193541 
0.716309 0 0.697784 
0.862649 0 0.505803 
0.553888 0 0.832591 
0.689437 0 0.724346 
0.499298 0 0.86643 
0.70798 0 0.706233 
0.100853 0 0.994901 
0.983376 0 0.181583 
0.32932 0 0.944218 
0.195099 0 0.980784 
0.411825 0 0.911263 
0.42834 0 0.903618 
0.78029 0 0.625418 
0.715267 0 0.698851 
0.943577 0 0.331154 
0.520391 0 0.853928 
0.378182 0 0.925731 
0.917219 0 0.398382 
0.920088 0 0.391712 
0.3437 0 0.93908 
0.338796 0 0.94086 
0.943032 0 0.332701 
0.587126 0 0.809495 
0.00363391 0 0.999993 
0.0126319 0 0.99992 
0.765024 0 0.644002 
0.720849 0 0.693093 
0.8124 0 0.5831 
0.374032 0 0.927416 
0.644528 0 0.764581 
0.649466 0 0.760391 
0.701254 0 0.712912 
0.616843 0 0.787086 
0.611731 0 0.791066 
0.240688 0 0.970602 
0.247842 0 0.9688 
0.540009 0 0.84166 
0.807893 0 0.589329 
0.811733 0 0.584029 
0.989805 0 0.14243 
0.826035 0 0.563619 
0.822375 0 0.568946 
0.701254 0 0.712912 
0.949065 0 0.31508 
0.505877 0 0.862606 
0.831451 0 0.555598 
0.951812 0 0.306682 
0.999048 0 0.0436171 
0.575376 0 0.817889 
0.958312 0 0.285722 
0.322949 0 0.946416 
0.990524 0 0.137341 
0.395866 0 0.918308 
0.99335 0 0.115138 
0.999389 0 0.0349649 
0.997655 0 0.0684428 
0.688444 0 0.72529 
0.941049 0 0.33827 
0.831451 0 0.555598 
0.967903 0 0.251324 
0.826035 0 0.563619 
0.829486 0 0.558527 
0.138434 0 0.990372 
0.356941 0 0.934127 
0.999896 0 0.0144185 
0.218358 0 0.975869 
0.225093 0 0.974337 
0.879084 0 0.476667 
0.678756 0 0.734364 
0.674411 0 0.738356 
0.999983 0 0.00584066 
0.515517 0 0.856879 
0.897437 0 0.441143 
0.992382 0 0.123202 
0.927335 0 0.374233 
0.385331 0 0.922779 
0.182304 0 0.983242 
0.607893 0 0.794019 
0.987214 0 0.159401 
0.0881433 0 0.996108 
0.351646 0 0.936133 
0.559794 0 0.828632 
0.711223 0 0.702967 
0.883126 0 0.469136 
0.309121 0 0.951023 
0.0437231 0 0.999044 
0.859629 0 0.510918 
0.31701 0 0.948422 
0.322949 0 0.946416 
0.260167 0 0.965564 
0.279553 0 0.96013 
0.953963 0 0.299925 
0.723067 0 0.690778 
0.723067 0 0.690778 
0.575376 0 0.817889 
0.391088 0 0.920353 
0.773383 0 0.633939 
0.904164 0 0.427186 
0.515517 0 0.856879 
0.688444 0 0.72529 
0.607893 0 0.794019 
0.54086 0 0.841112 
0.525176 0 0.850993 
0.653362 0 0.757046 
0.277321 0 0.960777 
0.168605 0 0.985684 
0.868058 0 0.496463 
0.595651 0 0.803244 
0.600063 0 0.799953 
0.283389 0 0.959005 
0.898952 0 0.438048 
0.989379 0 0.145356 
0.680992 0 0.732291 
0.815595 0 0.578623 
0.999048 0 0.0436171 
0.945523 0 0.325555 
0.998695 0 0.051064 
0.99335 0 0.115138 
0.76999 0 0.638056 
0.892702 0 0.450648 
0.941111 0 0.338097 
0.932871 0 0.360209 
0.0490664 0 0.998796 
0.983376 0 0.181583 
0.985782 0 0.168031 
0.0320833 0 0.999485 
0.430366 0 0.902654 
0.192306 0 0.981335 
0.973218 0 0.229886 
0.974618 0 0.223875 
0.60269 0 0.797975 
0.391088 0 0.920353 
0.649466 0 0.760391 
0.0415148 0 0.999138 
0.452697 0 0.891665 
0.457447 0 0.889237 
0.915102 0 0.403223 
0.857992 0 0.513664 
0.174631 0 0.984634 
0.273617 0 0.961839 
0.801674 0 0.597762 
0.559794 0 0.828632 
0.28543 0 0.9584 
0.225093 0 0.974337 
0.984479 0 0.175503 
0.374032 0 0.927416 
0.847011 0 0.531575 
0.433234 0 0.901281 
0.792334 0 0.610088 
0.988354 0 0.152175 
0.937849 0 0.347043 
0.850178 0 0.526495 
0.659578 0 0.751636 
0.994709 0 0.102729 
0.78335 0 0.621581 
0.135034 0 0.990841 
0.129102 0 0.991631 
0.593065 0 0.805155 
0.154183 0 0.988042 
0.472481 0 0.881341 
0.611731 0 0.791066 
0.872978 0 0.48776 
0.680992 0 0.732291 
0.998165 0 0.0605577 
0.985511 0 0.169609 
0.984431 0 0.175772 
0.618035 0 0.786151 
0.25357 0 0.967317 
0.85691 0 0.515466 
0.966095 0 0.258185 
0.380669 0 0.924712 
0.385331 0 0.922779 
0.96033 0 0.278867 
0.988354 0 0.152175 
0.893974 0 0.448119 
0.896191 0 0.443668 
0.423917 0 0.905701 
0.413784 0 0.910375 
0.333602 0 0.942714 
0.247842 0 0.9688 
0.60269 0 0.797975 
0.975842 0 0.218476 
0.994104 0 0.108431 
0.711223 0 0.702967 
0.975483 0 0.220073 
0.633194 0 0.773993 
0.842497 0 0.538701 
0.84502 0 0.534735 
0.0126319 0 0.99992 
0.0781622 0 0.996941 
0.638967 0 0.769235 
0.642431 0 0.766344 
0.452653 0 0.891687 
0.0188063 0 0.999823 
0.540009 0 0.84166 
0.787967 0 0.615717 
0.819751 0 0.572721 
0.912855 0 0.408284 
0.847775 0 0.530356 
0.200181 0 0.979759 
0.999618 0 0.0276216 
0.553888 0 0.832591 
0.926093 0 0.377295 
0.994104 0 0.108431 
0.519327 0 0.854575 
0.980006 0 0.198966 
0.787967 0 0.615717 
0.977804 0 0.209519 
0.57181 0 0.820386 
0.63055 0 0.776149 
0.496112 0 0.868258 
0.492309 0 0.87042 
0.465833 0 0.884873 
0.659578 0 0.751636 
0.95642 0 0.291995 
0.0839489 0 0.99647 
0.742652 0 0.669677 
0.822375 0 0.568946 
0.881049 0 0.473026 
0.799133 0 0.601154 
0.998695 0 0.051064 
0.842497 0 0.538701 
0.458103 0 0.888899 
0.330053 0 0.943962 
0.550195 0 0.835036 
0.999389 0 0.0349649 
0.492309 0 0.87042 
0.210413 0 0.977613 
0.215112 0 0.976589 
0.583764 0 0.811923 
0.971832 0 0.235674 
0.264965 0 0.964258 
0.998388 0 0.056753 
0.991943 0 0.126689 
0.934584 0 0.355743 
0.25877 0 0.965939 
0.999983 0 0.00584066 
0.550195 0 0.835036 
0.268081 0 0.963396 
0.990524 0 0.137341 
0.99957 0 0.0293097 
1 0 0 
0.488603 0 0.872506 
0.951812 0 0.306682 
0.876096 0 0.482136 
0.879084 0 0.476667 
0.881049 0 0.473026 
0.969058 0 0.246832 
0.967903 0 0.251324 
0.351646 0 0.936133 
0.962693 0 0.270597 
0.76849 0 0.639861 
0.986596 0 0.163184 
0.670494 0 0.741915 
0.667595 0 0.744525 
0.356941 0 0.934127 
0.488603 0 0.872506 
0.103248 0 0.994656 
0.961447 0 0.274991 
0.252963 0 0.967476 
0.971832 0 0.235674 
0.073514 0 0.997294 
0.0685932 0 0.997645 
0.6716 0 0.740914 
0.546968 0 0.837154 
0.950414 0 0.310987 
0.562971 0 0.826477 
0.179089 0 0.983833 
0.174631 0 0.984634 
0.0226586 0 0.999743 
0.0277518 0 0.999615 
0.502342 0 0.864669 
0.11606 0 0.993242 
0.997993 0 0.0633237 
0.527898 0 0.849308 
0.876096 0 0.482136 
0.868058 0 0.496463 
0.78335 0 0.621581 
0.149726 0 0.988728 
0.108349 0 0.994113 
0.785682 0 0.618631 
0.978121 0 0.208036 
0.934584 0 0.355743 
0.79115 0 0.611622 
0.817317 0 0.576188 
0.502342 0 0.864669 
0.0781622 0 0.996941 
0.84502 0 0.534735 
0.073514 0 0.997294 
0.912855 0 0.408284 
0.980006 0 0.198966 
0.496112 0 0.868258 
0.961447 0 0.274991 
0.44851 0 0.893778 
0.957831 0 0.287333 
0.966095 0 0.258185 
0.855463 0 0.517863 
0.124773 0 0.992185 
0.129102 0 0.991631 
0.445186 0 0.895438 
0.441917 0 0.897056 
0.972989 0 0.23085 
0.309121 0 0.951023 
0.979175 0 0.203016 
0.817317 0 0.576188 
0.829486 0 0.558527 
0.273617 0 0.961839 
0.0506333 0 0.998717 
0.63055 0 0.776149 
0.633194 0 0.773993 
0.120733 0 0.992685 
0.996013 0 0.0892055 
0.79115 0 0.611622 
0.0552628 0 0.998472 
0.472481 0 0.881341 
0.89109 0 0.453828 
0.407228 0 0.913327 
0.120733 0 0.992685 
0.874666 0 0.484726 
0.95642 0 0.291995 
0.0842474 0 0.996445 
0.124773 0 0.992185 
0.600063 0 0.799953 
0.11606 0 0.993242 
0.620594 0 0.784132 
0.974618 0 0.223875 
0.340384 0 0.940287 
0.0277518 0 0.999615 
0.898952 0 0.438048 
0.11201 0 0.993707 
0.423917 0 0.905701 
0.720849 0 0.693093 
0.883126 0 0.469136 
0.593065 0 0.805155 
0.595651 0 0.803244 
0.142331 0 0.989819 
0.149726 0 0.988728 
0.777155 0 0.629309 
0.773383 0 0.633939 
0.999733 0 0.023114 
0.264965 0 0.964258 
0.969975 0 0.243205 
0.525176 0 0.850993 
0.527898 0 0.849308 
0.999822 0 0.0188702 
0.992382 0 0.123202 
0.859629 0 0.510918 
0.794227 0 0.607622 
0.999896 0 0.0144185 
0.903198 0 0.429225 
0.987214 0 0.159401 
0.986596 0 0.163184 
0.680992 0 0.732291 
0.678756 0 0.734364 
0.779085 0 0.626918 
0.777155 0 0.629309 
0.44851 0 0.893778 
0.970769 0 0.240014 
0.999822 0 0.0188702 
0.999733 0 0.023114 
0.11201 0 0.993707 
0.145884 0 0.989302 
0.970769 0 0.240014 
0.142331 0 0.989819 
0.953963 0 0.299925 
0.950414 0 0.310987 
0.815595 0 0.578623 
0.763235 0 0.646121 
0.761332 0 0.648362 
0.638967 0 0.769235 
0.802201 0 0.597054 
0.0188063 0 0.999823 
0.589124 0 0.808043 
0.268081 0 0.963396 
0.965225 0 0.261419 
0.0226586 0 0.999743 
0.215112 0 0.976589 
0.218358 0 0.975869 
0.998388 0 0.056753 
0.874666 0 0.484726 
0.807893 0 0.589329 
0.135034 0 0.990841 
0.145884 0 0.989302 
0.979175 0 0.203016 
0.969975 0 0.243205 
0.898952 0 0.438048 
0.763235 0 0.646121 
0.767464 0 0.641093 
0.182304 0 0.983242 
0.179089 0 0.983833 
0.742652 0 0.669677 
0.777155 0 0.629309 
0.644528 0 0.764581 
0.642431 0 0.766344 
0.0916056 0 0.995795 
0.744726 0 0.66737 
0.744726 0 0.66737 
0.58155 0 0.813511 
0.583764 0 0.811923 
0.883126 0 0.469136 
0.96033 0 0.278867 
0.996324 0 0.0856601 
0.893622 0 0.448821 
0.108349 0 0.994113 
0.546968 0 0.837154 
0.896191 0 0.443668 
