4.00002 2.48632e-11 
8.67362e-13 4 
0.240275 2.27956 
0.186127 2.46043 
0.442855 1.78096 
1.06276 0.939147 
0.940581 1.06124 
0.373925 1.92795 
3.46582 0.0191352 
2.28638 0.238068 
3.21237 0.0431356 
0.514987 1.64448 
1.94817 0.365093 
2.87131 0.093334 
0.0565308 3.10548 
0.0839099 2.92522 
3.56899 0.0122816 
0.412811 1.8428 
1.26099 0.769239 
3.13562 0.0525467 
3.93886 0.000235414 
2.80346 0.106045 
3.76779 0.00347176 
0.1356 2.66265 
3.32437 0.0312283 
0.796082 1.22715 
0.270339 2.19057 
2.37988 0.209137 
2.72432 0.122114 
0.993895 1.00612 
2.57378 0.156578 
0.709614 1.34007 
2.21684 0.261217 
3.36685 0.0272586 
1.14285 0.866686 
0.881937 1.12548 
2.17168 0.277033 
0.00609579 3.69379 
0.00184693 3.82994 
2.47247 0.182834 
0.590241 1.51716 
0.757415 1.27623 
2.04644 0.324289 
0.00330484 3.77335 
1.45784 0.628201 
1.018 0.982156 
0.0312311 3.32434 
0.0442924 3.20246 
3.6567 0.00770003 
2.52472 0.168974 
1.78721 0.439747 
2.97189 0.0762222 
0.103823 2.81496 
0.630409 1.45448 
0.0672837 3.02972 
1.32699 0.719185 
0.000468097 3.91393 
0.565494 1.55752 
2.4125 0.199609 
1.8491 0.409836 
1.70336 0.482846 
1.86742 0.401279 
3.82444 0.00196991 
1.57915 0.552578 
0.11587 2.75428 
0.733929 1.30714 
0.0415042 3.2266 
1.17573 0.838488 
3.05507 0.0635668 
1.22644 0.796649 
0.34211 2.0025 
1.52263 0.586836 
0.164951 2.54039 
0.620237 1.47003 
0.295182 2.12196 
1.648 0.513021 
0.669527 1.39654 
0.669533 1.39653 
1.648 0.513021 
0.282769 2.15573 
2.64869 0.138771 
1.20135 0.817108 
3.64218 0.00838167 
2.67261 0.133362 
0.430517 1.80596 
1.5755 0.554741 
0.146883 2.61387 
0.0142795 3.53629 
1.33013 0.716881 
1.38062 0.680631 
0.0190688 3.46671 
2.10886 0.300094 
0.000169639 3.94807 
2.11063 0.299427 
0.0671311 3.03074 
2.00803 0.339832 
1.52266 0.586814 
1.76523 0.450753 
0.545119 1.59183 
0.51499 1.64448 
