4 3.61964e-13 
8.67362e-13 4 
0.418703 1.83041 
0.00686806 3.67537 
2.95332 0.0792288 
2.0318 0.330153 
1.75149 0.457736 
0.62996 1.45516 
3.76101 0.00368071 
0.0025592 3.80021 
1.07432 0.928347 
0.0166954 3.49985 
3.0918 0.0583942 
0.0295499 3.34195 
0.1169 2.74928 
2.15132 0.284367 
1.28263 0.752501 
0.484819 1.69966 
0.138159 2.65137 
0.992358 1.00767 
2.54534 0.163691 
3.62895 0.00902875 
0.275473 2.17605 
2.76234 0.114224 
1.64205 0.516351 
0.516421 1.64192 
2.67231 0.133428 
1.42254 0.651732 
0.21553 2.35852 
0.289041 2.13854 
3.40977 0.0235449 
2.87366 0.0929111 
1.58354 0.549987 
0.378101 1.9185 
2.25469 0.248441 
0.958346 1.04254 
0.242891 2.27153 
0.785781 1.24001 
0.0196264 3.45925 
2.31551 0.228789 
1.51528 0.591411 
3.21076 0.043323 
0.827768 1.1885 
1.20695 0.812498 
0.10268 2.82093 
0.741362 1.29727 
3.58672 0.0112648 
3.14074 0.051887 
0.35106 1.98105 
2.81845 0.103153 
2.46197 0.185705 
0.680551 1.38073 
0.0694244 3.01548 
0.0866809 2.90902 
0.0767551 2.96857 
1.46317 0.624704 
1.36367 0.692617 
0.573382 1.5445 
3.99618 9.10643e-07 
2.36131 0.214688 
0.0471525 3.17857 
3.84013 0.00163016 
0.197788 2.41885 
3.87995 0.000914497 
0.051208 3.14604 
0.151276 2.59551 
1.18819 0.828028 
0.319297 2.05904 
0.175189 2.50097 
0.909038 1.0953 
2.40844 0.200781 
1.14579 0.864129 
1.84491 0.411811 
0.0948528 2.86293 
2.20643 0.264807 
0.160058 2.55977 
1.97276 0.35456 
0.867037 1.14244 
0.0384502 3.2541 
1.84253e-05 3.98285 
0.238918 2.28375 
2.60915 0.148006 
0.592111 1.51416 
3.49838 0.0167971 
0.0370117 3.26747 
0.000805224 3.8873 
1.96066 0.359716 
1.103 0.90205 
0.803858 1.21753 
1.79211 0.437322 
1.90575 0.383796 
3.50104 0.0166136 
0.371798 1.93279 
0.485154 1.69903 
0.000806705 3.8872 
1.89656 0.387936 
1.49654 0.603216 
3.35026 0.0287736 
0.874156 1.1343 
3.33206 0.0304875 
