3.99999 6.07267e-12 
8.67362e-13 4 
1.59325 0.544288 
1.30845 0.732949 
1.72193 0.473037 
1.21787 0.803587 
3.27916 0.03578 
0.12188 2.72543 
2.05347 0.321496 
0.441377 1.78393 
1.10008 0.904692 
0.0324307 3.31209 
0.46809 1.73141 
0.00207226 3.81998 
0.000722676 3.89319 
1.0107 0.989357 
2.12355 0.294589 
0.170678 2.51815 
1.04441 0.956552 
3.52211 0.0151961 
3.74256 0.00428105 
2.54007 0.165032 
0.0858024 2.91412 
2.47162 0.183065 
0.216468 2.35542 
2.99611 0.0724001 
0.0396093 3.24353 
3.13286 0.0529052 
2.18552 0.272118 
2.2422 0.252609 
0.202258 2.40333 
0.38277 1.90803 
0.576905 1.53873 
3.06432 0.0622401 
2.30461 0.232232 
3.43072 0.0218392 
0.731907 1.30984 
0.0679443 3.0253 
0.241698 2.27519 
0.181555 2.47719 
2.40683 0.201245 
2.69068 0.129364 
2.92063 0.0846896 
2.84074 0.0989412 
3.94963 0.000159547 
0.953676 1.04742 
0.00591995 3.69816 
2.35983 0.215134 
0.145713 2.61882 
0.103561 2.81633 
1.88079 0.395113 
0.314234 2.07197 
0.629375 1.45605 
1.35855 0.696274 
0.0163064 3.50552 
0.00535239 3.71271 
0.505313 1.6619 
0.145713 2.61882 
0.941918 1.05982 
0.401884 1.86611 
3.83175 0.00180741 
0.0115122 3.58233 
1.46795 0.621593 
3.86168 0.00121691 
0.540744 1.59933 
1.80166 0.432624 
0.100125 2.83442 
0.0489547 3.16393 
1.17314 0.840673 
3.35098 0.0287073 
1.96609 0.357396 
0.894023 1.11191 
0.844065 1.16914 
0.0559451 3.10984 
0.251954 2.24415 
1.14326 0.866326 
0.0231256 3.41484 
0.301318 2.10562 
0.614293 1.47922 
0.738446 1.30113 
1.48882 0.60813 
1.53057 0.581921 
1.55103 0.569414 
0.777636 1.25029 
2.64041 0.140674 
0.894742 1.11111 
2.75809 0.115092 
0.669069 1.3972 
1.38203 0.679638 
0.511683 1.6504 
0.0192653 3.46407 
0.353532 1.97519 
0.554858 1.57531 
2.87529 0.0926172 
0.26873 2.19516 
0.285191 2.14906 
0.669121 1.39713 
2.60765 0.148361 
1.41644 0.65587 
3.66536 0.00730798 
