8.67362e-13 4 
4.00001 1.59015e-12 
1.49392 0.604878 
0.567047 1.55495 
1.38944 0.674461 
1.12878 0.879014 
1.68283 0.493871 
0.682301 1.37824 
0.21887 2.34753 
0.638084 1.44288 
1.56872 0.558777 
0.015018 3.52483 
0.155724 2.57725 
2.33568 0.222508 
1.29785 0.740918 
3.54237 0.0138961 
2.21711 0.261123 
0.112666 2.77004 
0.128418 2.695 
2.81314 0.104173 
1.25259 0.775826 
0.00390696 3.75388 
0.0355016 3.28183 
1.35369 0.69976 
0.809225 1.21095 
0.267006 2.2001 
0.193871 2.43264 
2.9194 0.0849 
0.950982 1.05025 
0.184625 2.46591 
0.487512 1.69463 
0.513339 1.64743 
0.437512 1.79172 
0.460976 1.74517 
0.971035 1.02939 
1.94323 0.36724 
1.77533 0.445671 
3.33961 0.0297698 
0.162393 2.55047 
0.0247273 3.39573 
2.71444 0.124217 
0.290328 2.13504 
3.93484 0.000267535 
0.342367 2.00188 
0.763122 1.26885 
0.338225 2.01194 
3.8019 0.00251544 
0.237044 2.28956 
0.0527537 3.13403 
3.02813 0.0675215 
3.08389 0.0594868 
0.390437 1.89104 
0.0025543 3.80039 
2.59972 0.15026 
3.75553 0.00385401 
3.13899 0.0521121 
2.42394 0.196336 
0.304383 2.09755 
1.89259 0.389734 
0.00851562 3.6394 
1.60735 0.536096 
0.0188161 3.47013 
0.25036 2.24892 
0.00851355 3.63944 
2.77751 0.111164 
0.851409 1.16054 
0.0810598 2.94222 
3.60104 0.0104773 
3.43575 0.0214392 
0.0688025 3.01959 
3.24819 0.0390956 
0.898636 1.10678 
2.01454 0.337161 
0.378484 1.91764 
0.715583 1.3319 
7.62004e-05 3.96516 
1.02347 0.976806 
0.606069 1.49205 
3.682 0.00658449 
0.0959182 2.85709 
2.49883 0.175755 
2.14432 0.286922 
2.51501 0.171496 
1.02343 0.976839 
1.18499 0.830701 
3.4357 0.0214436 
0.773361 1.25572 
1.0797 0.923358 
0.897299 1.10826 
1.0797 0.923358 
2.97227 0.0761605 
0.0935699 2.87 
2.66439 0.135206 
2.431 0.194335 
1.83017 0.418818 
2.27296 0.242423 
0.842652 1.17081 
0.0446994 3.19901 
2.08491 0.309223 
0.124303 2.71404 
