0.491561 0.851739 
0.505414 0.624178 
0.491567 0.657914 
0.496232 0.624849 
0.492662 0.626065 
0.495449 0.625019 
0.491835 0.627649 
0.491577 0.637291 
0.491573 0.654994 
0.495707 0.62501 
0.491632 0.631415 
0.49165 0.628462 
0.491605 0.63656 
0.491571 0.655071 
0.491566 0.950662 
1.49146 0.62453 
0.491571 0.675921 
1.08442 0.624659 
0.651303 0.624669 
1.34367 0.624624 
0.491573 0.656672 
0.557276 0.625039 
0.491582 0.637827 
0.544381 0.625367 
0.497124 0.625485 
0.491679 0.631447 
0.491641 0.63522 
0.557229 0.62523 
0.492805 0.626221 
0.491632 0.63643 
0.491837 0.628015 
0.491688 0.629393 
0.491712 0.629259 
0.491836 0.628111 
1.96271 0.624555 
0.49157 1.07923 
0.491573 0.658022 
1.49317 0.624648 
1.135 0.624673 
1.03628 0.624675 
0.744066 0.624906 
0.562445 0.625184 
0.707948 0.625052 
0.511779 0.625521 
0.491591 0.643927 
0.491692 0.634156 
0.500025 0.625967 
0.510981 0.625814 
0.491711 0.630603 
0.491607 0.642477 
0.491634 0.637807 
0.495356 0.626749 
0.491655 0.636297 
0.491607 0.640435 
0.491634 0.639038 
0.498314 0.626075 
0.491663 0.635391 
0.495164 0.627591 
0.491632 0.640087 
0.491872 0.62834 
0.491831 0.62927 
0.494089 0.627792 
0.491788 0.629656 
0.491738 0.630544 
0.493333 0.628049 
0.491964 0.628077 
0.492835 0.628067 
0.491823 0.629551 
0.491573 1.4815 
2.04328 0.624682 
0.491573 0.678891 
1.38951 0.624751 
0.930449 0.624938 
1.3895 0.624857 
0.781195 0.624967 
0.568569 0.625217 
0.491575 0.660188 
0.523753 0.625861 
0.555806 0.625781 
0.491602 0.6474 
0.501391 0.626557 
0.491607 0.641911 
0.491721 0.634971 
0.563039 0.625284 
0.491736 0.63098 
0.496686 0.627352 
0.557995 0.62573 
0.491663 0.637699 
0.491633 0.640115 
0.495182 0.627836 
0.491654 0.639181 
0.491806 0.629752 
0.493462 0.628128 
0.492035 0.628205 
0.4919 0.62889 
0.491997 0.628849 
0.491607 1.19498 
1.68821 0.624795 
0.49161 0.671545 
1.34438 0.625028 
