1.06667 0.288673 
0.855126 0.522125 
1.06661 0.288699 
0.855755 0.521089 
0.855341 0.521525 
0.855416 0.521392 
0.855237 0.521714 
0.855176 0.521834 
0.855149 0.521975 
0.855267 0.521621 
0.855514 0.521279 
0.855717 0.521122 
0.855567 0.521237 
0.855429 0.521377 
1.06667 0.288676 
0.855463 0.521336 
0.855197 0.521749 
0.855464 0.521326 
0.855502 0.521295 
0.85527 0.521584 
0.855299 0.521542 
0.855608 0.521194 
0.855641 0.521173 
0.855684 0.52116 
0.85559 0.521216 
0.855131 0.52208 
0.855142 0.521976 
0.855306 0.521529 
0.85518 0.521804 
0.855194 0.521788 
0.855141 0.52202 
0.855581 0.521223 
0.855128 0.522115 
0.85569 0.52113 
0.855132 0.522064 
0.855686 0.521144 
0.855569 0.521236 
0.855132 0.522049 
0.855625 0.521188 
0.855267 0.521605 
0.855505 0.521284 
0.855141 0.52202 
0.855133 0.522036 
0.855268 0.521584 
0.855194 0.521752 
0.855418 0.521385 
0.855194 0.521768 
0.855177 0.521818 
0.855194 0.521773 
0.855625 0.521183 
0.855686 0.52116 
0.855687 0.52113 
0.855267 0.521612 
0.855306 0.521536 
0.855133 0.522037 
0.855128 0.522117 
0.855504 0.521293 
0.855301 0.521539 
0.855176 0.521829 
0.855147 0.521976 
0.855176 0.521825 
0.855177 0.521823 
0.855417 0.521386 
0.855417 0.521389 
0.855417 0.52139 
0.855504 0.521293 
0.855687 0.52113 
0.8553 0.521539 
0.8553 0.521542 
0.85569 0.52113 
0.855177 0.521823 
0.8553 0.521542 
0.855128 0.522122 
1.06667 0.288673 
1.06661 0.2887 
0.855729 0.521124 
0.855416 0.521402 
0.855237 0.521715 
0.85515 0.521979 
0.855176 0.52184 
0.855267 0.521629 
0.855315 0.521533 
0.855463 0.521353 
0.855514 0.52128 
0.855199 0.521761 
0.855567 0.521247 
1.06667 0.288679 
0.855416 0.521394 
0.855276 0.521595 
0.855643 0.521174 
0.855684 0.521164 
0.855624 0.521224 
0.855583 0.521225 
0.855473 0.521327 
0.855625 0.521189 
0.855505 0.521301 
0.855144 0.521999 
0.855693 0.52113 
0.855138 0.522037 
0.855132 0.522085 
