1.22709 0.2752 
0.520662 0.853148 
0.677026 0.827659 
1.18035 0.311123 
1.18297 0.283541 
1.22694 0.276218 
1.1813 0.310859 
1.18171 0.285379 
0.612121 0.832398 
0.523983 0.850992 
0.535415 0.849118 
0.562189 0.840624 
0.655421 0.828327 
0.622442 0.832026 
0.625181 0.830623 
0.665568 0.828277 
0.643632 0.829409 
0.632834 0.830375 
0.569841 0.83846 
0.604966 0.833761 
0.585675 0.836168 
0.5944 0.836029 
0.638243 0.829931 
0.570245 0.837877 
0.577444 0.837384 
0.64861 0.829058 
0.585425 0.836691 
0.57894 0.83675 
0.671266 0.827696 
0.603445 0.833777 
0.521147 0.851208 
0.557517 0.844086 
0.600456 0.834913 
0.559353 0.841935 
0.539014 0.848477 
0.62304 0.831842 
0.595738 0.835774 
0.598745 0.835352 
0.541519 0.848381 
0.651021 0.828851 
0.543676 0.847494 
1.18172 0.285378 
0.550675 0.845753 
0.63588 0.830313 
0.548209 0.847038 
0.668056 0.828111 
0.546123 0.847096 
0.553267 0.845012 
0.554666 0.844801 
0.653955 0.828411 
0.548771 0.846538 
0.536306 0.848612 
0.552451 0.845612 
0.520874 0.853127 
0.556642 0.844111 
0.635997 0.830252 
0.666786 0.828207 
0.540828 0.848405 
0.652866 0.828678 
0.561411 0.841207 
0.652245 0.828823 
0.669991 0.828036 
0.55118 0.845693 
0.54516 0.847096 
0.554599 0.844889 
0.595096 0.835909 
0.670963 0.827864 
0.599842 0.83514 
0.53618 0.849023 
1.22695 0.276114 
0.560055 0.8419 
1.18084 0.311064 
0.670092 0.828006 
0.548725 0.846598 
0.560538 0.841854 
0.578936 0.836988 
0.560819 0.841285 
0.570028 0.838367 
0.578276 0.83708 
0.556648 0.844107 
0.59946 0.835276 
0.577615 0.837152 
0.599151 0.835292 
0.560596 0.841457 
0.536224 0.848623 
0.578 0.83713 
0.543968 0.847237 
0.560613 0.84136 
0.578121 0.837116 
0.569915 0.838405 
0.544267 0.847097 
0.536259 0.848621 
1.22694 0.276222 
0.522905 0.9007 
0.677618 0.827661 
0.570548 0.838296 
0.654305 0.828594 
0.560792 0.844856 
0.671376 0.827753 
0.578153 0.837513 
