0.542056 1.52772 
0.877874 0.178402 
0.853756 0.374197 
0.551433 0.554853 
0.542071 0.954873 
0.542117 0.827532 
0.542177 0.591164 
0.853807 0.256953 
0.853809 0.236124 
0.8757 0.178578 
0.868837 0.179317 
0.54224 0.567797 
0.86338 0.181107 
0.853871 0.217657 
0.8601 0.182559 
0.858291 0.191623 
0.865814 0.179559 
0.85433 0.212514 
0.854645 0.199225 
0.859126 0.185321 
0.547741 0.555222 
0.877822 0.178429 
0.54244 0.562006 
0.54967 0.55517 
0.856417 0.19186 
0.549455 0.555212 
0.546729 0.556389 
0.543111 0.560337 
0.867212 0.179433 
0.545451 0.557892 
0.546539 0.55764 
0.542301 0.565579 
0.856277 0.194439 
0.867202 0.179517 
0.54349 0.55919 
0.544159 0.558848 
0.855595 0.19527 
0.853884 0.213254 
0.544617 0.558471 
0.545065 0.558439 
0.859572 0.184152 
0.859566 0.184275 
0.854652 0.198293 
0.855061 0.197129 
0.855024 0.197905 
0.85637 0.192395 
0.853909 0.212725 
0.855188 0.195742 
0.855274 0.195548 
0.85638 0.1922 
0.542147 0.954871 
0.897885 0.178447 
0.711258 0.555002 
0.853771 0.433408 
0.646802 0.555148 
0.542212 0.650623 
0.542155 0.894578 
0.565643 0.555148 
0.853781 0.374953 
0.853811 0.263089 
0.542322 0.587949 
0.853771 0.382797 
0.879313 0.178479 
0.554006 0.555176 
0.853881 0.225019 
0.563513 0.55516 
0.853864 0.243075 
0.875301 0.179319 
0.868838 0.179392 
0.853814 0.25771 
0.85383 0.248305 
0.854886 0.209136 
0.549597 0.55522 
0.857949 0.191964 
0.854887 0.200495 
0.542348 0.568773 
0.862608 0.184212 
0.542346 0.576525 
0.542342 0.580266 
0.859477 0.185792 
0.853912 0.216421 
0.542462 0.564764 
0.878145 0.178595 
0.859671 0.185372 
0.866137 0.17989 
0.547841 0.555241 
0.546743 0.557226 
0.85449 0.213205 
0.543283 0.561866 
0.864667 0.182031 
0.545558 0.558425 
0.856384 0.19453 
0.863663 0.182124 
0.867354 0.179561 
0.85696 0.192455 
0.8553 0.196089 
0.544177 0.558893 
0.855268 0.197897 
0.54357 0.559506 
0.56564 0.555157 
