0.423908 1.43951 
1.95919 0.0346299 
1.03443 0.546795 
1.19934 0.034636 
0.553377 0.689775 
1.82207 0.0346339 
0.423909 0.951043 
1.03443 0.346554 
1.03444 0.0770349 
0.423912 0.862595 
0.423912 0.691626 
1.04354 0.0346366 
0.426468 0.689779 
0.423911 0.917567 
1.03445 0.044735 
1.03446 0.0355635 
1.04097 0.0346417 
1.03811 0.0346434 
1.04193 0.0346373 
1.03628 0.0346519 
0.426338 0.689825 
0.424851 0.689836 
0.42392 0.690905 
1.03742 0.03465 
1.03563 0.0346661 
0.42392 0.690134 
0.423913 0.691457 
1.03512 0.0346941 
0.423978 0.689939 
1.0345 0.0352069 
0.42442 0.689913 
1.03459 0.0347413 
1.03454 0.0349857 
1.0376 0.0346483 
1.03489 0.0347019 
0.424594 0.689901 
0.424765 0.689896 
1.03491 0.0346964 
1.03752 0.0346498 
2.53585 0.0346323 
0.423909 1.4416 
1.46335 0.0346374 
1.03443 0.658478 
0.423912 0.839945 
0.423911 1.30343 
1.03444 0.214343 
0.529662 0.689785 
1.20138 0.0346375 
1.03445 0.178637 
0.423918 0.696198 
1.03445 0.044735 
0.42391 1.31638 
1.0448 0.034639 
0.42678 0.689811 
1.03444 0.197444 
1.03444 0.207189 
1.03448 0.0397513 
1.04213 0.0346413 
1.0345 0.0365169 
0.423921 0.694172 
1.03817 0.034647 
0.423925 0.692164 
0.423924 0.692563 
0.423925 0.690332 
1.0345 0.035512 
0.426228 0.689839 
0.425357 0.689881 
1.03686 0.0346608 
1.03618 0.0346715 
1.03727 0.034655 
1.03455 0.0352135 
0.424829 0.689966 
1.03777 0.0346483 
0.42403 0.689976 
1.03465 0.0349473 
1.03544 0.0347032 
0.42483 0.689898 
0.423928 0.690274 
1.03498 0.0347131 
0.424025 0.690018 
1.03578 0.034674 
1.03465 0.0347828 
1.03452 0.0354849 
1.03567 0.0346866 
1.03486 0.0347444 
1.0349 0.0347166 
1.03452 0.035485 
2.53648 0.0346343 
0.42391 2.60782 
1.79281 0.0346376 
0.423912 1.30356 
1.03444 0.344577 
0.530646 0.689805 
1.05985 0.0346391 
0.423913 1.2347 
0.423913 0.863312 
1.03444 0.197651 
0.423914 0.839948 
0.42392 0.696475 
1.03445 0.0897453 
