7.05579e-16 1 
1 1.11022e-16 
0.876513 0.0637772 
0.663088 0.185698 
0.967931 0.0161654 
0.312904 0.440622 
0.949687 0.0254811 
0.168843 0.589095 
0.739721 0.13993 
0.298311 0.453822 
0.179383 0.576464 
0.137459 0.629245 
0.934391 0.033361 
0.983981 0.00804168 
0.647535 0.195304 
0.191335 0.562581 
0.859221 0.0730581 
0.680257 0.175223 
0.10243 0.679954 
0.201472 0.551144 
0.111309 0.666369 
0.917666 0.0420511 
0.0932386 0.69465 
0.623022 0.210683 
0.149735 0.613043 
0.00944567 0.902811 
0.60604 0.221514 
0.722414 0.150051 
0.0132802 0.88476 
0.753708 0.131836 
0.258676 0.491398 
0.00608254 0.922009 
0.12076 0.652494 
0.000549994 0.976548 
0.157076 0.603672 
0.0636506 0.747709 
0.0175896 0.867374 
0.893668 0.05466 
0.213124 0.538346 
0.0851753 0.708152 
0.500911 0.292249 
0.246993 0.503016 
0.0708887 0.733751 
0.00358425 0.940131 
0.845705 0.080378 
0.44793 0.330724 
0.128956 0.640896 
0.633753 0.203914 
0.0778817 0.720927 
0.00171058 0.958641 
0.0222201 0.850936 
0.345536 0.412177 
0.513747 0.283239 
0.767359 0.12401 
0.287157 0.46413 
0.467283 0.316419 
0.0465506 0.784244 
0.268846 0.481496 
0.790388 0.110962 
0.481042 0.306428 
0.0405671 0.798587 
0.332122 0.423699 
0.543733 0.262618 
0.576007 0.241048 
0.435458 0.340108 
0.904456 0.0489712 
0.238126 0.512019 
0.325483 0.429489 
0.778468 0.117691 
0.712066 0.15616 
0.278204 0.472549 
0.398724 0.368554 
0.0565345 0.76223 
0.0265605 0.837026 
0.802914 0.103945 
0.564117 0.248923 
0.0355979 0.811326 
0.388341 0.37683 
0.0309443 0.82409 
0.832815 0.0874127 
0.554881 0.255097 
0.489416 0.300417 
0.458634 0.322775 
0.532748 0.270104 
0.417117 0.354154 
0.229118 0.521337 
0.379391 0.384053 
0.5863 0.234298 
0.221879 0.52896 
0.408205 0.361091 
0.596067 0.227946 
0.427 0.346548 
0.353202 0.405692 
0.523896 0.276193 
0.052104 0.771737 
0.813028 0.0983191 
0.692492 0.167839 
0.7 0.16334 
0.363095 0.397426 
0.823413 0.0925789 
