0 1.99874 
1 0.274881 
0.2 0.95176 
0.2 1.36648 
0.481092 0.650054 
0.0235511 1.78177 
0.371611 0.752922 
0.49927 0.634157 
0.385806 0.738799 
0.313191 0.814103 
0.3 0.828689 
0.275683 0.856445 
0.140046 1.46967 
0.287434 0.842885 
0.619679 0.535456 
0.747785 0.440498 
0.445568 0.682012 
0.0300843 1.75352 
0.787661 0.412632 
0.326175 0.800042 
0.400126 0.724812 
0.017515 1.81163 
0.262928 0.871494 
0.173155 1.41044 
0.665643 0.500346 
0.337841 0.787645 
0.431473 0.695043 
0.733652 0.450552 
0.603737 0.547935 
0.557861 0.584798 
0.21049 0.937583 
0.801841 0.402894 
0.221444 0.923151 
0.863639 0.361425 
0.0938574 1.56561 
0.114503 1.52034 
0.849 0.371111 
0.947547 0.307427 
0.0852644 1.58591 
0.986762 0.283013 
0.124551 1.49979 
0.231812 0.909816 
0.973211 0.291393 
0.570568 0.57444 
0.0707884 1.62259 
0.67966 0.489883 
0.93321 0.31648 
0.762221 0.430326 
0.0786598 1.60223 
0.773189 0.422662 
0.468503 0.661239 
0.242317 0.896606 
0.252379 0.884218 
0.18483 1.39093 
0.45774 0.670923 
0.9601 0.299558 
0.544755 0.595605 
0.00292309 1.9223 
0.356595 0.768158 
0.896647 0.339883 
0.652634 0.510157 
0.511776 0.623388 
0.150722 1.44987 
0.911419 0.330371 
0.522075 0.614618 
0.0353667 1.73286 
0.0523128 1.67538 
0.814649 0.394172 
0.534527 0.604129 
0.0464665 1.69398 
0.0407093 1.71349 
0.58251 0.564811 
0.165226 1.42407 
0.00547898 1.89409 
0.131217 1.48661 
0.0585792 1.65656 
0.631498 0.526306 
0.411306 0.714065 
0.0644977 1.63969 
0.101126 1.54915 
0.836983 0.379124 
0.000434043 1.96928 
0.876023 0.353296 
0.420661 0.705186 
0.826074 0.386449 
0.593386 0.556126 
0.720692 0.459857 
0.641839 0.518372 
0.7 0.474889 
0.013723 1.83312 
0.107748 1.53467 
0.349999 0.774952 
0.921386 0.323997 
0.00136974 1.94641 
0.00780953 1.8738 
0.0107771 1.85197 
0.156559 1.43934 
0.711902 0.466215 
0.191019 1.38084 
0.690637 0.481763 
