1 2.36322e-09 
0 1 
0.0869076 0.705199 
0.206959 0.545073 
0.0157203 0.874826 
0.0766435 0.723154 
0.821051 0.0938813 
0.165735 0.592895 
0.0985677 0.686045 
0.790595 0.110846 
0.221246 0.529632 
0.382948 0.381172 
0.804111 0.103278 
0.17782 0.578312 
0.243653 0.506388 
0.480091 0.307114 
0.773223 0.120669 
0.230171 0.520239 
0.964964 0.0176741 
0.0114496 0.893015 
0.00786017 0.911343 
0.888139 0.0575888 
0.903267 0.0495963 
0.550215 0.258235 
0.836394 0.0854544 
0.0221231 0.851262 
0.155357 0.605847 
0.146654 0.617046 
0.291316 0.460263 
0.136771 0.630175 
0.874408 0.0649021 
0.367893 0.393458 
0.0682003 0.738848 
0.0460781 0.785342 
0.195514 0.55783 
0.535657 0.268114 
0.598582 0.226319 
0.394157 0.372181 
0.120664 0.652633 
0.00481403 0.930747 
0.584714 0.235334 
0.760891 0.12771 
0.979159 0.0104754 
0.253477 0.496535 
0.428076 0.345725 
0.405967 0.362844 
0.747167 0.135612 
0.665652 0.184125 
0.0392695 0.801838 
0.302094 0.450369 
0.416673 0.354498 
0.340269 0.416674 
0.515897 0.28174 
0.439535 0.337026 
0.561752 0.2505 
0.00275711 0.947492 
0.86081 0.0722013 
0.128645 0.641328 
0.279876 0.470967 
0.468168 0.315772 
0.495393 0.296159 
0.187262 0.567263 
0.573707 0.242566 
0.700993 0.162747 
0.678615 0.176219 
0.849099 0.0785341 
0.00115068 0.966176 
0.654096 0.191238 
0.949131 0.0257666 
0.111726 0.665746 
0.0297981 0.827379 
0.712975 0.155622 
0.0517775 0.772453 
0.350502 0.407968 
0.735454 0.142414 
0.642433 0.198481 
0.631788 0.205152 
0.91707 0.0423625 
0.329399 0.426067 
0.689146 0.169852 
0.620208 0.212467 
0.311867 0.44155 
0.724272 0.148959 
0.263924 0.486265 
0.609878 0.219053 
0.926979 0.0372024 
0.0348176 0.813405 
0.000302981 0.982655 
0.502386 0.291208 
0.940225 0.0303482 
0.105663 0.674942 
0.525468 0.275108 
0.320961 0.433466 
0.0574628 0.760286 
0.0622006 0.750607 
0.450399 0.328882 
0.359927 0.40006 
0.0252747 0.84102 
0.99208 0.00396774 
0.271483 0.47896 
