0.55403 0.263097 
7.28849e-39 23.8945 
2.29839e-38 14.0941 
6.50444e-38 9.41536 
1.47097e-36 4.05884 
6.50444e-38 9.41536 
2.29839e-38 14.0941 
0.466054 0.351574 
0.400001 0.373603 
0.521611 0.287846 
0.0385305 0.881358 
0.0955404 0.72181 
0.00791642 1.21861 
0.0827723 0.83842 
0.3201 0.462451 
0.205443 0.566164 
0.135648 0.669665 
1.47097e-36 4.05884 
0.00189533 2.45825 
0.27756 0.50924 
0.285707 0.495671 
0.327903 0.449368 
0.362039 0.425071 
0.135648 0.669665 
0.174337 0.618294 
0.166527 0.631517 
0.00189533 2.45825 
0.250473 0.528063 
0.0260693 1.14827 
0.496986 0.301738 
0.235806 0.547404 
0.226531 0.559821 
0.214733 0.565638 
0.4 0.396231 
0.379572 0.399557 
0.03024 0.999155 
0.362039 0.425071 
0.379572 0.399557 
0.490671 0.316404 
0.0860048 0.730739 
0.250473 0.528063 
0.478794 0.325361 
0.477969 0.345838 
0.466054 0.351574 
0.174337 0.618294 
0.166527 0.631517 
0.285707 0.495671 
0.327903 0.449368 
0.00791642 1.21861 
0.495936 0.313954 
0.00189533 2.45825 
0.0827723 0.83842 
1.47097e-36 4.05884 
0.00189533 2.45825 
0.400001 0.373603 
0.400001 0.373603 
0.466054 0.351574 
1.47097e-36 4.05884 
1.47097e-36 4.05884 
0.00189533 2.45825 
0.00189533 2.45825 
0.00791642 1.21861 
0.00189533 2.45825 
0.00189533 2.45825 
0.00189533 2.45825 
0.00189533 2.45825 
0.00791642 1.21861 
0.00189533 2.45825 
0.00189533 2.45825 
0.00189533 2.45825 
0.00189533 2.45825 
0.00189533 2.45825 
0.00189533 2.45825 
0.400001 0.373603 
1.47097e-36 4.05884 
0.00189533 2.45825 
0.00189533 2.45825 
0.466054 0.351574 
0.00189533 2.45825 
0.00189533 2.45825 
0.00189533 2.45825 
0.00189533 2.45825 
7.28849e-39 27.5863 
0.681103 0.264911 
2.29839e-38 19.4776 
9.19357e-38 10.0818 
6.50444e-38 16.4989 
1.4577e-38 27.4986 
1.47097e-36 6.93094 
0.00189533 2.50288 
0.174337 0.622256 
0.0860048 0.7323 
0.285707 0.497938 
0.4 0.441755 
0.214733 0.569358 
0.466054 0.351881 
0.0385305 0.987581 
0.282804 0.527025 
0.400001 0.373957 
0.613961 0.265233 
