0.400109 0.460903 
1.17831e-45 73.1975 
1.5e-45 41.653 
0.199456 1.7469 
0.372885 1.38252 
0.264498 1.49415 
1.87037e-45 26.6271 
0.117186 2.0103 
0.0910318 2.09216 
0.0113304 2.10848 
0.264498 1.49415 
1.99329e-36 8.11365 
7.62185e-40 14.7566 
3.74073e-45 23.8853 
4.42811e-45 19.0211 
2.43613e-41 16.8057 
0.094985 2.06875 
0.117186 2.0103 
7.79869e-05 3.35101 
0.380168 1.38035 
2.99999e-45 25.2404 
2.52342e-33 5.82901 
2.52342e-33 5.82901 
1.99329e-36 8.11365 
0.387757 1.3377 
0.4 1.27931 
4.42811e-45 19.0211 
7.62185e-40 14.7566 
0.00897996 2.12293 
0.000155974 2.29043 
0.387757 1.3377 
0.000155974 2.29043 
0.4 1.27931 
0.400027 0.460972 
0.094985 2.06875 
0.0910318 2.09216 
0.00897996 2.12293 
0.0113304 2.10848 
0.117186 2.0103 
0.00897996 2.12293 
0.000155974 2.29043 
0.117186 2.0103 
0.4 1.27931 
0.094985 2.06875 
0.0910318 2.09216 
0.0113304 2.10848 
0.0113304 2.10848 
0.000155974 2.29043 
0.400055 0.460949 
0.400055 0.460949 
0.400027 0.460972 
0.4 1.27931 
0.400027 0.460972 
0.400109 0.460903 
0.400027 0.460972 
0.400055 0.460949 
2.52342e-33 5.82901 
7.62185e-40 14.7566 
1.99329e-36 8.11365 
0.400027 0.460972 
0.000155974 2.29043 
7.62185e-40 14.7566 
0.4 1.27931 
0.000155974 2.29043 
0.117186 2.0103 
0.4 1.27931 
0.117186 2.0103 
7.62185e-40 14.7566 
0.4 1.27931 
0.0113304 2.10848 
0.4 1.27931 
7.62185e-40 14.7566 
0.4 1.27931 
7.62185e-40 14.7566 
0.117186 2.0103 
7.62185e-40 14.7566 
0.117186 2.0103 
0.00897996 2.12293 
0.400027 0.460972 
0.000155974 2.29043 
0.4 1.27931 
1.99329e-36 8.11365 
0.117186 2.0103 
0.400027 0.460972 
0.000155974 2.29043 
1.99329e-36 8.11365 
0.117186 2.0103 
0.0113304 2.10848 
0.0910318 2.09216 
0.400027 0.460972 
0.400027 0.460972 
0.411405 0.820042 
1.17831e-45 73.5574 
0.199456 1.74802 
0.4 1.59631 
4.42811e-45 19.2799 
0.0972657 3.73517 
1.5e-45 52.599 
2.99999e-45 36.7719 
0.188549 2.39366 
