0 1.99874 
1 0.584969 
0.0733033 1.61596 
0.687111 0.826834 
0.366575 1.14276 
0.181434 1.39654 
0.453609 1.04656 
0.914895 0.646466 
0.668099 0.84316 
0.934562 0.632009 
0.270155 1.26391 
0.887903 0.666563 
0.0478561 1.68946 
0.772663 0.756017 
0.0827152 1.59213 
0.236963 1.31053 
0.256641 1.28252 
0.00584305 1.89067 
0.946218 0.623512 
0.871943 0.67859 
0.0166536 1.81629 
0.468158 1.03141 
0.00142247 1.94541 
0.351285 1.16081 
0.00329939 1.91753 
0.16839 1.41859 
0.00914095 1.86357 
0.787426 0.744201 
0.987663 0.593716 
0.558365 0.942315 
0.12104 1.50687 
0.290414 1.23685 
0.733389 0.788012 
0.0400966 1.71564 
0.104387 1.54196 
0.0644346 1.63987 
0.758218 0.767688 
0.0215788 1.79106 
0.719291 0.799705 
0.388833 1.11716 
0.112268 1.52503 
0.521222 0.978057 
0.902519 0.655643 
0.302808 1.22077 
0.58105 0.921068 
0.330944 1.18543 
0.0126517 1.83972 
0.129699 1.48959 
0.378464 1.12899 
0.825137 0.714512 
0.611915 0.892816 
0.440076 1.06087 
0.5 0.999051 
0.247661 1.29517 
0.280739 1.24965 
0.207761 1.35433 
0.746021 0.77763 
0.000297726 1.97434 
0.811666 0.725038 
0.401548 1.10286 
0.225528 1.32734 
0.837626 0.704829 
0.0958036 1.56114 
0.137953 1.47363 
0.191004 1.38086 
0.635078 0.87208 
0.963258 0.611184 
0.0260393 1.7706 
0.623831 0.882101 
0.8 0.734224 
0.343103 1.17062 
0.5691 0.932208 
0.53693 0.962791 
0.0308218 1.75053 
0.218089 1.33851 
0.971581 0.605203 
0.489232 1.00987 
0.478616 1.02066 
0.647385 0.861216 
0.512453 0.986679 
0.153287 1.44522 
0.543586 0.956389 
0.321157 1.19754 
0.420784 1.08166 
0.199304 1.36758 
0.0541289 1.66981 
0.146091 1.45837 
0.0896085 1.57553 
0.311915 1.20916 
0.410616 1.0928 
0.43075 1.07086 
0.850113 0.69522 
0.0356274 1.73188 
0.161915 1.42985 
0.859646 0.687932 
0.657447 0.852409 
0.7 0.815893 
0.0590546 1.65517 
0.707212 0.809816 
0.593883 0.909233 
