1 1.22318e-08 
0 1 
0.281811 0.469141 
0.774838 0.119751 
0.826663 0.0907901 
0.296788 0.455217 
0.557085 0.253619 
0.267991 0.482334 
0.518131 0.28019 
0.571159 0.24425 
0.133996 0.633947 
0.0128486 0.886648 
0.369256 0.392336 
0.060239 0.754564 
0.203048 0.549391 
0.436885 0.339028 
0.173339 0.583704 
0.422891 0.349699 
0.868792 0.0679105 
0.145302 0.618816 
0.661361 0.186759 
0.756324 0.130331 
0.62063 0.2122 
0.101711 0.681079 
0.0520683 0.771815 
0.189179 0.565053 
0.540804 0.264606 
0.354937 0.404234 
0.161255 0.598435 
0.501203 0.292043 
0.844284 0.0811523 
0.381237 0.382556 
0.646046 0.19623 
0.586714 0.234027 
0.810425 0.0997637 
0.308217 0.444827 
0.0460983 0.785295 
0.256345 0.493696 
0.0394059 0.801491 
0.708936 0.158017 
0.723955 0.149145 
0.469546 0.314766 
0.0174423 0.867931 
0.634694 0.203323 
0.884658 0.0594377 
0.674026 0.179009 
0.124753 0.646815 
0.0804447 0.716647 
0.481733 0.30593 
0.110976 0.66687 
0.986305 0.00687113 
0.607089 0.220842 
0.093443 0.694316 
0.53056 0.271605 
0.00430406 0.934478 
0.410958 0.35894 
0.0259404 0.839256 
0.78984 0.111271 
0.228441 0.522045 
0.687047 0.171118 
0.854903 0.0753912 
0.246734 0.503278 
0.0676222 0.739957 
0.0217017 0.853773 
0.237786 0.512367 
0.00860811 0.907391 
0.393295 0.372868 
0.153538 0.608161 
0.449181 0.329792 
0.0728821 0.730033 
0.895764 0.0535518 
0.219315 0.531689 
0.319221 0.435004 
0.918929 0.0413934 
0.974061 0.0130671 
0.000434438 0.980394 
0.457596 0.323542 
0.087122 0.704842 
0.908288 0.0469589 
0.735388 0.142452 
0.327206 0.427981 
0.697566 0.164796 
0.182135 0.573237 
0.0023672 0.951346 
0.211036 0.540615 
0.117266 0.657559 
0.953131 0.0237159 
0.59719 0.227219 
0.492251 0.298394 
0.337961 0.418659 
0.746126 0.136214 
0.931841 0.0346809 
0.940461 0.0302263 
0.799109 0.106071 
0.0341335 0.81546 
0.0307038 0.82479 
0.401476 0.366378 
0.96265 0.0188528 
0.345098 0.41255 
0.006805 0.917563 
