0.400073 1.47814 
9.71811e-46 51.784 
0.147345 2.21085 
0.330617 2.07072 
1.94362e-45 41.7506 
3.88724e-45 24.5974 
1.94362e-45 41.7506 
9.71811e-46 51.784 
3.88724e-45 24.5974 
7.77449e-45 14.7 
0.132664 2.4406 
0.0663319 3.28479 
0.4 1.97494 
0.335893 2.0627 
0.00855393 6.43735 
0.0663319 3.28479 
6.60302e-41 8.12322 
5.30886e-41 12.107 
0.00855393 6.43735 
0.0663319 3.28479 
7.77449e-45 14.7 
5.30886e-41 12.107 
0.132664 2.4406 
0.147345 2.21085 
2.55927e-28 6.67632 
6.99717e-28 6.67632 
0.00855393 6.43735 
0.0663319 3.28479 
0.335893 2.0627 
0.330617 2.07072 
0.400023 1.51354 
0.4 1.97494 
0.00855393 6.43735 
0.147345 2.21085 
0.147345 2.21085 
0.330617 2.07072 
0.4 1.97494 
0.400073 1.47814 
0.330617 2.07072 
0.335893 2.0627 
0.400073 1.47814 
6.99717e-28 6.67632 
2.55927e-28 6.67632 
2.55927e-28 6.67632 
2.55927e-28 6.67632 
7.77449e-45 14.7 
5.30886e-41 12.107 
7.77449e-45 14.7 
3.88724e-45 24.5974 
1.94362e-45 41.7506 
0.00855393 6.43735 
2.55927e-28 6.67632 
0.00855393 6.43735 
0.4 1.97494 
0.4 1.97494 
0.147345 2.21085 
6.99717e-28 6.67632 
2.55927e-28 6.67632 
0.400073 1.47814 
0.330617 2.07072 
0.0663319 3.28479 
0.147345 2.21085 
0.147345 2.21085 
0.0663319 3.28479 
2.55927e-28 6.67632 
0.0663319 3.28479 
2.55927e-28 6.67632 
0.330617 2.07072 
0.0663319 3.28479 
0.4 1.97494 
0.00855393 6.43735 
0.0663319 3.28479 
0.4 1.97494 
0.00855393 6.43735 
0.330617 2.07072 
2.55927e-28 6.67632 
3.88724e-45 24.5974 
2.55927e-28 6.67632 
0.147345 2.21085 
0.147345 2.21085 
1.94362e-45 41.7506 
0.147345 2.21085 
0.147345 2.21085 
2.55927e-28 6.67632 
0.0663319 3.28479 
0.0663319 3.28479 
0.330617 2.07072 
0.00855393 6.43735 
2.55927e-28 6.67632 
0.00855393 6.43735 
0.0663319 3.28479 
2.55927e-28 6.67632 
0.330617 2.07072 
0.00855393 6.43735 
0.147345 2.21085 
0.0663319 3.28479 
0.0663319 3.28479 
0.147345 2.21085 
0.147345 2.21085 
0.00855393 6.43735 
