1 0.274881 
0 2.24842 
0.199998 1.57784 
0.2 0.95176 
0.97299 0.291531 
0.132535 1.70253 
0.283833 0.84701 
0.77782 0.419443 
0.35697 0.767774 
0.342254 0.783012 
0.794211 0.408123 
0.269167 0.864088 
0.955842 0.302221 
0.0177044 2.0489 
0.585192 0.562662 
0.808222 0.39854 
0.749796 0.439075 
0.0128676 2.07833 
0.539761 0.599756 
0.525039 0.61211 
0.571307 0.573841 
0.643499 0.517104 
0.929278 0.318974 
0.761987 0.43049 
0.142976 1.68144 
0.023408 2.019 
0.887874 0.345569 
0.913391 0.329108 
0.00863488 2.10908 
0.329872 0.79609 
0.297121 0.831915 
0.0401954 1.94779 
0.0334256 1.97428 
0.873537 0.354923 
0.512181 0.623041 
0.711494 0.466512 
0.183211 1.6066 
0.258349 0.876985 
0.824072 0.387798 
0.989761 0.281166 
0.318479 0.808341 
0.860735 0.36334 
0.599999 0.550885 
0.0951885 1.78579 
0.610384 0.542712 
0.247045 0.890753 
0.121299 1.72618 
0.942162 0.310819 
0.691005 0.481492 
0.0868501 1.80652 
0.847079 0.372388 
0.172843 1.62502 
0.5 0.633525 
0.370126 0.754414 
0.9014 0.336815 
0.400557 0.724395 
0.455018 0.67339 
0.6745 0.493722 
0.307046 0.820858 
0.488197 0.643805 
0.0799053 1.82455 
0.411907 0.713492 
0.0283727 1.99584 
0.236687 0.903649 
0.218256 0.927314 
0.422605 0.703352 
0.732798 0.451163 
0.00147336 2.19086 
0.654303 0.508893 
0.466241 0.663266 
0.477027 0.653649 
0.0055808 2.1364 
0.00336741 2.16141 
0.191729 1.59185 
0.389243 0.735419 
0.443231 0.684158 
0.834755 0.380616 
0.207734 0.941273 
0.000385983 2.21896 
0.227182 0.915733 
0.433797 0.692881 
0.10263 1.76805 
0.0611166 1.87772 
0.151309 1.66515 
0.726133 0.455941 
0.165041 1.63925 
0.0679841 1.85745 
0.379705 0.744837 
0.0728388 1.84373 
0.0458935 1.92719 
0.7 0.474889 
0.108791 1.75384 
0.666695 0.499557 
0.0562091 1.89292 
0.0504482 1.91163 
0.157834 1.6527 
0.115664 1.73846 
0.557978 0.584701 
0.552809 0.588948 
0.626672 0.530032 
