0 1.24968 
0.8 0.24981 
0.081391 0.930759 
0.469123 0.48401 
0.683697 0.325344 
0.787447 0.257686 
0.7 0.314388 
0.4 0.542666 
0.0898343 0.914625 
0.743383 0.28584 
0.230896 0.712518 
0.611624 0.375421 
0.77243 0.26719 
0.45644 0.494431 
0.482954 0.472805 
0.221036 0.724113 
0.0726226 0.948428 
0.363821 0.575398 
0.352915 0.585581 
0.730838 0.294008 
0.41304 0.531235 
0.562594 0.411194 
0.335334 0.602334 
0.0406884 1.02419 
0.045844 1.01033 
0.051998 0.99477 
0.32415 0.613221 
0.129485 0.847422 
0.0268266 1.06659 
0.02197 1.08399 
0.623247 0.367152 
0.6 0.383768 
0.00261613 1.19251 
0.137244 0.835544 
0.389974 0.551583 
0.0350497 1.0404 
0.212794 0.734005 
0.144426 0.824847 
0.672756 0.332769 
0.653063 0.346289 
0.000325782 1.22951 
0.188988 0.763705 
0.00461786 1.17372 
0.166439 0.793618 
0.122049 0.859143 
0.0012089 1.21082 
0.501498 0.458031 
0.115425 0.869888 
0.174024 0.783341 
0.438115 0.509748 
0.57197 0.404236 
0.720382 0.300869 
0.00938653 1.14138 
0.012443 1.12498 
0.710153 0.307629 
0.255341 0.684798 
0.19764 0.752706 
0.641848 0.354079 
0.343808 0.594206 
0.108316 0.88177 
0.152202 0.81356 
0.181705 0.773162 
0.00681384 1.15741 
0.447558 0.501816 
0.662698 0.339649 
0.0964336 0.902536 
0.240397 0.701578 
0.755559 0.277979 
0.0574509 0.981737 
0.490835 0.466493 
0.535822 0.431388 
0.158706 0.804339 
0.204492 0.744163 
0.373106 0.566848 
0.582472 0.39651 
0.0625924 0.970004 
0.428684 0.517755 
0.3 0.637389 
0.0309772 1.05293 
0.380896 0.559757 
0.633081 0.360217 
0.519314 0.444092 
0.510374 0.451056 
0.308177 0.629101 
0.316036 0.621237 
0.102307 0.892121 
0.246804 0.694322 
0.277445 0.660855 
0.590602 0.390576 
0.0155856 1.11012 
0.263322 0.676039 
0.292111 0.645493 
0.0183883 1.09809 
0.0680494 0.958067 
0.284998 0.652895 
0.528268 0.437176 
0.420612 0.524679 
0.27 0.66881 
0.763453 0.272916 
0.550061 0.420587 
