0 1 
0.8 0.105573 
0.240233 0.509864 
0.228634 0.521843 
0.746842 0.1358 
0.167741 0.590438 
0.456127 0.324628 
0.0572796 0.760668 
0.732787 0.14397 
0.0208208 0.855706 
0.0164752 0.871644 
0.0347327 0.813633 
0.0402849 0.799289 
0.665664 0.184118 
0.677086 0.177148 
0.688563 0.170203 
0.710953 0.15682 
0.632238 0.204866 
0.407579 0.361581 
0.352521 0.406265 
0.620998 0.211966 
0.417673 0.353724 
0.274714 0.475869 
0.654211 0.191167 
0.7 0.16334 
0.00468179 0.931576 
0.0508442 0.774513 
0.249472 0.500529 
0.643501 0.197815 
0.1757 0.580834 
0.0252182 0.841198 
0.0297587 0.827493 
0.778614 0.117609 
0.610029 0.218957 
0.397007 0.369915 
0.0635069 0.747994 
0.15813 0.602344 
0.580468 0.238116 
0.554596 0.255288 
0.467001 0.316625 
0.00247855 0.950215 
0.0127932 0.886893 
0.723044 0.14968 
0.476438 0.309755 
0.137281 0.629486 
0.184285 0.570716 
0.0694593 0.736449 
0.317921 0.436155 
0.0457339 0.786145 
0.487227 0.301983 
0.00972346 0.901392 
0.000322617 0.982038 
0.300993 0.451372 
0.444984 0.332929 
0.0989813 0.685387 
0.328153 0.427154 
0.767596 0.123875 
0.790266 0.111031 
0.428073 0.345727 
0.00692338 0.916793 
0.220668 0.530246 
0.0924596 0.695928 
0.387739 0.377313 
0.283881 0.467195 
0.378538 0.384746 
0.144779 0.619501 
0.757277 0.129783 
0.291909 0.459714 
0.105846 0.67466 
0.505871 0.288754 
0.129735 0.639813 
0.265219 0.485006 
0.00122442 0.965008 
0.309817 0.443388 
0.496367 0.295467 
0.51524 0.282198 
0.086125 0.706529 
0.191838 0.562007 
0.592314 0.230381 
0.258306 0.491762 
0.361806 0.398497 
0.199086 0.55381 
0.0756958 0.724871 
0.341835 0.415334 
0.111938 0.665429 
0.36946 0.392168 
0.151781 0.610409 
0.436709 0.33916 
0.599355 0.225819 
0.212228 0.539318 
0.0805806 0.716133 
0.118293 0.656063 
0.565182 0.248214 
0.206572 0.545498 
0.123553 0.648499 
0.544151 0.262334 
0.57106 0.244315 
0.336006 0.42034 
0.52457 0.275728 
0.530015 0.271979 
