1.35111e-16 1 
1 1.11022e-16 
0.838037 0.0845566 
0.00229015 0.952145 
0.729609 0.145828 
0.000460681 0.978537 
0.748068 0.13509 
0.20497 0.547264 
0.945282 0.0277437 
0.192239 0.561549 
0.385512 0.379104 
0.0573006 0.760624 
0.927611 0.0368744 
0.5571 0.253609 
0.370146 0.391604 
0.00483173 0.930489 
0.505621 0.28893 
0.855222 0.0752179 
0.0224784 0.850072 
0.4572 0.323834 
0.545062 0.261717 
0.245682 0.504336 
0.81967 0.0946437 
0.659034 0.188191 
0.797054 0.107221 
0.027873 0.833048 
0.233682 0.516593 
0.0175473 0.867534 
0.0663217 0.74247 
0.470516 0.314058 
0.0333328 0.817427 
0.520421 0.278598 
0.973048 0.0135678 
0.266287 0.48397 
0.958972 0.0207288 
0.0792348 0.718513 
0.530726 0.27149 
0.164484 0.594434 
0.643487 0.197824 
0.0392861 0.801793 
0.173563 0.583391 
0.255664 0.494368 
0.572531 0.243342 
0.987024 0.00650902 
0.18315 0.57204 
0.493978 0.297164 
0.214895 0.536432 
0.482031 0.305716 
0.115147 0.660667 
0.781973 0.115708 
0.0449568 0.78797 
0.426069 0.34726 
0.0512419 0.773633 
0.413552 0.35692 
0.27708 0.473616 
0.123315 0.648837 
0.131424 0.637475 
0.154983 0.606321 
0.339844 0.417038 
0.224385 0.526307 
0.0134481 0.884034 
0.10708 0.672769 
0.35026 0.408172 
0.0868397 0.705314 
0.715326 0.154231 
0.670512 0.181152 
0.867138 0.0687976 
0.879634 0.0621121 
0.13973 0.626195 
0.00766558 0.912447 
0.891478 0.0558191 
0.444832 0.333042 
0.071762 0.732116 
0.329405 0.426062 
0.693388 0.167301 
0.760853 0.127731 
0.682678 0.173757 
0.360532 0.399557 
0.28656 0.464687 
0.914974 0.0434574 
0.903832 0.0492993 
0.623163 0.210593 
0.0999104 0.683914 
0.611625 0.217935 
0.80986 0.100078 
0.147354 0.616132 
0.705664 0.159962 
0.0933309 0.694499 
0.601657 0.224334 
0.311528 0.441853 
0.0102545 0.898735 
0.320176 0.434159 
0.590734 0.231408 
0.771413 0.121699 
0.633464 0.204096 
0.436047 0.339662 
0.395742 0.370919 
0.403789 0.364556 
0.581527 0.237421 
0.295919 0.456016 
