1.70243e-16 1 
1 1.11022e-16 
0.00119775 0.965392 
0.0165168 0.871482 
0.00988386 0.900582 
0.0732897 0.729279 
0.282728 0.468278 
0.00388835 0.937643 
0.465685 0.317589 
0.0628987 0.749204 
0.449242 0.329745 
0.597857 0.226788 
0.136956 0.629925 
0.562188 0.250208 
0.210659 0.541024 
0.26789 0.482419 
0.307166 0.445775 
0.198312 0.554678 
0.296188 0.455769 
0.321193 0.433261 
0.0966197 0.689163 
0.544487 0.262106 
0.149462 0.613397 
0.518822 0.279707 
0.106768 0.673246 
0.0420654 0.794902 
0.614621 0.216022 
0.0487496 0.779207 
0.0355258 0.811517 
0.055923 0.76352 
0.534291 0.269048 
0.00675057 0.917838 
0.0821195 0.713435 
0.405506 0.363206 
0.959868 0.0202712 
0.986712 0.00666599 
0.695753 0.165882 
0.585061 0.235107 
0.0210327 0.854973 
0.944409 0.0281929 
0.972209 0.0139933 
0.258471 0.4916 
0.799251 0.105992 
0.78619 0.113326 
0.128885 0.640995 
0.479859 0.307281 
0.221151 0.529733 
0.742702 0.138198 
0.0887555 0.702081 
0.681472 0.174487 
0.437587 0.338497 
0.671642 0.180462 
0.418314 0.353228 
0.657535 0.189115 
0.247708 0.502297 
0.0298802 0.827141 
0.188429 0.565916 
0.879128 0.0623816 
0.573238 0.242875 
0.728695 0.146364 
0.86486 0.0700213 
0.625588 0.209059 
0.332044 0.423767 
0.841579 0.0826236 
0.377903 0.385262 
0.229619 0.520814 
0.707092 0.159112 
0.0256103 0.839968 
0.239309 0.510807 
0.637782 0.201388 
0.854526 0.075594 
0.172855 0.584241 
4.35823e-14 1 
0.811802 0.0989996 
0.341379 0.415723 
0.506962 0.287987 
0.368294 0.393128 
0.164369 0.594575 
0.889624 0.0568011 
0.753405 0.132011 
0.933131 0.034013 
0.718762 0.152202 
0.114832 0.661131 
0.120546 0.652802 
0.427221 0.346379 
0.774108 0.120166 
0.180625 0.575 
0.90187 0.0503316 
0.157138 0.603594 
0.764541 0.12562 
0.921735 0.0399299 
0.647819 0.195128 
0.3513 0.407294 
0.497869 0.294401 
0.358623 0.401149 
0.488429 0.301123 
0.91181 0.0451128 
0.830319 0.0887816 
0.388906 0.376376 
0.394406 0.371983 
