0.927224 0 4.68065 
0.780034 0 4.74505 
0 0 6.1935 
0.854449 0.87647 2.69764 
0 0.921375 4.56604 
0 0.921375 4.56604 
0.169451 0.31665 5.36015 
0.136158 0.627132 5.40356 
0.354262 0.655901 5.22033 
0.624466 0.118061 5.49294 
0.260685 0.182207 5.29754 
0.0522636 0.113598 5.80403 
0.87428 0.203724 4.06459 
0.888866 0.797732 2.89922 
0.287288 0.257232 5.24887 
0.927224 0.758804 3.24535 
0.100879 0.0515364 5.85873 
0.803058 0.901401 2.86513 
0.332493 0.775404 4.31957 
0.797731 0.240087 4.2098 
0.824935 0.793215 2.98022 
0.659233 0.891855 3.9295 
0.647356 0.298661 5.19583 
0.789093 0.704577 3.99711 
0.24162 0.69836 4.83866 
0.749625 0.18842 4.45484 
0.0739003 0.0786412 5.96391 
0.124229 0.231561 5.5179 
0.883158 0.645775 3.88927 
0.708608 0.854598 3.42116 
0.81454 0.761662 3.16948 
0.897146 0.723737 3.44348 
0.784521 0.130849 4.39607 
0.684823 0.909168 3.70614 
0.143023 0.145576 5.60831 
0.704176 0.802943 3.64043 
0.839641 0.809527 2.81651 
0.676869 0.816439 3.74073 
0.269053 0.843943 4.15758 
0.30833 0.735413 4.66196 
0.176288 0.678219 5.0679 
0.863621 0.687614 3.5307 
0.6338 0.00289509 5.68285 
0.0108792 0.0835521 5.9779 
0.810003 0.738463 3.34971 
0.112037 0.278014 5.55392 
0.65332 0.206623 5.18174 
0.11807 0.0663015 5.83608 
0.00526716 0.0400861 6.01375 
0.0424825 0.104524 5.91192 
0.0807062 0.716901 5.00729 
0.202708 0.0145459 5.7822 
0.28294 0.744919 4.59728 
0.817413 0.785326 3.00243 
0.641974 0.775861 4.28473 
0.717182 0.840686 3.49673 
0.0918337 0.850489 4.43904 
0.188117 0.862151 4.1038 
0.158762 0.219456 5.58591 
0.0276211 0.146038 5.73754 
0.216482 0.264385 5.26854 
0.832493 0.889034 2.75544 
1.76629e-17 0.0255531 6.0665 
0.32339 0.683182 4.96044 
0.299878 0.688442 4.89168 
0.66208 0.859228 3.80007 
0.696532 0.819585 3.56584 
0.727239 0.87069 3.30904 
0.901529 0.775404 3.06162 
0.731263 0.0921506 4.91467 
0.875805 0.730137 3.26676 
0.208039 0.705375 4.72374 
0.668755 0.827563 3.87029 
0.231358 0 5.7063 
0.755403 0.84619 3.09669 
0.72359 0.749794 3.68376 
0.222649 0.0328511 5.64289 
0.0352063 0.712315 5.04685 
0.909656 0.0349812 4.51949 
0.0847256 0.13632 5.75265 
0.76586 0.218791 4.36331 
0.760774 0.825308 3.12946 
0.182446 0.808335 4.16563 
0.106538 0.163971 5.59476 
0.780034 0.156637 4.49138 
0.772258 0.770738 3.59939 
0.194407 0.657705 5.13778 
0.770715 0.171227 4.63463 
0.767429 0.0115021 5.10339 
0.716864 0.665842 4.78262 
0.692627 0.629105 4.96449 
0 0.667161 5.47323 
0.790738 0.766872 3.33923 
0.737057 0.289009 4.49944 
0.687047 0.28608 5.11898 
0.76093 0.118167 4.79837 
0.128215 0.0759587 5.82667 
0 0.134868 6.09662 
0.164429 0.827981 4.21403 
0.672199 0.693477 4.592 
0.833768 0.637995 4.09215 
0 0 6.1462 
0.739354 0.0339354 5.43186 
0.831517 0.833581 2.79446 
0 0.172249 5.93449 
0.773759 0.269539 4.34429 
0.828138 0.682545 3.78875 
0 0.710866 5.33953 
0 0.269755 5.88917 
0.131182 0 6.03727 
0.836647 0.0861247 4.24712 
0.193601 0.71501 4.86862 
0 0.752929 4.92689 
0.828138 0.0365929 4.52833 
0 0.784396 4.82022 
0.831517 0.10463 4.25197 
6.67575e-41 0.634204 5.65339 
0.74212 0.0349812 4.85238 
0.836647 0.873584 2.78065 
0 0.148879 5.84746 
