0.900572 0 4.46396 
0.862547 0.86614 2.67536 
0.177129 0.914562 4.18411 
0.00417708 0 6.14495 
0 0 6.16544 
0 0.614853 5.78894 
0.732392 0.31499 4.54289 
0.771333 0.610851 4.36647 
0.633261 0.762039 4.31059 
0.381397 0.693881 4.96659 
0.291973 0.172111 5.38772 
0.310438 0 5.75727 
0.740839 0.882663 3.2217 
0.338687 0.746761 4.56036 
0.151446 0.0234216 5.81504 
0.83669 0.228422 4.01883 
0.381397 0.693881 5.00807 
0.345377 0.693881 4.95276 
0.123512 0.803752 4.27441 
0.707378 0.218953 4.75962 
0.682165 0.896568 3.69681 
0.0289544 0.0556633 5.97909 
0.196388 0.656437 5.26547 
0.723834 0.133891 4.90684 
0.653494 0.292086 5.1208 
0.160254 0.629265 5.4328 
0.663092 0.857757 3.73425 
0.272862 0.812724 4.10484 
0.237102 0.821173 4.13067 
0.699259 0.891229 3.55473 
0.694184 0.764826 3.87361 
0.794345 0.739895 3.4114 
0.847565 0.834563 2.73522 
0.0320219 0.290094 5.63793 
0.807068 0.781888 3.12036 
0.0167853 0.779505 4.69107 
0.0685149 0.712453 5.06724 
0.107097 0.717832 5.01947 
0.81962 0.853249 2.77621 
0.874789 0.691386 3.59249 
0.212157 0.154511 5.46463 
0.0954048 0.82703 4.32183 
0.810185 0.698783 3.77727 
0.0417354 0.0963382 5.9051 
0.8426 0.731581 3.262 
0.0897877 0.0641697 5.91678 
0.168097 0.0399324 5.73023 
0.247464 0.650766 5.23008 
0.023294 0.120131 5.86989 
0.789919 0.816923 2.95507 
0.893735 0.726184 3.33116 
0.224538 0.106305 5.55358 
0.826564 0.225546 4.07359 
0.0622912 0.0157791 5.96203 
0.642516 0.672458 4.93958 
0.14181 0.194057 5.43883 
0.0730956 0.244618 5.60124 
0.823021 0.844316 2.82623 
0.135002 0.130888 5.68144 
0.264212 0.646984 5.1492 
0.831518 0.664847 3.816 
0.222015 0.183984 5.31933 
0.799993 0.774923 3.17007 
0.0453868 0.0897921 5.93343 
0.88956 0.64733 3.94317 
0.256738 0.120262 5.50081 
0.114474 0.755338 4.59319 
0.230411 0.14873 5.40751 
0.714421 0.75122 3.85212 
0.128087 0.717903 4.80616 
0.0545438 0 6.03351 
0.779836 0.834563 3.00574 
0.875197 0.681221 3.65891 
0.674606 0.0309855 5.37356 
0.212822 0.112185 5.52796 
0 0.044896 6.05144 
0.704501 0.189147 4.85674 
0.881015 0.759208 3.04494 
0.667918 0.2567 4.96021 
0.785503 0.140245 4.39112 
0.186268 0.275477 5.33891 
0.736637 0.207036 4.51573 
0.176423 0.0833581 5.6211 
0.870001 0.279312 3.96937 
0.754432 0.11735 4.65732 
0.0805749 0.779505 4.61535 
0.139825 0.837723 4.21113 
0.761389 0.753536 3.45804 
0.853641 0.726461 3.37302 
0.2459 0.80709 4.16993 
0 0.00316806 6.10614 
0.776297 0.767411 3.3006 
0.187289 0.249585 5.30699 
0.745983 0.636262 4.43333 
0.746689 0.770225 3.51195 
0.268452 0.677116 5.08832 
0 0.909125 4.49883 
0.798565 0.861652 2.87763 
0.845824 0.163782 4.09513 
0.801252 0.841398 2.92419 
0.870001 0.79907 2.8052 
0.799993 0.792372 3.08828 
0.864498 0.0722972 4.34449 
0.761298 0.032701 4.72215 
0.854646 0.63443 3.9992 
0.192463 0.704203 4.79506 
0.639964 0.301025 5.19342 
0.686601 0.00822961 5.34239 
0.764592 0.123513 4.51876 
0.885667 0.705881 3.5238 
0.881425 0.790272 2.89244 
0.759078 0.306416 4.37413 
0.0751141 0.256264 5.58232 
0.683753 0.0743649 5.17671 
0.181568 0.0114939 5.69735 
0.736637 0.749091 3.63879 
0.635815 0.664847 4.98087 
0.0423864 0.735752 4.86878 
0.814807 0.142663 4.19721 
0.752856 0.298986 4.44275 
