0.847387 0.848197 2.66659 
0 0.613516 5.82944 
0.772707 0.924098 3.09897 
0 0 6.12483 
0.95773 0 5.20664 
0.750172 0.326775 4.4459 
0.317555 0.750567 4.48669 
0.618537 0.664738 5.12457 
0.0490548 0.248821 5.55418 
0.0835632 0.191297 5.63726 
0.64742 0.309972 5.16506 
0.910595 0.764147 3.17552 
0.840205 0.859975 2.69304 
0.637697 0.135228 5.39405 
0.0266752 0.0536358 6.01472 
0.923693 0 4.6101 
0.0556821 0.0403446 5.93268 
0.89471 0.659018 3.87143 
0.113649 0.109842 5.7541 
0.106829 0.276116 5.50378 
0.788692 0.301345 4.17321 
0.660888 0.667435 4.85573 
0.859022 0.80467 2.79347 
0.16434 0.686194 4.95731 
0.262924 0.226688 5.24723 
0.819097 0.817287 2.85048 
0.759979 0.0266521 4.68238 
0.853959 0.785766 2.88351 
0.0697165 0.714937 4.98977 
0.290043 0.170106 5.36422 
0.780307 0.895677 3.06345 
0.724754 0.626231 4.71392 
0.882377 0.779995 2.9442 
0.815117 0.826775 3.0364 
0.730097 0.911089 3.41037 
0.0990976 0.175305 5.59494 
0.2396 0.233506 5.27964 
0.804302 0.265197 4.206 
0.923693 0.653549 3.95829 
0.73131 0.726739 3.82318 
0.229605 0.126231 5.41953 
0.0583805 0.150747 5.67667 
0.124613 0.844768 4.21787 
0 0.101551 5.87496 
0.764831 0.837246 3.13219 
0.00690768 0.0436272 6.02982 
0.697206 0.269089 4.7591 
0.256533 0.769209 4.27066 
0.873253 0.722031 3.30861 
0.95773 0 5.31303 
0.191359 0.865124 4.1291 
0.205382 0.813287 4.1411 
0.272241 0.764587 4.35621 
0.232927 0.878957 3.98418 
0.044993 0.1421 5.77171 
0.738675 0.740502 3.78581 
0.878627 0.656912 3.91221 
0.0128345 0.156427 5.83704 
0.730097 0.0499332 4.92014 
0.691422 0.924098 3.68776 
0.186221 0.205629 5.29139 
0.743266 0.796923 3.27631 
0.809616 0.706931 3.74194 
0.848626 0.829946 2.76361 
0.214234 0.885149 4.04759 
0.166357 0.790386 4.30175 
0.68302 0.678527 4.65856 
0.141635 0.0716182 5.72557 
0.0935283 0.671428 5.20675 
0.752117 0.181175 4.57168 
0.649755 0.0625439 5.44898 
0.824539 0.737853 3.23717 
0.157452 0.869559 4.09922 
0.710201 0.0165832 5.06258 
0.664566 0.199437 5.03849 
0.8425 0.119551 4.25421 
0.704698 0.871134 3.47464 
0.84453 0.00751767 4.49813 
0.693617 0.218395 4.82316 
0.21955 0.184587 5.31555 
0.716215 0.800181 3.51257 
0.180693 0.631619 5.3787 
0.794768 0.774275 3.21947 
0.032816 0.843073 4.40592 
0.797517 0.731917 3.56809 
0.789183 0.829989 2.97127 
0.296421 0.703662 4.78257 
0.31233 0.647479 5.18213 
0.891609 0.699094 3.53974 
0.0356042 0.217464 5.68539 
0.812822 0.640463 4.01681 
0.789656 0.0779805 4.5356 
0.0125637 0 6.08398 
0.711662 0.872449 3.44149 
0.721051 0.7938 3.60256 
0.150458 0.698178 5.02372 
0.866306 0.677221 3.7224 
0.139086 0.617565 5.46913 
0.730097 0.902734 3.33506 
0.767174 0.288654 4.33169 
0 0.0779805 5.96186 
0.675212 0.638061 5.00136 
0.244469 0.851899 4.0708 
0.20982 0.0787586 5.52613 
0.618537 0.664738 5.08989 
0.303734 0.181201 5.34825 
0.908574 0.230315 4.05489 
0.830759 0.778896 3.05947 
0.671224 0.094707 5.40247 
0.149936 0.162427 5.4568 
0.769783 0.287168 4.3818 
0.864912 0.0849772 4.31718 
0.730097 0.902734 3.36826 
0.689694 0.0909355 5.09145 
0.769783 0.745803 3.64651 
0.245269 0 5.78841 
0.309204 0.742106 4.63435 
0.296055 0.0658606 5.62022 
0.181269 0.0218426 5.70485 
0.800062 0.714937 3.62753 
