0.86083 0.86262 2.64771 
0.925154 0 4.69468 
5.72604e-62 0.948858 5.03568 
5.72604e-62 0.691829 5.98842 
5.72604e-62 0 7.03131 
1.83233e-60 0 7.5668 
0.767825 0.315797 4.37099 
0.20926 0.622016 5.28953 
0.629057 0.0653268 5.59335 
0.337185 0 5.73917 
4.58083e-61 0 6.70079 
1.14521e-61 0 7.37699 
0.112788 0.284377 5.41511 
0.297288 0.159894 5.38821 
0.710985 0.896864 3.41533 
0.271663 0.68364 4.83043 
0.831629 0.778856 3.07668 
0.175897 0.637956 5.25587 
0.888814 0.134392 4.19956 
0.906657 0.170788 4.17808 
0.247592 0.257941 5.19895 
0.824144 0.214212 4.04704 
1.83233e-60 0 6.43419 
0.061621 0.0465284 5.91619 
0.668592 0.202748 5.06047 
0.154184 0.712737 5.11312 
0.748179 0.0868092 4.65824 
0.28188 0.739892 4.56345 
0.3055 0.752328 4.42711 
0.78059 0.761983 3.2646 
0.680884 0.268316 4.90836 
0.688986 0.786222 3.8763 
0.651728 0.0559178 5.52314 
0.69386 0.880785 3.50454 
2.93173e-59 0.0261616 6.26602 
0.798541 0.789944 2.99302 
9.16166e-61 0.93131 4.73846 
0.899066 0.172063 4.11931 
0.715221 0.874306 3.32303 
0.787672 0.770768 3.14531 
0.0324748 0.716073 5.16132 
0.123893 0.840125 4.37946 
0.224101 0.662987 5.00285 
0.0805508 0.746967 4.75015 
0.807813 0.817295 2.86273 
0.72473 0.805474 3.39185 
1.42876e-47 0.62679 5.79867 
0.859158 0.674229 3.81556 
0.789086 0.0944028 4.47618 
0.835529 0.306437 4.00618 
0.740311 0.275829 4.62863 
0.755007 0.759237 3.65355 
0.857314 0.650505 3.98671 
0.260361 0.851924 3.95522 
0.876637 0.855694 2.68034 
0.197643 0.122559 5.68951 
0.883164 0.668095 3.69765 
0.0109173 0.893513 4.57348 
1.14521e-61 0 7.37699 
0.0255373 0.00584121 6.00587 
0.165041 0.851389 4.28556 
0.867132 0.735281 3.18329 
0.215672 0.0506079 5.76933 
0.316145 0 5.87684 
0.776849 0.073643 4.60007 
0.794022 0.845262 2.94529 
2.29041e-61 0.0939397 6.61233 
0.638814 0.114561 5.47016 
0.146319 0.150016 5.62984 
0.0482952 0.234492 5.67434 
0.701337 0.822865 3.5904 
0.711217 0.722431 4.14133 
0.813035 0.802005 2.89392 
0.665604 0.670151 4.8705 
0.64342 0.848238 3.91954 
0.231861 0.695245 4.88854 
0.675831 0.837745 3.76599 
1.17269e-58 0.142417 6.2046 
0.0394654 0.117595 5.9345 
0.0132345 0.247569 5.60513 
0.872829 0.701633 3.43551 
0.0948015 0.220537 5.64272 
0.140312 0.178693 5.70815 
0.862849 0.794407 2.81847 
0.104903 0.181724 5.71811 
2.29041e-61 0.111334 6.55739 
0.760123 0.708065 3.74207 
0.0910328 0.298991 5.5692 
0.251836 0.241132 5.27769 
0.732388 0.0129557 5.02677 
1.83233e-60 0 6.29807 
0.190024 0.224748 5.33834 
0.241068 0.176968 5.35685 
0.203254 0.187172 5.48905 
0.773373 0.866148 3.19633 
0.020356 0.0206118 6.04625 
0.841383 0.832647 2.77315 
0.326476 0 5.82776 
0.177618 0.841322 4.25871 
0.074011 0.840125 4.50181 
0.0534847 0 6.15061 
0.0612752 0 6.12736 
0.851795 0.828899 2.7518 
0.822098 0.759429 3.47156 
0.717118 0.65829 4.68507 
0.702008 0.146148 5.33256 
0.786052 0.0694971 4.78789 
0.768929 0.738504 3.55238 
0.831875 0.870457 2.72975 
0.184221 0.754503 4.62988 
0.722906 0.81323 3.74217 
0.698318 0.0161937 5.53768 
4.58083e-61 0.298974 5.84417 
0.84823 0.0628511 4.31211 
0.0439966 0.801208 4.51632 
0.798135 0 4.9565 
0.844176 0.0694971 4.31928 
5.72604e-62 0.191829 6.54655 
5.72604e-62 0.799398 6.04995 
4.58083e-61 0 6.52134 
