0.927656 0.699931 3.6256 
0 0.927391 4.55978 
0 0 6.11095 
0.866036 0 4.37662 
0.855312 0.858208 2.64634 
0.644282 0.319117 5.18675 
0.0878203 0.626123 5.51625 
0.339504 0 5.81447 
0.618413 0.851205 4.0188 
0.669618 0.299173 4.9587 
0.274185 0.667592 4.99804 
0.321616 0.656326 5.08303 
0.265801 0.638896 5.15516 
0.131644 0.269218 5.49138 
0.30682 0.698629 4.74624 
0.769063 0.0358018 4.66278 
0.291789 0.684438 4.85908 
0.860631 0.841812 2.70985 
0.907555 0.70241 3.54507 
0.717232 0.307114 4.61329 
0.891914 0.753317 3.10046 
0.680992 0.814877 3.78395 
0.0737193 0.0089853 5.95152 
0.845019 0.71762 3.309 
0.0836683 0.00663055 5.92008 
0.742971 0.712081 3.83027 
0.199895 0.0627905 5.58952 
0.0703099 0 5.99968 
0.838197 0.674567 3.6923 
0.0244868 0.761697 4.69017 
0.635961 0.871042 3.91583 
0.875956 0.70565 3.41758 
0.739582 0.884057 3.23755 
0.659921 0.648286 4.91182 
0.105189 0.685936 5.12124 
0.0372069 0.799648 4.53749 
0.77827 0.162515 4.26654 
0.88735 0.796843 2.85003 
0.0557195 0.132351 5.74713 
0.231526 0.19815 5.23263 
0 0.0985041 5.8676 
0.672757 0.220879 4.93464 
0.239152 0.732463 4.48014 
0.728202 0.806338 3.34061 
0.245736 0.790253 4.11734 
0.17528 0.258329 5.27964 
0.707939 0.139473 4.84279 
0.882589 0.205848 3.97677 
0.721684 0.662486 4.41385 
0.18151 0.200302 5.34807 
0.146615 0.854131 4.06964 
0.849156 0.248696 4.00049 
0.886455 0.829842 2.77365 
0.696466 0.0773138 5.04295 
0.736099 0.859562 3.25123 
0.101571 0.73908 4.77021 
0.693003 0.242813 4.82378 
0.221793 0.780958 4.22004 
0.650979 0.848799 3.93744 
0.258417 0.186 5.25313 
0.829969 0.747406 3.37418 
0.655795 0.0189142 5.46803 
0.155872 0.113869 5.55309 
0.161926 0.194212 5.37684 
0.824853 0.76542 3.17877 
0.831404 0.775789 2.95186 
0.330252 0.765745 4.3281 
0.686799 0.88734 3.56911 
0.748896 0.833424 3.15636 
0.817111 0.89529 2.87311 
0.810257 0.908795 2.89093 
0.629328 0.677754 4.9151 
0.00792924 0.0179706 6.0252 
0.79759 0.150813 4.21713 
0.641178 0.854577 3.88427 
0.300735 0.0946727 5.5132 
0.78596 0.904558 2.9796 
0.189618 0.173595 5.41877 
0.809343 0.227797 4.04222 
0.790527 0.786254 3.12434 
0.821211 0.122063 4.19078 
0.140009 0.0478629 5.73408 
0.113399 0.818455 4.28902 
0.214611 0.744857 4.45542 
0.699648 0.831196 3.49809 
0.210359 0.112962 5.45966 
0.17033 0.765745 4.36182 
0.835943 0.889243 2.74455 
0.0138884 0.171577 5.77959 
0.840572 0.071659 4.30315 
0.712448 0.826336 3.4709 
0.142133 0.0872169 5.67678 
0.0459042 0.194212 5.62789 
0.125963 0.106577 5.648 
0.659921 0.849966 3.75099 
0.00740334 0 6.06337 
0.191002 0.234481 5.25042 
0.751657 0.148664 4.63845 
0.0498332 0.265794 5.55648 
0.763467 0.830181 3.01357 
0.110151 0.912896 4.25745 
0.020009 0.806876 4.43343 
0.245204 0.177507 5.29193 
0.804735 0.771299 3.06514 
0.203142 0.784124 4.16609 
0.637964 0.167949 5.31935 
0.130473 0.0583378 5.76184 
0.813619 0.725556 3.53611 
0.802098 0.918429 2.96103 
0.122215 0.864461 4.13999 
0.0896698 0.126529 5.71933 
0.254652 0.125128 5.39449 
0.618413 0.0436084 5.64516 
0.0346419 0.759552 4.76036 
0.760062 0.733543 3.60745 
0 0.210826 5.70417 
0.760062 0.729461 3.64125 
0.121504 0.70597 5.05261 
0.785123 0.727444 3.45663 
0.754785 0.858104 3.05447 
