5.22622e-74 0.889549 6.63607 
0.847909 0.866134 2.69988 
1.04524e-73 0 12.3379 
4.04266e-69 0.946828 5.28393 
1.04524e-73 0 11.4856 
0.907925 0 4.68786 
0.356219 0.871734 4.15701 
0.629794 0.712669 4.6746 
4.04266e-69 0.52136 6.66471 
0.675244 0.34187 5.03365 
1.04633e-73 0 10.6426 
3.59367e-72 0 9.87405 
0.751188 0.618026 4.53709 
5.22622e-74 0.263509 11.8276 
5.22622e-74 0.0914267 9.28508 
0.252203 0.0258416 5.6314 
5.48325e-70 0.111083 7.55425 
4.49209e-73 0.640559 7.201 
0.33231 0.684953 4.98847 
0.313826 0.724108 4.60247 
0.0629342 0.73542 4.87893 
0.682223 0.0515199 5.31923 
0.263599 0.903684 4.08114 
7.6711e-66 0.277141 6.27141 
0.774649 0.857723 2.96768 
1.04524e-73 0.758914 8.13972 
0.778348 0.310396 4.26082 
0.0877979 0.0748584 5.8878 
0.237468 0.231541 5.26946 
1.04524e-73 0.015515 8.74903 
0.192999 0.0969399 5.80392 
0.13857 0.631839 5.41953 
0.156479 0.69627 5.15044 
0.0314671 0.149507 5.75333 
0.638365 0.250312 5.20676 
3.59367e-72 0.933067 5.37785 
4.04266e-69 0.144087 6.40931 
0.0147232 0.120348 5.9374 
0.731589 0.331585 4.66115 
1.01066e-69 0.167279 6.86737 
0.876281 0.82885 2.75894 
0.794389 0.883203 2.88869 
0.285402 0.0800173 5.5791 
0.885161 0.241556 4.18321 
0.3 0.706251 4.77078 
0.836979 0.298612 4.0176 
0.225545 0.659934 5.10571 
0.145908 0.140543 5.52743 
0.0785338 0.0934471 5.97946 
0.16707 0.156475 5.4663 
0.687481 0.196936 4.92939 
0.806106 0.8135 3.06085 
0.756507 0.778958 3.32421 
0.785112 0.7478 3.52814 
5.22622e-74 0 12.1422 
0.83359 0.129678 4.28834 
0.862591 0.650398 3.91616 
0.0204859 0.0659374 6.06424 
0.702225 0.844844 3.48634 
0.182577 0.276929 5.34821 
0.714489 0.296793 4.71038 
1.79684e-72 0 8.38857 
0.740759 0.182912 4.5601 
0.734308 0.284254 4.63123 
0.725872 0.895107 3.4525 
1.98123e-69 0.015515 7.00228 
0.649682 0.836952 3.85759 
0.054536 0.789895 4.75346 
4.04266e-69 0.665278 6.12219 
0.12421 0.223197 5.49991 
0.666754 0.875788 3.7818 
0.825536 0.190846 4.32988 
0.705876 0.217857 4.78929 
0.817876 0.798558 3.24282 
0.870778 0.673849 3.73183 
0.220102 0.775613 4.34304 
0.0997634 0.682453 5.38008 
0.114426 0.16066 5.69159 
5.22622e-74 0.0582956 8.87755 
0.206099 0.790878 4.45206 
0.816811 0.691919 3.59664 
0.109098 0.260933 5.49428 
0.670993 0.817989 3.82416 
5.22622e-74 0 12.1029 
0.658196 0.164516 5.25587 
0.292888 0.794358 4.22208 
0.802151 0.753098 3.39894 
0.711839 0.175656 4.96209 
0.695377 0.11543 5.2052 
5.24444e-69 0.0139651 7.79912 
0.176222 0.102713 5.60919 
0.0413745 0.0597343 6.02836 
0.762666 0.717507 4.41951 
0.0473714 0.840488 5.06328 
0.261633 0.207027 5.36324 
0.212403 0.75 4.4929 
0.749073 0.889301 3.18084 
0.726053 0.768447 3.65364 
0.897464 0.804379 2.84815 
0.855682 0.716072 3.35726 
0.810062 0.67833 3.9483 
0.893029 0.210579 4.10328 
0.130743 0.102585 5.66538 
0.266116 0.809425 4.30807 
0.865771 0.836025 2.81207 
0.766321 0.740101 3.68968 
3.59367e-72 0 7.91158 
5.74988e-71 0 8.32692 
5.2674e-69 0 7.73929 
0.901954 0.642735 3.94445 
0.275519 0 6.03469 
0.74744 0.762866 4.11297 
1.36116e-71 0 9.1363 
1.04524e-73 0 12.3379 
2.09049e-73 0 9.23669 
4.49209e-73 0 9.02278 
8.98419e-73 0.740464 6.06705 
8.98419e-73 0 8.78036 
4.49209e-73 0 9.02278 
4.5999e-70 0 7.88607 
