0.864086 0.859521 2.66043 
0.932043 0 4.76717 
7.25982e-70 0.929761 5.24453 
7.25982e-70 0.359439 6.75616 
1.45196e-69 0 6.29799 
7.25982e-70 0 6.38401 
0.607344 0.819158 4.21025 
0.339703 0 5.86141 
7.25982e-70 0.574183 6.22624 
0.787021 0.611014 4.36659 
0.737965 0.32432 4.49857 
7.25982e-70 0 6.58631 
0.0211158 0.0466646 6.05635 
0.207345 0.628396 5.30143 
0.116546 0.27788 5.44417 
0.284865 0.872055 3.95221 
0.867487 0.823736 2.7416 
0.832762 0.656133 3.86306 
7.25982e-70 0.574183 6.2415 
0.0937546 0.249637 5.49287 
0.839925 0.787991 2.90489 
0.0303806 0.136115 5.89989 
0.125865 0.265965 5.45855 
0.694117 0.311175 4.96925 
0.683035 0.801569 3.98494 
0.0991147 0.0126558 6.01239 
0.802465 0.902688 2.94943 
0.715869 0.828365 3.40723 
0.174963 0.71713 4.88302 
0.762119 0.0738763 4.82784 
0.641081 0.176088 5.2556 
0.117455 0.0610959 5.95586 
0.226969 0.287217 5.3522 
0.260616 0.161457 5.31872 
0.661522 0.235555 5.01723 
0.77502 0.647093 4.17879 
0.89901 0.169815 4.32001 
0.676744 0.852746 3.67002 
0.71888 0.773597 3.6034 
0.704332 0.0994364 5.09461 
0.622903 0.837561 4.08292 
0.298761 0.68265 4.94878 
0.699986 0.760868 3.89796 
0.847923 0.843439 2.79859 
0.336637 0.750614 4.43123 
0.178173 0.88989 4.05936 
0.756618 0.876121 3.10531 
5.80785e-69 0.078572 6.10466 
0.648981 0.200245 5.18936 
0.816405 0.856897 2.82409 
0.216011 0.318789 5.3742 
0.201125 0.016982 5.71703 
0.183266 0.143818 5.54056 
0.808142 0.780207 3.31934 
0.910938 0 4.71345 
0.309682 0.0970427 5.61869 
0.821514 0.776218 2.99901 
0.83407 0.675072 3.77886 
0.781035 0.847668 3.04282 
0.0808554 0.0913158 5.82744 
0.0497324 0.152688 5.68649 
0.657233 0.207354 5.153 
0.627895 0.81778 4.28462 
7.25982e-70 0 6.68201 
0.798591 0.690172 3.71699 
0.323586 0.69871 4.78613 
0.247249 0.865943 4.11886 
0.612421 0 5.76031 
0.876306 0.712557 3.47343 
0.0354704 0.292405 5.62405 
0.237768 0.215883 5.50031 
0.811107 0.767954 3.17566 
0.747022 0.119448 4.61511 
0.797724 0.116563 4.60179 
0.853616 0.182922 4.05245 
0.890864 0.743764 3.21944 
0.0424027 0.22992 5.6598 
0.268635 0.147753 5.38704 
0.0876401 0.793641 4.45279 
0.0553822 0.189246 5.65183 
0.879984 0.703723 3.44741 
0.724362 0.195952 4.66087 
0.731 0.858918 3.25517 
0.787021 0.0325866 5.13338 
0.888715 0.0876029 4.32826 
0.793907 0.707601 3.54778 
0.828536 0.0301772 4.53167 
0.102018 0.785468 4.62204 
1.45196e-69 0.148365 6.18191 
0.751845 0.81778 3.53885 
0.275824 0.641793 5.14297 
0.706408 0.0596757 5.05009 
0.0680627 0.862051 4.47045 
0.155354 0.70034 4.99513 
7.25982e-70 0.921156 5.33065 
0.242137 0.722788 4.73776 
0.165116 0 6.06114 
0.0718577 0.0978442 5.80023 
9.29256e-68 0.67972 5.75718 
0.238663 0.63624 5.21293 
0.733574 0.736255 4.23602 
0.854213 0.755802 3.07747 
0.669851 0.0225955 5.64371 
0.688515 0.697006 4.80326 
0.14433 0.785468 4.5552 
0.67147 0.810374 3.75552 
0.0347401 0.667116 5.58559 
0.858846 0.734808 3.35546 
0.673515 0.741028 4.36971 
0.127516 0.66651 5.24768 
2.90393e-69 0.222028 5.91237 
0.150111 0.73062 4.70604 
0.755131 0.671796 4.13354 
0.139588 0.748797 4.69866 
0.20202 0.712557 4.93294 
0.187564 0.748797 4.60708 
0.767981 0.863671 3.14971 
1.45196e-69 0.90661 4.75086 
0.012974 0 6.23379 
0.768035 0.807235 3.35343 
