0.0621748 2.03794 
0.989447 0.00841863 
0.625309 0.37627 
0.39694 0.435637 
0.775246 0.147968 
0.221296 0.739404 
0.0622145 1.83014 
0.983556 0.0611321 
0.291961 0.494578 
0.0622451 1.43354 
0.062303 1.11473 
0.0623218 0.867443 
0.122208 0.739456 
0.0622765 1.27811 
0.0622765 1.21818 
0.0622469 1.4286 
0.731403 0.162179 
0.693292 0.221259 
0.625314 0.241645 
0.663676 0.221749 
0.347145 0.435751 
0.0623759 0.836748 
0.737645 0.147994 
0.119724 0.73969 
0.0857068 0.739885 
0.630105 0.22215 
0.0624644 0.773993 
0.690905 0.221601 
0.983876 0.0132671 
0.330768 0.435947 
0.311616 0.46298 
0.3461 0.435897 
0.31875 0.448377 
0.293751 0.48401 
0.298049 0.477542 
0.0788706 0.744227 
0.0727401 0.744268 
0.32212 0.437253 
0.301007 0.46839 
0.306065 0.466693 
0.327915 0.437246 
0.735219 0.148144 
0.292105 0.485889 
0.309336 0.463868 
0.733427 0.151184 
0.628852 0.222248 
0.0687515 0.750945 
0.0661964 0.752771 
0.299156 0.474581 
0.625867 0.241051 
0.62596 0.234451 
0.627361 0.23271 
0.627956 0.227058 
0.0632727 0.768237 
0.731504 0.159137 
0.732699 0.152762 
0.299802 0.469772 
0.321099 0.438236 
0.0807024 0.742228 
0.307727 0.464632 
0.627685 0.227886 
0.0844446 0.741504 
0.985075 0.0129201 
0.063059 0.771801 
0.0829846 0.741925 
0.31946 0.438717 
0.329123 0.43626 
0.0806359 0.744019 
0.98583 0.0109019 
0.0637494 0.765135 
0.319213 0.445303 
0.98773 0.0106986 
0.306429 0.464633 
0.0713534 0.74563 
0.988433 0.00982633 
0.692017 0.22151 
0.0643111 0.761196 
0.292314 0.484452 
0.299029 0.476879 
0.0696728 0.746081 
0.0640702 0.76421 
0.0651259 0.756098 
0.0646991 0.758436 
0.319224 0.442807 
0.731565 0.155045 
0.626016 0.232784 
0.731649 0.154632 
0.319319 0.440646 
0.072064 0.745629 
0.0656023 0.75544 
0.0689161 0.747769 
0.318816 0.447677 
0.30021 0.469591 
0.0660284 0.753882 
0.328166 0.436467 
0.989374 0.00868828 
0.0834189 0.741778 
0.0644181 0.759483 
0.0688299 0.749421 
0.0626986 0.773599 
