0.040745 0.803501 
0.712516 0.158024 
0.0509441 0.7845 
0.374086 0.392379 
0.375532 0.388373 
0.711214 0.158612 
0.374088 0.392298 
0.374095 0.390101 
0.0443835 0.792242 
0.0449811 0.790099 
0.0446593 0.790956 
0.0447556 0.790652 
0.0430529 0.795386 
0.0408154 0.801886 
0.0469038 0.78666 
0.0407639 0.802648 
0.043378 0.7951 
0.0455419 0.788803 
0.375289 0.38848 
0.0453978 0.789106 
0.0428195 0.795729 
0.0465107 0.787624 
0.0451045 0.78981 
0.0467089 0.787224 
0.0418977 0.797063 
0.37486 0.388662 
0.374725 0.388789 
0.0408716 0.801138 
0.0420661 0.796807 
0.0436513 0.794951 
0.0442825 0.793037 
0.712181 0.158082 
0.0408234 0.801553 
0.0462668 0.787781 
0.0440864 0.793928 
0.0487532 0.784977 
0.0445053 0.791579 
0.0444989 0.791592 
0.0459026 0.788163 
0.043889 0.794758 
0.0472605 0.786656 
0.042457 0.796111 
0.374515 0.389175 
0.0460601 0.78799 
0.0426219 0.795899 
0.0484569 0.785293 
0.0414439 0.79826 
0.0497816 0.784715 
0.0411286 0.799659 
0.04171 0.797481 
0.0422437 0.79656 
0.0506164 0.784507 
0.0416791 0.797991 
0.0502884 0.784571 
0.0440225 0.794257 
0.0441835 0.79335 
0.044113 0.793553 
0.0412613 0.799202 
0.0423148 0.796343 
0.0410124 0.800188 
0.374127 0.389841 
0.0500022 0.784603 
0.0489715 0.784872 
0.044006 0.794531 
0.0413018 0.799101 
0.0493879 0.784721 
0.0480601 0.785512 
0.0472853 0.786278 
0.0413268 0.798639 
0.0484667 0.785176 
0.0418682 0.797469 
0.0466563 0.787276 
0.0407565 0.803011 
0.0411462 0.799611 
0.374389 0.389203 
0.0473645 0.786142 
0.049294 0.784867 
0.0409724 0.800858 
0.711842 0.158242 
0.0457292 0.788476 
0.0452228 0.789428 
0.374312 0.389545 
0.047693 0.78611 
0.0409865 0.800417 
0.0452194 0.78947 
0.0415398 0.79801 
0.711472 0.158375 
0.0414058 0.798593 
0.711848 0.158187 
0.71122 0.158605 
0.045767 0.788472 
0.044362 0.792649 
0.0478734 0.78577 
0.374197 0.389549 
0.711471 0.158378 
0.0443577 0.792693 
0.0478429 0.786074 
0.0409839 0.800695 
0.0480561 0.785522 
0.0407578 0.802924 
