0.0212504 0.866231 
0.920332 0.0494784 
0.4091 0.400763 
0.0695463 0.810134 
0.920016 0.106508 
0.586937 0.244414 
0.409886 0.399449 
0.586907 0.244656 
0.920323 0.0499707 
0.0215969 0.864239 
0.0388652 0.83078 
0.060335 0.811853 
0.0587207 0.81271 
0.022056 0.861268 
0.0401703 0.829347 
0.032818 0.838851 
0.0382839 0.831721 
0.0575706 0.81305 
0.0239826 0.85502 
0.0246706 0.853331 
0.05155 0.817572 
0.0674605 0.810209 
0.0262893 0.851193 
0.0431498 0.825412 
0.0443966 0.823951 
0.0234806 0.857269 
0.0312734 0.841002 
0.0630967 0.811058 
0.0532297 0.816034 
0.0273882 0.847263 
0.0334239 0.838021 
0.04212 0.827691 
0.0296622 0.843521 
0.055315 0.814212 
0.054791 0.814505 
0.0295938 0.844726 
0.0289269 0.845255 
0.0655811 0.810629 
0.0254124 0.851581 
0.0301157 0.842779 
0.0235725 0.856415 
0.0455745 0.822785 
0.0213928 0.864845 
0.0448182 0.823397 
0.0504702 0.818681 
0.0280124 0.846469 
0.0475137 0.820863 
0.0667321 0.810235 
0.0479858 0.820495 
0.0271442 0.84821 
0.0416559 0.828469 
0.0319794 0.83998 
0.0501121 0.819494 
0.0461133 0.822347 
0.0511675 0.818277 
0.0262912 0.849726 
0.0281027 0.845769 
0.0249702 0.852345 
0.0368263 0.833614 
0.0488356 0.819937 
0.0619241 0.811655 
0.0340921 0.837487 
0.0231209 0.858596 
0.0429312 0.82669 
0.0537993 0.815251 
0.0373717 0.833008 
0.0564415 0.813586 
0.0356118 0.834938 
0.0225077 0.859968 
0.0239403 0.855407 
0.0352043 0.835618 
0.0642852 0.81094 
0.0425243 0.826779 
0.0220706 0.861012 
0.0367842 0.834473 
0.0305027 0.841973 
0.0270844 0.849109 
0.030638 0.841561 
0.0317997 0.840045 
0.062109 0.811511 
0.0228609 0.859962 
0.0523156 0.816654 
0.0230052 0.858762 
0.0492685 0.819695 
0.0467948 0.821545 
0.056575 0.813578 
0.0344128 0.836967 
0.0361249 0.834676 
0.0212514 0.866151 
0.0645957 0.81066 
0.0431464 0.825431 
0.0523214 0.81664 
0.037825 0.832685 
0.0466929 0.821703 
0.0349269 0.836715 
0.0349401 0.83609 
0.026335 0.849167 
0.053739 0.815385 
0.0247672 0.853003 
0.040781 0.829095 
