0 1.00094 
0.995117 0.00298064 
0.0234375 0.84789 
0.0390625 0.803571 
0.96875 0.016309 
0.339844 0.417817 
0.585938 0.235255 
0.703125 0.162125 
0.140625 0.625846 
0.835938 0.0863082 
0.1875 0.567816 
0.359375 0.401329 
0.00488281 0.931367 
0.203125 0.550153 
0.283203 0.468692 
0.816406 0.0970073 
0.220947 0.530904 
0.5 0.293643 
0.953125 0.0242554 
0.515625 0.282599 
0.527344 0.274487 
0.171875 0.586192 
0.000976563 0.969731 
0.328125 0.429573 
0.234375 0.516776 
0.0664063 0.743297 
0.316406 0.438202 
0.261719 0.489572 
0.15625 0.605427 
0.273438 0.477938 
0.0859375 0.707675 
0.00195313 0.956947 
0.402344 0.36638 
0.298828 0.454118 
0.09375 0.694734 
0.464844 0.319033 
0.898438 0.0526473 
0.0546875 0.767067 
0.487793 0.302277 
0.101563 0.682229 
0.765625 0.125722 
0.476563 0.310452 
0.109375 0.670233 
0.251953 0.498923 
0.117188 0.658611 
0.601563 0.225133 
0.046875 0.784491 
0.0117188 0.892789 
0.640625 0.200192 
0.652344 0.192966 
0.125 0.647295 
0.682617 0.174586 
0.71875 0.15286 
0.210938 0.541583 
0.132813 0.636462 
0.75 0.134502 
0.775391 0.120126 
0.0166016 0.872183 
0.921875 0.0403958 
0.90625 0.048643 
0.566406 0.248127 
0.9375 0.032341 
0.0595703 0.756907 
0.242188 0.508818 
0.15918 0.601993 
0.879883 0.0625918 
0.429688 0.345167 
0.4375 0.339386 
0.179688 0.577128 
0.390625 0.375842 
0.0742188 0.728524 
0.304688 0.448807 
0.789063 0.112525 
0.542969 0.263813 
0.078125 0.721453 
0.742188 0.139042 
3.8147e-06 0.999083 
0.367188 0.394828 
0.867188 0.0694096 
0.664063 0.185878 
0.804688 0.103668 
0.851563 0.077818 
0.376953 0.386903 
0.0078125 0.912797 
0.449219 0.33052 
0.453125 0.327608 
0.0429688 0.793678 
0.625 0.210049 
0.414063 0.357507 
0.612793 0.217802 
0.628906 0.207571 
0.015625 0.875927 
0.671875 0.180906 
0.730469 0.14721 
0.383789 0.381473 
0.796875 0.108151 
0.855469 0.0758433 
0.00878906 0.90734 
0.929688 0.0363691 
0.417969 0.354267 
