0 1.00129 
0.998291 0.00158141 
0.573486 0.243687 
0.378906 0.385291 
0.960938 0.0203512 
0.463867 0.319918 
0.198242 0.555925 
0.599609 0.226559 
0.554688 0.256155 
0.182617 0.574029 
0.992188 0.00466922 
0.148438 0.615764 
0.132874 0.636602 
0.836914 0.0859741 
0.862305 0.0722486 
0.21875 0.533335 
0.398438 0.36981 
0.508789 0.287649 
0.237305 0.517702 
0.945313 0.028422 
0.65918 0.189068 
0.273438 0.478168 
0.929688 0.0364885 
0.642578 0.199249 
0.523438 0.277409 
0.443359 0.335179 
0.0117188 0.893037 
0.109375 0.670583 
0.345703 0.413001 
0.210938 0.541962 
0.0422364 0.795796 
0.0859375 0.708144 
0.695313 0.167028 
0.117188 0.658921 
0.0998535 0.685174 
0.0351567 0.816184 
0.304688 0.448939 
0.257813 0.493401 
0.171875 0.586548 
0.125977 0.646185 
0.0234375 0.848308 
0.713867 0.156128 
0.0078125 0.912854 
0.242188 0.509019 
0.09375 0.695027 
0.495117 0.297393 
0.630859 0.206579 
0.789063 0.112499 
0.818359 0.0962954 
0.00390625 0.938992 
0.359375 0.401518 
0.0185547 0.86519 
0.915039 0.0440493 
0.0625 0.751263 
0.328125 0.42827 
0.015625 0.876289 
0.046875 0.784832 
0.00195313 0.957049 
0.620117 0.213438 
0.804688 0.103692 
0.335938 0.421492 
0.671875 0.181164 
0.539063 0.266741 
0.28125 0.470858 
0.000244141 0.985803 
0.0273438 0.83599 
0.870117 0.0679543 
0.253906 0.497227 
0.757813 0.130291 
0.0546875 0.767492 
0.000976563 0.97023 
0.00585938 0.92464 
0.898438 0.0528443 
0.078125 0.721598 
0.731445 0.145635 
0.828125 0.0907802 
0.293945 0.458845 
0.71875 0.153015 
0.422852 0.350847 
0.03125 0.824539 
0.429688 0.345483 
0.478516 0.309272 
0.15625 0.60591 
0.487305 0.30296 
0.742188 0.139282 
0.535156 0.269357 
0.165039 0.594689 
0.317383 0.438001 
0.882813 0.0612119 
0.90625 0.04871 
0.6875 0.171772 
0.359375 0.401578 
0.0527344 0.772065 
0.679688 0.176787 
0.290039 0.462446 
0.753906 0.132438 
0.773438 0.121322 
0.773438 0.121317 
0.796875 0.108111 
0.414063 0.357512 
