0.998047 0.00127697 
0 1.00046 
0.0371094 0.807885 
0.212891 0.539044 
0.443359 0.33453 
0.224609 0.526526 
0.425781 0.347848 
0.158203 0.602693 
0.0253906 0.841133 
0.705078 0.160611 
0.166016 0.592926 
0.1875 0.571181 
0.193359 0.560744 
0.462891 0.31998 
0.140625 0.629381 
0.681641 0.176162 
0.408203 0.361478 
0.244141 0.506272 
0.00195313 0.956266 
0.859375 0.0733412 
0.595703 0.228533 
0.00585938 0.923974 
0.126953 0.644132 
0.837891 0.0849814 
0.580322 0.238574 
0.306641 0.446653 
0.0800781 0.717446 
0.115723 0.660379 
0.734375 0.143364 
0.0566406 0.762524 
0.396484 0.370714 
0.0878906 0.704176 
0.0136719 0.883534 
0.658203 0.189003 
0.046875 0.783938 
0.337891 0.419136 
0.771484 0.121951 
0.349609 0.409125 
0.546875 0.260801 
0.384766 0.380111 
0.609375 0.219728 
0.646484 0.196251 
0.296875 0.455541 
0.0175781 0.867927 
0.474609 0.31144 
0.882813 0.0606976 
0.671875 0.180635 
0.533203 0.270192 
0.00219727 0.953589 
0.0957031 0.691117 
0.869141 0.0680933 
0.359375 0.400885 
0.556641 0.254226 
0.925781 0.0380788 
0.109375 0.669703 
0.0625 0.750431 
0.101563 0.68171 
0.634766 0.203605 
0.0214844 0.853977 
0.00976563 0.901644 
0.802734 0.104336 
0.0722656 0.731705 
0.525391 0.275503 
0.0488281 0.779497 
0.257813 0.492711 
0.757813 0.129745 
0.820313 0.0946248 
0.484375 0.304397 
0.974609 0.0130222 
0.498047 0.294657 
0.320313 0.434471 
0.951172 0.0249993 
0.986572 0.00697884 
0.328125 0.427534 
0.369141 0.392789 
0.0683594 0.739061 
0.134766 0.633348 
0.375 0.387978 
0.748047 0.135473 
0.267578 0.483182 
0.892822 0.0553768 
0.916016 0.0431845 
0.271484 0.479441 
0.509766 0.286424 
0.939575 0.0309468 
0.513672 0.283616 
0.287109 0.464608 
0.0078125 0.912101 
0.619141 0.213454 
0.625 0.209792 
0.718994 0.152373 
0.783203 0.115344 
0.798828 0.10656 
0.787109 0.113134 
0.720825 0.151348 
0.830078 0.0893379 
0.908203 0.0472872 
0.900391 0.0513867 
0.492188 0.29882 
0.962891 0.0190042 
