0 1.00071 
0.998047 0.00133145 
0.0742188 0.728186 
0.0898438 0.700867 
0.230469 0.520451 
0.589844 0.232418 
0.703125 0.161875 
0.980469 0.0101568 
0.617188 0.214779 
0.636719 0.202481 
0.342773 0.415047 
0.921875 0.0402071 
0.683594 0.173612 
0.00390625 0.938187 
0.328125 0.42779 
0.779297 0.117859 
0.113281 0.664026 
0.873047 0.0660117 
0.529297 0.272849 
0.0292969 0.829471 
0.0585938 0.758561 
0.566406 0.247781 
0.602539 0.224178 
0.886719 0.0587126 
0.355469 0.404256 
0.0117188 0.892354 
0.000976563 0.969463 
0.730469 0.14571 
0.824219 0.0924755 
0.265625 0.485066 
0.464844 0.31865 
0.839844 0.0839634 
0.188477 0.566457 
0.421875 0.350957 
0.0234375 0.847458 
0.171875 0.585949 
0.453125 0.327305 
0.5 0.293359 
0.102539 0.680413 
0.0351563 0.813141 
0.765625 0.125414 
0.0488281 0.77966 
0.199219 0.554224 
0.015625 0.875597 
0.248047 0.50247 
0.0400391 0.800551 
0.648438 0.195147 
0.660156 0.187915 
0.0078125 0.912338 
0.671875 0.180729 
0.75 0.134407 
0.796875 0.107788 
0.179688 0.57661 
0.546875 0.260922 
0.0195313 0.860919 
0.367188 0.39463 
0.246094 0.50441 
0.960938 0.020108 
0.402344 0.366183 
0.410156 0.36007 
0.285156 0.466473 
0.148438 0.61531 
0.492188 0.299365 
0.0976563 0.688096 
0.515625 0.282329 
0.207031 0.545567 
0.000488281 0.978607 
0.216797 0.534907 
0.0664063 0.742835 
0.71875 0.152625 
0.121338 0.652277 
0.279297 0.472144 
0.296875 0.455705 
0.300781 0.452201 
0.3125 0.441507 
0.904297 0.0494251 
0.00585938 0.924263 
0.046875 0.786303 
0.9375 0.0320949 
0.316406 0.438018 
0.390625 0.375553 
0.433594 0.341998 
0.441406 0.336151 
0.137695 0.629505 
0.856445 0.0751194 
0.477539 0.309471 
0.902344 0.0504723 
0.386719 0.378647 
0.152344 0.610252 
0.269531 0.481559 
0.5625 0.250478 
0.161133 0.599123 
0.550781 0.258344 
0.128906 0.641496 
0.480469 0.30729 
0.753906 0.132082 
0.8125 0.0990109 
0.851563 0.0776104 
0.949219 0.0260855 
0.0634766 0.748713 
