0 1.00096 
0.999023 0.000916763 
0.355469 0.404535 
0.386719 0.378823 
0.0078125 0.912726 
0.742188 0.13915 
0.015625 0.87611 
0.222656 0.529131 
0.242188 0.508806 
0.447266 0.331998 
0.0351563 0.813526 
0.484375 0.304826 
0.429688 0.345442 
0.339844 0.417861 
0.114258 0.663042 
0.0507813 0.77566 
0.765625 0.125591 
0.0625 0.751141 
0.914063 0.0445161 
0.503906 0.2909 
0.0283203 0.832784 
0.145508 0.619391 
0.285156 0.466978 
0.660156 0.188117 
0.0742188 0.728722 
0.460938 0.322026 
0.796875 0.108066 
0.84375 0.0821547 
0.105469 0.678408 
0.585938 0.235254 
0.398438 0.369619 
0.611328 0.219 
0.599609 0.226435 
0.953125 0.0243462 
0.197266 0.556776 
0.472656 0.313185 
0.0429688 0.793873 
0.984375 0.00853785 
0.542969 0.263898 
0.566406 0.248258 
0.550781 0.258648 
0.0976563 0.688402 
0.1875 0.567863 
0.296875 0.456074 
0.136719 0.631496 
0.0234375 0.847924 
0.3125 0.441855 
0.00195313 0.957081 
0.785156 0.114563 
0.859375 0.073687 
0.0195313 0.861469 
0.125 0.647466 
0.898438 0.0528981 
0.933594 0.0344724 
0.410156 0.360437 
0.417969 0.354285 
0.179688 0.577258 
0.0664063 0.743266 
0.164185 0.595729 
0.171875 0.586597 
0.511719 0.28539 
0.527344 0.274615 
0.0820313 0.714642 
0.574219 0.242912 
0.000244141 0.985556 
0.671875 0.180949 
0.25 0.500899 
0.257813 0.493253 
0.265625 0.485447 
0.724609 0.149461 
0.710938 0.15734 
0.0898438 0.701243 
0.773438 0.121225 
0.8125 0.0992811 
0.000976563 0.970279 
0.304688 0.449014 
0.972656 0.0142951 
0.929688 0.0364963 
0.324219 0.43142 
0.328125 0.428198 
0.625 0.210179 
0.207031 0.54603 
0.00415039 0.936686 
0.00488281 0.932167 
0.523438 0.277256 
0.046875 0.784792 
0.679688 0.176469 
0.62915 0.207581 
0.644531 0.19799 
0.644531 0.19799 
0.15625 0.605532 
0.214844 0.53741 
0.832031 0.0887723 
0.86731 0.06948 
0.828125 0.0908962 
0.816406 0.0971642 
0.273682 0.477634 
0.722656 0.150631 
0.0860596 0.707676 
0.886719 0.0590331 
