0.998215 0.000915473 
0 1.00004 
0.200195 0.552604 
0.0195313 0.860288 
0.43457 0.340811 
0.667969 0.182736 
0.0123291 0.889005 
0.449219 0.329793 
0.179688 0.576143 
0.105469 0.675275 
0.175781 0.580775 
0.223755 0.527005 
0.792969 0.109538 
0.988281 0.00590176 
0.310715 0.442617 
0.415405 0.355512 
0.214966 0.536861 
0.0283203 0.831755 
0.594116 0.229238 
0.96521 0.0175717 
0.298828 0.453382 
0.00195313 0.955853 
0.134155 0.633766 
0.000366211 0.98091 
0.844757 0.0809205 
0.617188 0.214417 
0.867188 0.0687969 
0.634155 0.203689 
0.692383 0.16793 
0.156418 0.604547 
0.75 0.134 
0.356445 0.403001 
0.386719 0.378165 
0.874023 0.0651335 
0.0800781 0.717057 
0.0941162 0.693256 
0.286163 0.465091 
0.949219 0.0260588 
0.825439 0.0967938 
0.125 0.646483 
0.528442 0.273086 
0.277344 0.473397 
0.606445 0.221281 
0.0898438 0.701331 
0.23938 0.510769 
0.71521 0.154329 
0.0507813 0.774692 
0.894531 0.0542293 
0.397461 0.3696 
0.374023 0.388462 
0.758789 0.128943 
0.83728 0.084993 
0.325439 0.430459 
0.644531 0.197198 
0.480469 0.306871 
0.492188 0.298475 
0.577393 0.240162 
0.772507 0.121104 
0.406616 0.362365 
0.5 0.292922 
0.707031 0.159177 
0.546875 0.260519 
0.731445 0.144782 
0.929688 0.0358193 
0.266022 0.484268 
0.344116 0.413418 
0.00488281 0.930167 
0.914063 0.0439673 
0.0742188 0.727612 
0.114502 0.661691 
0.0429688 0.792754 
0.523438 0.27654 
0.46521 0.317967 
0.00390625 0.937548 
0.0673828 0.740458 
0.329346 0.426156 
0.0078125 0.911662 
0.804688 0.102984 
0.339844 0.417073 
0.15625 0.604753 
0.00878906 0.9063 
0.810715 0.0996505 
0.546921 0.260489 
0.046875 0.783544 
0.730469 0.145352 
0.117188 0.657711 
0.0585938 0.758516 
0.144531 0.619865 
0.144531 0.619865 
0.472656 0.312534 
0.898438 0.0521625 
0.059967 0.755158 
0.0361633 0.809879 
0.250366 0.499669 
0.957031 0.0217446 
0.0390625 0.804623 
0.69532 0.166167 
0.254913 0.495265 
0.917969 0.0419176 
0.261719 0.488452 
