0 1.00157 
0.99707 0.00230669 
0.46875 0.316551 
0.445313 0.333814 
0.382813 0.382424 
0.431641 0.344142 
0.015625 0.876788 
0.0390625 0.803841 
0.882813 0.0612503 
0.484375 0.30545 
0.542969 0.264215 
0.0234375 0.848522 
0.414063 0.361522 
0.402344 0.367012 
0.226563 0.525347 
0.704102 0.161888 
0.863281 0.0717609 
0.632813 0.205536 
0.898438 0.0529938 
0.0625 0.751463 
0.0546875 0.767773 
0.5625 0.251127 
0.101563 0.682824 
0.0703125 0.736377 
0.672852 0.180803 
0.03125 0.824899 
0.328613 0.427977 
0.757813 0.130553 
0.0117188 0.893338 
0.308594 0.44577 
0.34375 0.414836 
0.244141 0.507139 
0.195313 0.559544 
0.0898438 0.701876 
0.207031 0.546712 
0.5 0.293948 
0.179688 0.577451 
0.652344 0.193615 
0.111328 0.667766 
0.6875 0.171869 
0.580566 0.23912 
0.945313 0.0286146 
0.619141 0.214369 
0.125 0.647892 
0.320313 0.435237 
0.132813 0.636891 
0.257813 0.493819 
0.746094 0.137241 
0.839844 0.0845642 
0.773438 0.121564 
0.140625 0.626369 
0.851563 0.0781749 
0.000976563 0.970598 
0.369141 0.393734 
0.150391 0.613494 
0.00488281 0.931715 
0.71875 0.153189 
0.164063 0.596413 
0.59375 0.230532 
0.962891 0.0196034 
0.9375 0.0326381 
0.282227 0.470457 
0.297852 0.455509 
0.117188 0.659193 
0.1875 0.568708 
0.515625 0.283169 
0.0786133 0.721148 
0.273438 0.478229 
0.000244141 0.986486 
0.648438 0.195947 
0.734375 0.143971 
0.0273438 0.83604 
0.265625 0.485847 
0.984375 0.00870616 
0.09375 0.695376 
0.168945 0.590422 
0.291016 0.461843 
0.828125 0.0912721 
0.570313 0.2459 
0.914063 0.0448757 
0.046875 0.785014 
0.922852 0.0402066 
0.00244141 0.952609 
0.609375 0.220301 
0.351563 0.408424 
0.24707 0.504316 
0.53125 0.272311 
0.527344 0.275417 
0.507813 0.288518 
0.601563 0.225547 
0.0478516 0.782751 
0.789063 0.112548 
0.214844 0.53839 
0.726563 0.149146 
0.976563 0.0127258 
0.21875 0.53356 
0.78125 0.117556 
0.796875 0.108175 
0.8125 0.0997119 
0.804688 0.103917 
