0.998596 0.00118243 
0 1.00084 
0.296875 0.455924 
0.332031 0.424379 
0.476563 0.310259 
0.535156 0.269034 
0.953125 0.024146 
0.632813 0.205026 
0.00195313 0.956658 
0.90625 0.0484986 
0.5 0.293562 
0.613281 0.217398 
0.0078125 0.912485 
0.0546875 0.766914 
0.421875 0.3512 
0.851563 0.0776929 
0.238281 0.512502 
0.0625 0.750794 
0.511719 0.28528 
0.0273438 0.835559 
0.00012207 0.989765 
0.109375 0.670134 
0.0703125 0.735595 
0.0117188 0.89258 
0.0351563 0.813261 
0.6875 0.171431 
0.078125 0.721211 
0.75 0.134679 
0.1875 0.567738 
0.0859375 0.707547 
0.835938 0.0862886 
0.867188 0.069282 
0.890625 0.0567145 
0.410156 0.360135 
0.929688 0.0362674 
0.4375 0.339181 
0.132813 0.636309 
0.464844 0.318819 
0.226563 0.524713 
0.0976563 0.692332 
0.015625 0.875854 
0.25 0.500658 
0.570313 0.245514 
0.585938 0.235203 
0.046875 0.784215 
0.765625 0.125603 
0.738281 0.141262 
0.785156 0.114427 
0.804688 0.103415 
0.140625 0.625678 
0.34375 0.414373 
0.878906 0.0629877 
0.0195313 0.861076 
0.71875 0.152708 
0.148438 0.615503 
0.925781 0.0382989 
0.367188 0.394649 
0.96875 0.0163043 
0.398438 0.369462 
0.160156 0.600466 
0.675781 0.178482 
0.171875 0.586264 
0.273438 0.477786 
0.453125 0.327486 
0.175781 0.581588 
0.0234375 0.847713 
0.195313 0.55871 
0.988281 0.00631438 
0.203125 0.550078 
0.546875 0.261023 
0.210938 0.541388 
0.21875 0.533057 
0.601563 0.225061 
0.648438 0.1953 
0.726563 0.148095 
0.257813 0.492956 
0.265625 0.485353 
0.773438 0.121138 
0.796875 0.107843 
0.820313 0.0947641 
0.00445557 0.934376 
0.976563 0.01222 
0.117191 0.666663 
0.351563 0.407724 
0.359375 0.401142 
0.378906 0.38509 
0.123535 0.649267 
0.390625 0.375621 
0.0390625 0.803211 
0.445313 0.333705 
0.093811 0.694493 
0.0429688 0.793714 
0.15625 0.605445 
0.703125 0.16197 
0.285156 0.466811 
0.554688 0.255828 
0.5625 0.250691 
0.59375 0.23015 
0.652344 0.192864 
0.704102 0.161541 
