0 1.00238 
0.99707 0.00280342 
0.308594 0.446282 
0.328125 0.429043 
0.253906 0.498032 
0.238281 0.513755 
0.59375 0.231389 
0.566406 0.248882 
0.777344 0.119665 
0.339844 0.418901 
0.0820313 0.715763 
0.665039 0.187466 
0.203125 0.551226 
0.828125 0.0914693 
0.800781 0.107239 
0.214844 0.538707 
0.519531 0.280993 
0.5 0.294551 
0.551758 0.259299 
0.0078125 0.914734 
0.0117188 0.894086 
0.753906 0.133581 
0.09375 0.695994 
0.000976563 0.971014 
0.160156 0.602002 
0.6875 0.172485 
0.808594 0.10267 
0.40625 0.364687 
0.457031 0.325876 
0.839844 0.0853677 
0.382813 0.38303 
0.0751953 0.727794 
0.00390625 0.939948 
0.390625 0.377313 
0.425781 0.349368 
0.4375 0.34014 
0.739258 0.141551 
0.0390625 0.804687 
0.367188 0.395908 
0.535156 0.27018 
0.953125 0.0250468 
0.046875 0.78585 
0.015625 0.877736 
0.714844 0.156054 
0.727539 0.148407 
0.113281 0.665333 
0.265625 0.486342 
0.355469 0.40569 
0.27832 0.474721 
0.0625 0.752622 
0.703125 0.163113 
0.0673828 0.743038 
0.105469 0.677557 
0.767578 0.125325 
0.9375 0.0330711 
0.855469 0.0766198 
0.292969 0.460416 
0.0195313 0.862736 
0.0546875 0.768391 
0.882813 0.0618218 
0.152344 0.611898 
0.144531 0.622345 
0.917969 0.0433315 
0.984375 0.0103077 
0.414063 0.358253 
0.175781 0.582689 
0.449219 0.331444 
0.1875 0.569023 
0.191406 0.564719 
0.473633 0.313528 
0.03125 0.825926 
0.000488281 0.980762 
0.648438 0.197863 
0.628906 0.208537 
0.601563 0.225959 
0.636719 0.20375 
0.0986328 0.6881 
0.871094 0.0683991 
0.899414 0.0530266 
0.296875 0.456946 
0.96875 0.0172495 
0.00488281 0.933058 
0.0351563 0.815134 
0.125 0.648456 
0.914063 0.0453248 
0.132813 0.637624 
0.484375 0.305595 
0.617188 0.216079 
0.65625 0.19136 
0.136719 0.632124 
0.0273438 0.839772 
0.493164 0.300959 
0.226563 0.527681 
0.527344 0.275457 
0.227539 0.524822 
0.894531 0.0558016 
0.0507813 0.777167 
0.5625 0.251765 
0.273438 0.47898 
0.863281 0.0723778 
