0 1.00121 
0.999512 0.000821006 
0.691406 0.169114 
0.519531 0.27997 
0.722656 0.150614 
0.730469 0.146147 
0.542969 0.26392 
0.0742188 0.728464 
0.417969 0.354234 
0.253906 0.497052 
0.273438 0.477944 
0.918274 0.042411 
0.167969 0.591126 
0.503906 0.291001 
0.367676 0.394338 
0.761719 0.127951 
0.0195313 0.861261 
0.15625 0.605655 
0.958557 0.0215744 
0.136719 0.631209 
0.00152588 0.962116 
0.355469 0.404658 
0.320801 0.434468 
0.675781 0.178598 
0.00390625 0.938475 
0.653137 0.1926 
0.335938 0.42119 
0.179688 0.576994 
0.894531 0.0549288 
0.0351563 0.813591 
0.4375 0.339393 
0.0244141 0.844727 
0.0429688 0.793654 
0.000488281 0.979343 
0.105469 0.676201 
0.489807 0.300922 
0.637695 0.202438 
0.015625 0.885204 
0.574219 0.243166 
0.113281 0.664375 
0.292969 0.459624 
0.121094 0.653031 
0.304688 0.449055 
0.46875 0.316062 
0.195313 0.55911 
0.664124 0.185772 
0.824219 0.0927671 
0.00830078 0.910079 
0.903137 0.0504008 
0.09375 0.694781 
0.480469 0.307506 
0.34375 0.414566 
0.777344 0.118961 
0.0625 0.750998 
0.9375 0.0323985 
0.0546875 0.767343 
0.383301 0.381852 
0.1875 0.568037 
0.204895 0.548695 
0.972656 0.0142746 
0.00732422 0.924787 
0.585938 0.235303 
0.855469 0.0757536 
0.554749 0.255954 
0.5625 0.250972 
0.59375 0.230181 
0.222656 0.529156 
0.0117188 0.892894 
0.941406 0.0303427 
0.615234 0.216481 
0.0839844 0.711344 
0.835938 0.08633 
0.3125 0.441824 
0.875244 0.0650589 
0.792969 0.110205 
0.242188 0.508866 
0.804688 0.103673 
0.8125 0.0992768 
0.0976563 0.688756 
0.847656 0.0854091 
0.449219 0.330536 
0.394531 0.372671 
0.865234 0.0704691 
0.0292969 0.829927 
0.0820313 0.714583 
0.146484 0.618295 
0.406738 0.363416 
0.046875 0.784454 
0.0507813 0.775683 
0.762268 0.127605 
0.785156 0.114736 
0.214844 0.537493 
0.0620728 0.752062 
0.231018 0.520299 
0.246094 0.504873 
0.285156 0.466996 
0.992676 0.00449394 
0.28125 0.47075 
0.03125 0.824278 
0.625 0.210394 
