0 1.00135 
0.996094 0.00260887 
0.0859375 0.70799 
0.90625 0.0487039 
0.367188 0.394875 
0.0117188 0.89301 
0.0664063 0.743445 
0.347656 0.411317 
0.0195313 0.861428 
0.410156 0.360532 
0.429688 0.345365 
0.0742188 0.728645 
0.878906 0.0631971 
0.0078125 0.912813 
0.00390625 0.93869 
0.808594 0.101595 
0.632813 0.205272 
0.382813 0.382401 
0.789093 0.112363 
0.21875 0.533321 
0.0546875 0.767247 
0.59375 0.230234 
0.476563 0.310541 
0.128906 0.641922 
0.140625 0.626013 
0.285156 0.466985 
0.296875 0.456004 
0.606934 0.221719 
0.308594 0.445369 
0.710938 0.157568 
0.335938 0.421324 
0.734375 0.143847 
0.822266 0.0939343 
0.621094 0.212785 
0.191406 0.563532 
0.921875 0.0406051 
0.101563 0.682494 
0.441406 0.336494 
0.457031 0.324805 
0.511719 0.285507 
0.242188 0.508911 
0.835938 0.0864386 
0.109375 0.670363 
0.578125 0.240555 
0.253906 0.497069 
0.652344 0.193167 
0.691406 0.16928 
0.71875 0.152977 
0.746094 0.136985 
0.00170898 0.959984 
0.847656 0.0800289 
0.859375 0.0736347 
0.148438 0.615784 
0.976563 0.0123947 
0.957031 0.0226577 
0.484375 0.304961 
0.0234375 0.848115 
0.203125 0.550275 
0.207031 0.545924 
0.570313 0.245723 
0.230469 0.520985 
0.0273438 0.835881 
0.667969 0.183325 
0.261719 0.489528 
0.273438 0.478064 
0.871094 0.0674443 
0.03125 0.824294 
0.9375 0.0324242 
0.320313 0.435158 
0.953125 0.0243728 
0.117188 0.658927 
0.121094 0.653338 
0.0351563 0.813901 
0.394592 0.372694 
0.0390625 0.803647 
0.398438 0.369704 
0.453129 0.327849 
0.542969 0.264112 
0.000976563 0.972686 
0.496094 0.29652 
0.171875 0.586397 
0.0429688 0.793885 
0.5 0.293605 
0.15625 0.605871 
0.000244141 0.985702 
0.523438 0.277379 
0.539063 0.267697 
0.167969 0.592123 
0.554688 0.256011 
0.558595 0.253567 
0.046875 0.784675 
0.179688 0.576972 
0.65625 0.1908 
0.160156 0.600871 
0.527344 0.274763 
0.0507813 0.77604 
0.183594 0.572637 
0.777344 0.119191 
0.757813 0.130369 
0.933594 0.0344976 
